0.502930 -0.382812 0.635742 1309979786.765325
0.489258 -0.311523 0.619141 1309979786.787322
0.519531 -0.312500 0.624023 1309979786.811336
0.505859 -0.316406 0.617188 1309979786.852338
0.507812 -0.339844 0.619141 1309979786.875338
0.532227 -0.339844 0.619141 1309979786.897342
0.520508 -0.318359 0.631836 1309979786.946359
0.506836 -0.307617 0.630859 1309979786.968343
0.517578 -0.320312 0.620117 1309979787.012347
0.513672 -0.339844 0.623047 1309979787.056341
0.496094 -0.302734 0.638672 1309979787.078352
0.496094 -0.302734 0.638672 1309979787.100345
0.499023 -0.316406 0.608398 1309979787.150351
0.505859 -0.328125 0.638672 1309979787.218351
0.508789 -0.320312 0.652344 1309979787.219319
0.503906 -0.329102 0.629883 1309979787.238322
0.526367 -0.339844 0.620117 1309979787.261350
0.495117 -0.290039 0.612305 1309979787.283344
0.495117 -0.290039 0.612305 1309979787.327346
0.538086 -0.333008 0.640625 1309979787.375329
0.489258 -0.330078 0.658203 1309979787.397359
0.534180 -0.347656 0.629883 1309979787.418365
0.502930 -0.353516 0.646484 1309979787.461351
0.471680 -0.310547 0.659180 1309979787.486355
0.536133 -0.308594 0.648438 1309979787.530357
0.529297 -0.345703 0.635742 1309979787.560353
0.544922 -0.347656 0.623047 1309979787.583355
0.512695 -0.335938 0.611328 1309979787.627354
0.527344 -0.364258 0.620117 1309979787.650370
0.531250 -0.323242 0.579102 1309979787.695356
0.513672 -0.341797 0.638672 1309979787.718349
0.517578 -0.327148 0.596680 1309979787.740356
0.543945 -0.358398 0.629883 1309979787.785367
0.533203 -0.335938 0.614258 1309979787.807347
0.507812 -0.326172 0.614258 1309979787.835370
0.518555 -0.347656 0.635742 1309979787.886376
0.509766 -0.352539 0.651367 1309979787.907361
0.517578 -0.326172 0.633789 1309979787.931370
0.524414 -0.355469 0.626953 1309979787.980349
0.523438 -0.328125 0.591797 1309979788.001407
0.528320 -0.333008 0.629883 1309979788.022363
0.525391 -0.349609 0.662109 1309979788.068364
0.523438 -0.349609 0.662109 1309979788.095359
0.513672 -0.287109 0.624023 1309979788.161362
0.533203 -0.303711 0.637695 1309979788.162370
0.540039 -0.282227 0.649414 1309979788.215369
0.515625 -0.328125 0.615234 1309979788.243363
0.529297 -0.312500 0.637695 1309979788.266372
0.543945 -0.320312 0.608398 1309979788.287366
0.502930 -0.304688 0.606445 1309979788.328366
0.514648 -0.322266 0.632812 1309979788.351376
0.515625 -0.335938 0.631836 1309979788.395381
0.525391 -0.369141 0.624023 1309979788.420367
0.505859 -0.329102 0.610352 1309979788.468384
0.520508 -0.325195 0.638672 1309979788.495347
0.529297 -0.279297 0.646484 1309979788.517400
0.496094 -0.284180 0.655273 1309979788.567372
0.488281 -0.326172 0.610352 1309979788.589366
0.527344 -0.315430 0.631836 1309979788.611376
0.512695 -0.312500 0.628906 1309979788.646374
0.486328 -0.312500 0.625000 1309979788.691375
0.518555 -0.312500 0.620117 1309979788.713395
0.521484 -0.336914 0.659180 1309979788.735383
0.537109 -0.331055 0.613281 1309979788.778381
0.508789 -0.320312 0.615234 1309979788.822375
0.511719 -0.370117 0.586914 1309979788.845378
0.523438 -0.343750 0.630859 1309979788.885451
0.486328 -0.311523 0.615234 1309979788.907366
0.538086 -0.336914 0.581055 1309979788.951380
0.504883 -0.336914 0.581055 1309979788.973384
0.488281 -0.358398 0.600586 1309979788.997430
0.524414 -0.338867 0.620117 1309979789.041384
0.503906 -0.328125 0.629883 1309979789.085400
0.517578 -0.347656 0.606445 1309979789.107378
0.539062 -0.342773 0.612305 1309979789.130379
0.503906 -0.342773 0.612305 1309979789.153379
0.530273 -0.342773 0.631836 1309979789.197382
0.510742 -0.334961 0.638672 1309979789.242398
0.512695 -0.338867 0.624023 1309979789.265392
0.524414 -0.333984 0.640625 1309979789.288391
0.524414 -0.376953 0.653320 1309979789.311384
0.505859 -0.348633 0.620117 1309979789.355374
0.505859 -0.348633 0.620117 1309979789.377405
0.512695 -0.345703 0.615234 1309979789.422429
0.541016 -0.337891 0.624023 1309979789.457447
0.525391 -0.347656 0.594727 1309979789.486397
0.492188 -0.329102 0.609375 1309979789.512391
0.522461 -0.302734 0.649414 1309979789.556409
0.523438 -0.298828 0.653320 1309979789.582398
0.548828 -0.348633 0.616211 1309979789.625409
0.508789 -0.333984 0.612305 1309979789.646378
0.537109 -0.314453 0.644531 1309979789.668391
0.514648 -0.322266 0.644531 1309979789.699395
0.525391 -0.320312 0.648438 1309979789.775393
0.487305 -0.321289 0.637695 1309979789.792400
0.515625 -0.319336 0.632812 1309979789.815400
0.508789 -0.292969 0.620117 1309979789.837393
0.544922 -0.333984 0.640625 1309979789.880383
0.529297 -0.337891 0.640625 1309979789.903399
0.500000 -0.369141 0.640625 1309979789.951394
0.555664 -0.337891 0.608398 1309979789.972396
0.513672 -0.347656 0.637695 1309979789.995414
0.490234 -0.321289 0.637695 1309979790.042399
0.506836 -0.306641 0.652344 1309979790.065409
0.512695 -0.329102 0.620117 1309979790.086418
0.517578 -0.289062 0.642578 1309979790.132401
0.528320 -0.306641 0.626953 1309979790.176403
0.523438 -0.317383 0.627930 1309979790.198399
0.527344 -0.290039 0.650391 1309979790.221392
0.517578 -0.325195 0.640625 1309979790.265413
0.499023 -0.325195 0.640625 1309979790.286409
0.524414 -0.321289 0.676758 1309979790.323406
0.541992 -0.347656 0.615234 1309979790.366411
0.525391 -0.350586 0.629883 1309979790.390402
0.494141 -0.364258 0.643555 1309979790.418413
0.498047 -0.308594 0.624023 1309979790.443420
0.511719 -0.377930 0.616211 1309979790.488383
0.504883 -0.343750 0.630859 1309979790.511426
0.499023 -0.345703 0.635742 1309979790.555363
0.500000 -0.325195 0.645508 1309979790.577373
0.487305 -0.306641 0.640625 1309979790.622384
0.539062 -0.337891 0.588867 1309979790.650421
0.500977 -0.275391 0.588867 1309979790.692387
0.448242 -0.286133 0.611328 1309979790.715366
0.524414 -0.338867 0.619141 1309979790.758368
0.516602 -0.305664 0.623047 1309979790.781379
0.495117 -0.327148 0.640625 1309979790.805411
0.510742 -0.370117 0.624023 1309979790.827436
0.524414 -0.370117 0.624023 1309979790.876374
0.492188 -0.333984 0.609375 1309979790.900355
0.533203 -0.337891 0.602539 1309979790.942376
0.530273 -0.325195 0.618164 1309979790.987416
0.483398 -0.328125 0.625000 1309979791.066450
0.513672 -0.355469 0.625000 1309979791.086396
0.512695 -0.321289 0.612305 1309979791.108422
0.544922 -0.321289 0.620117 1309979791.123422
0.526367 -0.319336 0.624023 1309979791.125423
0.516602 -0.319336 0.623047 1309979791.161416
0.516602 -0.327148 0.627930 1309979791.183423
0.516602 -0.327148 0.627930 1309979791.226426
0.502930 -0.337891 0.657227 1309979791.271438
0.532227 -0.304688 0.644531 1309979791.293428
0.572266 -0.341797 0.601562 1309979791.340425
0.511719 -0.335938 0.630859 1309979791.362417
0.533203 -0.313477 0.661133 1309979791.383428
0.519531 -0.317383 0.638672 1309979791.427425
0.518555 -0.356445 0.646484 1309979791.450433
0.535156 -0.347656 0.625977 1309979791.493443
0.484375 -0.350586 0.635742 1309979791.518449
0.473633 -0.312500 0.632812 1309979791.563430
0.547852 -0.328125 0.629883 1309979791.565443
0.526367 -0.330078 0.616211 1309979791.618431
0.495117 -0.331055 0.642578 1309979791.642439
0.492188 -0.298828 0.647461 1309979791.686414
0.534180 -0.294922 0.638672 1309979791.707432
0.505859 -0.301758 0.627930 1309979791.750450
0.477539 -0.310547 0.624023 1309979791.772429
0.528320 -0.328125 0.624023 1309979791.795441
0.509766 -0.300781 0.624023 1309979791.838435
0.529297 -0.336914 0.625977 1309979791.883433
0.504883 -0.333984 0.639648 1309979791.906438
0.529297 -0.317383 0.659180 1309979791.933443
0.514648 -0.344727 0.659180 1309979791.959436
0.529297 -0.326172 0.600586 1309979791.997442
0.533203 -0.315430 0.636719 1309979792.032441
0.519531 -0.326172 0.609375 1309979792.076436
0.530273 -0.319336 0.633789 1309979792.098442
0.525391 -0.341797 0.653320 1309979792.141440
0.495117 -0.327148 0.625000 1309979792.163432
0.535156 -0.319336 0.637695 1309979792.202439
0.485352 -0.312500 0.659180 1309979792.223440
0.492188 -0.302734 0.647461 1309979792.272448
0.500000 -0.414062 0.660156 1309979792.331448
0.490234 -0.320312 0.630859 1309979792.333447
0.536133 -0.376953 0.671875 1309979792.358479
0.510742 -0.348633 0.587891 1309979792.381476
0.537109 -0.355469 0.624023 1309979792.426432
0.523438 -0.330078 0.615234 1309979792.450446
0.558594 -0.355469 0.622070 1309979792.473450
0.510742 -0.362305 0.665039 1309979792.501954
0.510742 -0.362305 0.665039 1309979792.546424
0.529297 -0.295898 0.671875 1309979792.593464
0.528320 -0.328125 0.654297 1309979792.613454
0.525391 -0.333008 0.627930 1309979792.657443
0.514648 -0.337891 0.674805 1309979792.680430
0.533203 -0.336914 0.623047 1309979792.703453
0.554688 -0.351562 0.607422 1309979792.746459
0.492188 -0.336914 0.640625 1309979792.768469
0.526367 -0.328125 0.604492 1309979792.815456
0.531250 -0.336914 0.625977 1309979792.828451
0.539062 -0.356445 0.625977 1309979792.871452
0.517578 -0.329102 0.666992 1309979792.895436
0.487305 -0.333984 0.654297 1309979792.937453
0.526367 -0.314453 0.609375 1309979792.960454
0.490234 -0.321289 0.642578 1309979792.991462
0.513672 -0.329102 0.654297 1309979793.037444
0.526367 -0.320312 0.630859 1309979793.055458
0.487305 -0.320312 0.630859 1309979793.080461
0.496094 -0.338867 0.631836 1309979793.127457
0.507812 -0.311523 0.626953 1309979793.157461
0.552734 -0.337891 0.603516 1309979793.200464
0.527344 -0.325195 0.637695 1309979793.221448
0.575195 -0.331055 0.633789 1309979793.245469
0.466797 -0.262695 0.644531 1309979793.293468
0.500977 -0.367188 0.649414 1309979793.337667
0.542969 -0.301758 0.660156 1309979793.360468
0.522461 -0.309570 0.628906 1309979793.382466
0.500000 -0.351562 0.630859 1309979793.425481
0.509766 -0.295898 0.614258 1309979793.447475
0.522461 -0.348633 0.659180 1309979793.491473
0.535156 -0.291016 0.620117 1309979793.517462
0.505859 -0.306641 0.672852 1309979793.560473
0.495117 -0.330078 0.627930 1309979793.603458
0.519531 -0.328125 0.630859 1309979793.605475
0.498047 -0.321289 0.573242 1309979793.662468
0.515625 -0.302734 0.573242 1309979793.664469
0.529297 -0.318359 0.609375 1309979793.705470
0.489258 -0.318359 0.650391 1309979793.750482
0.506836 -0.311523 0.592773 1309979793.771475
0.534180 -0.259766 0.629883 1309979793.815484
0.553711 -0.343750 0.644531 1309979793.836491
0.507812 -0.320312 0.649414 1309979793.859475
0.520508 -0.320312 0.622070 1309979793.906474
0.521484 -0.324219 0.623047 1309979793.927478
0.500977 -0.315430 0.644531 1309979793.970469
0.533203 -0.304688 0.644531 1309979793.992464
0.513672 -0.346680 0.644531 1309979794.016462
0.539062 -0.345703 0.605469 1309979794.078479
0.535156 -0.337891 0.613281 1309979794.101481
0.526367 -0.333984 0.659180 1309979794.122482
0.533203 -0.343750 0.610352 1309979794.166478
0.510742 -0.340820 0.628906 1309979794.188493
0.510742 -0.340820 0.628906 1309979794.211475
0.529297 -0.312500 0.642578 1309979794.255487
0.510742 -0.290039 0.635742 1309979794.300491
0.543945 -0.316406 0.631836 1309979794.323482
0.518555 -0.310547 0.618164 1309979794.367478
0.522461 -0.324219 0.636719 1309979794.390457
0.538086 -0.302734 0.636719 1309979794.434485
0.532227 -0.345703 0.620117 1309979794.456491
0.513672 -0.308594 0.642578 1309979794.477458
0.552734 -0.325195 0.587891 1309979794.521473
0.560547 -0.314453 0.631836 1309979794.575468
0.517578 -0.339844 0.618164 1309979794.576481
0.527344 -0.306641 0.617188 1309979794.605501
0.534180 -0.336914 0.630859 1309979794.637489
0.513672 -0.308594 0.615234 1309979794.681491
0.493164 -0.337891 0.591797 1309979794.703472
0.527344 -0.336914 0.627930 1309979794.747492
0.508789 -0.300781 0.624023 1309979794.769498
0.516602 -0.291016 0.635742 1309979794.813495
0.510742 -0.279297 0.634766 1309979794.836493
0.515625 -0.318359 0.625000 1309979794.907498
0.534180 -0.300781 0.644531 1309979794.908492
0.499023 -0.292969 0.633789 1309979794.933495
0.548828 -0.312500 0.619141 1309979794.956496
0.543945 -0.315430 0.613281 1309979794.993503
0.504883 -0.328125 0.648438 1309979795.038511
0.546875 -0.315430 0.638672 1309979795.061502
0.555664 -0.348633 0.617188 1309979795.105507
0.496094 -0.315430 0.633789 1309979795.127492
0.500000 -0.302734 0.633789 1309979795.150499
0.505859 -0.359375 0.663086 1309979795.193500
0.497070 -0.302734 0.621094 1309979795.216498
0.540039 -0.318359 0.608398 1309979795.262499
0.508789 -0.325195 0.639648 1309979795.275502
0.525391 -0.324219 0.629883 1309979795.307502
0.275391 -0.324219 0.629883 1309979795.351504
0.509766 -0.279297 0.632812 1309979795.393513
0.517578 -0.338867 0.648438 1309979795.418485
0.509766 -0.304688 0.639648 1309979795.441506
0.551758 -0.324219 0.627930 1309979795.485522
0.530273 -0.329102 0.635742 1309979795.517502
0.508789 -0.320312 0.608398 1309979795.560484
