0.578125 -0.444336 0.525391 1311188629.426214
0.538086 -0.472656 0.570312 1311188629.432209
0.583984 -0.454102 0.553711 1311188629.462207
0.607422 -0.421875 0.527344 1311188629.484220
0.579102 -0.465820 0.527344 1311188629.545214
0.591797 -0.455078 0.548828 1311188629.583211
0.574219 -0.457031 0.554688 1311188629.602218
0.568359 -0.465820 0.565430 1311188629.624215
0.631836 -0.453125 0.541992 1311188629.648230
0.592773 -0.441406 0.545898 1311188629.693224
0.530273 -0.441406 0.545898 1311188629.716217
0.604492 -0.468750 0.525391 1311188629.758224
0.597656 -0.462891 0.532227 1311188629.802206
0.601562 -0.445312 0.518555 1311188629.828204
0.579102 -0.457031 0.539062 1311188629.849219
0.593750 -0.463867 0.525391 1311188629.872218
0.569336 -0.441406 0.528320 1311188629.915262
0.563477 -0.462891 0.549805 1311188629.959208
0.591797 -0.458984 0.540039 1311188629.982222
0.586914 -0.480469 0.562500 1311188630.007231
0.582031 -0.452148 0.512695 1311188630.039224
0.568359 -0.459961 0.547852 1311188630.067224
0.621094 -0.452148 0.525391 1311188630.109225
0.591797 -0.433594 0.554688 1311188630.132221
0.607422 -0.460938 0.551758 1311188630.179217
0.581055 -0.441406 0.565430 1311188630.202228
0.596680 -0.447266 0.532227 1311188630.244233
0.553711 -0.439453 0.518555 1311188630.267231
0.557617 -0.415039 0.537109 1311188630.309247
0.587891 -0.470703 0.539062 1311188630.332231
0.582031 -0.437500 0.548828 1311188630.376238
0.583008 -0.438477 0.550781 1311188630.387224
0.606445 -0.453125 0.556641 1311188630.418228
0.587891 -0.447266 0.556641 1311188630.461217
0.569336 -0.458984 0.561523 1311188630.486225
0.588867 -0.475586 0.515625 1311188630.533225
0.578125 -0.471680 0.534180 1311188630.554234
0.596680 -0.464844 0.550781 1311188630.602241
0.577148 -0.458984 0.548828 1311188630.626236
0.556641 -0.456055 0.583984 1311188630.649244
0.585938 -0.467773 0.518555 1311188630.697240
0.579102 -0.434570 0.528320 1311188630.721238
0.575195 -0.439453 0.522461 1311188630.757246
0.583008 -0.458008 0.555664 1311188630.781751
0.557617 -0.438477 0.578125 1311188630.816238
0.615234 -0.438477 0.578125 1311188630.881253
0.622070 -0.458008 0.506836 1311188630.883221
0.605469 -0.414062 0.528320 1311188630.906267
0.590820 -0.458008 0.547852 1311188630.951248
0.559570 -0.440430 0.551758 1311188630.972245
0.586914 -0.457031 0.530273 1311188631.014244
0.582031 -0.457031 0.530273 1311188631.037256
0.598633 -0.459961 0.545898 1311188631.069226
0.607422 -0.476562 0.546875 1311188631.112244
0.593750 -0.443359 0.570312 1311188631.136248
0.571289 -0.452148 0.558594 1311188631.179244
0.578125 -0.478516 0.550781 1311188631.202244
0.574219 -0.482422 0.526367 1311188631.243237
0.581055 -0.500000 0.567383 1311188631.266250
0.578125 -0.462891 0.549805 1311188631.308242
0.583984 -0.449219 0.555664 1311188631.329251
0.573242 -0.429688 0.565430 1311188631.352253
0.590820 -0.457031 0.568359 1311188631.401218
0.590820 -0.457031 0.568359 1311188631.432252
0.606445 -0.453125 0.549805 1311188631.479254
0.604492 -0.466797 0.532227 1311188631.506253
0.573242 -0.449219 0.555664 1311188631.532251
0.592773 -0.452148 0.533203 1311188631.556238
0.589844 -0.466797 0.533203 1311188631.580257
0.575195 -0.444336 0.548828 1311188631.626257
0.576172 -0.452148 0.545898 1311188631.648262
0.619141 -0.470703 0.540039 1311188631.693254
0.560547 -0.464844 0.538086 1311188631.712254
0.610352 -0.472656 0.526367 1311188631.758260
0.580078 -0.472656 0.526367 1311188631.779258
0.585938 -0.463867 0.552734 1311188631.826262
0.567383 -0.449219 0.552734 1311188631.861237
0.559570 -0.433594 0.529297 1311188631.883233
0.588867 -0.466797 0.583008 1311188631.904237
0.541016 -0.424805 0.534180 1311188631.933262
0.612305 -0.487305 0.506836 1311188631.977252
0.582031 -0.446289 0.526367 1311188632.001227
0.548828 -0.454102 0.592773 1311188632.044281
0.612305 -0.468750 0.511719 1311188632.067262
0.581055 -0.426758 0.542969 1311188632.117255
0.613281 -0.466797 0.512695 1311188632.118232
0.566406 -0.447266 0.541992 1311188632.175233
0.583984 -0.458984 0.545898 1311188632.198243
0.602539 -0.431641 0.526367 1311188632.243276
0.595703 -0.476562 0.546875 1311188632.277254
0.589844 -0.453125 0.532227 1311188632.318258
0.598633 -0.421875 0.548828 1311188632.319232
0.592773 -0.429688 0.570312 1311188632.347285
0.577148 -0.466797 0.565430 1311188632.399233
0.554688 -0.413086 0.554688 1311188632.422223
0.599609 -0.451172 0.556641 1311188632.468224
0.550781 -0.430664 0.565430 1311188632.490269
0.597656 -0.483398 0.565430 1311188632.512279
0.600586 -0.437500 0.543945 1311188632.554259
0.550781 -0.444336 0.542969 1311188632.599307
0.579102 -0.445312 0.528320 1311188632.624243
0.579102 -0.453125 0.546875 1311188632.645254
0.596680 -0.450195 0.540039 1311188632.689268
0.588867 -0.455078 0.540039 1311188632.716282
0.588867 -0.455078 0.540039 1311188632.736284
0.560547 -0.424805 0.535156 1311188632.782278
0.593750 -0.458008 0.553711 1311188632.807276
0.574219 -0.460938 0.539062 1311188632.852285
0.597656 -0.431641 0.542969 1311188632.875281
0.608398 -0.431641 0.542969 1311188632.901267
0.591797 -0.472656 0.520508 1311188632.948283
0.553711 -0.444336 0.537109 1311188632.970287
0.586914 -0.450195 0.541992 1311188633.020282
0.623047 -0.457031 0.544922 1311188633.044286
0.583008 -0.471680 0.524414 1311188633.065288
0.605469 -0.471680 0.524414 1311188633.093279
0.564453 -0.482422 0.550781 1311188633.138299
0.580078 -0.439453 0.522461 1311188633.163283
0.590820 -0.455078 0.576172 1311188633.220306
0.553711 -0.458984 0.546875 1311188633.222288
0.588867 -0.458008 0.546875 1311188633.253286
0.572266 -0.445312 0.556641 1311188633.299610
0.571289 -0.459961 0.547852 1311188633.322267
0.557617 -0.439453 0.562500 1311188633.365287
0.579102 -0.449219 0.543945 1311188633.445295
0.577148 -0.451172 0.560547 1311188633.457289
0.592773 -0.461914 0.521484 1311188633.458281
0.592773 -0.460938 0.504883 1311188633.502277
0.568359 -0.435547 0.555664 1311188633.524269
0.617188 -0.486328 0.543945 1311188633.548268
0.549805 -0.465820 0.574219 1311188633.593306
0.576172 -0.416992 0.529297 1311188633.615277
0.605469 -0.416016 0.529297 1311188633.637292
0.583008 -0.456055 0.539062 1311188633.680304
0.563477 -0.436523 0.562500 1311188633.722253
0.599609 -0.456055 0.550781 1311188633.744295
0.578125 -0.468750 0.565430 1311188633.780285
0.601562 -0.464844 0.547852 1311188633.824303
0.580078 -0.458984 0.547852 1311188633.827276
0.554688 -0.458008 0.525391 1311188633.890286
0.612305 -0.447266 0.573242 1311188633.907282
0.576172 -0.442383 0.549805 1311188633.950257
0.587891 -0.479492 0.541016 1311188633.973300
0.581055 -0.510742 0.521484 1311188634.017295
0.581055 -0.510742 0.521484 1311188634.038267
0.591797 -0.479492 0.524414 1311188634.063308
0.613281 -0.483398 0.508789 1311188634.110282
0.589844 -0.452148 0.537109 1311188634.132273
0.575195 -0.452148 0.538086 1311188634.157318
0.620117 -0.458984 0.518555 1311188634.199293
0.544922 -0.450195 0.552734 1311188634.243299
0.606445 -0.469727 0.518555 1311188634.265312
0.527344 -0.431641 0.523438 1311188634.308303
0.642578 -0.468750 0.579102 1311188634.330306
0.585938 -0.476562 0.530273 1311188634.374312
0.553711 -0.443359 0.560547 1311188634.377316
0.579102 -0.444336 0.530273 1311188634.424306
0.577148 -0.469727 0.531250 1311188634.448312
0.613281 -0.451172 0.537109 1311188634.483314
0.564453 -0.456055 0.541992 1311188634.528309
0.589844 -0.450195 0.551758 1311188634.550308
0.561523 -0.430664 0.572266 1311188634.593313
0.597656 -0.466797 0.534180 1311188634.613313
0.597656 -0.466797 0.534180 1311188634.637328
0.585938 -0.449219 0.540039 1311188634.710347
0.584961 -0.459961 0.531250 1311188634.737283
0.581055 -0.453125 0.516602 1311188634.738316
0.575195 -0.440430 0.506836 1311188634.779317
0.586914 -0.451172 0.554688 1311188634.822319
0.602539 -0.445312 0.545898 1311188634.844315
0.594727 -0.457031 0.555664 1311188634.870323
0.565430 -0.461914 0.534180 1311188634.913320
0.605469 -0.410156 0.551758 1311188634.938323
0.605469 -0.410156 0.551758 1311188634.959305
0.564453 -0.471680 0.558594 1311188635.003322
0.574219 -0.442383 0.545898 1311188635.047330
0.582031 -0.437500 0.583984 1311188635.070315
0.575195 -0.435547 0.539062 1311188635.113323
0.561523 -0.440430 0.598633 1311188635.134320
0.594727 -0.488281 0.598633 1311188635.157339
