0.627930 -0.336914 0.479492 1309547657.256269
0.590820 -0.407227 0.549805 1309547657.279270
0.695312 -0.349609 0.537109 1309547657.325289
0.626953 -0.426758 0.515625 1309547657.366294
0.603516 -0.469727 0.505859 1309547657.389292
0.606445 -0.341797 0.516602 1309547657.411295
0.657227 -0.260742 0.567383 1309547657.456270
0.653320 -0.358398 0.541016 1309547657.467289
0.657227 -0.380859 0.528320 1309547657.511293
0.677734 -0.395508 0.506836 1309547657.535278
0.635742 -0.469727 0.562500 1309547657.577278
0.684570 -0.377930 0.532227 1309547657.600295
0.599609 -0.408203 0.535156 1309547657.652295
0.631836 -0.414062 0.285156 1309547657.675294
0.659180 -0.405273 0.514648 1309547657.739302
0.686523 -0.404297 0.458008 1309547657.742298
0.672852 -0.425781 0.475586 1309547657.790306
0.644531 -0.421875 0.518555 1309547657.818309
0.655273 -0.430664 0.506836 1309547657.820298
0.596680 -0.483398 0.485352 1309547657.889299
0.711914 -0.398438 0.481445 1309547657.921299
0.762695 -0.447266 0.500000 1309547657.943306
0.617188 -0.654297 0.471680 1309547657.965313
0.769531 -0.492188 0.527344 1309547657.990308
1.005859 -0.172852 0.539062 1309547658.014303
1.352539 0.138672 0.080078 1309547658.056285
0.551758 -0.545898 0.107422 1309547658.079307
0.644531 -0.462891 0.288086 1309547658.122296
0.372070 -0.248047 0.207031 1309547658.146310
0.151367 -0.209961 1.050781 1309547658.190309
-1.499023 -0.547852 1.236328 1309547658.219312
1.108398 -0.007812 0.475586 1309547658.247284
0.476562 0.249023 0.818359 1309547658.292304
0.673828 -0.386719 0.423828 1309547658.320309
0.510742 -0.677734 0.468750 1309547658.342311
0.561523 -0.659180 0.532227 1309547658.410316
0.565430 -0.427734 0.532227 1309547658.411308
0.593750 -0.552734 0.501953 1309547658.458311
0.650391 -0.412109 0.537109 1309547658.481312
0.691406 -0.425781 0.496094 1309547658.503314
0.616211 -0.350586 0.534180 1309547658.548317
0.670898 -0.416016 0.500977 1309547658.591311
0.634766 -0.537109 0.499023 1309547658.592314
0.615234 -0.450195 0.500977 1309547658.639355
0.641602 -0.374023 0.547852 1309547658.682310
0.639648 -0.450195 0.480469 1309547658.703312
0.656250 -0.472656 0.498047 1309547658.748318
0.671875 -0.465820 0.476562 1309547658.757319
0.671875 -0.465820 0.476562 1309547658.800319
0.647461 -0.468750 0.497070 1309547658.824317
0.625000 -0.491211 0.534180 1309547658.867321
0.621094 -0.449219 0.517578 1309547658.911532
0.604492 -0.472656 0.521484 1309547658.933319
0.627930 -0.443359 0.507812 1309547658.963331
0.643555 -0.482422 0.501953 1309547658.986321
0.647461 -0.493164 0.438477 1309547659.030325
0.663086 -0.471680 0.465820 1309547659.097325
0.617188 -0.398438 0.518555 1309547659.119324
0.653320 -0.330078 0.538086 1309547659.120323
0.594727 -0.358398 0.539062 1309547659.139330
0.634766 -0.397461 0.530273 1309547659.203321
0.573242 -0.439453 0.563477 1309547659.226346
0.598633 -0.503906 0.491211 1309547659.247328
0.625977 -0.416992 0.489258 1309547659.290332
0.639648 -0.406250 0.531250 1309547659.323340
0.656250 -0.470703 0.541016 1309547659.347331
0.656250 -0.449219 0.532227 1309547659.370332
0.628906 -0.482422 0.539062 1309547659.408331
0.559570 -0.423828 0.523438 1309547659.452326
0.649414 -0.395508 0.512695 1309547659.476336
0.656250 -0.403320 0.510742 1309547659.497338
0.604492 -0.403320 0.510742 1309547659.541341
0.636719 -0.402344 0.555664 1309547659.585334
0.591797 -0.427734 0.545898 1309547659.608334
0.582031 -0.400391 0.514648 1309547659.630352
0.625977 -0.375000 0.528320 1309547659.672330
0.616211 -0.395508 0.530273 1309547659.695338
0.641602 -0.430664 0.538086 1309547659.719339
0.613281 -0.456055 0.530273 1309547659.772336
0.583984 -0.476562 0.548828 1309547659.800342
0.646484 -0.462891 0.512695 1309547659.822351
0.636719 -0.440430 0.526367 1309547659.865345
0.662109 -0.457031 0.500977 1309547659.890351
0.662109 -0.457031 0.500977 1309547659.913396
0.626953 -0.466797 0.533203 1309547659.960348
0.626953 -0.461914 0.540039 1309547659.997345
0.625977 -0.484375 0.498047 1309547660.018360
0.616211 -0.475586 0.517578 1309547660.061354
0.622070 -0.445312 0.509766 1309547660.085408
0.635742 -0.480469 0.509766 1309547660.108420
0.635742 -0.480469 0.509766 1309547660.152347
0.656250 -0.499023 0.471680 1309547660.238375
0.658203 -0.509766 0.485352 1309547660.260363
0.615234 -0.441406 0.481445 1309547660.261340
0.622070 -0.434570 0.509766 1309547660.284347
0.604492 -0.396484 0.550781 1309547660.307345
0.642578 -0.404297 0.483398 1309547660.386352
0.660156 -0.447266 0.525391 1309547660.408339
0.656250 -0.419922 0.506836 1309547660.410354
0.605469 -0.376953 0.514648 1309547660.435344
0.594727 -0.494141 0.518555 1309547660.478372
0.645508 -0.454102 0.467773 1309547660.525399
0.639648 -0.425781 0.516602 1309547660.546356
0.622070 -0.417969 0.554688 1309547660.567355
0.621094 -0.419922 0.523438 1309547660.610353
0.526367 -0.452148 0.539062 1309547660.632354
0.601562 -0.452148 0.539062 1309547660.655351
0.629883 -0.415039 0.550781 1309547660.702364
0.595703 -0.389648 0.537109 1309547660.745366
0.625000 -0.350586 0.519531 1309547660.767356
0.633789 -0.423828 0.521484 1309547660.822382
0.672852 -0.396484 0.535156 1309547660.823356
0.672852 -0.396484 0.535156 1309547660.853363
0.620117 -0.402344 0.540039 1309547660.896335
0.583984 -0.447266 0.521484 1309547660.919358
0.623047 -0.474609 0.565430 1309547660.963345
0.619141 -0.466797 0.537109 1309547660.986361
0.618164 -0.402344 0.500977 1309547661.030393
0.653320 -0.421875 0.500977 1309547661.051363
0.629883 -0.411133 0.484375 1309547661.096330
0.547852 -0.431641 0.528320 1309547661.118367
0.639648 -0.416016 0.508789 1309547661.142366
0.659180 -0.403320 0.528320 1309547661.187363
0.610352 -0.453125 0.526367 1309547661.210382
0.644531 -0.412109 0.503906 1309547661.250370
0.639648 -0.439453 0.496094 1309547661.275365
0.623047 -0.454102 0.529297 1309547661.320375
0.623047 -0.464844 0.535156 1309547661.343369
0.598633 -0.517578 0.534180 1309547661.389373
0.642578 -0.454102 0.493164 1309547661.411387
0.634766 -0.453125 0.522461 1309547661.436351
0.646484 -0.396484 0.552734 1309547661.480374
0.592773 -0.360352 0.528320 1309547661.502378
0.622070 -0.385742 0.525391 1309547661.546382
0.617188 -0.351562 0.530273 1309547661.570371
0.592773 -0.351562 0.530273 1309547661.592370
0.599609 -0.496094 0.532227 1309547661.669384
0.527344 -0.409180 0.523438 1309547661.710386
0.609375 -0.473633 0.574219 1309547661.711366
0.628906 -0.439453 0.526367 1309547661.731383
0.616211 -0.423828 0.572266 1309547661.756351
0.644531 -0.396484 0.492188 1309547661.783375
0.629883 -0.419922 0.742188 1309547661.826378
0.629883 -0.419922 0.742188 1309547661.850390
0.617188 -0.425781 0.531250 1309547661.892372
0.585938 -0.392578 0.557617 1309547661.920382
0.624023 -0.379883 0.517578 1309547661.960384
0.624023 -0.379883 0.517578 1309547661.981382
0.623047 -0.382812 0.570312 1309547662.020385
0.609375 -0.390625 0.563477 1309547662.085391
0.636719 -0.440430 0.511719 1309547662.105381
0.616211 -0.421875 0.550781 1309547662.106381
0.568359 -0.445312 0.525391 1309547662.148386
0.639648 -0.481445 0.525391 1309547662.171384
0.618164 -0.422852 0.510742 1309547662.216360
0.656250 -0.429688 0.513672 1309547662.238401
0.681641 -0.436523 0.519531 1309547662.282389
0.631836 -0.416992 0.523438 1309547662.303393
0.628906 -0.418945 0.506836 1309547662.342399
0.642578 -0.455078 0.527344 1309547662.365410
0.619141 -0.426758 0.546875 1309547662.408390
0.610352 -0.428711 0.485352 1309547662.433390
0.652344 -0.429688 0.494141 1309547662.483391
0.620117 -0.437500 0.505859 1309547662.507392
0.625000 -0.454102 0.496094 1309547662.530420
0.653320 -0.461914 0.528320 1309547662.581399
0.587891 -0.507812 0.499023 1309547662.603393
0.628906 -0.432617 0.541992 1309547662.658421
0.622070 -0.449219 0.503906 1309547662.667389
0.637695 -0.396484 0.499023 1309547662.693398
0.633789 -0.396484 0.499023 1309547662.718397
0.638672 -0.317383 0.518555 1309547662.772372
0.649414 -0.328125 0.545898 1309547662.793446
0.606445 -0.516602 0.569336 1309547662.838403
0.602539 -0.453125 0.580078 1309547662.866401
0.634766 -0.436523 0.511719 1309547662.892378
0.634766 -0.436523 0.511719 1309547662.980392
0.612305 -0.460938 0.495117 1309547662.982384
0.644531 -0.446289 0.502930 1309547663.002394
0.623047 -0.445312 0.526367 1309547663.023375
0.589844 -0.433594 0.535156 1309547663.046408
0.603516 -0.398438 0.554688 1309547663.070413
0.608398 -0.396484 0.567383 1309547663.115403
0.610352 -0.385742 0.557617 1309547663.141427
0.566406 -0.372070 0.538086 1309547663.191420
0.597656 -0.380859 0.570312 1309547663.216383
0.618164 -0.386719 0.556641 1309547663.240412
0.614258 -0.434570 0.525391 1309547663.280410
0.593750 -0.423828 0.538086 1309547663.322406
0.639648 -0.435547 0.528320 1309547663.345432
0.587891 -0.443359 0.538086 1309547663.367408
0.652344 -0.404297 0.519531 1309547663.411402
0.597656 -0.240234 0.463867 1309547663.435385
0.676758 -0.435547 0.457031 1309547663.483411
0.674805 -0.385742 0.554688 1309547663.505415
0.628906 -0.344727 0.513672 1309547663.547411
0.664062 -0.399414 0.518555 1309547663.602412
0.638672 -0.463867 0.541016 1309547663.603408
0.645508 -0.415039 0.576172 1309547663.630414
0.623047 -0.415039 0.576172 1309547663.652413
0.643555 -0.398438 0.522461 1309547663.691414
0.625000 -0.434570 0.558594 1309547663.732396
0.655273 -0.351562 0.511719 1309547663.756420
0.624023 -0.388672 0.561523 1309547663.801422
0.612305 -0.378906 0.537109 1309547663.815415
0.621094 -0.420898 0.543945 1309547663.860419
0.643555 -0.371094 0.500977 1309547663.883418
0.637695 -0.435547 0.512695 1309547663.928426
0.635742 -0.402344 0.531250 1309547663.972422
0.624023 -0.401367 0.516602 1309547663.993420
0.631836 -0.423828 0.550781 1309547664.017459
0.592773 -0.378906 0.520508 1309547664.062432
0.609375 -0.417969 0.528320 1309547664.083419
0.596680 -0.408203 0.545898 1309547664.127423
0.635742 -0.435547 0.527344 1309547664.150419
0.629883 -0.388672 0.524414 1309547664.172425
0.640625 -0.424805 0.506836 1309547664.253428
0.607422 -0.467773 0.549805 1309547664.255417
0.619141 -0.451172 0.534180 1309547664.277439
0.651367 -0.417969 0.505859 1309547664.301442
0.593750 -0.436523 0.540039 1309547664.342433
0.612305 -0.410156 0.501953 1309547664.386430
0.623047 -0.437500 0.554688 1309547664.389449
