0.453125 -0.257812 0.655273 1310580385.770325
0.374023 -0.239258 0.648438 1310580385.789311
0.478516 -0.245117 0.635742 1310580385.791317
0.316406 -0.261719 0.686523 1310580385.825190
0.331055 -0.304688 0.686523 1310580385.847200
0.334961 -0.282227 0.672852 1310580385.885188
0.415039 -0.220703 0.785156 1310580385.928233
0.546875 -0.212891 0.769531 1310580385.951281
0.366211 -0.260742 0.802734 1310580385.984221
0.789062 -0.384766 0.366211 1310580386.014189
0.785156 -0.446289 0.259766 1310580386.037218
0.811523 -0.449219 0.156250 1310580386.083320
0.350586 -0.034180 1.039062 1310580386.133263
0.254883 -0.033203 1.096680 1310580386.158280
0.335938 0.111328 1.252930 1310580386.183327
-0.084961 0.162109 1.203125 1310580386.206260
1.915039 0.162109 1.203125 1310580386.230194
0.040039 -0.164062 -1.999023 1310580386.274247
-0.026367 0.813477 -1.187500 1310580386.303207
0.503906 0.011719 0.071289 1310580386.345232
0.288086 0.234375 0.212891 1310580386.368251
-0.280273 -0.393555 0.338867 1310580386.410282
0.219727 -0.393555 0.338867 1310580386.434329
-0.041016 -0.139648 -0.343750 1310580386.481242
0.306641 0.184570 -0.227539 1310580386.503292
-0.032227 -0.162109 -0.945312 1310580386.525324
-0.675781 -0.175781 1.974609 1310580386.570202
1.999023 -1.342773 0.604492 1310580386.594202
-0.799805 -0.864258 0.000000 1310580386.641295
-0.309570 -0.773438 1.243164 1310580386.661269
0.033203 0.262695 1.590820 1310580386.706251
0.232422 0.185547 1.360352 1310580386.728335
-0.250977 -0.013672 1.437500 1310580386.750229
-0.449219 -0.586914 0.547852 1310580386.796208
1.999023 -1.762695 1.090820 1310580386.819228
1.557617 -1.430664 -1.630859 1310580386.871226
-0.665039 -0.738281 -1.092773 1310580386.894227
-0.332031 -1.057617 -0.351562 1310580386.930265
0.241211 0.393555 -0.335938 1310580386.962234
0.158203 -0.103516 -0.411133 1310580386.989208
0.047852 -0.081055 -0.464844 1310580387.041239
0.377930 -0.000977 -0.065430 1310580387.043715
-0.218750 0.136719 -0.240234 1310580387.089260
1.999023 -1.998047 -1.380859 1310580387.111344
1.643555 -1.412109 0.401367 1310580387.154317
-0.770508 -0.820312 0.773438 1310580387.177208
1.223633 0.125000 1.274414 1310580387.200214
0.367188 0.209961 1.676758 1310580387.244238
0.262695 -0.015625 1.449219 1310580387.268214
-0.341797 0.535156 0.998047 1310580387.326251
1.998047 -0.733398 1.378906 1310580387.347344
1.983398 -0.712891 -0.315430 1310580387.369337
0.160156 -0.101562 -1.126953 1310580387.412347
-0.243164 -0.200195 -0.673828 1310580387.456335
-0.154297 -0.332031 -0.384766 1310580387.464312
0.158203 0.005859 -0.252930 1310580387.502376
0.114258 -0.270508 -0.162109 1310580387.519273
0.135742 -0.343750 -0.567383 1310580387.576238
0.049805 -0.629883 -0.813477 1310580387.599300
0.482422 -0.207031 -0.987305 1310580387.620256
1.999023 1.998047 -1.972656 1310580387.662261
1.999023 -1.227539 1.990234 1310580387.687306
-1.742188 -0.080078 0.848633 1310580387.732225
-0.242188 -0.080078 0.848633 1310580387.755224
0.656250 -0.943359 0.336914 1310580387.800339
0.381836 -0.041016 0.887695 1310580387.836228
0.244141 0.383789 1.470703 1310580387.859232
-0.649414 0.000977 1.109375 1310580387.890281
1.999023 -1.999023 1.991211 1310580387.912256
1.999023 -1.002930 -1.973633 1310580387.962253
-0.287109 -0.604492 -0.955078 1310580387.984275
0.179688 -0.390625 -0.478516 1310580388.007353
-0.316406 -0.350586 -0.225586 1310580388.037323
-0.016602 -0.366211 -0.153320 1310580388.085301
0.065430 -0.233398 0.031250 1310580388.104290
0.203125 -0.071289 -0.131836 1310580388.149279
0.350586 0.134766 -0.472656 1310580388.171269
0.225586 -0.009766 -0.557617 1310580388.202249
1.998047 -1.999023 -1.971680 1310580388.250397
0.100586 -1.999023 1.759766 1310580388.272245
-0.149414 -1.999023 1.759766 1310580388.314302
0.351562 -0.102539 0.649414 1310580388.353272
0.100586 0.517578 1.448242 1310580388.373289
0.361328 -0.189453 1.095703 1310580388.415296
0.224609 0.256836 1.316406 1310580388.439271
-0.441406 0.390625 1.226562 1310580388.461295
1.999023 0.390625 1.226562 1310580388.484285
0.897461 -1.897461 -1.979492 1310580388.529279
-0.086914 -0.125977 -1.847656 1310580388.575319
0.026367 -0.617188 -0.651367 1310580388.599308
0.257812 0.409180 -0.093750 1310580388.642306
0.002930 0.179688 -0.005859 1310580388.665320
-0.207031 -0.125000 -0.402344 1310580388.714266
0.022461 0.050781 -0.399414 1310580388.736259
0.316406 -0.007812 -0.112305 1310580388.762273
0.223633 0.291016 0.036133 1310580388.784315
0.363281 -0.421875 -0.860352 1310580388.827256
0.589844 0.128906 -0.033203 1310580388.852299
1.998047 -1.999023 1.991211 1310580388.899300
-0.322266 -1.162109 -1.315430 1310580388.922300
-0.825195 -1.021484 1.999023 1310580388.945262
0.662109 0.038086 0.975586 1310580389.006263
-0.104492 0.355469 0.749023 1310580389.007238
0.375000 0.249023 0.662109 1310580389.052300
0.491211 -0.072266 0.713867 1310580389.077295
0.543945 -0.188477 0.615234 1310580389.122253
0.549805 -0.318359 0.697266 1310580389.167341
0.450195 -0.166992 0.617188 1310580389.197263
0.437500 -0.278320 0.572266 1310580389.202255
0.353516 -0.278320 0.572266 1310580389.226283
0.234375 -0.028320 0.572266 1310580389.273309
0.443359 -0.274414 0.722656 1310580389.306297
0.546875 -0.219727 0.678711 1310580389.349382
0.448242 -0.195312 0.723633 1310580389.371305
0.424805 -0.269531 0.654297 1310580389.394326
0.500000 -0.215820 0.659180 1310580389.438344
0.471680 -0.201172 0.683594 1310580389.460259
0.412109 -0.255859 0.691406 1310580389.505330
0.445312 -0.235352 0.674805 1310580389.527374
0.454102 -0.259766 0.653320 1310580389.572341
0.483398 -0.239258 0.617188 1310580389.639337
0.464844 -0.214844 0.685547 1310580389.640376
0.479492 -0.220703 0.665039 1310580389.660386
0.484375 -0.220703 0.647461 1310580389.682262
0.473633 -0.232422 0.668945 1310580389.727278
0.480469 -0.208984 0.638672 1310580389.749330
0.466797 -0.246094 0.650391 1310580389.792267
