0.466797 0.096680 0.636719 1310508750.352014
0.467773 0.084961 0.664062 1310508750.373051
0.466797 0.037109 0.644531 1310508750.396033
0.437500 0.111328 0.681641 1310508750.442014
0.438477 0.033203 0.627930 1310508750.512983
0.517578 0.130859 0.652344 1310508750.533980
0.433594 0.027344 0.656250 1310508750.534972
0.445312 0.048828 0.630859 1310508750.558977
0.404297 -0.010742 0.658203 1310508750.580077
0.495117 -0.024414 0.656250 1310508750.625004
0.506836 0.190430 0.549805 1310508750.668027
0.668945 0.363281 0.675781 1310508750.689036
0.456055 0.041016 0.627930 1310508750.712038
0.672852 -0.189453 0.429688 1310508750.753061
0.677734 0.310547 0.429688 1310508750.779006
0.584961 0.263672 0.929688 1310508750.813040
0.534180 0.457031 1.018555 1310508750.857074
0.471680 0.538086 1.429688 1310508750.879068
0.679688 -0.144531 1.347656 1310508750.922026
1.999023 0.237305 1.180664 1310508750.943996
-1.216797 0.237305 1.180664 1310508750.967011
0.670898 -1.579102 0.499023 1310508751.010020
-0.338867 -0.017578 0.616211 1310508751.079078
-1.250000 0.652344 0.291016 1310508751.118023
-0.405273 0.335938 -0.039062 1310508751.119020
0.513672 -0.240234 -0.438477 1310508751.139025
0.876953 -0.121094 -0.541016 1310508751.162041
1.155273 -0.225586 -0.180664 1310508751.208038
-1.999023 -0.958008 -0.872070 1310508751.229032
-0.477539 0.586914 1.276367 1310508751.273119
1.246094 1.021484 -0.012695 1310508751.297054
0.558594 0.154297 0.737305 1310508751.318025
0.586914 0.086914 0.872070 1310508751.384117
0.145508 0.747070 1.254883 1310508751.405057
0.286133 0.691406 1.346680 1310508751.428062
1.992188 0.440430 1.135742 1310508751.472118
1.997070 -0.191406 -1.922852 1310508751.495117
-1.093750 -1.598633 0.086914 1310508751.523094
1.085938 -0.880859 0.086914 1310508751.546125
-0.401367 -0.880859 0.086914 1310508751.590124
-0.893555 1.335938 1.401367 1310508751.634080
-0.811523 0.298828 -0.686523 1310508751.657042
0.684570 -0.639648 -0.279297 1310508751.678021
0.969727 -0.753906 -0.279297 1310508751.723000
0.562500 0.015625 -0.639648 1310508751.767065
1.998047 1.999023 1.989258 1310508751.788122
1.995117 -1.011719 1.992188 1310508751.810041
1.170898 1.691406 0.808594 1310508751.854076
0.722656 0.445312 0.599609 1310508751.877129
0.484375 0.347656 0.961914 1310508751.921049
-0.114258 0.397461 1.389648 1310508751.945055
0.142578 0.287109 1.207031 1310508751.988129
1.995117 -0.210938 -1.768555 1310508752.009113
0.756836 -0.580078 -1.854492 1310508752.052127
-0.208984 -0.062500 -0.353516 1310508752.075131
1.291016 -0.062500 -0.353516 1310508752.103127
-0.475586 -0.041992 0.639648 1310508752.160130
-1.296875 0.159180 0.307617 1310508752.163081
-0.700195 0.014648 -0.013672 1310508752.205138
0.066406 0.101562 -0.509766 1310508752.247099
1.232422 0.234375 -0.638672 1310508752.269130
1.294922 -0.371094 -0.781250 1310508752.314084
1.998047 1.998047 1.989258 1310508752.323131
-1.999023 -1.999023 1.970703 1310508752.422075
0.270508 0.868164 1.080078 1310508752.424069
1.055664 1.296875 0.359375 1310508752.447143
0.257812 0.152344 1.124023 1310508752.448128
-0.051758 0.152344 1.124023 1310508752.492147
0.083008 0.324219 1.479492 1310508752.535061
1.998047 1.120117 -0.211914 1310508752.558147
-0.115234 -1.364258 -1.983398 1310508752.583149
0.198242 -0.845703 -0.689453 1310508752.630078
1.236328 -0.458984 0.310547 1310508752.653132
-0.618164 0.328125 0.763672 1310508752.695096
-1.999023 0.656250 0.224609 1310508752.718075
-0.388672 0.064453 -0.002930 1310508752.764140
-0.347656 -0.029297 -0.330078 1310508752.785111
0.531250 0.160156 -0.323242 1310508752.833084
1.008789 -0.339844 -0.323242 1310508752.834155
0.604492 0.187500 -0.386719 1310508752.880046
1.995117 1.998047 1.988281 1310508752.922074
1.997070 1.998047 1.772461 1310508752.945143
0.901367 0.504883 0.361328 1310508752.970137
0.520508 0.872070 0.911133 1310508753.015150
0.123047 0.872070 0.911133 1310508753.038155
-0.091797 0.588867 1.616211 1310508753.083109
1.441406 0.281250 1.999023 1310508753.105063
1.995117 -0.382812 -1.972656 1310508753.129082
-1.391602 -1.269531 -0.150391 1310508753.165112
1.850586 -1.994141 0.846680 1310508753.190107
0.127930 0.272461 1.267578 1310508753.235074
-2.000000 1.458984 -0.055664 1310508753.280078
-0.965820 0.538086 0.128906 1310508753.303100
0.043945 -0.509766 0.025391 1310508753.345156
0.113281 -0.507812 -0.188477 1310508753.368092
0.702148 0.099609 -0.445312 1310508753.389162
0.716797 0.548828 -0.756836 1310508753.433073
0.289062 0.185547 -0.419922 1310508753.455150
1.999023 -0.462891 0.233398 1310508753.499157
-1.999023 1.999023 -1.171875 1310508753.522150
1.016602 -0.295898 0.139648 1310508753.565076
0.520508 0.890625 0.162109 1310508753.587094
0.898438 0.994141 0.412109 1310508753.630062
0.414062 -0.114258 0.835938 1310508753.698153
0.451172 -0.334961 0.587891 1310508753.719115
0.670898 -0.095703 0.489258 1310508753.730100
0.696289 -0.178711 0.401367 1310508753.745104
0.635742 -0.039062 0.437500 1310508753.790151
0.574219 -0.191406 0.542969 1310508753.813159
0.519531 -0.118164 0.585938 1310508753.857124
0.450195 0.060547 0.653320 1310508753.879161
0.469727 0.225586 0.674805 1310508753.900167
0.213867 0.631836 0.769531 1310508753.944107
0.553711 0.224609 0.627930 1310508753.967171
0.418945 -0.003906 0.630859 1310508754.012165
0.503906 0.096680 0.618164 1310508754.033120
0.458008 0.023438 0.604492 1310508754.082172
0.471680 0.073242 0.647461 1310508754.104173
0.440430 0.113281 0.667969 1310508754.148104
0.440430 0.113281 0.667969 1310508754.169105
0.409180 0.099609 0.679688 1310508754.214176
0.459961 0.066406 0.648438 1310508754.239115
0.511719 0.076172 0.603516 1310508754.282173
0.470703 0.125000 0.640625 1310508754.303177
0.454102 0.107422 0.651367 1310508754.332181
0.435547 0.076172 0.668945 1310508754.373074
0.415039 0.106445 0.675781 1310508754.394387
0.468750 0.103516 0.640625 1310508754.437296
0.444336 0.056641 0.610352 1310508754.459186
0.429688 0.090820 0.690430 1310508754.483172
0.417969 0.088867 0.666992 1310508754.525144
0.441406 0.134766 0.602539 1310508754.567197
0.472656 0.087891 0.656250 1310508754.588183
0.464844 0.060547 0.653320 1310508754.632099
