0.589844 -0.472656 0.529297 1311187959.660143
0.586914 -0.472656 0.515625 1311187959.681139
0.589844 -0.441406 0.528320 1311187959.709153
0.604492 -0.454102 0.553711 1311187959.766155
0.585938 -0.424805 0.525391 1311187959.787136
0.600586 -0.475586 0.549805 1311187959.810140
0.613281 -0.485352 0.553711 1311187959.852163
0.591797 -0.466797 0.566406 1311187959.875156
0.589844 -0.472656 0.538086 1311187959.896143
0.613281 -0.494141 0.516602 1311187959.939155
0.579102 -0.470703 0.544922 1311187959.962156
0.556641 -0.463867 0.554688 1311187960.003139
0.587891 -0.426758 0.544922 1311187960.052186
0.603516 -0.478516 0.556641 1311187960.069168
0.582031 -0.474609 0.574219 1311187960.112191
0.569336 -0.477539 0.554688 1311187960.135139
0.619141 -0.453125 0.517578 1311187960.157152
0.582031 -0.474609 0.496094 1311187960.201162
0.583984 -0.503906 0.568359 1311187960.225162
0.618164 -0.492188 0.515625 1311187960.267157
0.583984 -0.460938 0.522461 1311187960.290149
0.605469 -0.468750 0.506836 1311187960.312144
0.580078 -0.718750 0.506836 1311187960.360156
0.580078 -0.468750 0.518555 1311187960.382144
0.569336 -0.439453 0.524414 1311187960.430163
0.589844 -0.462891 0.541016 1311187960.457157
0.609375 -0.429688 0.513672 1311187960.482153
0.589844 -0.472656 0.558594 1311187960.526150
0.589844 -0.472656 0.558594 1311187960.547159
0.585938 -0.470703 0.531250 1311187960.581160
0.618164 -0.442383 0.523438 1311187960.619153
0.588867 -0.506836 0.543945 1311187960.641177
0.577148 -0.457031 0.524414 1311187960.689164
0.591797 -0.486328 0.515625 1311187960.710171
0.583008 -0.459961 0.546875 1311187960.734152
0.589844 -0.492188 0.535156 1311187960.779159
0.595703 -0.460938 0.552734 1311187960.821172
0.583984 -0.517578 0.542969 1311187960.843161
0.575195 -0.456055 0.530273 1311187960.864175
0.609375 -0.495117 0.507812 1311187960.889188
0.609375 -0.495117 0.507812 1311187960.919159
0.593750 -0.450195 0.515625 1311187960.982163
0.589844 -0.455078 0.567383 1311187961.004164
0.561523 -0.427734 0.529297 1311187961.026180
0.618164 -0.459961 0.522461 1311187961.070180
0.626953 -0.484375 0.489258 1311187961.091178
0.577148 -0.435547 0.535156 1311187961.139170
0.570312 -0.470703 0.571289 1311187961.161175
0.547852 -0.430664 0.541992 1311187961.185177
0.562500 -0.470703 0.546875 1311187961.230175
0.584961 -0.424805 0.535156 1311187961.252177
0.604492 -0.493164 0.535156 1311187961.325159
0.601562 -0.458984 0.532227 1311187961.352174
0.593750 -0.502930 0.570312 1311187961.359170
0.605469 -0.426758 0.525391 1311187961.391190
0.619141 -0.471680 0.538086 1311187961.412183
0.595703 -0.462891 0.525391 1311187961.456175
0.593750 -0.471680 0.514648 1311187961.479189
0.613281 -0.444336 0.549805 1311187961.521180
0.623047 -0.461914 0.549805 1311187961.542188
0.580078 -0.459961 0.520508 1311187961.585181
0.589844 -0.480469 0.534180 1311187961.627181
0.580078 -0.458984 0.510742 1311187961.652192
0.617188 -0.471680 0.546875 1311187961.675182
0.577148 -0.470703 0.546875 1311187961.698186
0.616211 -0.464844 0.505859 1311187961.744197
0.604492 -0.431641 0.536133 1311187961.781203
0.636719 -0.479492 0.511719 1311187961.804186
0.586914 -0.475586 0.526367 1311187961.847191
0.607422 -0.484375 0.549805 1311187961.869189
0.612305 -0.465820 0.495117 1311187961.895201
0.610352 -0.456055 0.525391 1311187961.941181
0.575195 -0.468750 0.536133 1311187961.962183
0.588867 -0.473633 0.490234 1311187962.006191
0.593750 -0.488281 0.498047 1311187962.029177
0.583008 -0.507812 0.527344 1311187962.074196
0.592773 -0.443359 0.512695 1311187962.099202
0.579102 -0.468750 0.529297 1311187962.145187
0.575195 -0.479492 0.542969 1311187962.167201
0.588867 -0.465820 0.532227 1311187962.210195
0.595703 -0.470703 0.458008 1311187962.235169
0.589844 -0.488281 0.537109 1311187962.256185
0.562500 -0.488281 0.537109 1311187962.279183
0.605469 -0.458984 0.531250 1311187962.324178
0.600586 -0.468750 0.540039 1311187962.350204
0.627930 -0.467773 0.566406 1311187962.396189
0.572266 -0.437500 0.533203 1311187962.417197
0.624023 -0.477539 0.533203 1311187962.439196
0.600586 -0.477539 0.533203 1311187962.482197
0.579102 -0.461914 0.574219 1311187962.516188
0.596680 -0.502930 0.519531 1311187962.559217
0.604492 -0.484375 0.549805 1311187962.639202
0.612305 -0.484375 0.549805 1311187962.640191
0.599609 -0.472656 0.553711 1311187962.660196
0.622070 -0.466797 0.520508 1311187962.682199
0.612305 -0.473633 0.491211 1311187962.706190
0.581055 -0.464844 0.566406 1311187962.749204
0.587891 -0.464844 0.521484 1311187962.794200
0.636719 -0.466797 0.557617 1311187962.804211
0.629883 -0.456055 0.573242 1311187962.844207
0.591797 -0.473633 0.549805 1311187962.872208
0.600586 -0.461914 0.546875 1311187962.896204
0.603516 -0.481445 0.522461 1311187962.944206
0.577148 -0.478516 0.541016 1311187962.966192
0.625000 -0.459961 0.505859 1311187963.010193
0.585938 -0.478516 0.557617 1311187963.031217
0.596680 -0.451172 0.525391 1311187963.056228
0.593750 -0.467773 0.528320 1311187963.104212
0.579102 -0.486328 0.532227 1311187963.129213
0.610352 -0.488281 0.530273 1311187963.156206
0.612305 -0.469727 0.537109 1311187963.203213
0.565430 -0.489258 0.534180 1311187963.227196
0.533203 -0.425781 0.544922 1311187963.260216
0.557617 -0.467773 0.524414 1311187963.289202
0.591797 -0.483398 0.522461 1311187963.311200
0.605469 -0.468750 0.522461 1311187963.342214
0.602539 -0.439453 0.500977 1311187963.370228
0.592773 -0.426758 0.541992 1311187963.419214
0.603516 -0.480469 0.538086 1311187963.462208
0.583984 -0.483398 0.522461 1311187963.487207
0.601562 -0.516602 0.523438 1311187963.515237
0.603516 -0.479492 0.523438 1311187963.539213
0.579102 -0.483398 0.530273 1311187963.581233
0.607422 -0.481445 0.551758 1311187963.624227
0.583008 -0.488281 0.510742 1311187963.634215
0.562500 -0.446289 0.536133 1311187963.679201
0.609375 -0.467773 0.522461 1311187963.701239
0.609375 -0.467773 0.522461 1311187963.724231
0.594727 -0.504883 0.516602 1311187963.795236
0.578125 -0.429688 0.507812 1311187963.796214
0.567383 -0.487305 0.489258 1311187963.827234
0.625977 -0.497070 0.529297 1311187963.930229
0.603516 -0.488281 0.516602 1311187963.931217
0.610352 -0.465820 0.527344 1311187963.932215
0.592773 -0.486328 0.492188 1311187963.976209
0.576172 -0.464844 0.508789 1311187963.997219
0.602539 -0.462891 0.562500 1311187964.045225
0.583008 -0.459961 0.522461 1311187964.067239
0.620117 -0.489258 0.506836 1311187964.089224
0.582031 -0.494141 0.577148 1311187964.134228
0.613281 -0.509766 0.543945 1311187964.156248
0.606445 -0.460938 0.541016 1311187964.186219
0.607422 -0.451172 0.555664 1311187964.230217
0.600586 -0.463867 0.520508 1311187964.251222
0.598633 -0.474609 0.512695 1311187964.295226
0.601562 -0.497070 0.508789 1311187964.317238
0.557617 -0.478516 0.529297 1311187964.361232
0.566406 -0.473633 0.553711 1311187964.386241
0.609375 -0.478516 0.505859 1311187964.409240
0.591797 -0.464844 0.541992 1311187964.445224
0.605469 -0.464844 0.541992 1311187964.469237
0.577148 -0.461914 0.541016 1311187964.512241
0.582031 -0.447266 0.522461 1311187964.544237
0.619141 -0.448242 0.522461 1311187964.590249
0.576172 -0.485352 0.577148 1311187964.612217
0.599609 -0.468750 0.535156 1311187964.635224
0.570312 -0.468750 0.535156 1311187964.659257
0.593750 -0.498047 0.513672 1311187964.707227
0.567383 -0.502930 0.554688 1311187964.751235
0.582031 -0.473633 0.556641 1311187964.774240
0.612305 -0.471680 0.519531 1311187964.799247
0.626953 -0.486328 0.549805 1311187964.824239
0.588867 -0.429688 0.549805 1311187964.867228
0.588867 -0.429688 0.549805 1311187964.890244
0.597656 -0.477539 0.554688 1311187964.942511
0.565430 -0.468750 0.561523 1311187964.968251
0.570312 -0.478516 0.531250 1311187964.990249
0.613281 -0.452148 0.513672 1311187965.036252
0.566406 -0.495117 0.554688 1311187965.061266
0.583008 -0.472656 0.539062 1311187965.107273
0.617188 -0.489258 0.513672 1311187965.131247
0.584961 -0.484375 0.528320 1311187965.211239
0.596680 -0.521484 0.564453 1311187965.234239
0.576172 -0.464844 0.522461 1311187965.235226
0.563477 -0.461914 0.532227 1311187965.267248
0.582031 -0.517578 0.543945 1311187965.290249
0.544922 -0.462891 0.520508 1311187965.315258
0.546875 -0.466797 0.518555 1311187965.344268
0.582031 -0.474609 0.560547 1311187965.392252
0.584961 -0.500977 0.560547 1311187965.407243
0.624023 -0.482422 0.544922 1311187965.450249
0.623047 -0.500000 0.506836 1311187965.496254
0.584961 -0.463867 0.555664 1311187965.521296
0.561523 -0.462891 0.559570 1311187965.544265
0.582031 -0.468750 0.512695 1311187965.586238
0.614258 -0.478516 0.512695 1311187965.609244
0.583008 -0.493164 0.560547 1311187965.641253
0.589844 -0.462891 0.523438 1311187965.672262
0.609375 -0.455078 0.540039 1311187965.697261
0.599609 -0.489258 0.526367 1311187965.745265
0.594727 -0.484375 0.549805 1311187965.766262
0.594727 -0.484375 0.549805 1311187965.787255
0.583008 -0.496094 0.526367 1311187965.845268
0.602539 -0.505859 0.557617 1311187965.866268
0.596680 -0.471680 0.497070 1311187965.909265
0.582031 -0.460938 0.568359 1311187965.931252
0.603516 -0.461914 0.534180 1311187965.955277
0.584961 -0.501953 0.549805 1311187965.988278
0.561523 -0.468750 0.536133 1311187966.034267
0.588867 -0.474609 0.536133 1311187966.076293
0.566406 -0.439453 0.524414 1311187966.099246
0.615234 -0.478516 0.556641 1311187966.121258
0.596680 -0.421875 0.540039 1311187966.142265
0.598633 -0.449219 0.518555 1311187966.189262
0.568359 -0.455078 0.561523 1311187966.214294
0.596680 -0.421875 0.524414 1311187966.260277
0.634766 -0.454102 0.570312 1311187966.286282
0.558594 -0.458984 0.527344 1311187966.330277
0.608398 -0.497070 0.520508 1311187966.355279
0.552734 -0.463867 0.557617 1311187966.376275
0.628906 -0.469727 0.504883 1311187966.421252
0.581055 -0.459961 0.545898 1311187966.474271
0.611328 -0.469727 0.562500 1311187966.501270
0.607422 -0.488281 0.557617 1311187966.515272
0.623047 -0.488281 0.557617 1311187966.537280
0.570312 -0.484375 0.505859 1311187966.585270
0.602539 -0.472656 0.506836 1311187966.601269
0.572266 -0.463867 0.511719 1311187966.636278
0.578125 -0.439453 0.549805 1311187966.681286
0.609375 -0.478516 0.506836 1311187966.718276
0.582031 -0.482422 0.506836 1311187966.719270
0.593750 -0.416016 0.527344 1311187966.789273
0.616211 -0.473633 0.515625 1311187966.810275
0.601562 -0.458984 0.518555 1311187966.832287
0.597656 -0.461914 0.500977 1311187966.855265
0.568359 -0.500000 0.557617 1311187966.897275
0.608398 -0.460938 0.489258 1311187966.940289
0.602539 -0.483398 0.528320 1311187966.962281
0.584961 -0.483398 0.525391 1311187966.991296
0.562500 -0.466797 0.531250 1311187967.034286
0.589844 -0.465820 0.546875 1311187967.056280
0.596680 -0.468750 0.536133 1311187967.080283
0.599609 -0.468750 0.536133 1311187967.125270
0.600586 -0.479492 0.541016 1311187967.174286
0.641602 -0.497070 0.530273 1311187967.194287
0.577148 -0.472656 0.521484 1311187967.239289
0.584961 -0.497070 0.493164 1311187967.261293
0.592773 -0.472656 0.534180 1311187967.284290
0.581055 -0.485352 0.506836 1311187967.305293
0.603516 -0.494141 0.522461 1311187967.355286
0.621094 -0.480469 0.539062 1311187967.399307
0.575195 -0.458984 0.534180 1311187967.421298
0.616211 -0.475586 0.527344 1311187967.444297
0.587891 -0.467773 0.527344 1311187967.467296
0.583008 -0.474609 0.531250 1311187967.514284
0.596680 -0.470703 0.555664 1311187967.535321
0.588867 -0.478516 0.541992 1311187967.577323
0.600586 -0.481445 0.531250 1311187967.602300
0.582031 -0.463867 0.515625 1311187967.634301
0.618164 -0.480469 0.524414 1311187967.680302
0.595703 -0.502930 0.538086 1311187967.702305
0.600586 -0.498047 0.561523 1311187967.745279
0.592773 -0.478516 0.528320 1311187967.782294
0.598633 -0.474609 0.522461 1311187967.804287
0.580078 -0.523438 0.545898 1311187967.849315
0.580078 -0.523438 0.545898 1311187967.850288
0.603516 -0.471680 0.525391 1311187967.914298
0.583984 -0.458984 0.526367 1311187967.935304
0.601562 -0.486328 0.521484 1311187967.957298
0.571289 -0.468750 0.530273 1311187968.000308
0.598633 -0.468750 0.522461 1311187968.021303
0.553711 -0.459961 0.535156 1311187968.066297
0.581055 -0.475586 0.500977 1311187968.089324
0.592773 -0.470703 0.513672 1311187968.139293
0.608398 -0.509766 0.547852 1311187968.162329
0.576172 -0.486328 0.542969 1311187968.184318
0.587891 -0.477539 0.557617 1311187968.207324
0.582031 -0.462891 0.550781 1311187968.250314
0.582031 -0.462891 0.550781 1311187968.275317
0.578125 -0.460938 0.547852 1311187968.317311
0.586914 -0.477539 0.576172 1311187968.349322
0.586914 -0.466797 0.510742 1311187968.371312
0.595703 -0.467773 0.545898 1311187968.414308
0.610352 -0.456055 0.517578 1311187968.457298
0.592773 -0.461914 0.507812 1311187968.481313
0.588867 -0.471680 0.533203 1311187968.504313
0.589844 -0.500977 0.533203 1311187968.551321
0.564453 -0.531250 0.541016 1311187968.574335
0.597656 -0.482422 0.541016 1311187968.618319
0.583008 -0.429688 0.529297 1311187968.640315
0.589844 -0.499023 0.547852 1311187968.664331
0.580078 -0.518555 0.549805 1311187968.699308
0.623047 -0.507812 0.510742 1311187968.727310
