0.484375 0.026367 0.644531 1309562577.994525
0.478516 0.000000 0.677734 1309562578.069526
0.528320 -0.039062 0.645508 1309562578.070497
0.490234 0.014648 0.664062 1309562578.085536
0.532227 0.024414 0.680664 1309562578.109551
0.545898 0.016602 0.680664 1309562578.134523
0.541016 0.002930 0.620117 1309562578.180551
0.471680 0.027344 0.690430 1309562578.204539
0.703125 0.010742 0.624023 1309562578.228533
0.755859 0.087891 0.712891 1309562578.271522
0.826172 0.262695 0.718750 1309562578.295541
0.076172 0.262695 0.718750 1309562578.338757
0.504883 0.097656 0.534180 1309562578.404540
0.311523 -0.422852 0.785156 1309562578.408548
0.736328 -0.117188 0.655273 1309562578.448531
0.517578 -0.222656 0.773438 1309562578.456555
0.664062 0.101562 0.622070 1309562578.499520
0.664062 0.101562 0.622070 1309562578.521531
0.549805 0.036133 0.683594 1309562578.566498
0.509766 0.130859 0.639648 1309562578.589539
0.522461 0.166992 0.626953 1309562578.631526
0.448242 0.133789 0.708984 1309562578.658539
0.314453 0.259766 0.920898 1309562578.679516
0.562500 0.332031 1.241211 1309562578.728550
0.305664 0.217773 0.993164 1309562578.768500
1.843750 0.902344 1.541992 1309562578.793504
1.791992 0.871094 -0.060547 1309562578.815503
-0.733398 -1.999023 0.119141 1309562578.858498
-1.048828 -0.626953 0.138672 1309562578.880500
-0.422852 0.334961 0.218750 1309562578.903518
-0.238281 0.871094 0.424805 1309562578.956507
0.972656 -0.030273 -0.367188 1309562578.979530
0.737305 -1.166992 -1.174805 1309562579.003504
0.612305 -0.746094 -0.885742 1309562579.046506
0.932617 0.271484 0.254883 1309562579.068502
-1.999023 -0.342773 1.993164 1309562579.115533
1.999023 -0.564453 -0.456055 1309562579.138512
0.036133 1.206055 1.353516 1309562579.181510
0.819336 0.254883 0.182617 1309562579.204546
0.661133 -0.509766 0.319336 1309562579.246531
-0.024414 1.212891 1.289062 1309562579.269552
0.541992 -0.311523 0.577148 1309562579.358405
0.597656 0.492188 0.608398 1309562579.359513
0.493164 0.152344 0.806641 1309562579.376530
0.523438 0.214844 0.964844 1309562579.399565
0.405273 0.448242 1.135742 1309562579.423565
0.748047 0.354492 1.385742 1309562579.467585
1.997070 -0.737305 0.122070 1309562579.496544
1.997070 -0.847656 -0.482422 1309562579.548581
-0.979492 -1.344727 -0.928711 1309562579.570572
0.163086 -1.154297 -0.180664 1309562579.591566
0.064453 0.226562 -0.250977 1309562579.613573
0.582031 -0.132812 0.045898 1309562579.656585
0.308594 0.139648 -0.399414 1309562579.680561
0.038086 -0.365234 -0.613281 1309562579.718694
0.957031 -0.434570 -0.571289 1309562579.761581
0.862305 0.563477 -0.357422 1309562579.783574
1.417969 -1.999023 -0.252930 1309562579.806579
1.225586 -1.999023 -0.252930 1309562579.849574
0.298828 1.999023 1.806641 1309562579.895590
0.999023 0.681641 0.199219 1309562579.913583
0.696289 -0.028320 0.474609 1309562579.938548
0.501953 -0.189453 0.599609 1309562579.985582
0.569336 0.191406 0.599609 1309562580.007589
0.474609 0.185547 0.773438 1309562580.049625
0.563477 0.240234 0.696289 1309562580.093578
0.586914 0.359375 0.805664 1309562580.123568
0.688477 0.450195 1.361328 1309562580.163606
0.592773 0.416016 1.794922 1309562580.164572
1.998047 -2.000000 -1.970703 1309562580.201583
0.964844 0.300781 -1.977539 1309562580.245580
-1.259766 -1.999023 -0.419922 1309562580.268580
0.603516 0.200195 -0.416992 1309562580.313591
-0.400391 0.819336 0.605469 1309562580.336585
-1.102539 0.566406 0.367188 1309562580.379582
-0.102539 0.566406 0.367188 1309562580.401599
0.505859 0.893555 -0.109375 1309562580.446586
0.586914 -0.449219 -1.324219 1309562580.469586
1.337891 -1.999023 -0.834961 1309562580.494584
1.996094 0.614258 1.989258 1309562580.529587
-1.999023 -0.654297 -0.952148 1309562580.551568
-1.999023 -0.654297 -0.952148 1309562580.574591
0.544922 -0.292969 0.649414 1309562580.654271
1.001953 0.259766 0.375977 1309562580.654590
0.548828 0.375000 0.660156 1309562580.675592
0.483398 0.458008 0.709961 1309562580.714590
0.374023 0.337891 0.859375 1309562580.757600
0.662109 0.767578 0.838867 1309562580.801586
0.577148 0.435547 1.265625 1309562580.823591
1.561523 1.011719 1.986328 1309562580.846477
1.999023 -2.000000 -1.972656 1309562580.888592
-0.588867 -1.999023 -1.498047 1309562580.910594
0.391602 -0.907227 -0.466797 1309562580.933614
0.184570 0.447266 -0.000977 1309562580.976596
-0.126953 0.257812 0.176758 1309562581.021599
-0.596680 0.416016 0.445312 1309562581.044597
-0.248047 0.429688 0.270508 1309562581.069596
-0.008789 0.014648 0.137695 1309562581.113610
0.741211 -1.048828 -0.188477 1309562581.134599
0.454102 0.201172 -0.188477 1309562581.156582
0.704102 0.201172 -0.188477 1309562581.201602
0.485352 1.999023 1.980469 1309562581.248605
1.999023 0.314453 1.989258 1309562581.270681
1.992188 1.998047 1.497070 1309562581.293594
1.112305 1.998047 1.497070 1309562581.335604
0.490234 -0.110352 0.726562 1309562581.371606
0.542969 0.375000 0.605469 1309562581.393594
0.379883 0.352539 0.853516 1309562581.438603
0.500977 0.153320 0.925781 1309562581.459603
0.631836 0.904297 0.985352 1309562581.481613
0.625000 0.402344 1.150391 1309562581.534601
1.999023 1.176758 1.901367 1309562581.556609
0.749023 1.176758 1.901367 1309562581.599607
-1.239258 -1.999023 -1.197266 1309562581.625616
0.450195 -0.564453 -0.393555 1309562581.648610
0.249023 -0.172852 0.220703 1309562581.671607
0.020508 0.290039 -0.305664 1309562581.720617
-0.182617 0.463867 0.210938 1309562581.764612
-0.083984 0.393555 0.358398 1309562581.785597
0.159180 -0.198242 0.487305 1309562581.806610
0.177734 -0.065430 -0.255859 1309562581.849593
-1.129883 0.439453 -1.287109 1309562581.870621
1.073242 -0.200195 -0.736328 1309562581.936613
1.999023 -2.000000 -1.999023 1309562581.937612
-1.999023 -1.999023 -1.990234 1309562581.979610
-1.999023 -1.999023 -1.999023 1309562582.022632
-1.751953 -0.722656 0.406250 1309562582.046610
-0.114258 0.248047 1.156250 1309562582.067638
0.761719 0.245117 0.172852 1309562582.109590
0.606445 -0.212891 0.428711 1309562582.130618
0.580078 0.044922 0.709961 1309562582.175617
0.621094 0.523438 0.611328 1309562582.217624
0.550781 0.023438 0.577148 1309562582.240620
0.489258 -0.133789 0.613281 1309562582.264633
0.489258 -0.133789 0.613281 1309562582.305618
0.560547 0.185547 0.613281 1309562582.329605
0.472656 0.072266 0.699219 1309562582.371625
0.509766 0.108398 0.623047 1309562582.394619
0.609375 0.048828 0.574219 1309562582.416632
0.609375 0.048828 0.574219 1309562582.461626
0.616211 0.012695 0.542969 1309562582.491631
0.573242 -0.018555 0.562500 1309562582.515631
0.563477 -0.070312 0.643555 1309562582.561632
0.538086 0.320312 0.634766 1309562582.582623
0.417969 0.135742 0.699219 1309562582.625618
0.417969 0.135742 0.699219 1309562582.649631
0.436523 0.081055 0.643555 1309562582.680638
0.431641 -0.050781 0.640625 1309562582.732636
0.527344 0.009766 0.641602 1309562582.754627
0.558594 0.028320 0.635742 1309562582.776630
0.552734 0.086914 0.596680 1309562582.800633
0.587891 0.078125 0.595703 1309562582.841637
0.546875 0.095703 0.636719 1309562582.886650
0.523438 0.089844 0.612305 1309562582.912627
