0.408203 -0.012695 0.666016 1310159352.040346
0.454102 -0.012695 0.666016 1310159352.064342
0.462891 -0.015625 0.650391 1310159352.110350
0.480469 -0.020508 0.666992 1310159352.131345
0.487305 -0.048828 0.674805 1310159352.154350
0.438477 -0.058594 0.652344 1310159352.198350
0.424805 -0.058594 0.684570 1310159352.220360
0.424805 -0.058594 0.684570 1310159352.244354
0.433594 -0.269531 0.820312 1310159352.291352
0.360352 -0.189453 0.980469 1310159352.328353
0.506836 -0.185547 0.448242 1310159352.359353
0.464844 0.004883 0.391602 1310159352.379354
1.071289 0.037109 0.083984 1310159352.421363
0.823242 -0.291016 0.511719 1310159352.467360
0.551758 0.180664 0.885742 1310159352.495359
0.405273 0.297852 0.980469 1310159352.523341
0.437500 0.375977 0.877930 1310159352.545363
0.959961 0.577148 0.705078 1310159352.569365
1.129883 0.000000 0.862305 1310159352.602373
1.999023 1.750000 0.862305 1310159352.648379
0.299805 -1.998047 -0.329102 1310159352.671361
-0.587891 -1.557617 -0.493164 1310159352.714365
1.102539 -0.553711 0.197266 1310159352.735348
-0.639648 -0.041992 -0.797852 1310159352.779353
1.794922 -1.443359 -0.541992 1310159352.812390
0.432617 -1.999023 -1.728516 1310159352.849359
1.999023 -1.527344 -1.278320 1310159352.874376
-1.788086 -0.169922 1.600586 1310159352.896351
-0.062500 1.156250 0.954102 1310159352.940366
0.683594 -0.115234 0.717773 1310159352.963381
0.543945 0.222656 0.919922 1310159352.985389
0.311523 0.529297 1.090820 1310159353.048381
0.433594 0.220703 1.178711 1310159353.070387
1.311523 -1.761719 0.832031 1310159353.114372
1.999023 -1.999023 -1.999023 1310159353.135352
1.344727 -0.093750 -1.217773 1310159353.156387
0.094727 -0.093750 -1.217773 1310159353.179366
-0.141602 0.427734 -1.217773 1310159353.223373
-0.247070 1.222656 0.454102 1310159353.269365
0.791992 0.792969 -0.157227 1310159353.291372
1.207031 0.477539 -1.256836 1310159353.316375
0.952148 -1.108398 1.075195 1310159353.359373
1.028320 -0.835938 1.449219 1310159353.381378
1.310547 -0.115234 0.521484 1310159353.425377
0.703125 0.003906 0.818359 1310159353.468354
0.732422 0.128906 0.407227 1310159353.490386
0.650391 0.121094 0.673828 1310159353.513374
0.440430 0.246094 1.161133 1310159353.535379
0.440430 0.246094 1.161133 1310159353.584384
1.513672 1.416016 0.914062 1310159353.628381
1.999023 0.074219 0.470703 1310159353.650379
0.130859 0.324219 -0.214844 1310159353.693382
0.326172 -1.199219 -1.029297 1310159353.715384
0.708984 -0.294922 -0.541992 1310159353.738391
0.713867 -0.791992 -0.541992 1310159353.762373
0.298828 -0.862305 -0.901367 1310159353.815381
0.299805 -1.985352 0.178711 1310159353.836386
0.888672 0.066406 1.325195 1310159353.861426
-1.999023 -1.999023 -0.520508 1310159353.905398
1.999023 1.236328 -0.520508 1310159353.928388
0.735352 0.745117 0.745117 1310159353.970388
0.662109 -0.088867 0.609375 1310159354.015387
0.347656 0.370117 1.163086 1310159354.050385
0.413086 0.122070 1.079102 1310159354.055386
0.436523 0.146484 1.243164 1310159354.151404
1.537109 -1.944336 0.901367 1310159354.153426
1.999023 -1.999023 -1.967773 1310159354.174386
0.915039 -0.184570 -1.257812 1310159354.195391
0.713867 -0.350586 0.158203 1310159354.224388
-0.328125 0.554688 0.385742 1310159354.266395
0.014648 0.624023 0.946289 1310159354.288391
0.014648 0.624023 0.946289 1310159354.309398
0.942383 0.851562 -0.724609 1310159354.351393
0.798828 -0.549805 -1.143555 1310159354.396396
1.271484 1.996094 1.285156 1310159354.419460
1.999023 -1.205078 1.478516 1310159354.441411
-0.016602 -0.791016 1.125000 1310159354.488400
0.738281 -0.156250 0.416992 1310159354.509401
0.406250 0.549805 0.915039 1310159354.554399
0.452148 0.126953 1.037109 1310159354.599398
0.630859 0.250000 0.885742 1310159354.600394
1.002930 0.678711 0.798828 1310159354.644404
1.998047 0.023438 0.297852 1310159354.662379
1.999023 1.132812 -0.022461 1310159354.709424
0.057617 -0.727539 0.006836 1310159354.751403
-0.744141 -0.629883 0.127930 1310159354.774415
0.713867 -0.539062 -0.237305 1310159354.799402
0.672852 -1.202148 -0.727539 1310159354.836420
0.085938 -0.668945 -1.494141 1310159354.859402
1.486328 -1.942383 -1.011719 1310159354.904439
1.999023 -0.262695 -1.970703 1310159354.946405
-0.360352 1.599609 1.978516 1310159354.968398
0.299805 0.988281 1.486328 1310159355.011402
0.756836 -0.049805 0.480469 1310159355.036408
0.743164 -0.049805 0.480469 1310159355.058405
0.467773 -0.048828 0.480469 1310159355.082407
0.249023 0.451172 0.480469 1310159355.124409
0.253906 0.117188 1.261719 1310159355.170385
0.586914 -0.431641 0.990234 1310159355.193494
1.582031 -1.703125 0.768555 1310159355.235526
1.999023 -1.703125 0.768555 1310159355.258415
1.170898 1.735352 -0.639648 1310159355.281431
0.062500 -0.422852 0.114258 1310159355.326386
0.162109 0.352539 0.886719 1310159355.349434
-0.404297 1.258789 0.241211 1310159355.423416
0.480469 0.929688 0.131836 1310159355.449480
-0.106445 -0.138672 -0.449219 1310159355.451400
1.999023 1.996094 1.991211 1310159355.494414
-1.999023 -0.792969 -0.763672 1310159355.515410
1.178711 -1.294922 0.847656 1310159355.538417
1.394531 0.729492 1.020508 1310159355.581434
0.432617 1.148438 1.122070 1310159355.606417
0.863281 -0.596680 0.728516 1310159355.651420
0.476562 0.419922 0.861328 1310159355.678436
0.842773 0.445312 0.773438 1310159355.707418
1.425781 0.869141 0.625977 1310159355.729419
1.999023 1.999023 0.339844 1310159355.766423
-0.024414 -0.541992 -0.365234 1310159355.789425
-0.871094 -0.753906 -0.827148 1310159355.834428
0.605469 -0.383789 0.182617 1310159355.858426
0.838867 -0.566406 -0.144531 1310159355.901428
0.074219 -0.848633 -1.033203 1310159355.925422
0.412109 -1.265625 -0.164062 1310159355.973426
-0.053711 -1.586914 0.177734 1310159355.995421
1.999023 1.999023 1.990234 1310159356.018423
-1.999023 -1.999023 0.990234 1310159356.061454
0.250977 -1.999023 0.990234 1310159356.083426
0.513672 -0.077148 0.946289 1310159356.125433
0.351562 0.494141 0.711914 1310159356.170453
0.376953 0.330078 1.062500 1310159356.191384
0.383789 -0.097656 1.149414 1310159356.213476
0.351562 0.038086 1.159180 1310159356.266421
0.756836 -0.884766 0.909180 1310159356.289432
1.999023 -1.944336 -1.656250 1310159356.311429
0.483398 -1.066406 -1.020508 1310159356.354454
1.483398 -1.066406 -1.020508 1310159356.375395
0.331055 0.072266 0.157227 1310159356.408431
-0.406250 0.231445 0.690430 1310159356.450443
0.387695 1.290039 0.340820 1310159356.474396
0.534180 0.245117 -0.294922 1310159356.518385
0.019531 0.767578 -0.800781 1310159356.540385
1.999023 1.478516 -0.355469 1310159356.583405
-1.999023 -0.336914 -1.205078 1310159356.626441
0.835938 -0.202148 0.793945 1310159356.651427
1.741211 -0.208984 0.438477 1310159356.731406
0.654297 0.385742 0.955078 1310159356.733391
0.558594 0.070312 0.842773 1310159356.753405
0.525391 -0.190430 1.015625 1310159356.770455
0.632812 0.452148 1.150391 1310159356.815399
1.048828 1.718750 1.346680 1310159356.838443
1.999023 -1.183594 0.268555 1310159356.880437
0.774414 1.138672 0.228516 1310159356.903402
-0.304688 -1.718750 -0.000977 1310159356.928419
-0.166992 0.032227 -0.450195 1310159356.974391
1.208984 -0.973633 -0.003906 1310159356.996407
0.186523 -1.421875 -0.984375 1310159357.039481
0.089844 -0.373047 -0.940430 1310159357.060421
1.223633 -1.999023 -0.351562 1310159357.106444
1.985352 0.000977 -0.351562 1310159357.108438
-2.000000 -1.966797 1.772461 1310159357.169444
1.999023 1.998047 1.233398 1310159357.195447
1.057617 0.065430 1.352539 1310159357.220517
0.778320 0.603516 0.500000 1310159357.244449
0.642578 0.167969 0.609375 1310159357.289434
0.386719 -0.491211 1.074219 1310159357.313414
0.465820 0.099609 0.878906 1310159357.355448
0.282227 0.003906 1.185547 1310159357.378459
0.555664 -0.510742 1.229492 1310159357.420404
1.930664 -1.899414 0.749023 1310159357.464463
1.493164 -1.999023 0.055664 1310159357.485463
0.707031 0.394531 -1.054688 1310159357.508457
-0.008789 -0.207031 -0.052734 1310159357.541407
-0.159180 -0.121094 0.495117 1310159357.585475
0.231445 0.695312 0.722656 1310159357.608497
0.571289 1.670898 0.247070 1310159357.651425
0.040039 0.491211 -0.627930 1310159357.674459
0.225586 0.269531 -0.250977 1310159357.703459
-0.385742 0.114258 1.998047 1310159357.746653
1.991211 -1.999023 1.998047 1310159357.768433
-1.993164 -1.381836 1.240234 1310159357.796466
-0.207031 0.355469 0.701172 1310159357.838419
0.833008 -0.026367 0.285156 1310159357.859467
0.784180 -0.437500 0.500977 1310159357.904464
0.638672 -0.255859 0.681641 1310159357.925463
0.643555 0.037109 0.709961 1310159357.998468
0.755859 -0.178711 0.437500 1310159358.022469
0.696289 -0.429688 0.407227 1310159358.043463
0.558594 -0.286133 0.407227 1310159358.044446
0.651367 -0.587891 0.443359 1310159358.089470
0.173828 -0.944336 0.693359 1310159358.134464
0.456055 -0.048828 0.788086 1310159358.155462
0.495117 -0.352539 0.619141 1310159358.179465
0.469727 -0.391602 0.599609 1310159358.210468
0.492188 -0.021484 0.599609 1310159358.253468
0.468750 -0.023438 0.692383 1310159358.278451
0.532227 -0.108398 0.607422 1310159358.324471
0.474609 -0.100586 0.698242 1310159358.346481
0.502930 -0.137695 0.664062 1310159358.389471
0.486328 -0.115234 0.657227 1310159358.410488
0.486328 -0.115234 0.657227 1310159358.434477
0.458984 -0.041016 0.692383 1310159358.480469
0.462891 -0.123047 0.674805 1310159358.523475
0.469727 -0.113281 0.672852 1310159358.545479
0.441406 -0.052734 0.679688 1310159358.567484
0.489258 -0.038086 0.657227 1310159358.611480
0.459961 -0.054688 0.731445 1310159358.651475
