0.523438 -0.315430 0.658203 1309980680.180729
0.522461 -0.314453 0.650391 1309980680.207718
0.483398 -0.308594 0.633789 1309980680.236714
0.508789 -0.316406 0.639648 1309980680.281718
0.481445 -0.299805 0.625000 1309980680.304717
0.510742 -0.294922 0.656250 1309980680.325724
0.500977 -0.304688 0.638672 1309980680.371716
0.509766 -0.310547 0.647461 1309980680.401720
0.496094 -0.302734 0.598633 1309980680.436723
0.520508 -0.349609 0.629883 1309980680.460715
0.488281 -0.293945 0.643555 1309980680.506746
0.505859 -0.304688 0.627930 1309980680.542712
0.534180 -0.317383 0.630859 1309980680.565737
0.484375 -0.325195 0.670898 1309980680.609727
0.502930 -0.322266 0.667969 1309980680.631727
0.515625 -0.289062 0.613281 1309980680.655725
0.500977 -0.329102 0.613281 1309980680.703731
0.502930 -0.316406 0.652344 1309980680.741726
0.482422 -0.298828 0.655273 1309980680.762721
0.499023 -0.297852 0.627930 1309980680.785735
0.502930 -0.322266 0.645508 1309980680.827724
0.486328 -0.289062 0.659180 1309980680.850729
0.500000 -0.312500 0.629883 1309980680.872732
0.511719 -0.293945 0.653320 1309980680.917742
0.499023 -0.314453 0.653320 1309980680.940728
0.525391 -0.301758 0.637695 1309980680.985742
0.531250 -0.325195 0.634766 1309980681.007731
0.497070 -0.300781 0.635742 1309980681.051738
0.747070 -0.300781 0.635742 1309980681.072732
0.490234 -0.333984 0.653320 1309980681.117739
0.533203 -0.298828 0.655273 1309980681.140743
0.506836 -0.322266 0.625000 1309980681.184731
0.519531 -0.255859 0.635742 1309980681.229760
0.490234 -0.318359 0.632812 1309980681.252737
0.487305 -0.291016 0.632812 1309980681.254797
0.526367 -0.314453 0.660156 1309980681.311745
0.500977 -0.279297 0.634766 1309980681.342739
0.544922 -0.297852 0.625977 1309980681.365738
0.509766 -0.305664 0.616211 1309980681.409736
0.521484 -0.314453 0.636719 1309980681.430738
0.503906 -0.313477 0.613281 1309980681.474743
0.511719 -0.310547 0.633789 1309980681.496745
0.478516 -0.302734 0.666992 1309980681.537743
0.488281 -0.330078 0.645508 1309980681.560744
0.500977 -0.313477 0.630859 1309980681.605742
0.525391 -0.345703 0.645508 1309980681.623724
0.485352 -0.345703 0.645508 1309980681.647743
0.535156 -0.326172 0.643555 1309980681.707744
0.480469 -0.318359 0.644531 1309980681.722747
0.537109 -0.318359 0.656250 1309980681.770745
0.500000 -0.325195 0.687500 1309980681.776753
0.473633 -0.297852 0.641602 1309980681.819749
0.515625 -0.289062 0.659180 1309980681.843751
0.493164 -0.287109 0.624023 1309980681.881746
0.518555 -0.316406 0.625000 1309980681.925751
0.528320 -0.283203 0.592773 1309980681.947750
0.499023 -0.312500 0.621094 1309980682.022758
0.545898 -0.307617 0.621094 1309980682.024763
0.548828 -0.338867 0.624023 1309980682.045751
0.527344 -0.298828 0.622070 1309980682.080756
0.518555 -0.311523 0.664062 1309980682.124752
0.492188 -0.316406 0.616211 1309980682.145750
0.508789 -0.284180 0.629883 1309980682.166756
0.508789 -0.284180 0.629883 1309980682.191766
0.513672 -0.300781 0.648438 1309980682.235731
0.512695 -0.345703 0.657227 1309980682.277756
0.503906 -0.282227 0.647461 1309980682.301758
0.521484 -0.310547 0.604492 1309980682.345756
0.502930 -0.282227 0.649414 1309980682.366756
0.480469 -0.282227 0.649414 1309980682.389758
0.471680 -0.292969 0.640625 1309980682.432743
0.514648 -0.329102 0.635742 1309980682.467755
0.497070 -0.316406 0.635742 1309980682.501767
0.480469 -0.296875 0.644531 1309980682.522760
0.497070 -0.294922 0.629883 1309980682.546739
0.510742 -0.343750 0.659180 1309980682.616766
0.500977 -0.304688 0.654297 1309980682.626761
0.487305 -0.310547 0.651367 1309980682.670759
0.524414 -0.304688 0.626953 1309980682.691761
0.488281 -0.329102 0.644531 1309980682.715766
0.510742 -0.334961 0.644531 1309980682.758750
0.509766 -0.323242 0.651367 1309980682.795731
0.493164 -0.310547 0.655273 1309980682.842773
0.518555 -0.328125 0.641602 1309980682.867765
0.504883 -0.297852 0.603516 1309980682.891751
0.458008 -0.300781 0.646484 1309980682.914769
0.482422 -0.311523 0.664062 1309980682.936748
0.466797 -0.311523 0.664062 1309980682.967778
0.466797 -0.311523 0.664062 1309980683.016772
0.504883 -0.286133 0.638672 1309980683.051771
0.508789 -0.304688 0.632812 1309980683.074737
0.506836 -0.276367 0.666992 1309980683.119766
0.471680 -0.298828 0.646484 1309980683.141773
0.477539 -0.283203 0.643555 1309980683.187786
0.525391 -0.322266 0.612305 1309980683.205778
0.511719 -0.324219 0.643555 1309980683.261781
0.517578 -0.296875 0.638672 1309980683.262771
0.502930 -0.317383 0.639648 1309980683.335780
0.472656 -0.305664 0.639648 1309980683.337777
0.497070 -0.296875 0.647461 1309980683.370756
0.500977 -0.297852 0.638672 1309980683.414783
0.515625 -0.313477 0.653320 1309980683.435777
0.485352 -0.284180 0.634766 1309980683.457788
0.487305 -0.275391 0.625000 1309980683.480786
0.516602 -0.316406 0.606445 1309980683.526788
0.499023 -0.327148 0.650391 1309980683.557784
0.479492 -0.314453 0.644531 1309980683.594781
0.503906 -0.333984 0.592773 1309980683.637783
0.517578 -0.310547 0.612305 1309980683.660781
0.502930 -0.314453 0.716797 1309980683.685788
0.515625 -0.312500 0.628906 1309980683.714759
0.541992 -0.333008 0.632812 1309980683.757780
0.490234 -0.287109 0.612305 1309980683.780788
0.512695 -0.318359 0.647461 1309980683.824786
0.501953 -0.335938 0.641602 1309980683.859785
0.522461 -0.305664 0.635742 1309980683.880786
0.505859 -0.299805 0.650391 1309980683.903796
0.511719 -0.292969 0.612305 1309980683.947787
0.510742 -0.304688 0.628906 1309980683.992792
0.499023 -0.272461 0.627930 1309980684.016770
0.499023 -0.314453 0.649414 1309980684.039790
0.522461 -0.277344 0.649414 1309980684.060796
0.492188 -0.300781 0.648438 1309980684.125791
0.417969 -0.301758 0.647461 1309980684.146794
0.501953 -0.314453 0.597656 1309980684.169787
0.502930 -0.312500 0.629883 1309980684.214796
0.544922 -0.303711 0.627930 1309980684.235794
0.544922 -0.303711 0.627930 1309980684.256769
0.496094 -0.313477 0.637695 1309980684.300793
0.491211 -0.312500 0.632812 1309980684.346795
0.517578 -0.350586 0.640625 1309980684.367794
0.536133 -0.317383 0.604492 1309980684.391818
0.520508 -0.309570 0.600586 1309980684.422800
0.497070 -0.326172 0.676758 1309980684.467802
0.510742 -0.333008 0.621094 1309980684.495801
0.512695 -0.297852 0.584961 1309980684.522807
0.517578 -0.308594 0.617188 1309980684.596889
0.501953 -0.335938 0.658203 1309980684.597804
0.530273 -0.324219 0.649414 1309980684.613813
0.493164 -0.274414 0.653320 1309980684.657796
0.505859 -0.308594 0.625000 1309980684.681808
0.506836 -0.284180 0.681641 1309980684.726805
0.465820 -0.313477 0.692383 1309980684.749838
0.490234 -0.312500 0.623047 1309980684.791785
0.502930 -0.333984 0.633789 1309980684.814783
0.500977 -0.346680 0.663086 1309980684.859807
0.506836 -0.310547 0.655273 1309980684.882813
0.499023 -0.287109 0.614258 1309980684.911806
0.505859 -0.337891 0.649414 1309980684.955808
0.525391 -0.314453 0.666992 1309980684.977813
0.530273 -0.317383 0.679688 1309980685.021813
0.503906 -0.287109 0.657227 1309980685.044805
0.483398 -0.291016 0.657227 1309980685.067812
0.498047 -0.318359 0.663086 1309980685.115842
0.528320 -0.332031 0.633789 1309980685.138808
0.503906 -0.363281 0.679688 1309980685.182807
0.503906 -0.363281 0.679688 1309980685.204809
0.495117 -0.308594 0.639648 1309980685.249814
0.508789 -0.344727 0.627930 1309980685.270825
0.503906 -0.269531 0.609375 1309980685.292828
0.514648 -0.301758 0.640625 1309980685.337817
0.493164 -0.312500 0.647461 1309980685.361831
0.466797 -0.297852 0.657227 1309980685.390830
0.504883 -0.283203 0.623047 1309980685.434815
0.502930 -0.318359 0.644531 1309980685.460820
0.514648 -0.318359 0.666016 1309980685.492819
0.517578 -0.318359 0.627930 1309980685.516825
0.534180 -0.305664 0.620117 1309980685.542812
0.511719 -0.314453 0.605469 1309980685.606816
0.496094 -0.305664 0.651367 1309980685.627822
0.519531 -0.289062 0.620117 1309980685.660827
0.511719 -0.291016 0.649414 1309980685.692818
0.513672 -0.330078 0.625977 1309980685.714827
0.494141 -0.315430 0.673828 1309980685.757825
0.505859 -0.346680 0.672852 1309980685.781819
0.539062 -0.298828 0.624023 1309980685.852841
0.506836 -0.324219 0.648438 1309980685.854825
0.539062 -0.286133 0.609375 1309980685.890825
0.513672 -0.304688 0.665039 1309980685.912824
0.519531 -0.315430 0.665039 1309980685.934828
0.529297 -0.301758 0.632812 1309980685.979834
0.488281 -0.296875 0.657227 1309980686.001833
0.519531 -0.267578 0.633789 1309980686.047831
0.510742 -0.303711 0.601562 1309980686.071830
0.526367 -0.304688 0.658203 1309980686.097826
0.519531 -0.333008 0.658203 1309980686.142834
0.522461 -0.304688 0.662109 1309980686.166831
0.437500 -0.286133 0.649414 1309980686.209843
0.499023 -0.315430 0.654297 1309980686.244831
0.482422 -0.314453 0.643555 1309980686.265833
0.502930 -0.339844 0.673828 1309980686.309863
0.517578 -0.337891 0.677734 1309980686.329834
0.501953 -0.337891 0.677734 1309980686.357858
0.518555 -0.297852 0.628906 1309980686.388839
0.505859 -0.306641 0.652344 1309980686.439837
0.531250 -0.337891 0.655273 1309980686.462838
0.500000 -0.278320 0.610352 1309980686.485844
0.491211 -0.321289 0.654297 1309980686.527817
0.505859 -0.294922 0.639648 1309980686.551838
0.533203 -0.308594 0.643555 1309980686.595839
0.494141 -0.304688 0.627930 1309980686.640847
0.525391 -0.302734 0.622070 1309980686.667839
0.508789 -0.345703 0.655273 1309980686.669839
0.490234 -0.302734 0.667969 1309980686.719844
0.514648 -0.285156 0.641602 1309980686.761848
0.535156 -0.302734 0.633789 1309980686.782872
0.523438 -0.312500 0.690430 1309980686.811856
0.490234 -0.285156 0.653320 1309980686.844847
0.506836 -0.408203 0.635742 1309980686.891823
0.512695 -0.298828 0.621094 1309980686.915840
0.519531 -0.324219 0.599609 1309980686.950827
0.515625 -0.289062 0.648438 1309980686.972847
0.484375 -0.314453 0.675781 1309980687.015847
0.489258 -0.292969 0.633789 1309980687.037847
0.492188 -0.352539 0.664062 1309980687.059850
0.496094 -0.314453 0.640625 1309980687.103856
0.527344 -0.291016 0.654297 1309980687.155855
0.522461 -0.263672 0.659180 1309980687.204853
0.538086 -0.301758 0.621094 1309980687.205853
0.542969 -0.301758 0.658203 1309980687.224853
0.499023 -0.301758 0.658203 1309980687.261851
0.520508 -0.326172 0.619141 1309980687.299853
0.500977 -0.278320 0.674805 1309980687.334856
0.495117 -0.306641 0.614258 1309980687.361851
