0.516602 -0.301758 0.645508 1309979951.137535
0.502930 -0.281250 0.635742 1309979951.181542
0.510742 -0.310547 0.620117 1309979951.204535
0.502930 -0.316406 0.624023 1309979951.227528
0.517578 -0.307617 0.635742 1309979951.256540
0.500000 -0.325195 0.662109 1309979951.299532
0.521484 -0.290039 0.616211 1309979951.321533
0.501953 -0.328125 0.616211 1309979951.344536
0.449219 -0.295898 0.631836 1309979951.389544
0.532227 -0.334961 0.610352 1309979951.413545
0.520508 -0.313477 0.623047 1309979951.461565
0.498047 -0.305664 0.607422 1309979951.483522
0.505859 -0.318359 0.644531 1309979951.509557
0.502930 -0.318359 0.639648 1309979951.559545
0.519531 -0.335938 0.661133 1309979951.582550
0.495117 -0.357422 0.668945 1309979951.633542
0.510742 -0.322266 0.660156 1309979951.656543
0.526367 -0.321289 0.621094 1309979951.678541
0.490234 -0.308594 0.649414 1309979951.701548
0.538086 -0.320312 0.647461 1309979951.748566
0.503906 -0.316406 0.646484 1309979951.769551
0.543945 -0.367188 0.631836 1309979951.814524
0.507812 -0.357422 0.645508 1309979951.837549
0.509766 -0.259766 0.620117 1309979951.882547
0.518555 -0.376953 0.608398 1309979951.906550
0.545898 -0.376953 0.608398 1309979951.933551
0.541992 -0.344727 0.599609 1309979952.002555
0.536133 -0.314453 0.616211 1309979952.023549
0.518555 -0.345703 0.620117 1309979952.024547
0.548828 -0.360352 0.637695 1309979952.069564
0.548828 -0.360352 0.637695 1309979952.091552
0.555664 -0.310547 0.613281 1309979952.157572
0.534180 -0.267578 0.636719 1309979952.181561
0.562500 -0.313477 0.635742 1309979952.203560
0.564453 -0.363281 0.640625 1309979952.227549
0.515625 -0.333984 0.618164 1309979952.251575
0.545898 -0.305664 0.607422 1309979952.292553
0.528320 -0.325195 0.620117 1309979952.336560
0.541992 -0.303711 0.627930 1309979952.363556
0.526367 -0.326172 0.635742 1309979952.379560
0.524414 -0.306641 0.588867 1309979952.424556
0.549805 -0.324219 0.625000 1309979952.447558
0.525391 -0.305664 0.611328 1309979952.493550
0.513672 -0.298828 0.601562 1309979952.516560
0.513672 -0.313477 0.618164 1309979952.563558
0.555664 -0.395508 0.640625 1309979952.607567
0.509766 -0.334961 0.586914 1309979952.609558
0.502930 -0.365234 0.647461 1309979952.629564
0.479492 -0.347656 0.653320 1309979952.678566
0.527344 -0.352539 0.630859 1309979952.723569
0.516602 -0.394531 0.632812 1309979952.767566
0.549805 -0.321289 0.617188 1309979952.768552
0.525391 -0.296875 0.641602 1309979952.813562
0.522461 -0.296875 0.641602 1309979952.834567
0.505859 -0.251953 0.635742 1309979952.886570
0.514648 -0.265625 0.629883 1309979952.899589
0.499023 -0.335938 0.665039 1309979952.951562
0.502930 -0.302734 0.630859 1309979952.973567
0.518555 -0.332031 0.650391 1309979952.996578
0.532227 -0.298828 0.607422 1309979953.019581
0.513672 -0.284180 0.626953 1309979953.083532
0.553711 -0.327148 0.588867 1309979953.106549
0.484375 -0.317383 0.672852 1309979953.128591
0.531250 -0.330078 0.625977 1309979953.171545
0.522461 -0.325195 0.628906 1309979953.193563
0.522461 -0.325195 0.628906 1309979953.218561
0.494141 -0.315430 0.615234 1309979953.269580
0.511719 -0.326172 0.625000 1309979953.298580
0.520508 -0.357422 0.624023 1309979953.322577
0.521484 -0.317383 0.657227 1309979953.366575
0.538086 -0.293945 0.640625 1309979953.389577
0.511719 -0.326172 0.621094 1309979953.432579
0.502930 -0.293945 0.626953 1309979953.453583
0.526367 -0.309570 0.619141 1309979953.476585
0.539062 -0.350586 0.634766 1309979953.519579
0.555664 -0.353516 0.645508 1309979953.543573
0.491211 -0.343750 0.633789 1309979953.586590
0.528320 -0.349609 0.620117 1309979953.608586
0.526367 -0.357422 0.594727 1309979953.652586
0.531250 -0.386719 0.625977 1309979953.674589
0.541992 -0.381836 0.631836 1309979953.717589
0.516602 -0.351562 0.599609 1309979953.762588
0.505859 -0.337891 0.617188 1309979953.765589
0.505859 -0.337891 0.617188 1309979953.807582
0.517578 -0.308594 0.645508 1309979953.849585
0.516602 -0.286133 0.642578 1309979953.871593
0.514648 -0.328125 0.638672 1309979953.894564
0.531250 -0.325195 0.644531 1309979953.938584
0.543945 -0.325195 0.644531 1309979953.963588
0.526367 -0.346680 0.643555 1309979953.998589
0.539062 -0.329102 0.624023 1309979954.041587
0.533203 -0.320312 0.625977 1309979954.063589
0.518555 -0.332031 0.625977 1309979954.106590
0.519531 -0.295898 0.641602 1309979954.128588
0.482422 -0.357422 0.639648 1309979954.172596
0.494141 -0.315430 0.637695 1309979954.194578
0.517578 -0.292969 0.637695 1309979954.237594
0.476562 -0.298828 0.632812 1309979954.259594
0.490234 -0.262695 0.667969 1309979954.281593
0.519531 -0.329102 0.668945 1309979954.326605
0.501953 -0.304688 0.613281 1309979954.348597
0.501953 -0.361328 0.654297 1309979954.383606
0.505859 -0.268555 0.641602 1309979954.429605
0.501953 -0.328125 0.594727 1309979954.452585
0.508789 -0.329102 0.630859 1309979954.474598
0.553711 -0.295898 0.615234 1309979954.543609
0.448242 -0.272461 0.643555 1309979954.581603
0.534180 -0.301758 0.608398 1309979954.582598
0.515625 -0.325195 0.640625 1309979954.602603
0.520508 -0.361328 0.651367 1309979954.636602
0.551758 -0.320312 0.581055 1309979954.678594
0.535156 -0.314453 0.655273 1309979954.701610
0.500000 -0.299805 0.656250 1309979954.744615
0.480469 -0.315430 0.634766 1309979954.766603
0.515625 -0.327148 0.625977 1309979954.807600
0.480469 -0.291016 0.614258 1309979954.831605
0.520508 -0.314453 0.593750 1309979954.876615
0.519531 -0.314453 0.593750 1309979954.898608
0.535156 -0.333984 0.630859 1309979954.942591
0.504883 -0.318359 0.629883 1309979954.963605
0.530273 -0.301758 0.601562 1309979955.006608
0.514648 -0.316406 0.631836 1309979955.029614
0.499023 -0.298828 0.640625 1309979955.076615
0.569336 -0.288086 0.602539 1309979955.099612
0.553711 -0.303711 0.614258 1309979955.128612
0.512695 -0.331055 0.614258 1309979955.171588
0.520508 -0.312500 0.624023 1309979955.193618
0.505859 -0.349609 0.625000 1309979955.216615
0.510742 -0.289062 0.621094 1309979955.258612
0.556641 -0.344727 0.600586 1309979955.282611
0.520508 -0.368164 0.619141 1309979955.323617
0.511719 -0.342773 0.651367 1309979955.348615
0.564453 -0.345703 0.590820 1309979955.389604
0.504883 -0.318359 0.685547 1309979955.412607
0.514648 -0.316406 0.633789 1309979955.434617
0.511719 -0.323242 0.645508 1309979955.481596
0.534180 -0.356445 0.635742 1309979955.519628
0.489258 -0.320312 0.613281 1309979955.561634
0.486328 -0.323242 0.593750 1309979955.583607
0.553711 -0.351562 0.601562 1309979955.627619
0.533203 -0.339844 0.640625 1309979955.629621
0.516602 -0.341797 0.617188 1309979955.671623
0.511719 -0.317383 0.625000 1309979955.716626
0.512695 -0.330078 0.617188 1309979955.738621
0.526367 -0.322266 0.603516 1309979955.783623
0.538086 -0.299805 0.596680 1309979955.859643
0.513672 -0.321289 0.641602 1309979955.881628
0.512695 -0.311523 0.634766 1309979955.891610
0.550781 -0.329102 0.632812 1309979955.908620
0.521484 -0.297852 0.657227 1309979955.934624
0.509766 -0.341797 0.627930 1309979955.981632
0.512695 -0.270508 0.616211 1309979956.003622
0.500977 -0.270508 0.616211 1309979956.024629
0.543945 -0.321289 0.601562 1309979956.072626
0.502930 -0.369141 0.639648 1309979956.096639
0.514648 -0.290039 0.639648 1309979956.129642
0.490234 -0.237305 0.659180 1309979956.151631
0.514648 -0.269531 0.633789 1309979956.198635
0.519531 -0.269531 0.633789 1309979956.219634
0.541992 -0.292969 0.635742 1309979956.256641
0.483398 -0.310547 0.643555 1309979956.301638
0.521484 -0.313477 0.619141 1309979956.322632
0.504883 -0.320312 0.651367 1309979956.353633
0.530273 -0.303711 0.613281 1309979956.391643
0.498047 -0.314453 0.617188 1309979956.415640
0.574219 -0.318359 0.587891 1309979956.464636
0.515625 -0.361328 0.635742 1309979956.488641
0.515625 -0.334961 0.635742 1309979956.512649
0.495117 -0.359375 0.655273 1309979956.554633
0.521484 -0.339844 0.616211 1309979956.577636
0.525391 -0.320312 0.640625 1309979956.598638
0.521484 -0.333984 0.640625 1309979956.642642
0.549805 -0.339844 0.650391 1309979956.679636
0.535156 -0.304688 0.649414 1309979956.713640
0.485352 -0.355469 0.603516 1309979956.736649
0.482422 -0.308594 0.625000 1309979956.756645
0.546875 -0.363281 0.605469 1309979956.819649
0.499023 -0.339844 0.601562 1309979956.841653
0.505859 -0.304688 0.627930 1309979956.883645
0.520508 -0.372070 0.655273 1309979956.904647
0.534180 -0.333984 0.612305 1309979956.927644
0.521484 -0.344727 0.632812 1309979956.974647
0.545898 -0.367188 0.632812 1309979957.009652
0.541016 -0.322266 0.599609 1309979957.042653
0.525391 -0.331055 0.588867 1309979957.063627
0.517578 -0.357422 0.602539 1309979957.099679
0.503906 -0.342773 0.637695 1309979957.163654
0.511719 -0.337891 0.637695 1309979957.165654
0.495117 -0.312500 0.628906 1309979957.187656
0.537109 -0.330078 0.625977 1309979957.232644
0.524414 -0.343750 0.604492 1309979957.253654
0.522461 -0.349609 0.649414 1309979957.277659
0.524414 -0.275391 0.612305 1309979957.308653
0.546875 -0.310547 0.636719 1309979957.352651
0.553711 -0.291016 0.590820 1309979957.394653
0.516602 -0.332031 0.663086 1309979957.417659
0.546875 -0.312500 0.684570 1309979957.463655
0.458984 -0.300781 0.615234 1309979957.484656
0.501953 -0.308594 0.627930 1309979957.506655
0.529297 -0.321289 0.617188 1309979957.551668
0.522461 -0.302734 0.629883 1309979957.572662
0.510742 -0.307617 0.651367 1309979957.616665
0.512695 -0.357422 0.639648 1309979957.637665
0.510742 -0.319336 0.591797 1309979957.684659
0.557617 -0.332031 0.635742 1309979957.694659
0.527344 -0.303711 0.648438 1309979957.751668
0.509766 -0.296875 0.613281 1309979957.773656
0.526367 -0.306641 0.654297 1309979957.794665
0.545898 -0.293945 0.613281 1309979957.841669
0.510742 -0.291992 0.623047 1309979957.873666
0.487305 -0.291992 0.637695 1309979957.915661
0.496094 -0.289062 0.603516 1309979957.939667
0.527344 -0.269531 0.624023 1309979957.962667
0.515625 -0.322266 0.634766 1309979958.005671
0.496094 -0.326172 0.636719 1309979958.037683
0.527344 -0.349609 0.632812 1309979958.063667
0.523438 -0.349609 0.632812 1309979958.082670
0.507812 -0.310547 0.640625 1309979958.128665
0.500000 -0.321289 0.640625 1309979958.149670
0.522461 -0.324219 0.619141 1309979958.194679
0.528320 -0.295898 0.629883 1309979958.239673
0.548828 -0.330078 0.637695 1309979958.260670
0.520508 -0.330078 0.661133 1309979958.282684
0.514648 -0.326172 0.635742 1309979958.328671
0.508789 -0.329102 0.664062 1309979958.350676
0.544922 -0.310547 0.626953 1309979958.387680
0.593750 -0.359375 0.598633 1309979958.453663
0.510742 -0.374023 0.608398 1309979958.454672
0.534180 -0.374023 0.608398 1309979958.478676
0.522461 -0.372070 0.625000 1309979958.504683
0.510742 -0.360352 0.623047 1309979958.539688
0.510742 -0.359375 0.624023 1309979958.583682
0.508789 -0.349609 0.621094 1309979958.597684
0.507812 -0.331055 0.627930 1309979958.639642
0.507812 -0.331055 0.627930 1309979958.662652
0.522461 -0.322266 0.643555 1309979958.725687
0.525391 -0.335938 0.644531 1309979958.727678
0.490234 -0.316406 0.625977 1309979958.771683
0.499023 -0.289062 0.602539 1309979958.793680
0.496094 -0.328125 0.626953 1309979958.839688
0.489258 -0.326172 0.648438 1309979958.864684
0.503906 -0.298828 0.599609 1309979958.903701
0.544922 -0.322266 0.645508 1309979958.929683
0.509766 -0.302734 0.651367 1309979958.952685
0.519531 -0.329102 0.639648 1309979959.002698
0.518555 -0.329102 0.639648 1309979959.024681
0.491211 -0.284180 0.611328 1309979959.069684
0.497070 -0.305664 0.642578 1309979959.093695
0.479492 -0.304688 0.625977 1309979959.115688
0.527344 -0.311523 0.606445 1309979959.160694
0.519531 -0.317383 0.651367 1309979959.182687
0.511719 -0.333984 0.676758 1309979959.227684
0.526367 -0.310547 0.668945 1309979959.250694
0.513672 -0.308594 0.628906 1309979959.295697
0.509766 -0.302734 0.635742 1309979959.318692
0.493164 -0.273438 0.681641 1309979959.355693
0.520508 -0.295898 0.640625 1309979959.378695
0.520508 -0.339844 0.659180 1309979959.425674
0.508789 -0.319336 0.620117 1309979959.452699
0.534180 -0.298828 0.613281 1309979959.474698
0.517578 -0.329102 0.615234 1309979959.519699
0.541016 -0.337891 0.633789 1309979959.540697
0.521484 -0.336914 0.635742 1309979959.563698
0.504883 -0.339844 0.644531 1309979959.605697
0.503906 -0.334961 0.638672 1309979959.630711
0.501953 -0.313477 0.631836 1309979959.705717
0.502930 -0.295898 0.623047 1309979959.732708
0.506836 -0.335938 0.659180 1309979959.753716
0.507812 -0.301758 0.616211 1309979959.756666
0.526367 -0.301758 0.616211 1309979959.798702
0.519531 -0.304688 0.604492 1309979959.844706
0.557617 -0.341797 0.623047 1309979959.867705
0.522461 -0.291016 0.612305 1309979959.890687
0.547852 -0.326172 0.632812 1309979959.938713
0.503906 -0.300781 0.595703 1309979959.961709
0.538086 -0.310547 0.590820 1309979959.989752
0.497070 -0.328125 0.638672 1309979960.032711
0.493164 -0.297852 0.647461 1309979960.053782
0.499023 -0.343750 0.638672 1309979960.097713
0.487305 -0.303711 0.620117 1309979960.119712
