0.629883 -0.400391 0.541992 1309543065.652963
0.628906 -0.382812 0.532227 1309543065.669947
0.624023 -0.384766 0.552734 1309543065.670934
0.591797 -0.405273 0.552734 1309543065.693915
0.636719 -0.414062 0.552734 1309543065.738917
0.636719 -0.414062 0.552734 1309543065.761912
0.611328 -0.376953 0.536133 1309543065.805922
0.643555 -0.399414 0.577148 1309543065.827920
0.639648 -0.371094 0.526367 1309543065.870927
0.661133 -0.397461 0.537109 1309543065.892978
0.647461 -0.384766 0.549805 1309543065.937972
0.648438 -0.374023 0.514648 1309543065.965977
0.656250 -0.372070 0.532227 1309543066.010977
0.674805 -0.384766 0.531250 1309543066.032975
0.643555 -0.377930 0.522461 1309543066.055978
0.643555 -0.377930 0.522461 1309543066.077978
0.651367 -0.313477 0.501953 1309543066.124983
0.673828 -0.357422 0.476562 1309543066.167981
0.664062 -0.355469 0.463867 1309543066.189985
0.652344 -0.365234 0.499023 1309543066.214986
0.660156 -0.402344 0.512695 1309543066.246985
0.603516 -0.390625 0.512695 1309543066.275982
0.548828 -0.341797 0.582031 1309543066.337980
0.566406 -0.358398 0.609375 1309543066.361959
0.619141 -0.339844 0.558594 1309543066.384986
0.577148 -0.397461 0.501953 1309543066.427149
0.520508 -0.334961 0.534180 1309543066.449986
0.596680 -0.369141 0.568359 1309543066.469964
0.346680 -0.369141 0.568359 1309543066.515933
0.567383 -0.303711 0.523438 1309543066.559958
0.401367 -0.137695 0.689453 1309543066.581936
0.477539 -0.324219 0.642578 1309543066.604935
0.495117 -0.256836 0.661133 1309543066.640966
0.517578 -0.256836 0.661133 1309543066.664934
0.507812 -0.265625 0.623047 1309543066.707939
0.534180 -0.218750 0.631836 1309543066.740949
0.500977 -0.250977 0.659180 1309543066.786969
0.498047 -0.194336 0.625000 1309543066.811939
0.499023 -0.213867 0.688477 1309543066.835939
0.500000 -0.222656 0.655273 1309543066.891987
0.488281 -0.219727 0.681641 1309543066.951990
0.484375 -0.203125 0.659180 1309543066.952992
0.520508 -0.210938 0.692383 1309543066.975997
0.506836 -0.253906 0.631836 1309543066.996995
0.492188 -0.230469 0.631836 1309543067.019997
0.575195 -0.255859 0.624023 1309543067.063001
0.501953 -0.199219 0.648438 1309543067.086001
0.538086 -0.206055 0.611328 1309543067.132998
0.462891 -0.174805 0.679688 1309543067.154999
0.516602 -0.225586 0.663086 1309543067.179997
0.516602 -0.225586 0.663086 1309543067.223001
0.471680 -0.169922 0.645508 1309543067.269999
0.488281 -0.193359 0.672852 1309543067.290976
0.495117 -0.208984 0.641602 1309543067.313004
0.473633 -0.218750 0.694336 1309543067.356002
0.467773 -0.206055 0.672852 1309543067.400002
0.485352 -0.227539 0.668945 1309543067.422003
0.468750 -0.237305 0.662109 1309543067.444983
0.499023 -0.190430 0.672852 1309543067.489949
0.472656 -0.221680 0.666992 1309543067.511968
0.449219 -0.208984 0.660156 1309543067.559951
0.511719 -0.220703 0.667969 1309543067.560950
0.505859 -0.193359 0.680664 1309543067.605960
0.453125 -0.206055 0.645508 1309543067.642972
0.498047 -0.212891 0.678711 1309543067.695960
0.485352 -0.206055 0.639648 1309543067.696953
0.476562 -0.214844 0.674805 1309543067.737985
0.473633 -0.184570 0.674805 1309543067.759650
0.475586 -0.234375 0.688477 1309543067.802958
0.494141 -0.253906 0.683594 1309543067.847014
0.494141 -0.183594 0.685547 1309543067.868014
0.482422 -0.217773 0.664062 1309543067.891012
0.463867 -0.214844 0.685547 1309543067.938026
0.481445 -0.222656 0.671875 1309543067.960011
0.509766 -0.183594 0.678711 1309543068.001991
0.460938 -0.210938 0.664062 1309543068.025018
0.467773 -0.165039 0.668945 1309543068.068017
0.483398 -0.165039 0.678711 1309543068.090013
0.480469 -0.182617 0.702148 1309543068.135015
0.506836 -0.180664 0.717773 1309543068.157017
0.490234 -0.200195 0.682617 1309543068.210032
0.519531 -0.205078 0.638672 1309543068.237018
0.477539 -0.187500 0.671875 1309543068.260015
0.489258 -0.166016 0.609375 1309543068.281998
0.457031 -0.183594 0.662109 1309543068.308027
0.470703 -0.156250 0.633789 1309543068.355021
0.477539 -0.160156 0.668945 1309543068.377024
0.488281 -0.178711 0.651367 1309543068.419968
0.494141 -0.199219 0.690430 1309543068.441964
