0.385742 -0.058594 0.712891 1310160453.283743
0.378906 -0.106445 0.694336 1310160453.315768
0.368164 -0.095703 0.712891 1310160453.358770
0.369141 -0.057617 0.721680 1310160453.380773
0.358398 -0.082031 0.698242 1310160453.406747
0.367188 -0.083008 0.731445 1310160453.454768
0.358398 -0.064453 0.674805 1310160453.499786
0.369141 -0.135742 0.711914 1310160453.526777
0.367188 -0.079102 0.704102 1310160453.548771
0.322266 -0.029297 0.708008 1310160453.591776
0.322266 -0.029297 0.708008 1310160453.593775
0.371094 -0.083008 0.700195 1310160453.635777
0.398438 -0.115234 0.694336 1310160453.679763
0.378906 -0.125000 0.731445 1310160453.700786
0.396484 -0.146484 0.697266 1310160453.743772
0.379883 -0.144531 0.692383 1310160453.796784
0.404297 -0.097656 0.708008 1310160453.821784
0.382812 -0.090820 0.709961 1310160453.843787
0.403320 -0.138672 0.715820 1310160453.865781
0.398438 -0.115234 0.737305 1310160453.890780
0.360352 -0.114258 0.746094 1310160453.935785
0.387695 -0.076172 0.695312 1310160453.958784
0.408203 -0.140625 0.713867 1310160454.000733
0.406250 -0.061523 0.720703 1310160454.044760
0.404297 -0.125977 0.764648 1310160454.066785
0.414062 -0.113281 0.690430 1310160454.091780
0.391602 -0.089844 0.693359 1310160454.118785
0.398438 -0.091797 0.739258 1310160454.161782
0.358398 -0.105469 0.738281 1310160454.184811
0.427734 -0.125000 0.719727 1310160454.228792
0.394531 -0.134766 0.677734 1310160454.271788
0.375977 -0.119141 0.696289 1310160454.294787
0.377930 -0.120117 0.708008 1310160454.319793
0.394531 -0.120117 0.708008 1310160454.341785
0.379883 -0.119141 0.711914 1310160454.394795
0.378906 -0.070312 0.725586 1310160454.415790
0.389648 -0.054688 0.706055 1310160454.438793
0.385742 -0.058594 0.695312 1310160454.484789
0.397461 -0.129883 0.767578 1310160454.505878
0.333008 -0.129883 0.767578 1310160454.550806
0.407227 -0.099609 0.651367 1310160454.570801
0.407227 -0.142578 0.710938 1310160454.615794
0.405273 -0.121094 0.710938 1310160454.639802
0.379883 -0.076172 0.682617 1310160454.681795
0.407227 -0.092773 0.673828 1310160454.705800
0.449219 -0.105469 0.698242 1310160454.730774
0.418945 -0.141602 0.710938 1310160454.784806
0.358398 -0.088867 0.655273 1310160454.799804
0.402344 -0.095703 0.693359 1310160454.844801
0.342773 -0.056641 0.694336 1310160454.868800
0.392578 -0.081055 0.678711 1310160454.895798
0.392578 -0.081055 0.678711 1310160454.915804
0.392578 -0.081055 0.678711 1310160454.959805
0.354492 -0.069336 0.709961 1310160455.004805
0.379883 -0.064453 0.731445 1310160455.026801
0.407227 -0.111328 0.715820 1310160455.100812
0.421875 -0.091797 0.663086 1310160455.121811
0.378906 -0.076172 0.734375 1310160455.136800
0.372070 -0.083008 0.660156 1310160455.180789
0.411133 -0.091797 0.699219 1310160455.181775
0.342773 0.023438 0.691406 1310160455.233819
0.359375 -0.074219 0.739258 1310160455.255801
0.338867 -0.085938 0.739258 1310160455.278810
0.381836 -0.063477 0.678711 1310160455.323814
0.357422 -0.064453 0.698242 1310160455.345814
0.352539 -0.074219 0.734375 1310160455.388814
0.369141 -0.089844 0.736328 1310160455.410811
0.346680 -0.033203 0.713867 1310160455.453815
0.361328 -0.042969 0.702148 1310160455.475820
0.389648 -0.054688 0.680664 1310160455.518811
0.389648 -0.054688 0.680664 1310160455.539806
0.368164 -0.082031 0.697266 1310160455.581809
0.375977 -0.045898 0.710938 1310160455.605814
0.363281 -0.078125 0.721680 1310160455.631816
0.363281 -0.078125 0.721680 1310160455.666834
0.368164 -0.036133 0.708984 1310160455.711827
0.381836 -0.053711 0.696289 1310160455.734816
0.376953 -0.029297 0.708984 1310160455.765820
0.398438 -0.049805 0.679688 1310160455.808821
0.416992 -0.111328 0.715820 1310160455.831819
0.410156 -0.086914 0.692383 1310160455.863815
0.378906 -0.041016 0.709961 1310160455.906822
0.360352 -0.019531 0.721680 1310160455.928822
0.333984 -0.046875 0.762695 1310160455.951792
0.341797 -0.044922 0.731445 1310160456.008779
0.338867 -0.060547 0.706055 1310160456.023782
0.394531 -0.095703 0.736328 1310160456.068812
0.357422 -0.053711 0.725586 1310160456.089793
0.379883 -0.084961 0.749023 1310160456.133822
0.379883 -0.109375 0.687500 1310160456.155816
0.362305 -0.086914 0.745117 1310160456.176818
0.338867 -0.032227 0.723633 1310160456.220780
0.307617 -0.022461 0.722656 1310160456.258812
0.349609 -0.047852 0.714844 1310160456.301831
0.365234 -0.126953 0.754883 1310160456.335834
0.358398 -0.080078 0.710938 1310160456.373836
0.344727 -0.089844 0.721680 1310160456.399825
0.402344 -0.089844 0.721680 1310160456.400782
0.385742 -0.081055 0.698242 1310160456.445828
0.351562 -0.064453 0.729492 1310160456.483805
0.357422 -0.060547 0.709961 1310160456.505827
0.381836 -0.095703 0.725586 1310160456.549813
0.324219 -0.085938 0.681641 1310160456.571795
0.346680 -0.085938 0.681641 1310160456.596841
0.352539 -0.091797 0.673828 1310160456.644803
0.362305 -0.132812 0.783203 1310160456.688815
0.412109 -0.082031 0.716797 1310160456.713806
0.386719 -0.055664 0.701172 1310160456.734801
0.366211 -0.031250 0.706055 1310160456.756805
0.341797 -0.054688 0.728516 1310160456.804794
0.350586 -0.018555 0.728516 1310160456.836816
0.375977 -0.041992 0.718750 1310160456.859794
0.376953 -0.026367 0.696289 1310160456.901792
0.388672 -0.072266 0.679688 1310160456.925814
0.371094 -0.076172 0.703125 1310160456.947794
0.363281 -0.065430 0.706055 1310160456.992820
0.350586 -0.074219 0.743164 1310160457.020798
0.336914 -0.046875 0.740234 1310160457.064825
0.350586 -0.050781 0.736328 1310160457.094795
0.354492 -0.060547 0.731445 1310160457.116843
0.379883 -0.050781 0.702148 1310160457.139838
0.357422 -0.048828 0.749023 1310160457.186858
0.330078 -0.048828 0.749023 1310160457.218848
0.369141 -0.040039 0.730469 1310160457.247842
0.380859 -0.058594 0.749023 1310160457.294854
0.370117 -0.049805 0.718750 1310160457.317844
0.360352 -0.051758 0.718750 1310160457.350847
0.383789 -0.066406 0.720703 1310160457.382846
0.422852 -0.117188 0.699219 1310160457.427853
0.386719 -0.134766 0.740234 1310160457.450856
0.416992 -0.119141 0.704102 1310160457.472848
0.442383 -0.195312 0.681641 1310160457.496854
0.429688 -0.213867 0.681641 1310160457.539852
0.379883 -0.125977 0.688477 1310160457.570852
0.406250 -0.125977 0.688477 1310160457.594854
0.390625 -0.123047 0.705078 1310160457.642846
0.388672 -0.103516 0.713867 1310160457.679852
0.375000 -0.065430 0.717773 1310160457.699850
0.375000 -0.065430 0.717773 1310160457.720858
0.375000 -0.065430 0.717773 1310160457.763865
0.386719 -0.083008 0.737305 1310160457.805857
0.385742 -0.103516 0.722656 1310160457.826859
0.425781 -0.089844 0.694336 1310160457.869862
0.400391 -0.031250 0.684570 1310160457.890858
0.373047 -0.093750 0.718750 1310160457.935865
0.373047 -0.093750 0.718750 1310160457.958830
0.365234 -0.021484 0.724609 1310160457.995856
0.379883 -0.007812 0.656250 1310160458.039864
0.437500 -0.089844 0.676758 1310160458.061857
0.412109 -0.090820 0.658203 1310160458.083857
0.371094 -0.041992 0.737305 1310160458.127839
0.322266 -0.021484 0.721680 1310160458.149817
0.326172 -0.051758 0.756836 1310160458.194863
0.376953 -0.053711 0.686523 1310160458.232864
0.328125 -0.079102 0.737305 1310160458.244864
0.343750 -0.025391 0.687500 1310160458.266868
0.345703 -0.042969 0.705078 1310160458.331862
0.405273 -0.093750 0.734375 1310160458.354868
0.392578 -0.117188 0.702148 1310160458.375858
0.395508 -0.166992 0.715820 1310160458.417863
0.401367 -0.038086 0.681641 1310160458.439870
0.377930 -0.038086 0.681641 1310160458.483873
0.377930 -0.038086 0.681641 1310160458.506877
0.402344 -0.173828 0.703125 1310160458.549869
0.436523 -0.160156 0.695312 1310160458.571875
0.403320 -0.120117 0.647461 1310160458.615872
0.397461 -0.087891 0.711914 1310160458.635862
0.381836 -0.087891 0.711914 1310160458.656876
0.389648 -0.101562 0.694336 1310160458.700845
0.377930 -0.048828 0.708984 1310160458.726876
0.354492 -0.063477 0.723633 1310160458.769857
0.378906 -0.082031 0.701172 1310160458.812881
0.381836 -0.084961 0.694336 1310160458.836879
0.388672 -0.085938 0.708984 1310160458.859930
0.388672 -0.085938 0.708984 1310160458.881882
0.400391 -0.109375 0.692383 1310160458.965888
0.404297 -0.062500 0.703125 1310160458.966872
0.372070 -0.078125 0.715820 1310160458.986873
0.370117 -0.082031 0.706055 1310160459.030881
0.411133 -0.091797 0.699219 1310160459.060885
0.381836 -0.094727 0.701172 1310160459.104878
0.380859 -0.132812 0.723633 1310160459.125882
0.412109 -0.097656 0.737305 1310160459.150882
0.383789 -0.062500 0.696289 1310160459.197878
0.387695 -0.122070 0.703125 1310160459.219865
0.375000 -0.041992 0.716797 1310160459.242882
0.360352 -0.067383 0.712891 1310160459.292889
0.386719 -0.095703 0.701172 1310160459.315890
0.368164 -0.061523 0.733398 1310160459.337893
0.387695 -0.095703 0.781250 1310160459.380875
0.371094 -0.080078 0.781250 1310160459.402889
0.360352 -0.044922 0.737305 1310160459.446887
0.378906 -0.089844 0.694336 1310160459.467893
0.397461 -0.073242 0.670898 1310160459.510870
0.381836 -0.070312 0.731445 1310160459.532891
0.388672 -0.084961 0.737305 1310160459.576892
0.357422 -0.053711 0.720703 1310160459.597892
0.362305 -0.060547 0.771484 1310160459.641895
0.405273 -0.084961 0.710938 1310160459.686869
0.359375 -0.083008 0.713867 1310160459.710896
0.350586 -0.049805 0.710938 1310160459.735894
0.405273 -0.052734 0.741211 1310160459.757890
0.405273 -0.052734 0.741211 1310160459.780894
0.372070 -0.088867 0.716797 1310160459.824892
0.384766 -0.046875 0.682617 1310160459.871897
0.380859 -0.082031 0.745117 1310160459.900910
0.398438 -0.063477 0.695312 1310160459.922892
0.393555 -0.088867 0.747070 1310160459.945900
0.394531 -0.133789 0.720703 1310160459.989904
0.315430 -0.036133 0.692383 1310160460.012903
0.398438 -0.093750 0.711914 1310160460.057904
0.390625 -0.079102 0.773438 1310160460.079897
