0.654297 -0.409180 0.504883 1309548846.564420
0.625977 -0.402344 0.538086 1309548846.632417
0.656250 -0.511719 0.491211 1309548846.655428
0.587891 -0.458008 0.526367 1309548846.677442
0.617188 -0.428711 0.538086 1309548846.699420
0.681641 -0.433594 0.488281 1309548846.763401
0.628906 -0.480469 0.488281 1309548846.765451
0.621094 -0.491211 0.562500 1309548846.808426
0.664062 -0.415039 0.581055 1309548846.830432
0.668945 -0.443359 0.526367 1309548846.874446
0.755859 -0.375977 0.565430 1309548846.895432
0.779297 -0.406250 0.500000 1309548846.940434
0.716797 -0.460938 0.499023 1309548846.969433
0.732422 -0.474609 0.537109 1309548846.992434
0.481445 -0.349609 0.677734 1309548847.038456
0.408203 -0.410156 0.499023 1309548847.062435
0.204102 -0.616211 0.162109 1309548847.127441
0.189453 -0.135742 -0.081055 1309548847.128431
1.218750 0.897461 -0.708008 1309548847.152436
0.487305 -0.484375 0.389648 1309548847.194437
0.553711 -0.458008 0.463867 1309548847.234434
0.691406 -0.419922 0.526367 1309548847.269443
0.713867 -0.445312 0.533203 1309548847.292442
0.592773 -0.455078 0.533203 1309548847.313439
0.608398 -0.399414 0.541992 1309548847.365442
0.648438 -0.426758 0.547852 1309548847.449446
0.613281 -0.402344 0.499023 1309548847.478445
0.650391 -0.416992 0.512695 1309548847.482441
0.652344 -0.395508 0.534180 1309548847.483416
0.628906 -0.425781 0.534180 1309548847.505445
0.651367 -0.416016 0.501953 1309548847.550442
0.618164 -0.417969 0.491211 1309548847.573439
0.672852 -0.447266 0.499023 1309548847.617448
0.644531 -0.468750 0.497070 1309548847.640451
0.614258 -0.389648 0.492188 1309548847.683425
0.653320 -0.489258 0.742188 1309548847.706442
0.653320 -0.489258 0.742188 1309548847.749447
0.602539 -0.464844 0.566406 1309548847.773448
0.626953 -0.521484 0.524414 1309548847.817454
0.622070 -0.462891 0.515625 1309548847.840447
0.625000 -0.437500 0.512695 1309548847.862430
0.625000 -0.437500 0.512695 1309548847.888467
0.606445 -0.460938 0.510742 1309548847.932453
0.643555 -0.472656 0.511719 1309548847.975453
0.594727 -0.500000 0.513672 1309548847.998456
0.562500 -0.466797 0.522461 1309548848.042454
0.631836 -0.468750 0.493164 1309548848.064456
0.623047 -0.507812 0.515625 1309548848.085463
0.619141 -0.478516 0.494141 1309548848.128457
0.624023 -0.477539 0.503906 1309548848.149452
0.586914 -0.428711 0.500000 1309548848.194453
0.612305 -0.458984 0.520508 1309548848.214438
0.608398 -0.446289 0.538086 1309548848.257464
0.600586 -0.512695 0.531250 1309548848.280462
0.610352 -0.419922 0.522461 1309548848.344464
0.651367 -0.520508 0.543945 1309548848.349461
0.647461 -0.466797 0.525391 1309548848.398457
0.671875 -0.451172 0.513672 1309548848.457451
0.680664 -0.445312 0.491211 1309548848.459459
0.653320 -0.514648 0.527344 1309548848.480436
0.624023 -0.453125 0.527344 1309548848.502462
0.666016 -0.435547 0.489258 1309548848.545473
0.666016 -0.416992 0.555664 1309548848.588464
0.635742 -0.399414 0.523438 1309548848.611463
0.634766 -0.399414 0.523438 1309548848.633461
0.670898 -0.407227 0.545898 1309548848.679480
0.674805 -0.378906 0.583984 1309548848.737508
0.639648 -0.365234 0.549805 1309548848.763446
0.640625 -0.406250 0.600586 1309548848.765449
0.640625 -0.464844 0.561523 1309548848.789464
0.640625 -0.464844 0.561523 1309548848.832470
0.753906 -0.375977 0.505859 1309548848.878477
0.684570 -0.319336 0.505859 1309548848.902447
0.610352 -0.605469 0.439453 1309548848.945473
0.783203 -0.721680 0.451172 1309548848.968473
0.568359 0.078125 0.487305 1309548849.000472
0.625000 0.228516 0.641602 1309548849.024474
0.517578 0.139648 0.633789 1309548849.090474
0.289062 0.125000 0.608398 1309548849.092471
0.724609 -0.144531 0.599609 1309548849.154495
0.811523 -0.390625 0.447266 1309548849.158480
0.689453 -0.482422 0.562500 1309548849.179488
0.609375 -0.323242 0.542969 1309548849.223479
0.586914 -0.333984 0.538086 1309548849.247481
