0.484375 -0.187500 0.690430 1309540826.457414
0.479492 -0.163086 0.654297 1309540826.500426
0.458984 -0.174805 0.683594 1309540826.525405
0.489258 -0.185547 0.681641 1309540826.557419
0.463867 -0.181641 0.673828 1309540826.588425
0.485352 -0.191406 0.668945 1309540826.609372
0.485352 -0.191406 0.668945 1309540826.694390
0.493164 -0.194336 0.659180 1309540826.712407
0.482422 -0.179688 0.687500 1309540826.713407
0.479492 -0.193359 0.652344 1309540826.757416
0.493164 -0.192383 0.650391 1309540826.800419
0.462891 -0.177734 0.696289 1309540826.802409
0.490234 -0.201172 0.659180 1309540826.848416
0.453125 -0.162109 0.702148 1309540826.871476
0.459961 -0.157227 0.653320 1309540826.914421
0.482422 -0.200195 0.677734 1309540826.957424
0.482422 -0.171875 0.650391 1309540826.979446
0.479492 -0.197266 0.650391 1309540827.003427
0.474609 -0.209961 0.691406 1309540827.048435
0.467773 -0.183594 0.638672 1309540827.069420
0.461914 -0.188477 0.665039 1309540827.113430
0.503906 -0.179688 0.662109 1309540827.134425
0.487305 -0.188477 0.647461 1309540827.179426
0.497070 -0.188477 0.647461 1309540827.202423
0.478516 -0.188477 0.653320 1309540827.247426
0.524414 -0.210938 0.685547 1309540827.270425
0.487305 -0.206055 0.671875 1309540827.293429
0.429688 -0.152344 0.666992 1309540827.337430
0.467773 -0.173828 0.692383 1309540827.379428
0.467773 -0.173828 0.692383 1309540827.381438
0.485352 -0.162109 0.673828 1309540827.430441
0.482422 -0.167969 0.653320 1309540827.474434
0.517578 -0.201172 0.655273 1309540827.498427
0.458008 -0.162109 0.682617 1309540827.522441
0.460938 -0.128906 0.698242 1309540827.553442
0.482422 -0.196289 0.666016 1309540827.595432
0.460938 -0.195312 0.652344 1309540827.640440
0.477539 -0.190430 0.693359 1309540827.662435
0.469727 -0.191406 0.663086 1309540827.684437
0.461914 -0.178711 0.657227 1309540827.729438
0.493164 -0.161133 0.650391 1309540827.750440
0.458984 -0.208984 0.690430 1309540827.772450
0.474609 -0.177734 0.664062 1309540827.819437
0.477539 -0.158203 0.657227 1309540827.843440
0.496094 -0.180664 0.654297 1309540827.897437
0.480469 -0.189453 0.669922 1309540827.982445
0.492188 -0.162109 0.665039 1309540828.001445
0.492188 -0.162109 0.665039 1309540828.003441
0.480469 -0.162109 0.678711 1309540828.013441
0.492188 -0.172852 0.678711 1309540828.039444
0.468750 -0.201172 0.688477 1309540828.064450
0.458008 -0.181641 0.655273 1309540828.114448
0.495117 -0.175781 0.659180 1309540828.135431
0.471680 -0.191406 0.659180 1309540828.157446
0.471680 -0.191406 0.659180 1309540828.202447
0.477539 -0.169922 0.660156 1309540828.238447
0.478516 -0.202148 0.664062 1309540828.283461
0.456055 -0.201172 0.663086 1309540828.307449
0.470703 -0.181641 0.699219 1309540828.350446
0.465820 -0.199219 0.706055 1309540828.352449
0.459961 -0.182617 0.650391 1309540828.397448
0.485352 -0.169922 0.642578 1309540828.422435
0.512695 -0.204102 0.650391 1309540828.457452
0.463867 -0.172852 0.651367 1309540828.485483
0.496094 -0.185547 0.666992 1309540828.510457
0.464844 -0.200195 0.682617 1309540828.569452
0.485352 -0.184570 0.645508 1309540828.590452
0.481445 -0.172852 0.684570 1309540828.614451
0.498047 -0.189453 0.661133 1309540828.663463
0.500977 -0.185547 0.665039 1309540828.685455
0.483398 -0.158203 0.645508 1309540828.708459
0.488281 -0.183594 0.676758 1309540828.755455
0.458984 -0.192383 0.695312 1309540828.782459
0.499023 -0.177734 0.671875 1309540828.825460
0.500000 -0.184570 0.667969 1309540828.847456
0.481445 -0.168945 0.671875 1309540828.869455
0.476562 -0.192383 0.698242 1309540828.913459
0.471680 -0.195312 0.668945 1309540828.937453
0.503906 -0.159180 0.635742 1309540828.982463
0.453125 -0.183594 0.646484 1309540829.004460
0.475586 -0.178711 0.632812 1309540829.048462
0.478516 -0.192383 0.690430 1309540829.070461
0.494141 -0.212891 0.655273 1309540829.115463
0.457031 -0.207031 0.678711 1309540829.139460
0.471680 -0.169922 0.670898 1309540829.182464
0.477539 -0.197266 0.721680 1309540829.203445
0.464844 -0.195312 0.696289 1309540829.271468
0.477539 -0.163086 0.656250 1309540829.272464
0.474609 -0.187500 0.652344 1309540829.293464
0.490234 -0.181641 0.664062 1309540829.325464
0.460938 -0.161133 0.670898 1309540829.369466
0.468750 -0.181641 0.645508 1309540829.393470
0.460938 -0.172852 0.656250 1309540829.438467
0.460938 -0.172852 0.656250 1309540829.459474
0.455078 -0.198242 0.713867 1309540829.487490
0.492188 -0.162109 0.677734 1309540829.533472
0.491211 -0.196289 0.709961 1309540829.577470
0.466797 -0.226562 0.688477 1309540829.578464
0.488281 -0.197266 0.647461 1309540829.614470
0.456055 -0.153320 0.675781 1309540829.658472
0.491211 -0.169922 0.659180 1309540829.679465
0.472656 -0.181641 0.651367 1309540829.727445
0.508789 -0.188477 0.682617 1309540829.748479
0.475586 -0.182617 0.672852 1309540829.770480
0.487305 -0.181641 0.653320 1309540829.808494
0.497070 -0.187500 0.678711 1309540829.854474
0.480469 -0.175781 0.678711 1309540829.879485
0.492188 -0.164062 0.672852 1309540829.908479
0.490234 -0.161133 0.656250 1309540829.952482
0.483398 -0.183594 0.670898 1309540829.974471
0.497070 -0.168945 0.679688 1309540830.018509
0.471680 -0.194336 0.668945 1309540830.040455
0.467773 -0.176758 0.693359 1309540830.064487
0.473633 -0.187500 0.672852 1309540830.109482
0.479492 -0.203125 0.648438 1309540830.135461
0.455078 -0.162109 0.688477 1309540830.178503
0.470703 -0.201172 0.685547 1309540830.199484
0.491211 -0.189453 0.685547 1309540830.223484
0.493164 -0.185547 0.630859 1309540830.268475
0.464844 -0.210938 0.674805 1309540830.290493
0.486328 -0.153320 0.664062 1309540830.333531
0.500977 -0.188477 0.696289 1309540830.356523
0.471680 -0.188477 0.696289 1309540830.383517
0.471680 -0.188477 0.696289 1309540830.424489
0.414062 -0.178711 0.708008 1309540830.470508
0.479492 -0.156250 0.672852 1309540830.491494
0.471680 -0.193359 0.666016 1309540830.559451
0.489258 -0.187500 0.650391 1309540830.560449
0.481445 -0.208984 0.697266 1309540830.581485
0.504883 -0.234375 0.689453 1309540830.634501
0.496094 -0.192383 0.712891 1309540830.655480
0.471680 -0.193359 0.671875 1309540830.680444
0.503906 -0.184570 0.651367 1309540830.705483
0.469727 -0.176758 0.657227 1309540830.740494
0.438477 -0.136719 0.658203 1309540830.784494
0.477539 -0.200195 0.663086 1309540830.810487
0.460938 -0.195312 0.674805 1309540830.853495
0.471680 -0.191406 0.667969 1309540830.875483
0.461914 -0.161133 0.672852 1309540830.920500
0.472656 -0.182617 0.685547 1309540830.943498
0.482422 -0.188477 0.649414 1309540830.966503
0.491211 -0.227539 0.663086 1309540831.010496
0.482422 -0.217773 0.628906 1309540831.033502
0.498047 -0.187500 0.646484 1309540831.075489
0.499023 -0.192383 0.667969 1309540831.098504
0.473633 -0.171875 0.667969 1309540831.144510
0.488281 -0.206055 0.667969 1309540831.153500
0.510742 -0.197266 0.683594 1309540831.195502
0.451172 -0.192383 0.684570 1309540831.240505
0.466797 -0.203125 0.676758 1309540831.284502
0.536133 -0.214844 0.629883 1309540831.285502
0.474609 -0.181641 0.667969 1309540831.329523
0.490234 -0.134766 0.670898 1309540831.376504
0.480469 -0.173828 0.635742 1309540831.399506
0.480469 -0.212891 0.681641 1309540831.423504
0.464844 -0.221680 0.655273 1309540831.449516
0.496094 -0.191406 0.653320 1309540831.479513
0.746094 -0.191406 0.653320 1309540831.510515
0.462891 -0.209961 0.665039 1309540831.559507
0.488281 -0.189453 0.672852 1309540831.603513
0.495117 -0.195312 0.670898 1309540831.626509
0.482422 -0.169922 0.691406 1309540831.666509
0.492188 -0.177734 0.663086 1309540831.668500
0.433594 -0.177734 0.663086 1309540831.712515
0.491211 -0.189453 0.669922 1309540831.756516
0.493164 -0.199219 0.669922 1309540831.779513
0.469727 -0.149414 0.702148 1309540831.845511
0.500977 -0.166992 0.673828 1309540831.846512
0.477539 -0.207031 0.680664 1309540831.864519
0.483398 -0.174805 0.647461 1309540831.910517
0.470703 -0.169922 0.672852 1309540831.933504
0.477539 -0.209961 0.661133 1309540831.981495
0.475586 -0.178711 0.649414 1309540832.006516
0.479492 -0.168945 0.671875 1309540832.029527
0.462891 -0.168945 0.682617 1309540832.054520
0.452148 -0.163086 0.664062 1309540832.115522
0.471680 -0.165039 0.655273 1309540832.138499
0.494141 -0.189453 0.682617 1309540832.180502
0.414062 -0.190430 0.695312 1309540832.203531
0.492188 -0.164062 0.664062 1309540832.225522
0.500977 -0.164062 0.664062 1309540832.248525
0.479492 -0.189453 0.677734 1309540832.290523
0.490234 -0.179688 0.670898 1309540832.335521
0.476562 -0.219727 0.651367 1309540832.356523
0.468750 -0.185547 0.665039 1309540832.400536
0.474609 -0.198242 0.684570 1309540832.423532
0.469727 -0.198242 0.684570 1309540832.445534
0.458984 -0.184570 0.667969 1309540832.489512
0.483398 -0.203125 0.690430 1309540832.533527
0.477539 -0.192383 0.654297 1309540832.555529
0.503906 -0.187500 0.659180 1309540832.579530
0.475586 -0.186523 0.679688 1309540832.626539
0.472656 -0.177734 0.679688 1309540832.648532
0.468750 -0.217773 0.685547 1309540832.679539
0.479492 -0.217773 0.685547 1309540832.701512
0.485352 -0.192383 0.666016 1309540832.748535
0.492188 -0.142578 0.677734 1309540832.791528
0.436523 -0.172852 0.676758 1309540832.813538
0.481445 -0.182617 0.650391 1309540832.838540
0.506836 -0.199219 0.657227 1309540832.881514
0.456055 -0.163086 0.666992 1309540832.903540
0.471680 -0.165039 0.703125 1309540832.945587
0.470703 -0.175781 0.687500 1309540832.988538
0.481445 -0.208984 0.702148 1309540832.989535
0.472656 -0.208984 0.702148 1309540833.033542
0.476562 -0.200195 0.665039 1309540833.068540
0.479492 -0.160156 0.686523 1309540833.134532
0.471680 -0.177734 0.658203 1309540833.135531
0.486328 -0.188477 0.650391 1309540833.170546
0.483398 -0.208984 0.650391 1309540833.193544
0.472656 -0.202148 0.700195 1309540833.238543
0.502930 -0.195312 0.655273 1309540833.280475
0.497070 -0.177734 0.659180 1309540833.293546
0.467773 -0.197266 0.659180 1309540833.338545
0.482422 -0.199219 0.674805 1309540833.360545
0.497070 -0.208984 0.650391 1309540833.380522
0.507812 -0.181641 0.680664 1309540833.444550
0.474609 -0.203125 0.648438 1309540833.445544
0.478516 -0.203125 0.708008 1309540833.489549
0.494141 -0.179688 0.662109 1309540833.511551
0.456055 -0.187500 0.694336 1309540833.556548
0.456055 -0.187500 0.694336 1309540833.579550
0.484375 -0.183594 0.693359 1309540833.624555
0.475586 -0.188477 0.652344 1309540833.668552
0.479492 -0.183594 0.678711 1309540833.689549
0.485352 -0.195312 0.677734 1309540833.711550
0.487305 -0.180664 0.683594 1309540833.733554
0.458984 -0.191406 0.673828 1309540833.778565
0.483398 -0.200195 0.682617 1309540833.820546
0.478516 -0.164062 0.666016 1309540833.843531
0.490234 -0.192383 0.687500 1309540833.888561
0.476562 -0.190430 0.636719 1309540833.911554
0.458984 -0.175781 0.672852 1309540833.936578
0.462891 -0.207031 0.709961 1309540833.983565
0.511719 -0.171875 0.652344 1309540834.006556
0.490234 -0.170898 0.661133 1309540834.029557
0.475586 -0.146484 0.666992 1309540834.073560
0.490234 -0.195312 0.664062 1309540834.095561
0.472656 -0.183594 0.661133 1309540834.118569
0.472656 -0.183594 0.661133 1309540834.151557
0.471680 -0.204102 0.666992 1309540834.195561
0.480469 -0.182617 0.675781 1309540834.239574
0.436523 -0.187500 0.679688 1309540834.260534
0.463867 -0.183594 0.696289 1309540834.303572
0.492188 -0.152344 0.668945 1309540834.326565
0.483398 -0.196289 0.720703 1309540834.400572
0.500977 -0.186523 0.673828 1309540834.401564
0.468750 -0.160156 0.691406 1309540834.427567
0.463867 -0.200195 0.612305 1309540834.449568
0.469727 -0.172852 0.657227 1309540834.493611
0.475586 -0.172852 0.657227 1309540834.514572
0.474609 -0.180664 0.659180 1309540834.558612
0.485352 -0.208984 0.679688 1309540834.601572
0.512695 -0.216797 0.673828 1309540834.623570
0.491211 -0.186523 0.642578 1309540834.645572
