0.504883 -0.175781 0.654297 1309541490.160352
0.487305 -0.175781 0.654297 1309541490.184355
0.512695 -0.179688 0.678711 1309541490.210362
0.482422 -0.164062 0.676758 1309541490.255326
0.485352 -0.161133 0.678711 1309541490.304311
0.496094 -0.224609 0.680664 1309541490.325341
0.488281 -0.154297 0.696289 1309541490.348375
0.488281 -0.154297 0.696289 1309541490.370359
0.486328 -0.148438 0.681641 1309541490.408398
0.463867 -0.141602 0.661133 1309541490.443309
0.471680 -0.156250 0.687500 1309541490.485350
0.477539 -0.156250 0.675781 1309541490.508320
0.483398 -0.129883 0.670898 1309541490.532328
0.463867 -0.129883 0.670898 1309541490.557329
0.514648 -0.129883 0.670898 1309541490.603332
0.465820 -0.172852 0.662109 1309541490.648294
0.485352 -0.163086 0.663086 1309541490.670429
0.479492 -0.148438 0.670898 1309541490.693309
0.471680 -0.178711 0.698242 1309541490.737333
0.458008 -0.154297 0.645508 1309541490.782340
0.485352 -0.141602 0.645508 1309541490.805334
0.453125 -0.150391 0.677734 1309541490.827343
0.483398 -0.148438 0.672852 1309541490.869335
0.474609 -0.162109 0.682617 1309541490.890330
0.482422 -0.153320 0.670898 1309541490.913331
0.451172 -0.177734 0.675781 1309541490.958333
0.472656 -0.177734 0.675781 1309541490.994326
0.460938 -0.164062 0.648438 1309541491.057338
0.473633 -0.172852 0.671875 1309541491.058337
0.481445 -0.139648 0.662109 1309541491.080355
0.476562 -0.141602 0.662109 1309541491.125342
0.484375 -0.166016 0.693359 1309541491.174343
0.467773 -0.174805 0.645508 1309541491.200356
0.479492 -0.169922 0.691406 1309541491.223350
0.518555 -0.183594 0.627930 1309541491.257343
0.446289 -0.167969 0.645508 1309541491.280348
0.491211 -0.167969 0.645508 1309541491.303344
0.457031 -0.151367 0.682617 1309541491.349343
0.481445 -0.203125 0.697266 1309541491.370344
0.487305 -0.179688 0.639648 1309541491.414345
0.446289 -0.179688 0.660156 1309541491.439362
0.500000 -0.153320 0.712891 1309541491.463348
0.467773 -0.128906 0.679688 1309541491.512370
0.467773 -0.128906 0.679688 1309541491.533368
0.513672 -0.168945 0.633789 1309541491.589349
0.511719 -0.174805 0.627930 1309541491.612354
0.454102 -0.151367 0.703125 1309541491.633349
0.484375 -0.157227 0.642578 1309541491.655361
0.477539 -0.205078 0.666992 1309541491.700356
0.491211 -0.185547 0.666992 1309541491.723353
0.484375 -0.160156 0.676758 1309541491.767359
0.489258 -0.164062 0.695312 1309541491.810347
0.517578 -0.160156 0.658203 1309541491.834354
0.465820 -0.154297 0.697266 1309541491.857345
0.499023 -0.181641 0.697266 1309541491.883357
0.459961 -0.142578 0.660156 1309541491.929351
0.493164 -0.178711 0.684570 1309541491.972357
0.487305 -0.168945 0.650391 1309541491.993361
0.488281 -0.180664 0.690430 1309541492.014356
0.473633 -0.199219 0.690430 1309541492.040364
0.491211 -0.153320 0.656250 1309541492.083362
0.445312 -0.156250 0.670898 1309541492.125360
0.500000 -0.156250 0.662109 1309541492.168361
0.478516 -0.176758 0.665039 1309541492.189353
0.481445 -0.166016 0.682617 1309541492.210358
0.486328 -0.179688 0.664062 1309541492.233348
0.488281 -0.166992 0.640625 1309541492.328363
0.460938 -0.164062 0.671875 1309541492.329360
0.502930 -0.152344 0.666016 1309541492.349368
0.466797 -0.170898 0.686523 1309541492.372379
0.527344 -0.141602 0.650391 1309541492.403361
0.488281 -0.141602 0.650391 1309541492.445352
0.448242 -0.161133 0.691406 1309541492.477357
0.477539 -0.130859 0.672852 1309541492.499373
0.460938 -0.188477 0.716797 1309541492.542344
0.506836 -0.189453 0.667969 1309541492.564371
0.489258 -0.138672 0.664062 1309541492.608368
0.483398 -0.152344 0.659180 1309541492.631345
0.458008 -0.145508 0.680664 1309541492.687375
0.470703 -0.140625 0.675781 1309541492.709377
0.461914 -0.167969 0.703125 1309541492.730369
0.454102 -0.150391 0.697266 1309541492.753383
0.479492 -0.150391 0.690430 1309541492.789373
0.477539 -0.146484 0.689453 1309541492.834379
0.500977 -0.158203 0.656250 1309541492.858372
0.468750 -0.181641 0.678711 1309541492.883375
0.489258 -0.184570 0.663086 1309541492.933368
0.484375 -0.152344 0.643555 1309541492.954397
0.473633 -0.176758 0.682617 1309541492.979376
0.466797 -0.158203 0.678711 1309541493.022377
0.477539 -0.169922 0.677734 1309541493.065379
0.490234 -0.125000 0.664062 1309541493.087377
0.489258 -0.119141 0.664062 1309541493.132383
0.487305 -0.198242 0.693359 1309541493.153384
0.519531 -0.175781 0.693359 1309541493.175380
0.450195 -0.168945 0.662109 1309541493.219382
0.470703 -0.141602 0.647461 1309541493.240382
0.491211 -0.179688 0.706055 1309541493.283410
0.485352 -0.193359 0.697266 1309541493.304383
0.469727 -0.189453 0.645508 1309541493.348392
0.467773 -0.189453 0.645508 1309541493.370378
0.492188 -0.160156 0.659180 1309541493.413389
0.471680 -0.187500 0.658203 1309541493.435430
0.460938 -0.185547 0.646484 1309541493.464386
0.497070 -0.155273 0.649414 1309541493.508384
0.476562 -0.203125 0.694336 1309541493.529386
0.500000 -0.162109 0.626953 1309541493.569398
0.497070 -0.181641 0.665039 1309541493.618388
0.485352 -0.184570 0.659180 1309541493.637391
0.464844 -0.168945 0.625977 1309541493.659425
0.496094 -0.158203 0.651367 1309541493.702387
0.479492 -0.179688 0.695312 1309541493.728408
0.729492 -0.179688 0.695312 1309541493.754398
0.486328 -0.163086 0.651367 1309541493.797404
0.479492 -0.209961 0.714844 1309541493.819393
0.494141 -0.162109 0.655273 1309541493.868392
0.475586 -0.187500 0.672852 1309541493.890389
0.477539 -0.179688 0.675781 1309541493.915400
0.502930 -0.188477 0.674805 1309541493.960400
0.488281 -0.148438 0.655273 1309541494.003397
0.493164 -0.164062 0.695312 1309541494.025396
0.500000 -0.197266 0.659180 1309541494.048395
0.465820 -0.169922 0.675781 1309541494.093397
0.471680 -0.183594 0.634766 1309541494.115401
0.514648 -0.186523 0.679688 1309541494.137398
0.514648 -0.186523 0.679688 1309541494.184400
0.459961 -0.149414 0.664062 1309541494.218399
0.474609 -0.220703 0.664062 1309541494.242392
0.503906 -0.204102 0.664062 1309541494.294401
0.495117 -0.170898 0.681641 1309541494.295390
0.495117 -0.170898 0.681641 1309541494.339402
0.486328 -0.188477 0.638672 1309541494.382412
0.476562 -0.165039 0.697266 1309541494.403404
0.458984 -0.170898 0.666016 1309541494.448421
0.451172 -0.164062 0.700195 1309541494.475412
0.520508 -0.164062 0.700195 1309541494.498408
0.483398 -0.158203 0.677734 1309541494.545405
