0.471680 -0.457031 0.656250 1310078665.157804
0.487305 -0.419922 0.608398 1310078665.181760
0.393555 -0.482422 0.656250 1310078665.227787
0.419922 -0.470703 0.617188 1310078665.250803
0.455078 -0.433594 0.603516 1310078665.272795
0.459961 -0.421875 0.645508 1310078665.315800
0.433594 -0.401367 0.637695 1310078665.337797
0.444336 -0.429688 0.672852 1310078665.382801
0.428711 -0.429688 0.590820 1310078665.411823
0.379883 -0.544922 0.560547 1310078665.434847
0.514648 -0.294922 0.560547 1310078665.471877
0.466797 -0.486328 0.611328 1310078665.516790
0.427734 -0.558594 0.560547 1310078665.540774
0.463867 -0.539062 0.625000 1310078665.562849
0.429688 -0.463867 0.578125 1310078665.609815
0.444336 -0.576172 0.535156 1310078665.632789
0.473633 -0.252930 0.607422 1310078665.652863
0.473633 -0.252930 0.607422 1310078665.696787
0.435547 -0.464844 0.601562 1310078665.740867
0.450195 -0.387695 0.688477 1310078665.780753
0.463867 -0.420898 0.650391 1310078665.781738
0.450195 -0.375977 0.603516 1310078665.822752
0.470703 -0.375977 0.603516 1310078665.870807
0.465820 -0.453125 0.633789 1310078665.887845
0.464844 -0.422852 0.626953 1310078665.915868
0.459961 -0.503906 0.616211 1310078665.960810
0.438477 -0.483398 0.611328 1310078665.981777
0.436523 -0.483398 0.611328 1310078666.029794
0.463867 -0.468750 0.627930 1310078666.055833
0.441406 -0.449219 0.612305 1310078666.076784
0.470703 -0.445312 0.600586 1310078666.119866
0.490234 -0.399414 0.626953 1310078666.165966
0.519531 -0.406250 0.631836 1310078666.169839
0.441406 -0.366211 0.631836 1310078666.214833
0.435547 -0.513672 0.605469 1310078666.251824
0.428711 -0.524414 0.625977 1310078666.286835
0.428711 -0.486328 0.625977 1310078666.307824
0.441406 -0.536133 0.611328 1310078666.331830
0.399414 -0.532227 0.600586 1310078666.361868
0.446289 -0.446289 0.583008 1310078666.417877
0.428711 -0.500977 0.616211 1310078666.440839
0.461914 -0.493164 0.581055 1310078666.483878
0.460938 -0.517578 0.618164 1310078666.507554
0.428711 -0.494141 0.596680 1310078666.530822
0.455078 -0.445312 0.610352 1310078666.551842
0.479492 -0.445312 0.610352 1310078666.595894
0.396484 -0.551758 0.614258 1310078666.657882
0.484375 -0.489258 0.620117 1310078666.664841
0.541016 -0.480469 0.624023 1310078666.706772
0.404297 -0.458008 0.561523 1310078666.729766
0.452148 -0.482422 0.561523 1310078666.752765
0.466797 -0.521484 0.632812 1310078666.797796
0.475586 -0.456055 0.588867 1310078666.819815
0.351562 -0.504883 0.624023 1310078666.862788
0.389648 -0.546875 0.577148 1310078666.894834
0.594727 -0.633789 0.523438 1310078666.931848
0.463867 -0.633789 0.523438 1310078666.954825
0.358398 -0.386719 0.680664 1310078667.012829
0.485352 -0.367188 0.674805 1310078667.061796
0.407227 -0.396484 0.629883 1310078667.081818
0.442383 -0.353516 0.662109 1310078667.082810
0.497070 -0.409180 0.628906 1310078667.119852
0.437500 -0.435547 0.655273 1310078667.132818
0.450195 -0.371094 0.618164 1310078667.176813
0.413086 -0.421875 0.618164 1310078667.208844
0.464844 -0.421875 0.662109 1310078667.251479
0.471680 -0.387695 0.621094 1310078667.295827
0.458984 -0.496094 0.610352 1310078667.315823
0.404297 -0.452148 0.592773 1310078667.337876
0.459961 -0.453125 0.600586 1310078667.379828
0.421875 -0.466797 0.631836 1310078667.400841
0.413086 -0.488281 0.579102 1310078667.446845
0.450195 -0.431641 0.621094 1310078667.470863
0.466797 -0.446289 0.581055 1310078667.491897
0.451172 -0.428711 0.615234 1310078667.535892
0.486328 -0.442383 0.611328 1310078667.577910
0.438477 -0.467773 0.587891 1310078667.599903
0.442383 -0.451172 0.602539 1310078667.621835
0.443359 -0.381836 0.619141 1310078667.665848
0.453125 -0.435547 0.594727 1310078667.688892
0.464844 -0.456055 0.615234 1310078667.736834
0.463867 -0.447266 0.617188 1310078667.769864
0.468750 -0.411133 0.597656 1310078667.795919
0.457031 -0.453125 0.616211 1310078667.828845
0.453125 -0.476562 0.622070 1310078667.851904
0.467773 -0.458008 0.645508 1310078667.877825
0.472656 -0.447266 0.610352 1310078667.922875
0.466797 -0.481445 0.603516 1310078667.945841
0.450195 -0.485352 0.644531 1310078667.977906
0.443359 -0.476562 0.580078 1310078668.021857
0.446289 -0.443359 0.627930 1310078668.043896
0.440430 -0.443359 0.627930 1310078668.066864
0.444336 -0.467773 0.594727 1310078668.133903
0.450195 -0.461914 0.591797 1310078668.156913
0.454102 -0.451172 0.632812 1310078668.178841
0.445312 -0.480469 0.642578 1310078668.203871
0.437500 -0.427734 0.664062 1310078668.247936
0.444336 -0.452148 0.664062 1310078668.269837
0.458984 -0.443359 0.622070 1310078668.346879
0.511719 -0.436523 0.612305 1310078668.347827
0.402344 -0.483398 0.644531 1310078668.363861
0.409180 -0.431641 0.629883 1310078668.407886
0.487305 -0.460938 0.622070 1310078668.431845
0.464844 -0.464844 0.620117 1310078668.475925
0.446289 -0.399414 0.678711 1310078668.497925
0.491211 -0.441406 0.577148 1310078668.540907
0.449219 -0.502930 0.612305 1310078668.562936
0.490234 -0.517578 0.538086 1310078668.606922
0.489258 -0.500000 0.552734 1310078668.628872
0.428711 -0.500000 0.552734 1310078668.671931
0.446289 -0.563477 0.583008 1310078668.695905
0.481445 -0.353516 0.615234 1310078668.717920
0.472656 -0.438477 0.666992 1310078668.752889
0.426758 -0.516602 0.635742 1310078668.778887
0.431641 -0.450195 0.635742 1310078668.825873
0.458984 -0.405273 0.625977 1310078668.848895
0.472656 -0.411133 0.621094 1310078668.892934
0.460938 -0.404297 0.666992 1310078668.917850
0.463867 -0.466797 0.623047 1310078668.963069
0.428711 -0.449219 0.617188 1310078668.983860
0.448242 -0.406250 0.617188 1310078669.005839
0.479492 -0.527344 0.610352 1310078669.048927
0.424805 -0.476562 0.602539 1310078669.075940
0.443359 -0.449219 0.617188 1310078669.117880
0.491211 -0.404297 0.638672 1310078669.140947
0.414062 -0.475586 0.626953 1310078669.167880
0.462891 -0.447266 0.624023 1310078669.210880
0.460938 -0.472656 0.579102 1310078669.235568
0.476562 -0.513672 0.569336 1310078669.277815
0.441406 -0.515625 0.588867 1310078669.301884
0.502930 -0.469727 0.624023 1310078669.347865
0.471680 -0.525391 0.622070 1310078669.371938
0.471680 -0.525391 0.622070 1310078669.392934
0.470703 -0.473633 0.596680 1310078669.436904
0.437500 -0.481445 0.599609 1310078669.458939
0.479492 -0.466797 0.583984 1310078669.508851
0.471680 -0.439453 0.635742 1310078669.531884
0.464844 -0.414062 0.597656 1310078669.556886
0.468750 -0.476562 0.617188 1310078669.602917
0.508789 -0.457031 0.594727 1310078669.640937
0.473633 -0.506836 0.558594 1310078669.661857
0.458008 -0.500000 0.568359 1310078669.682896
0.387695 -0.530273 0.564453 1310078669.731508
0.391602 -0.535156 0.603516 1310078669.753936
0.541992 -0.505859 0.569336 1310078669.798883
0.480469 -0.554688 0.605469 1310078669.821882
0.471680 -0.415039 0.666992 1310078669.855871
0.468750 -0.439453 0.672852 1310078669.877959
0.467773 -0.431641 0.674805 1310078669.910917
0.470703 -0.424805 0.586914 1310078669.940896
0.494141 -0.419922 0.642578 1310078669.986869
0.491211 -0.410156 0.596680 1310078670.032963
0.471680 -0.416016 0.626953 1310078670.055878
0.516602 -0.392578 0.635742 1310078670.098878
0.466797 -0.553711 0.565430 1310078670.121922
0.432617 -0.434570 0.574219 1310078670.142864
0.448242 -0.493164 0.594727 1310078670.164875
0.459961 -0.501953 0.583008 1310078670.217889
0.451172 -0.563477 0.616211 1310078670.238883
0.467773 -0.496094 0.606445 1310078670.263906
0.413086 -0.531250 0.611328 1310078670.293898
0.413086 -0.531250 0.611328 1310078670.337851
0.479492 -0.432617 0.601562 1310078670.382868
0.479492 -0.448242 0.602539 1310078670.405870
0.455078 -0.460938 0.600586 1310078670.427886
0.467773 -0.455078 0.605469 1310078670.470882
0.457031 -0.490234 0.599609 1310078670.492899
0.420898 -0.492188 0.635742 1310078670.530899
0.448242 -0.500000 0.633789 1310078670.573858
0.426758 -0.476562 0.639648 1310078670.596900
0.453125 -0.432617 0.612305 1310078670.617895
0.462891 -0.485352 0.621094 1310078670.662900
0.429688 -0.452148 0.609375 1310078670.683877
0.460938 -0.451172 0.614258 1310078670.726872
0.468750 -0.473633 0.634766 1310078670.748870
0.474609 -0.437500 0.600586 1310078670.782904
0.423828 -0.513672 0.613281 1310078670.830897
0.443359 -0.431641 0.605469 1310078670.856887
0.475586 -0.446289 0.605469 1310078670.925942
0.464844 -0.478516 0.607422 1310078670.946964
0.440430 -0.460938 0.619141 1310078670.957884
0.446289 -0.458984 0.625000 1310078670.978907
0.451172 -0.478516 0.609375 1310078671.003971
0.450195 -0.478516 0.612305 1310078671.033890
0.426758 -0.502930 0.612305 1310078671.080884
0.450195 -0.482422 0.616211 1310078671.126889
0.493164 -0.434570 0.612305 1310078671.147870
0.489258 -0.420898 0.626953 1310078671.170925
0.488281 -0.458984 0.598633 1310078671.212902
0.432617 -0.502930 0.555664 1310078671.236891
0.485352 -0.516602 0.594727 1310078671.270903
0.489258 -0.516602 0.594727 1310078671.291884
0.526367 -0.497070 0.597656 1310078671.356905
0.485352 -0.575195 0.553711 1310078671.377892
0.433594 -0.507812 0.591797 1310078671.411915
0.482422 -0.500000 0.559570 1310078671.437915
0.482422 -0.500000 0.559570 1310078671.460905
0.443359 -0.418945 0.647461 1310078671.503880
0.499023 -0.357422 0.610352 1310078671.526882
0.455078 -0.468750 0.631836 1310078671.570988
0.444336 -0.463867 0.587891 1310078671.592918
0.464844 -0.409180 0.632812 1310078671.635893
0.464844 -0.452148 0.607422 1310078671.658910
0.456055 -0.492188 0.620117 1310078671.691947
0.434570 -0.443359 0.624023 1310078671.716983
0.444336 -0.522461 0.588867 1310078671.770939
0.478516 -0.480469 0.594727 1310078671.807899
0.468750 -0.545898 0.585938 1310078671.809890
0.475586 -0.525391 0.575195 1310078671.847889
0.504883 -0.490234 0.588867 1310078671.891956
0.450195 -0.451172 0.604492 1310078671.915983
0.502930 -0.507812 0.620117 1310078671.940946
0.463867 -0.539062 0.611328 1310078671.986923
0.413086 -0.582031 0.579102 1310078672.007997
0.448242 -0.608398 0.546875 1310078672.052959
0.424805 -0.510742 0.597656 1310078672.075932
0.383789 -0.497070 0.548828 1310078672.120937
0.382812 -0.527344 0.523438 1310078672.143001
0.508789 -0.501953 0.661133 1310078672.194984
0.467773 -0.501953 0.661133 1310078672.220896
0.485352 -0.498047 0.608398 1310078672.246926
0.483398 -0.528320 0.583984 1310078672.269959
0.498047 -0.479492 0.602539 1310078672.313992
0.474609 -0.497070 0.588867 1310078672.337003
0.458008 -0.492188 0.615234 1310078672.357947
0.474609 -0.509766 0.615234 1310078672.403901
0.492188 -0.492188 0.577148 1310078672.445927
0.532227 -0.537109 0.520508 1310078672.470915
0.502930 -0.452148 0.603516 1310078672.493004
0.498047 -0.512695 0.616211 1310078672.520989
0.452148 -0.500000 0.590820 1310078672.562976
0.341797 -0.484375 0.629883 1310078672.586957
0.442383 -0.431641 0.735352 1310078672.633000
0.782227 -0.518555 0.605469 1310078672.658930
0.420898 -0.689453 0.577148 1310078672.696003
0.493164 -0.569336 0.595703 1310078672.718000
0.481445 -0.418945 0.601562 1310078672.740945
0.463867 -0.487305 0.616211 1310078672.787987
0.507812 -0.407227 0.615234 1310078672.814000
0.491211 -0.486328 0.638672 1310078672.857922
0.445312 -0.430664 0.622070 1310078672.882129
0.465820 -0.402344 0.643555 1310078672.923925
0.463867 -0.476562 0.644531 1310078672.945889
0.466797 -0.505859 0.615234 1310078672.967997
0.461914 -0.500000 0.615234 1310078673.010964
0.461914 -0.500000 0.615234 1310078673.033953
0.499023 -0.530273 0.628906 1310078673.095932
0.424805 -0.514648 0.586914 1310078673.117942
0.460938 -0.264648 0.586914 1310078673.142023
0.422852 -0.453125 0.588867 1310078673.167017
0.479492 -0.448242 0.582031 1310078673.217015
0.480469 -0.472656 0.639648 1310078673.239005
0.459961 -0.416992 0.626953 1310078673.260980
0.426758 -0.462891 0.625000 1310078673.333017
0.494141 -0.519531 0.613281 1310078673.349019
0.437500 -0.519531 0.613281 1310078673.370981
0.480469 -0.443359 0.588867 1310078673.405941
0.471680 -0.489258 0.624023 1310078673.427929
0.457031 -0.465820 0.623047 1310078673.480925
0.455078 -0.449219 0.604492 1310078673.507955
0.455078 -0.449219 0.604492 1310078673.511054
0.451172 -0.464844 0.587891 1310078673.552970
0.493164 -0.445312 0.627930 1310078673.596929
0.413086 -0.465820 0.667969 1310078673.621027
0.449219 -0.473633 0.610352 1310078673.666998
0.440430 -0.458008 0.603516 1310078673.687933
0.451172 -0.456055 0.590820 1310078673.731024
0.407227 -0.433594 0.611328 1310078673.745956
0.471680 -0.455078 0.624023 1310078673.791023
0.464844 -0.467773 0.619141 1310078673.813981
0.437500 -0.507812 0.604492 1310078673.862945
0.425781 -0.496094 0.642578 1310078673.864944
0.460938 -0.476562 0.599609 1310078673.916021
0.500977 -0.508789 0.601562 1310078673.940976
0.483398 -0.470703 0.622070 1310078673.985952
0.361328 -0.544922 0.611328 1310078674.014028
0.510742 -0.455078 0.543945 1310078674.032017
0.450195 -0.486328 0.577148 1310078674.072996
0.440430 -0.486328 0.577148 1310078674.094012
0.466797 -0.466797 0.578125 1310078674.142968
0.499023 -0.529297 0.562500 1310078674.165983
0.481445 -0.488281 0.632812 1310078674.214028
0.499023 -0.472656 0.596680 1310078674.237032
0.468750 -0.472656 0.596680 1310078674.257928
0.461914 -0.429688 0.625000 1310078674.301955
0.467773 -0.464844 0.611328 1310078674.346003
0.479492 -0.428711 0.616211 1310078674.369032
0.456055 -0.458008 0.610352 1310078674.391045
0.458984 -0.438477 0.628906 1310078674.438038
0.482422 -0.478516 0.592773 1310078674.459994
0.500000 -0.470703 0.565430 1310078674.506005
0.379883 -0.489258 0.604492 1310078674.531082
0.476562 -0.513672 0.608398 1310078674.551908
0.499023 -0.526367 0.623047 1310078674.595961
0.458984 -0.448242 0.625000 1310078674.618980
0.513672 -0.423828 0.602539 1310078674.665991
0.517578 -0.521484 0.569336 1310078674.691007
0.445312 -0.586914 0.584961 1310078674.715970
0.479492 -0.501953 0.557617 1310078674.768017
0.418945 -0.540039 0.635742 1310078674.793941
0.458008 -0.505859 0.538086 1310078674.816940
0.503906 -0.517578 0.556641 1310078674.840944
0.461914 -0.487305 0.592773 1310078674.883150
0.458008 -0.530273 0.620117 1310078674.905949
0.475586 -0.482422 0.621094 1310078674.943994
0.548828 -0.525391 0.607422 1310078674.966968
0.493164 -0.476562 0.607422 1310078674.998961
0.491211 -0.531250 0.591797 1310078675.062961
0.491211 -0.458008 0.582031 1310078675.085972
0.513672 -0.496094 0.613281 1310078675.107976
0.516602 -0.469727 0.583984 1310078675.130981
0.465820 -0.460938 0.569336 1310078675.176014
0.485352 -0.490234 0.574219 1310078675.199981
0.520508 -0.546875 0.560547 1310078675.247975
0.533203 -0.558594 0.547852 1310078675.269011
0.509766 -0.597656 0.519531 1310078675.312988
0.366211 -0.452148 0.605469 1310078675.345963
0.383789 -0.332031 0.740234 1310078675.367976
0.633789 -0.332031 0.740234 1310078675.390995
0.396484 -0.862305 0.519531 1310078675.437054
0.500000 -0.532227 0.598633 1310078675.458021
0.450195 -0.425781 0.625000 1310078675.487027
0.448242 -0.394531 0.635742 1310078675.533006
0.523438 -0.443359 0.603516 1310078675.576982
0.479492 -0.421875 0.603516 1310078675.601000
0.453125 -0.472656 0.605469 1310078675.622976
0.459961 -0.429688 0.640625 1310078675.665988
0.472656 -0.434570 0.626953 1310078675.688017
0.447266 -0.502930 0.638672 1310078675.709055
0.463867 -0.507812 0.625977 1310078675.757060
0.458984 -0.552734 0.599609 1310078675.793974
0.476562 -0.506836 0.589844 1310078675.816984
0.458008 -0.516602 0.588867 1310078675.843073
0.458008 -0.500977 0.630859 1310078675.873033
0.456055 -0.451172 0.625000 1310078675.915981
0.482422 -0.517578 0.635742 1310078675.939048
0.450195 -0.476562 0.625000 1310078675.985984
0.481445 -0.511719 0.611328 1310078676.008037
0.459961 -0.484375 0.608398 1310078676.076065
0.480469 -0.463867 0.634766 1310078676.097014
0.455078 -0.461914 0.615234 1310078676.098010
0.454102 -0.509766 0.653320 1310078676.131065
0.473633 -0.439453 0.624023 1310078676.174007
0.456055 -0.466797 0.620117 1310078676.196064
0.424805 -0.528320 0.594727 1310078676.242054
0.432617 -0.476562 0.615234 1310078676.264038
0.442383 -0.477539 0.574219 1310078676.306990
0.452148 -0.460938 0.612305 1310078676.329024
0.465820 -0.464844 0.600586 1310078676.377074
0.443359 -0.419922 0.621094 1310078676.398023
0.475586 -0.482422 0.591797 1310078676.441075
0.486328 -0.478516 0.602539 1310078676.466014
0.455078 -0.489258 0.608398 1310078676.505985
0.486328 -0.488281 0.569336 1310078676.506998
0.439453 -0.488281 0.604492 1310078676.557008
0.488281 -0.428711 0.630859 1310078676.604015
0.462891 -0.477539 0.596680 1310078676.651074
0.435547 -0.517578 0.589844 1310078676.652002
0.490234 -0.440430 0.630859 1310078676.674030
0.536133 -0.431641 0.631836 1310078676.716002
0.469727 -0.431641 0.631836 1310078676.738011
0.454102 -0.565430 0.576172 1310078676.804020
0.491211 -0.423828 0.604492 1310078676.826013
0.488281 -0.428711 0.658203 1310078676.848021
0.416016 -0.541016 0.577148 1310078676.871053
0.433594 -0.565430 0.561523 1310078676.918079
0.499023 -0.413086 0.576172 1310078676.943006
0.416992 -0.441406 0.616211 1310078676.988001
0.454102 -0.565430 0.562500 1310078677.009006
0.502930 -0.450195 0.586914 1310078677.030987
0.448242 -0.476562 0.611328 1310078677.075984
0.489258 -0.476562 0.616211 1310078677.118998
0.531250 -0.481445 0.610352 1310078677.142987
0.468750 -0.464844 0.609375 1310078677.166002
0.447266 -0.556641 0.531250 1310078677.208001
0.458008 -0.485352 0.613281 1310078677.242006
0.483398 -0.416992 0.613281 1310078677.264010
0.475586 -0.463867 0.611328 1310078677.382032
0.416016 -0.575195 0.603516 1310078677.402011
0.483398 -0.492188 0.623047 1310078677.402991
0.470703 -0.532227 0.632812 1310078677.423022
0.460938 -0.479492 0.610352 1310078677.423982
0.460938 -0.479492 0.610352 1310078677.446031
0.444336 -0.481445 0.602539 1310078677.486018
0.457031 -0.514648 0.592773 1310078677.519015
0.455078 -0.569336 0.579102 1310078677.568063
0.457031 -0.516602 0.603516 1310078677.591021
0.453125 -0.494141 0.590820 1310078677.632991
0.459961 -0.494141 0.590820 1310078677.633986
0.499023 -0.558594 0.597656 1310078677.702017
0.533203 -0.471680 0.576172 1310078677.724637
0.445312 -0.487305 0.593750 1310078677.746005
0.481445 -0.481445 0.579102 1310078677.791053
0.470703 -0.483398 0.577148 1310078677.813059
0.447266 -0.516602 0.595703 1310078677.834015
0.475586 -0.487305 0.596680 1310078677.879037
0.472656 -0.477539 0.575195 1310078677.906100
0.539062 -0.500000 0.625000 1310078677.948045
0.509766 -0.453125 0.610352 1310078677.969010
0.531250 -0.537109 0.550781 1310078677.992053
0.531250 -0.537109 0.550781 1310078678.028025
0.502930 -0.505859 0.629883 1310078678.082046
0.476562 -0.494141 0.609375 1310078678.106054
0.484375 -0.450195 0.592773 1310078678.151075
0.517578 -0.556641 0.606445 1310078678.173042
0.605469 -0.492188 0.558594 1310078678.196050
0.502930 -0.593750 0.524414 1310078678.238035
0.472656 -0.709961 0.592773 1310078678.262037
0.314453 -0.465820 0.595703 1310078678.307112
0.482422 -0.505859 0.579102 1310078678.329086
0.383789 -0.446289 0.642578 1310078678.376073
0.489258 -0.446289 0.642578 1310078678.384085
0.477539 -0.431641 0.645508 1310078678.419043
0.441406 -0.500000 0.653320 1310078678.461025
0.461914 -0.384766 0.632812 1310078678.487120
0.493164 -0.441406 0.582031 1310078678.531057
0.470703 -0.361328 0.662109 1310078678.556124
0.441406 -0.389648 0.687500 1310078678.631047
0.447266 -0.443359 0.652344 1310078678.657104
0.469727 -0.459961 0.615234 1310078678.677062
0.467773 -0.464844 0.640625 1310078678.678030
0.451172 -0.487305 0.614258 1310078678.723053
0.455078 -0.500977 0.624023 1310078678.746062
0.455078 -0.500977 0.624023 1310078678.791053
0.495117 -0.434570 0.601562 1310078678.814086
0.473633 -0.489258 0.600586 1310078678.854029
0.504883 -0.517578 0.623047 1310078678.876120
0.447266 -0.466797 0.576172 1310078678.901075
0.406250 -0.474609 0.622070 1310078678.947086
0.465820 -0.488281 0.600586 1310078678.981084
0.472656 -0.484375 0.634766 1310078679.003130
0.457031 -0.425781 0.616211 1310078679.032085
0.446289 -0.449219 0.615234 1310078679.067138
0.445312 -0.433594 0.620117 1310078679.109049
0.455078 -0.462891 0.605469 1310078679.131099
0.435547 -0.447266 0.619141 1310078679.186053
0.445312 -0.458008 0.620117 1310078679.208117
0.454102 -0.484375 0.653320 1310078679.232078
0.461914 -0.462891 0.651367 1310078679.261056
0.479492 -0.476562 0.607422 1310078679.304046
0.478516 -0.454102 0.607422 1310078679.327132
