0.577148 -0.457031 0.529297 1311188514.289977
0.578125 -0.451172 0.532227 1311188514.321972
0.617188 -0.432617 0.536133 1311188514.359975
0.600586 -0.476562 0.545898 1311188514.381974
0.580078 -0.432617 0.542969 1311188514.403976
0.591797 -0.448242 0.524414 1311188514.446977
0.577148 -0.473633 0.504883 1311188514.471975
0.621094 -0.469727 0.521484 1311188514.501974
0.596680 -0.476562 0.550781 1311188514.549985
0.581055 -0.491211 0.558594 1311188514.570981
0.581055 -0.491211 0.558594 1311188514.597986
0.577148 -0.464844 0.531250 1311188514.642973
0.602539 -0.472656 0.520508 1311188514.689984
0.611328 -0.495117 0.516602 1311188514.717987
0.580078 -0.475586 0.559570 1311188514.740465
0.590820 -0.454102 0.529297 1311188514.760980
0.592773 -0.442383 0.513672 1311188514.802979
0.600586 -0.485352 0.533203 1311188514.846964
0.579102 -0.469727 0.538086 1311188514.869993
0.579102 -0.481445 0.495117 1311188514.892986
0.596680 -0.450195 0.545898 1311188514.958986
0.610352 -0.475586 0.545898 1311188514.995987
0.619141 -0.492188 0.534180 1311188515.024991
0.583984 -0.524414 0.553711 1311188515.035987
0.590820 -0.477539 0.511719 1311188515.057972
0.608398 -0.484375 0.546875 1311188515.089990
0.553711 -0.460938 0.505859 1311188515.112992
0.599609 -0.482422 0.515625 1311188515.160002
0.611328 -0.464844 0.541016 1311188515.192992
0.602539 -0.480469 0.533203 1311188515.236990
0.583984 -0.453125 0.530273 1311188515.258009
0.596680 -0.460938 0.486328 1311188515.281985
0.589844 -0.469727 0.527344 1311188515.315991
0.585938 -0.469727 0.527344 1311188515.357993
0.585938 -0.469727 0.527344 1311188515.382975
0.595703 -0.468750 0.526367 1311188515.406993
0.608398 -0.464844 0.540039 1311188515.461733
0.596680 -0.450195 0.547852 1311188515.484998
0.563477 -0.494141 0.542969 1311188515.530000
0.583984 -0.494141 0.542969 1311188515.531992
0.583984 -0.494141 0.542969 1311188515.573004
0.623047 -0.464844 0.500977 1311188515.617000
0.589844 -0.475586 0.500000 1311188515.641997
0.590820 -0.503906 0.481445 1311188515.664979
0.599609 -0.468750 0.522461 1311188515.706999
0.601562 -0.482422 0.531250 1311188515.757012
0.620117 -0.453125 0.518555 1311188515.777004
0.615234 -0.455078 0.513672 1311188515.801004
0.603516 -0.472656 0.549805 1311188515.845001
0.607422 -0.447266 0.557617 1311188515.866986
0.589844 -0.471680 0.542969 1311188515.890012
0.580078 -0.467773 0.519531 1311188515.936006
0.592773 -0.484375 0.592773 1311188515.960008
0.598633 -0.520508 0.540039 1311188515.997005
0.627930 -0.489258 0.558594 1311188516.017998
0.604492 -0.484375 0.556641 1311188516.066010
0.581055 -0.463867 0.537109 1311188516.091012
0.586914 -0.469727 0.537109 1311188516.114024
0.573242 -0.465820 0.542969 1311188516.158008
0.606445 -0.473633 0.551758 1311188516.182007
0.611328 -0.470703 0.522461 1311188516.277019
0.578125 -0.441406 0.533203 1311188516.278008
0.585938 -0.502930 0.538086 1311188516.299006
0.595703 -0.511719 0.535156 1311188516.320009
0.592773 -0.486328 0.525391 1311188516.343014
0.587891 -0.467773 0.542969 1311188516.385013
0.621094 -0.480469 0.552734 1311188516.407010
0.566406 -0.473633 0.534180 1311188516.452010
0.557617 -0.439453 0.518555 1311188516.473020
0.557617 -0.439453 0.518555 1311188516.500013
0.583984 -0.460938 0.534180 1311188516.542010
0.603516 -0.481445 0.540039 1311188516.568011
0.573242 -0.453125 0.537109 1311188516.615021
0.559570 -0.480469 0.514648 1311188516.638033
0.570312 -0.458008 0.528320 1311188516.680020
0.608398 -0.455078 0.513672 1311188516.712022
0.584961 -0.463867 0.531250 1311188516.741020
0.585938 -0.492188 0.516602 1311188516.762095
0.583984 -0.503906 0.535156 1311188516.810031
0.597656 -0.458984 0.519531 1311188516.835026
0.602539 -0.478516 0.543945 1311188516.878024
0.606445 -0.464844 0.511719 1311188516.901030
0.605469 -0.473633 0.501953 1311188516.922027
0.592773 -0.467773 0.541992 1311188516.968023
0.581055 -0.474609 0.535156 1311188516.991025
0.574219 -0.465820 0.535156 1311188517.013998
0.611328 -0.484375 0.554688 1311188517.060028
0.601562 -0.454102 0.527344 1311188517.087030
0.615234 -0.472656 0.543945 1311188517.130026
0.600586 -0.496094 0.550781 1311188517.152030
0.531250 -0.467773 0.536133 1311188517.196010
0.599609 -0.452148 0.536133 1311188517.219034
0.614258 -0.474609 0.551758 1311188517.250052
0.591797 -0.460938 0.532227 1311188517.292040
0.619141 -0.466797 0.551758 1311188517.315023
0.595703 -0.442383 0.517578 1311188517.357033
0.583984 -0.486328 0.534180 1311188517.381035
0.595703 -0.486328 0.534180 1311188517.408021
0.596680 -0.476562 0.519531 1311188517.443031
0.546875 -0.416016 0.541016 1311188517.497035
0.564453 -0.433594 0.528320 1311188517.548033
0.580078 -0.451172 0.516602 1311188517.575055
0.603516 -0.462891 0.540039 1311188517.576030
0.621094 -0.462891 0.540039 1311188517.596032
0.616211 -0.477539 0.502930 1311188517.647040
0.591797 -0.482422 0.533203 1311188517.675038
0.593750 -0.468750 0.558594 1311188517.698039
0.605469 -0.476562 0.524414 1311188517.731048
0.591797 -0.475586 0.527344 1311188517.753038
0.600586 -0.425781 0.500000 1311188517.811044
0.581055 -0.417969 0.522461 1311188517.835048
0.555664 -0.452148 0.515625 1311188517.877046
0.580078 -0.498047 0.540039 1311188517.900042
0.582031 -0.466797 0.541016 1311188517.922069
0.573242 -0.472656 0.551758 1311188517.945055
0.640625 -0.468750 0.521484 1311188517.993049
0.583984 -0.437500 0.542969 1311188518.023052
0.584961 -0.464844 0.571289 1311188518.070046
0.625977 -0.494141 0.538086 1311188518.093058
0.567383 -0.530273 0.552734 1311188518.115049
0.589844 -0.476562 0.552734 1311188518.158051
0.623047 -0.460938 0.575195 1311188518.196046
0.591797 -0.476562 0.539062 1311188518.233060
0.573242 -0.466797 0.545898 1311188518.256067
0.593750 -0.458984 0.525391 1311188518.277063
0.573242 -0.437500 0.576172 1311188518.316055
0.556641 -0.460938 0.576172 1311188518.339060
0.598633 -0.454102 0.490234 1311188518.385057
0.597656 -0.466797 0.514648 1311188518.407057
0.566406 -0.466797 0.516602 1311188518.453058
0.586914 -0.442383 0.524414 1311188518.477055
0.556641 -0.454102 0.497070 1311188518.516060
0.597656 -0.496094 0.532227 1311188518.545056
0.622070 -0.448242 0.479492 1311188518.591054
0.606445 -0.485352 0.530273 1311188518.613064
0.597656 -0.451172 0.541992 1311188518.635051
0.590820 -0.470703 0.486328 1311188518.658060
0.597656 -0.501953 0.533203 1311188518.692061
0.554688 -0.492188 0.555664 1311188518.738047
0.569336 -0.474609 0.548828 1311188518.772050
0.583984 -0.447266 0.542969 1311188518.855065
0.605469 -0.490234 0.539062 1311188518.876062
0.618164 -0.457031 0.563477 1311188518.877060
0.597656 -0.476562 0.544922 1311188518.887064
0.592773 -0.476562 0.544922 1311188518.923064
0.602539 -0.448242 0.488281 1311188518.971069
0.602539 -0.450195 0.534180 1311188518.993065
0.564453 -0.473633 0.539062 1311188519.036063
0.593750 -0.463867 0.531250 1311188519.060068
0.578125 -0.486328 0.531250 1311188519.074071
0.574219 -0.494141 0.532227 1311188519.117068
0.636719 -0.475586 0.527344 1311188519.168064
0.615234 -0.492188 0.546875 1311188519.191071
0.596680 -0.492188 0.527344 1311188519.223066
0.591797 -0.479492 0.499023 1311188519.247058
0.597656 -0.471680 0.534180 1311188519.268073
0.579102 -0.465820 0.558594 1311188519.311070
0.565430 -0.430664 0.558594 1311188519.334073
0.605469 -0.457031 0.513672 1311188519.378073
0.562500 -0.465820 0.514648 1311188519.402073
0.564453 -0.477539 0.508789 1311188519.446071
0.564453 -0.477539 0.508789 1311188519.468073
0.565430 -0.433594 0.517578 1311188519.512074
0.578125 -0.500977 0.556641 1311188519.557078
0.583984 -0.484375 0.445312 1311188519.580081
0.571289 -0.470703 0.528320 1311188519.602074
0.576172 -0.427734 0.554688 1311188519.626081
0.581055 -0.454102 0.554688 1311188519.669088
0.577148 -0.481445 0.582031 1311188519.701080
0.608398 -0.443359 0.543945 1311188519.723050
0.620117 -0.448242 0.545898 1311188519.772090
0.588867 -0.458008 0.567383 1311188519.803077
0.569336 -0.449219 0.524414 1311188519.825081
0.589844 -0.487305 0.646484 1311188519.871064
0.589844 -0.488281 0.526367 1311188519.902068
0.605469 -0.501953 0.543945 1311188519.924869
0.593750 -0.453125 0.538086 1311188519.968088
0.591797 -0.429688 0.505859 1311188519.992087
0.565430 -0.463867 0.517578 1311188520.015079
0.613281 -0.459961 0.533203 1311188520.048089
0.566406 -0.451172 0.541992 1311188520.091091
