0.626953 -0.472656 0.458008 1309550170.614178
0.625977 -0.490234 0.450195 1309550170.635186
0.628906 -0.492188 0.523438 1309550170.679185
0.647461 -0.531250 0.440430 1309550170.720187
0.625000 -0.488281 0.466797 1309550170.742161
0.667969 -0.503906 0.459961 1309550170.765127
0.639648 -0.491211 0.500977 1309550170.810162
0.655273 -0.510742 0.488281 1309550170.834185
0.634766 -0.533203 0.411133 1309550170.866160
0.634766 -0.533203 0.411133 1309550170.887129
0.639648 -0.482422 0.477539 1309550170.931174
0.665039 -0.466797 0.504883 1309550170.974138
0.601562 -0.414062 0.487305 1309550170.996133
0.612305 -0.415039 0.431641 1309550171.051193
0.653320 -0.476562 0.376953 1309550171.080187
0.605469 -0.623047 0.493164 1309550171.102186
0.722656 -0.526367 0.490234 1309550171.125189
0.689453 -0.423828 0.516602 1309550171.169174
0.602539 -0.526367 0.451172 1309550171.191187
0.611328 -0.486328 0.500000 1309550171.214195
0.456055 -0.507812 0.553711 1309550171.258172
0.522461 -0.581055 0.515625 1309550171.291137
0.683594 -0.659180 0.481445 1309550171.314138
0.580078 -0.373047 0.469727 1309550171.347197
0.701172 -0.337891 0.540039 1309550171.390141
0.659180 -0.380859 0.560547 1309550171.432144
0.657227 -0.411133 0.536133 1309550171.434138
0.618164 -0.456055 0.543945 1309550171.479140
0.679688 -0.425781 0.519531 1309550171.521202
0.666992 -0.387695 0.488281 1309550171.564206
0.616211 -0.480469 0.555664 1309550171.565196
0.683594 -0.423828 0.462891 1309550171.610201
0.648438 -0.414062 0.511719 1309550171.630200
0.627930 -0.414062 0.511719 1309550171.665202
0.613281 -0.448242 0.538086 1309550171.711148
0.659180 -0.476562 0.509766 1309550171.743188
0.620117 -0.423828 0.548828 1309550171.766202
0.649414 -0.406250 0.510742 1309550171.810182
0.688477 -0.416016 0.510742 1309550171.843148
0.671875 -0.416016 0.510742 1309550171.865149
0.626953 -0.428711 0.486328 1309550171.909151
0.665039 -0.434570 0.515625 1309550171.931149
0.643555 -0.468750 0.511719 1309550171.952153
0.605469 -0.456055 0.521484 1309550171.996184
0.644531 -0.405273 0.492188 1309550172.019205
0.635742 -0.482422 0.513672 1309550172.065208
0.658203 -0.473633 0.495117 1309550172.087207
0.626953 -0.472656 0.505859 1309550172.131204
0.620117 -0.455078 0.502930 1309550172.161207
0.623047 -0.455078 0.506836 1309550172.184215
0.587891 -0.435547 0.469727 1309550172.230211
0.625000 -0.503906 0.496094 1309550172.251161
0.597656 -0.501953 0.504883 1309550172.309189
0.635742 -0.510742 0.511719 1309550172.355162
0.580078 -0.470703 0.499023 1309550172.371158
0.642578 -0.517578 0.459961 1309550172.375167
0.606445 -0.520508 0.483398 1309550172.417207
0.617188 -0.574219 0.485352 1309550172.442159
0.554688 -0.544922 0.465820 1309550172.507220
0.618164 -0.504883 0.489258 1309550172.530215
0.664062 -0.514648 0.495117 1309550172.532193
0.620117 -0.528320 0.495117 1309550172.562220
0.621094 -0.543945 0.495117 1309550172.604223
0.682617 -0.515625 0.493164 1309550172.650217
0.612305 -0.518555 0.470703 1309550172.672166
0.635742 -0.543945 0.472656 1309550172.717167
0.649414 -0.525391 0.461914 1309550172.739201
0.652344 -0.500977 0.463867 1309550172.760222
0.620117 -0.513672 0.450195 1309550172.802168
0.667969 -0.521484 0.446289 1309550172.825168
0.627930 -0.537109 0.495117 1309550172.869195
0.654297 -0.513672 0.447266 1309550172.912169
0.628906 -0.512695 0.506836 1309550172.935209
0.628906 -0.512695 0.506836 1309550172.957228
0.628906 -0.535156 0.477539 1309550173.004232
0.642578 -0.512695 0.488281 1309550173.024224
0.610352 -0.547852 0.468750 1309550173.067223
0.587891 -0.498047 0.469727 1309550173.091243
0.647461 -0.533203 0.451172 1309550173.112229
