0.424805 -0.535156 0.592773 1311033479.746356
0.404297 -0.556641 0.557617 1311033479.747355
0.406250 -0.544922 0.602539 1311033479.788353
0.364258 -0.497070 0.571289 1311033479.812360
0.396484 -0.545898 0.571289 1311033479.855326
0.433594 -0.552734 0.577148 1311033479.887326
0.426758 -0.547852 0.642578 1311033479.909336
0.438477 -0.533203 0.577148 1311033479.951367
0.413086 -0.539062 0.617188 1311033479.972338
0.375977 -0.558594 0.581055 1311033480.016375
0.417969 -0.537109 0.599609 1311033480.041368
0.413086 -0.562500 0.616211 1311033480.084331
0.404297 -0.533203 0.616211 1311033480.107354
0.401367 -0.541992 0.608398 1311033480.153371
0.410156 -0.529297 0.606445 1311033480.176386
0.375977 -0.510742 0.590820 1311033480.218363
0.431641 -0.533203 0.589844 1311033480.231367
0.418945 -0.509766 0.559570 1311033480.272347
0.419922 -0.550781 0.625000 1311033480.294364
0.373047 -0.504883 0.571289 1311033480.338367
0.451172 -0.576172 0.582031 1311033480.381322
0.412109 -0.462891 0.611328 1311033480.403351
0.415039 -0.445312 0.648438 1311033480.432335
0.426758 -0.428711 0.653320 1311033480.479367
0.416016 -0.438477 0.642578 1311033480.522365
0.385742 -0.425781 0.675781 1311033480.523368
0.418945 -0.452148 0.626953 1311033480.571371
0.407227 -0.500977 0.660156 1311033480.593370
0.397461 -0.454102 0.659180 1311033480.637379
0.432617 -0.443359 0.634766 1311033480.659362
0.392578 -0.432617 0.638672 1311033480.683372
0.380859 -0.441406 0.657227 1311033480.723387
0.393555 -0.487305 0.642578 1311033480.746360
0.407227 -0.420898 0.676758 1311033480.770372
0.396484 -0.416016 0.649414 1311033480.822374
0.412109 -0.478516 0.569336 1311033480.864377
0.398438 -0.455078 0.639648 1311033480.888381
0.391602 -0.448242 0.626953 1311033480.909358
0.427734 -0.465820 0.618164 1311033480.934364
0.390625 -0.465820 0.644531 1311033480.998396
0.391602 -0.435547 0.652344 1311033481.038376
0.413086 -0.462891 0.635742 1311033481.059382
0.426758 -0.481445 0.615234 1311033481.082379
0.390625 -0.485352 0.658203 1311033481.104399
0.358398 -0.463867 0.636719 1311033481.134373
0.403320 -0.433594 0.636719 1311033481.177373
0.412109 -0.413086 0.652344 1311033481.202355
0.375000 -0.462891 0.653320 1311033481.228388
0.397461 -0.497070 0.631836 1311033481.259379
0.382812 -0.494141 0.662109 1311033481.307406
0.392578 -0.448242 0.666016 1311033481.329385
0.385742 -0.473633 0.622070 1311033481.353384
0.381836 -0.465820 0.643555 1311033481.392359
0.391602 -0.474609 0.649414 1311033481.436492
0.380859 -0.467773 0.641602 1311033481.462391
0.382812 -0.455078 0.608398 1311033481.487388
0.412109 -0.455078 0.635742 1311033481.511392
0.414062 -0.464844 0.641602 1311033481.556388
0.416992 -0.460938 0.668945 1311033481.598389
0.388672 -0.432617 0.665039 1311033481.619398
0.391602 -0.414062 0.647461 1311033481.667399
0.410156 -0.499023 0.635742 1311033481.688369
