0.598633 -0.167969 0.586914 1310683510.374083
0.634766 -0.172852 0.564453 1310683510.397077
0.635742 -0.134766 0.563477 1310683510.439088
0.625000 -0.160156 0.590820 1310683510.463161
0.639648 -0.158203 0.583008 1310683510.506081
0.591797 -0.160156 0.588867 1310683510.528049
0.624023 -0.174805 0.557617 1310683510.550048
0.638672 -0.174805 0.557617 1310683510.572070
0.591797 -0.165039 0.596680 1310683510.617034
0.628906 -0.204102 0.586914 1310683510.661090
0.625000 -0.145508 0.578125 1310683510.683063
0.642578 -0.160156 0.571289 1310683510.726027
0.662109 -0.138672 0.593750 1310683510.772053
0.615234 -0.156250 0.582031 1310683510.774026
0.629883 -0.167969 0.556641 1310683510.823274
0.606445 -0.136719 0.568359 1310683510.847057
0.644531 -0.153320 0.592773 1310683510.868048
0.617188 -0.144531 0.541016 1310683510.912063
0.621094 -0.191406 0.596680 1310683510.933054
0.616211 -0.146484 0.606445 1310683511.002085
0.632812 -0.170898 0.575195 1310683511.003050
0.639648 -0.164062 0.583008 1310683511.039182
0.620117 -0.183594 0.604492 1310683511.062089
0.674805 -0.171875 0.552734 1310683511.097082
0.607422 -0.150391 0.567383 1310683511.141084
0.592773 -0.160156 0.574219 1310683511.162082
0.592773 -0.136719 0.583008 1310683511.207088
0.625000 -0.163086 0.581055 1310683511.229146
0.623047 -0.119141 0.597656 1310683511.273062
0.638672 -0.154297 0.563477 1310683511.296053
0.615234 -0.180664 0.563477 1310683511.319074
0.596680 -0.140625 0.552734 1310683511.366105
0.594727 -0.135742 0.575195 1310683511.389106
0.622070 -0.161133 0.586914 1310683511.433115
0.603516 -0.157227 0.573242 1310683511.454120
0.576172 -0.161133 0.582031 1310683511.498101
0.627930 -0.166992 0.582031 1310683511.521109
0.627930 -0.166992 0.582031 1310683511.544274
0.633789 -0.167969 0.583984 1310683511.588106
0.615234 -0.162109 0.570312 1310683511.616087
0.596680 -0.124023 0.591797 1310683511.661088
0.611328 -0.166992 0.582031 1310683511.683044
0.611328 -0.166992 0.582031 1310683511.726048
0.626953 -0.151367 0.562500 1310683511.748057
0.624023 -0.140625 0.590820 1310683511.779210
0.632812 -0.160156 0.562500 1310683511.802059
0.584961 -0.131836 0.587891 1310683511.849047
0.630859 -0.160156 0.606445 1310683511.872061
0.630859 -0.160156 0.606445 1310683511.893054
0.587891 -0.150391 0.584961 1310683511.959063
0.655273 -0.155273 0.562500 1310683511.982157
0.632812 -0.153320 0.559570 1310683512.003058
0.592773 -0.150391 0.596680 1310683512.029082
0.624023 -0.154297 0.579102 1310683512.073048
0.651367 -0.170898 0.566406 1310683512.117082
0.617188 -0.207031 0.625977 1310683512.138067
0.628906 -0.166016 0.571289 1310683512.163069
0.631836 -0.158203 0.577148 1310683512.205053
0.623047 -0.171875 0.604492 1310683512.227054
0.628906 -0.153320 0.597656 1310683512.250057
0.628906 -0.153320 0.597656 1310683512.327047
0.621094 -0.159180 0.561523 1310683512.348050
0.606445 -0.162109 0.612305 1310683512.362052
0.647461 -0.148438 0.571289 1310683512.405073
0.657227 -0.148438 0.576172 1310683512.425090
0.618164 -0.164062 0.576172 1310683512.451066
0.608398 -0.169922 0.599609 1310683512.495063
0.631836 -0.150391 0.568359 1310683512.519059
0.653320 -0.158203 0.589844 1310683512.567099
0.611328 -0.129883 0.578125 1310683512.588054
0.621094 -0.163086 0.591797 1310683512.609078
0.634766 -0.163086 0.591797 1310683512.653072
0.615234 -0.171875 0.593750 1310683512.690087
0.606445 -0.142578 0.581055 1310683512.713108
0.610352 -0.170898 0.604492 1310683512.755059
0.647461 -0.151367 0.579102 1310683512.777091
0.609375 -0.153320 0.575195 1310683512.799087
0.610352 -0.126953 0.575195 1310683512.843091
0.625000 -0.162109 0.568359 1310683512.888069
0.642578 -0.197266 0.567383 1310683512.909087
0.620117 -0.171875 0.563477 1310683512.932090
0.631836 -0.154297 0.588867 1310683512.974074
0.647461 -0.181641 0.533203 1310683512.995360
0.615234 -0.205078 0.620117 1310683513.039077
0.639648 -0.187500 0.586914 1310683513.063087
0.636719 -0.135742 0.592773 1310683513.105088
0.608398 -0.153320 0.581055 1310683513.127080
0.641602 -0.122070 0.585938 1310683513.175087
0.598633 -0.149414 0.618164 1310683513.197064
0.641602 -0.146484 0.594727 1310683513.243093
0.610352 -0.166016 0.601562 1310683513.264106
0.600586 -0.138672 0.587891 1310683513.287105
0.638672 -0.130859 0.577148 1310683513.330088
0.629883 -0.183594 0.532227 1310683513.352095
0.601562 -0.154297 0.532227 1310683513.376098
0.659180 -0.151367 0.565430 1310683513.440108
0.628906 -0.179688 0.573242 1310683513.462084
0.639648 -0.149414 0.545898 1310683513.484148
0.643555 -0.135742 0.574219 1310683513.527119
0.609375 -0.126953 0.581055 1310683513.560146
0.615234 -0.160156 0.609375 1310683513.627103
0.636719 -0.173828 0.584961 1310683513.629116
0.614258 -0.152344 0.618164 1310683513.652107
0.618164 -0.178711 0.557617 1310683513.679114
0.614258 -0.117188 0.549805 1310683513.725197
0.625977 -0.170898 0.587891 1310683513.749119
0.614258 -0.170898 0.587891 1310683513.772135
0.637695 -0.160156 0.557617 1310683513.809141
0.620117 -0.166992 0.612305 1310683513.853195
0.599609 -0.173828 0.613281 1310683513.875127
0.579102 -0.123047 0.565430 1310683513.898134
0.624023 -0.150391 0.541992 1310683513.943110
0.607422 -0.150391 0.541992 1310683513.966117
0.647461 -0.179688 0.566406 1310683514.000115
0.630859 -0.158203 0.603516 1310683514.043175
0.658203 -0.158203 0.600586 1310683514.065119
0.601562 -0.175781 0.556641 1310683514.097129
0.609375 -0.171875 0.627930 1310683514.118115
0.650391 -0.171875 0.627930 1310683514.166151
0.614258 -0.138672 0.578125 1310683514.209134
0.609375 -0.170898 0.585938 1310683514.230124
0.588867 -0.158203 0.593750 1310683514.255159
0.619141 -0.149414 0.568359 1310683514.303119
0.621094 -0.117188 0.582031 1310683514.325147
0.637695 -0.117188 0.582031 1310683514.348086
