0.348633 -0.450195 0.618164 1311114347.354230
0.416016 -0.464844 0.609375 1311114347.375180
0.397461 -0.474609 0.619141 1311114347.420171
0.416016 -0.467773 0.623047 1311114347.442215
0.409180 -0.481445 0.641602 1311114347.489176
0.410156 -0.504883 0.617188 1311114347.511176
0.408203 -0.513672 0.616211 1311114347.555175
0.404297 -0.487305 0.635742 1311114347.577173
0.397461 -0.492188 0.604492 1311114347.601211
0.427734 -0.505859 0.620117 1311114347.637221
0.376953 -0.485352 0.595703 1311114347.660265
0.359375 -0.485352 0.595703 1311114347.706225
0.371094 -0.493164 0.632812 1311114347.727302
0.387695 -0.492188 0.618164 1311114347.825200
0.400391 -0.501953 0.620117 1311114347.852177
0.409180 -0.474609 0.609375 1311114347.855177
0.393555 -0.496094 0.614258 1311114347.860177
0.395508 -0.502930 0.627930 1311114347.889226
0.416992 -0.482422 0.616211 1311114347.936306
0.431641 -0.506836 0.604492 1311114347.957304
0.376953 -0.498047 0.621094 1311114348.001263
0.416016 -0.474609 0.636719 1311114348.022301
0.408203 -0.481445 0.628906 1311114348.066307
0.409180 -0.494141 0.613281 1311114348.089314
0.408203 -0.494141 0.613281 1311114348.111211
0.401367 -0.493164 0.608398 1311114348.177255
0.401367 -0.492188 0.620117 1311114348.180228
0.403320 -0.491211 0.593750 1311114348.210316
0.397461 -0.479492 0.647461 1311114348.240239
0.371094 -0.512695 0.647461 1311114348.268187
0.421875 -0.497070 0.623047 1311114348.317240
0.399414 -0.558594 0.639648 1311114348.340303
0.397461 -0.505859 0.610352 1311114348.387191
0.413086 -0.506836 0.631836 1311114348.410204
0.407227 -0.541016 0.627930 1311114348.448241
0.415039 -0.518555 0.616211 1311114348.471245
0.381836 -0.500000 0.606445 1311114348.519194
0.361328 -0.479492 0.613281 1311114348.561247
0.392578 -0.486328 0.631836 1311114348.562241
0.366211 -0.471680 0.628906 1311114348.605277
0.365234 -0.492188 0.633789 1311114348.630316
0.370117 -0.476562 0.615234 1311114348.674314
0.407227 -0.533203 0.583984 1311114348.697318
0.401367 -0.492188 0.594727 1311114348.741314
0.400391 -0.500000 0.633789 1311114348.765326
0.375977 -0.479492 0.604492 1311114348.789226
0.407227 -0.479492 0.604492 1311114348.816199
0.399414 -0.513672 0.632812 1311114348.872307
0.400391 -0.457031 0.600586 1311114348.916272
0.390625 -0.478516 0.587891 1311114348.937315
0.394531 -0.535156 0.640625 1311114348.960323
0.406250 -0.459961 0.598633 1311114348.981328
0.406250 -0.459961 0.598633 1311114349.025324
0.432617 -0.525391 0.615234 1311114349.114228
0.401367 -0.479492 0.626953 1311114349.115224
0.343750 -0.457031 0.637695 1311114349.135202
0.365234 -0.483398 0.623047 1311114349.156202
0.380859 -0.501953 0.625000 1311114349.181256
0.443359 -0.500000 0.641602 1311114349.226230
0.417969 -0.511719 0.620117 1311114349.249222
0.402344 -0.487305 0.646484 1311114349.284204
0.397461 -0.450195 0.618164 1311114349.327209
0.396484 -0.482422 0.626953 1311114349.350207
0.410156 -0.499023 0.635742 1311114349.386260
0.438477 -0.492188 0.622070 1311114349.415210
0.407227 -0.485352 0.612305 1311114349.436199
0.414062 -0.496094 0.638672 1311114349.480326
0.434570 -0.500000 0.584961 1311114349.502272
0.422852 -0.484375 0.600586 1311114349.547213
0.435547 -0.503906 0.603516 1311114349.571283
0.431641 -0.528320 0.603516 1311114349.619285
0.410156 -0.497070 0.573242 1311114349.651343
0.402344 -0.494141 0.631836 1311114349.674339
0.420898 -0.496094 0.645508 1311114349.706307
0.401367 -0.506836 0.621094 1311114349.729280
0.412109 -0.506836 0.621094 1311114349.757217
0.385742 -0.479492 0.611328 1311114349.794218
0.364258 -0.451172 0.595703 1311114349.840343
0.359375 -0.459961 0.625000 1311114349.862347
0.402344 -0.495117 0.620117 1311114349.906288
0.393555 -0.480469 0.603516 1311114349.929346
0.399414 -0.484375 0.641602 1311114349.974350
0.423828 -0.502930 0.592773 1311114349.987343
0.398438 -0.495117 0.633789 1311114350.030345
0.422852 -0.487305 0.621094 1311114350.051246
0.400391 -0.500000 0.618164 1311114350.099236
0.385742 -0.478516 0.621094 1311114350.124301
0.386719 -0.464844 0.607422 1311114350.150308
0.408203 -0.527344 0.614258 1311114350.191228
0.369141 -0.475586 0.631836 1311114350.212225
0.381836 -0.462891 0.629883 1311114350.258302
0.398438 -0.481445 0.622070 1311114350.279420
0.411133 -0.496094 0.597656 1311114350.300229
0.389648 -0.518555 0.586914 1311114350.404325
0.413086 -0.498047 0.604492 1311114350.405399
0.427734 -0.466797 0.618164 1311114350.425354
0.410156 -0.490234 0.624023 1311114350.446254
0.411133 -0.482422 0.585938 1311114350.469227
0.423828 -0.498047 0.604492 1311114350.493230
0.413086 -0.499023 0.621094 1311114350.546354
0.434570 -0.479492 0.617188 1311114350.589348
0.440430 -0.469727 0.618164 1311114350.610351
0.405273 -0.509766 0.634766 1311114350.655357
0.376953 -0.456055 0.606445 1311114350.657359
0.407227 -0.494141 0.610352 1311114350.694354
0.407227 -0.494141 0.610352 1311114350.719272
0.396484 -0.478516 0.644531 1311114350.762233
0.380859 -0.500000 0.636719 1311114350.809282
0.398438 -0.447266 0.605469 1311114350.831360
0.423828 -0.515625 0.626953 1311114350.852345
0.431641 -0.515625 0.626953 1311114350.896364
0.382812 -0.505859 0.664062 1311114350.960363
0.386719 -0.465820 0.602539 1311114350.961363
0.414062 -0.471680 0.611328 1311114351.002363
0.419922 -0.480469 0.627930 1311114351.024323
0.394531 -0.475586 0.604492 1311114351.067239
0.413086 -0.507812 0.625977 1311114351.089289
0.428711 -0.453125 0.635742 1311114351.114375
0.431641 -0.479492 0.636719 1311114351.156244
0.429688 -0.472656 0.612305 1311114351.179241
0.401367 -0.513672 0.613281 1311114351.221366
0.425781 -0.476562 0.625977 1311114351.245311
0.404297 -0.487305 0.606445 1311114351.289785
0.391602 -0.496094 0.615234 1311114351.311311
0.418945 -0.509766 0.607422 1311114351.355385
0.394531 -0.520508 0.623047 1311114351.377374
0.416992 -0.495117 0.607422 1311114351.400272
0.402344 -0.476562 0.598633 1311114351.444249
0.430664 -0.446289 0.625000 1311114351.481328
0.418945 -0.472656 0.626953 1311114351.525321
0.378906 -0.500000 0.618164 1311114351.546373
0.393555 -0.522461 0.609375 1311114351.570314
0.417969 -0.470703 0.627930 1311114351.606375
0.402344 -0.485352 0.616211 1311114351.654377
0.402344 -0.485352 0.616211 1311114351.692377
0.385742 -0.490234 0.599609 1311114351.715280
0.397461 -0.488281 0.642578 1311114351.738252
0.406250 -0.533203 0.639648 1311114351.760268
0.421875 -0.486328 0.596680 1311114351.796325
0.375977 -0.486328 0.596680 1311114351.817369
0.371094 -0.480469 0.609375 1311114351.861386
0.432617 -0.486328 0.596680 1311114351.887388
0.426758 -0.503906 0.600586 1311114351.930374
0.382812 -0.487305 0.620117 1311114351.960319
0.421875 -0.486328 0.626953 1311114351.982386
0.437500 -0.476562 0.605469 1311114352.007289
0.391602 -0.470703 0.607422 1311114352.049258
0.417969 -0.453125 0.623047 1311114352.091386
0.408203 -0.479492 0.613281 1311114352.116322
0.391602 -0.510742 0.623047 1311114352.160263
0.420898 -0.499023 0.631836 1311114352.182317
0.399414 -0.490234 0.629883 1311114352.210261
