0.615234 -0.400391 0.551758 1309983972.602780
0.647461 -0.396484 0.570312 1309983972.626767
0.589844 -0.403320 0.519531 1309983972.668809
0.612305 -0.377930 0.524414 1309983972.691849
0.643555 -0.416016 0.557617 1309983972.736832
0.617188 -0.348633 0.529297 1309983972.758844
0.648438 -0.376953 0.536133 1309983972.803799
0.668945 -0.383789 0.532227 1309983972.829841
0.631836 -0.407227 0.504883 1309983972.863838
0.673828 -0.392578 0.479492 1309983972.891796
0.686523 -0.404297 0.512695 1309983972.938819
0.671875 -0.394531 0.500977 1309983972.961812
0.670898 -0.395508 0.475586 1309983972.983840
0.679688 -0.395508 0.480469 1309983973.009858
0.708984 -0.394531 0.470703 1309983973.058777
0.715820 -0.503906 0.499023 1309983973.101843
0.725586 -0.410156 0.440430 1309983973.128850
0.706055 -0.380859 0.436523 1309983973.149839
0.646484 -0.388672 0.464844 1309983973.194774
0.713867 -0.395508 0.456055 1309983973.221794
0.672852 -0.420898 0.449219 1309983973.254848
0.691406 -0.373047 0.449219 1309983973.298813
0.681641 -0.444336 0.498047 1309983973.321795
0.711914 -0.418945 0.454102 1309983973.342850
0.688477 -0.383789 0.479492 1309983973.385840
0.757812 -0.375000 0.486328 1309983973.408791
0.696289 -0.384766 0.459961 1309983973.430852
0.682617 -0.384766 0.459961 1309983973.473784
0.655273 -0.434570 0.520508 1309983973.502783
0.657227 -0.375000 0.499023 1309983973.550859
0.666016 -0.349609 0.504883 1309983973.573861
0.655273 -0.279297 0.504883 1309983973.646863
0.371094 -0.683594 0.683594 1309983973.667824
0.642578 -0.312500 0.537109 1309983973.668812
0.553711 -0.404297 0.579102 1309983973.704810
0.577148 -0.366211 0.617188 1309983973.748856
0.581055 -0.325195 0.578125 1309983973.755857
0.588867 -0.346680 0.586914 1309983973.800796
0.501953 -0.310547 0.632812 1309983973.843864
0.549805 -0.338867 0.608398 1309983973.853828
0.549805 -0.369141 0.636719 1309983973.887865
0.535156 -0.328125 0.586914 1309983973.930817
0.559570 -0.306641 0.581055 1309983973.954861
0.526367 -0.306641 0.581055 1309983973.978827
0.526367 -0.306641 0.581055 1309983974.021808
0.558594 -0.329102 0.616211 1309983974.065821
0.554688 -0.337891 0.612305 1309983974.093865
0.586914 -0.369141 0.603516 1309983974.139822
0.554688 -0.343750 0.603516 1309983974.141805
0.542969 -0.335938 0.643555 1309983974.184865
0.554688 -0.354492 0.620117 1309983974.228794
0.525391 -0.377930 0.635742 1309983974.249809
0.550781 -0.349609 0.596680 1309983974.293877
0.535156 -0.327148 0.627930 1309983974.314787
0.554688 -0.321289 0.627930 1309983974.357809
0.544922 -0.355469 0.619141 1309983974.380858
0.550781 -0.326172 0.628906 1309983974.403876
0.544922 -0.318359 0.651367 1309983974.448828
0.542969 -0.277344 0.633789 1309983974.470837
0.532227 -0.321289 0.574219 1309983974.517888
0.563477 -0.311523 0.646484 1309983974.539884
0.534180 -0.355469 0.636719 1309983974.572844
0.557617 -0.325195 0.635742 1309983974.605873
0.557617 -0.294922 0.625000 1309983974.628810
0.561523 -0.289062 0.619141 1309983974.660863
0.530273 -0.279297 0.633789 1309983974.695801
0.530273 -0.279297 0.633789 1309983974.718799
0.541016 -0.279297 0.633789 1309983974.763879
0.508789 -0.313477 0.630859 1309983974.814906
0.527344 -0.329102 0.591797 1309983974.839817
0.540039 -0.287109 0.619141 1309983974.861889
0.528320 -0.312500 0.651367 1309983974.947810
0.521484 -0.277344 0.637695 1309983974.948802
0.540039 -0.315430 0.633789 1309983974.959891
0.532227 -0.306641 0.629883 1309983974.985794
0.571289 -0.275391 0.606445 1309983975.029810
0.560547 -0.302734 0.618164 1309983975.053891
0.539062 -0.299805 0.609375 1309983975.077840
0.552734 -0.285156 0.626953 1309983975.125898
0.535156 -0.281250 0.625977 1309983975.149878
