0.613281 -0.185547 0.587891 1310681868.223112
0.616211 -0.203125 0.561523 1310681868.265169
0.627930 -0.179688 0.581055 1310681868.288191
0.627930 -0.179688 0.581055 1310681868.315187
0.648438 -0.199219 0.583984 1310681868.360121
0.648438 -0.174805 0.566406 1310681868.405136
0.645508 -0.176758 0.542969 1310681868.429159
0.625000 -0.194336 0.565430 1310681868.453143
0.656250 -0.177734 0.577148 1310681868.491183
0.612305 -0.234375 0.582031 1310681868.535168
0.596680 -0.249023 0.585938 1310681868.560211
0.648438 -0.224609 0.579102 1310681868.581185
0.619141 -0.222656 0.583984 1310681868.625154
0.620117 -0.188477 0.583984 1310681868.648136
0.630859 -0.152344 0.583984 1310681868.669140
0.623047 -0.152344 0.583984 1310681868.713120
0.640625 -0.161133 0.544922 1310681868.759203
0.651367 -0.175781 0.506836 1310681868.789120
0.625977 -0.145508 0.571289 1310681868.813200
0.665039 -0.184570 0.588867 1310681868.848128
0.602539 -0.160156 0.591797 1310681868.871177
0.648438 -0.148438 0.584961 1310681868.914202
0.629883 -0.152344 0.575195 1310681868.947272
0.642578 -0.156250 0.587891 1310681868.971163
0.623047 -0.138672 0.587891 1310681868.996203
0.623047 -0.151367 0.568359 1310681869.041125
0.623047 -0.151367 0.568359 1310681869.061152
0.646484 -0.133789 0.566406 1310681869.105198
0.625000 -0.140625 0.577148 1310681869.149129
0.610352 -0.148438 0.615234 1310681869.174127
0.612305 -0.121094 0.599609 1310681869.203174
0.628906 -0.125977 0.594727 1310681869.224152
0.614258 -0.158203 0.583984 1310681869.270198
0.609375 -0.126953 0.593750 1310681869.338141
0.595703 -0.125977 0.549805 1310681869.339160
0.567383 -0.173828 0.625977 1310681869.365175
0.601562 -0.134766 0.612305 1310681869.439204
0.583008 -0.118164 0.608398 1310681869.441169
0.551758 -0.007812 0.711914 1310681869.460211
0.555664 -0.157227 0.763672 1310681869.504146
0.613281 -0.100586 0.733398 1310681869.525180
0.780273 -0.452148 0.564453 1310681869.546163
0.664062 0.005859 0.394531 1310681869.589174
0.292969 -0.134766 1.056641 1310681869.611162
-0.065430 0.328125 0.776367 1310681869.649207
0.163086 0.235352 0.787109 1310681869.673151
0.484375 0.166016 0.834961 1310681869.715194
0.713867 0.044922 0.689453 1310681869.739140
1.151367 -0.233398 0.466797 1310681869.793195
1.994141 -0.983398 0.466797 1310681869.796212
1.762695 -0.423828 -0.872070 1310681869.836224
1.303711 1.419922 0.907227 1310681869.881142
0.798828 -0.796875 0.841797 1310681869.903184
0.767578 0.129883 0.494141 1310681869.969155
0.623047 0.062500 0.580078 1310681869.970200
0.721680 0.062500 0.580078 1310681870.005146
0.657227 -0.284180 0.583984 1310681870.031182
0.650391 -0.086914 0.603516 1310681870.074139
0.574219 -0.078125 0.588867 1310681870.096229
0.626953 -0.176758 0.583008 1310681870.140220
0.631836 -0.106445 0.552734 1310681870.163151
0.661133 -0.208984 0.542969 1310681870.184250
0.639648 -0.108398 0.586914 1310681870.231193
0.639648 -0.108398 0.586914 1310681870.253172
0.630859 -0.201172 0.530273 1310681870.299221
0.627930 -0.179688 0.562500 1310681870.321185
0.635742 -0.157227 0.600586 1310681870.365146
0.624023 -0.210938 0.558594 1310681870.388185
0.638672 -0.224609 0.555664 1310681870.420201
0.616211 -0.149414 0.557617 1310681870.464156
0.613281 -0.199219 0.565430 1310681870.486154
0.632812 -0.186523 0.598633 1310681870.509170
0.630859 -0.111328 0.560547 1310681870.553155
0.639648 -0.107422 0.534180 1310681870.596187
0.622070 -0.133789 0.569336 1310681870.618178
0.634766 -0.139648 0.567383 1310681870.641193
0.596680 -0.130859 0.547852 1310681870.708192
0.625977 -0.157227 0.573242 1310681870.709161
0.648438 -0.172852 0.561523 1310681870.734168
0.620117 -0.164062 0.531250 1310681870.800222
0.657227 -0.160156 0.551758 1310681870.801161
0.625000 -0.141602 0.581055 1310681870.833221
0.659180 -0.134766 0.547852 1310681870.876226
0.632812 -0.168945 0.567383 1310681870.898179
0.626953 -0.142578 0.604492 1310681870.942199
0.607422 -0.117188 0.562500 1310681870.973202
0.591797 -0.110352 0.567383 1310681870.996205
0.655273 -0.122070 0.568359 1310681871.041231
0.672852 -0.204102 0.591797 1310681871.063214
0.697266 -0.208984 0.590820 1310681871.088205
0.697266 -0.208984 0.590820 1310681871.119171
0.628906 -0.025391 0.590820 1310681871.175239
0.529297 0.040039 0.556641 1310681871.196229
0.569336 -0.059570 0.572266 1310681871.240180
0.746094 -0.165039 0.597656 1310681871.263219
0.570312 0.000000 0.557617 1310681871.295203
0.730469 0.051758 0.565430 1310681871.324206
0.506836 0.018555 0.544922 1310681871.368258
0.451172 -0.148438 0.577148 1310681871.390250
0.400391 -0.271484 0.523438 1310681871.411243
0.742188 0.059570 0.783203 1310681871.459166
0.783203 0.176758 0.460938 1310681871.481227
0.657227 -0.035156 0.592773 1310681871.530224
0.614258 -0.076172 0.630859 1310681871.553216
0.611328 -0.213867 0.586914 1310681871.574181
0.643555 -0.089844 0.584961 1310681871.621214
0.595703 -0.110352 0.585938 1310681871.644222
0.655273 -0.008789 0.585938 1310681871.668223
0.655273 -0.008789 0.585938 1310681871.711214
0.601562 -0.122070 0.585938 1310681871.736257
0.593750 -0.137695 0.596680 1310681871.768188
0.635742 -0.022461 0.616211 1310681871.815214
0.571289 -0.400391 0.624023 1310681871.836250
0.633789 -0.150391 0.624023 1310681871.860256
0.632812 -0.207031 0.593750 1310681871.906246
0.600586 -0.170898 0.582031 1310681871.949251
0.642578 -0.229492 0.588867 1310681872.019184
0.634766 -0.206055 0.583984 1310681872.039199
0.625977 -0.167969 0.636719 1310681872.040200
0.643555 -0.167969 0.636719 1310681872.059199
0.658203 -0.167969 0.577148 1310681872.105224
0.655273 -0.176758 0.565430 1310681872.126207
0.636719 -0.157227 0.561523 1310681872.171209
0.647461 -0.177734 0.545898 1310681872.193245
0.647461 -0.200195 0.550781 1310681872.236272
0.584961 -0.137695 0.550781 1310681872.258254
0.624023 -0.119141 0.573242 1310681872.294213
0.628906 -0.159180 0.541992 1310681872.318270
0.649414 -0.175781 0.577148 1310681872.363196
0.664062 -0.144531 0.579102 1310681872.385209
0.644531 -0.129883 0.557617 1310681872.406232
0.635742 -0.166016 0.597656 1310681872.453260
0.622070 -0.156250 0.603516 1310681872.486265
0.621094 -0.151367 0.573242 1310681872.511213
0.641602 -0.091797 0.610352 1310681872.556273
0.641602 -0.143555 0.561523 1310681872.579211
0.651367 -0.131836 0.565430 1310681872.604239
0.645508 -0.101562 0.574219 1310681872.633272
0.645508 -0.101562 0.574219 1310681872.676203
0.645508 -0.101562 0.574219 1310681872.708237
0.645508 -0.101562 0.574219 1310681872.730215
0.634766 -0.082031 0.541992 1310681872.775175
0.642578 -0.093750 0.541992 1310681872.794206
0.663086 -0.158203 0.541992 1310681872.842213
0.682617 -0.166016 0.560547 1310681872.871201
0.595703 -0.077148 0.569336 1310681872.924249
0.655273 -0.083984 0.568359 1310681872.925199
0.562500 -0.078125 0.565430 1310681872.971262
0.652344 -0.145508 0.577148 1310681872.993269
0.571289 -0.148438 0.601562 1310681873.036250
0.627930 -0.125977 0.582031 1310681873.060277
0.591797 -0.104492 0.569336 1310681873.103253
0.633789 -0.279297 0.576172 1310681873.126282
0.554688 -0.076172 0.617188 1310681873.151190
0.554688 -0.076172 0.617188 1310681873.195274
0.718750 -0.283203 0.533203 1310681873.266281
0.593750 0.102539 0.624023 1310681873.268255
0.645508 -0.111328 0.578125 1310681873.305261
0.639648 -0.093750 0.557617 1310681873.326255
0.635742 -0.129883 0.589844 1310681873.351233
0.649414 -0.093750 0.571289 1310681873.373243
0.639648 -0.138672 0.563477 1310681873.416206
0.583008 -0.190430 0.561523 1310681873.460259
0.614258 -0.181641 0.618164 1310681873.481210
0.636719 -0.125977 0.551758 1310681873.525284
0.627930 -0.179688 0.577148 1310681873.548231
0.642578 -0.271484 0.567383 1310681873.569268
0.642578 -0.271484 0.567383 1310681873.615253
0.649414 -0.171875 0.585938 1310681873.639238
0.631836 -0.130859 0.554688 1310681873.684296
0.634766 -0.146484 0.548828 1310681873.706196
0.671875 -0.148438 0.512695 1310681873.749261
0.666992 -0.123047 0.518555 1310681873.771215
0.663086 -0.163086 0.554688 1310681873.815271
0.636719 -0.149414 0.554688 1310681873.836293
0.651367 -0.146484 0.544922 1310681873.883271
0.655273 -0.139648 0.550781 1310681873.905235
0.643555 -0.139648 0.550781 1310681873.928263
0.649414 -0.210938 0.578125 1310681873.973213
0.645508 -0.145508 0.557617 1310681874.015201
0.643555 -0.193359 0.555664 1310681874.038269
0.667969 -0.195312 0.541992 1310681874.060294
0.648438 -0.165039 0.580078 1310681874.104249
0.648438 -0.165039 0.580078 1310681874.126284
0.641602 -0.173828 0.566406 1310681874.171280
0.642578 -0.105469 0.584961 1310681874.194273
0.646484 -0.161133 0.569336 1310681874.218260
0.616211 -0.187500 0.615234 1310681874.261302
0.600586 -0.142578 0.569336 1310681874.288297
0.624023 -0.145508 0.584961 1310681874.331255
0.654297 -0.162109 0.521484 1310681874.354297
0.627930 -0.166016 0.547852 1310681874.397291
0.630859 -0.166992 0.590820 1310681874.419237
0.641602 -0.099609 0.608398 1310681874.458300
0.639648 -0.080078 0.564453 1310681874.483280
0.698242 -0.155273 0.598633 1310681874.509239
0.621094 -0.173828 0.585938 1310681874.586316
0.583984 -0.069336 0.583008 1310681874.588277
0.570312 0.003906 0.549805 1310681874.607303
0.637695 0.041992 0.496094 1310681874.650261
0.595703 -0.028320 0.547852 1310681874.673268
0.596680 -0.120117 0.563477 1310681874.717342
0.605469 -0.023438 0.580078 1310681874.744287
0.630859 0.066406 0.564453 1310681874.768303
0.652344 0.023438 0.559570 1310681874.811256
0.627930 0.128906 0.523438 1310681874.833304
0.586914 -0.044922 0.523438 1310681874.857266
0.483398 -0.088867 0.625000 1310681874.909276
0.672852 -0.091797 0.555664 1310681874.946254
0.697266 -0.176758 0.565430 1310681874.968284
0.586914 -0.034180 0.598633 1310681874.989257
0.672852 -0.058594 0.585938 1310681875.031228
0.640625 -0.063477 0.615234 1310681875.053270
0.621094 -0.108398 0.603516 1310681875.096253
0.584961 -0.100586 0.593750 1310681875.140274
0.557617 -0.054688 0.584961 1310681875.161312
0.624023 0.006836 0.572266 1310681875.184292
0.579102 -0.366211 0.570312 1310681875.226269
0.579102 -0.366211 0.570312 1310681875.248259
0.629883 -0.150391 0.578125 1310681875.303321
0.643555 -0.174805 0.558594 1310681875.329317
0.619141 -0.143555 0.613281 1310681875.373285
0.637695 -0.151367 0.559570 1310681875.394278
0.640625 -0.185547 0.569336 1310681875.416255
0.641602 -0.166016 0.557617 1310681875.438335
0.659180 -0.140625 0.557617 1310681875.484332
0.659180 -0.146484 0.568359 1310681875.529282
0.614258 -0.189453 0.563477 1310681875.538323
0.605469 -0.220703 0.532227 1310681875.589342
0.662109 -0.166992 0.572266 1310681875.613280
0.660156 -0.150391 0.560547 1310681875.656279
0.647461 -0.185547 0.558594 1310681875.679293
0.662109 -0.183594 0.561523 1310681875.700269
0.664062 -0.198242 0.541016 1310681875.744325
0.648438 -0.182617 0.542969 1310681875.766290
0.658203 -0.186523 0.567383 1310681875.825307
0.650391 -0.186523 0.567383 1310681875.826315
0.671875 -0.181641 0.545898 1310681875.893254
0.631836 -0.137695 0.568359 1310681875.894248
0.639648 -0.148438 0.571289 1310681875.929299
0.661133 -0.169922 0.578125 1310681875.973389
0.622070 -0.151367 0.548828 1310681875.995340
0.663086 -0.146484 0.542969 1310681876.021283
0.636719 -0.150391 0.588867 1310681876.065329
0.604492 -0.136719 0.551758 1310681876.089341
0.625977 -0.130859 0.609375 1310681876.134275
0.649414 -0.126953 0.580078 1310681876.178304
0.653320 -0.140625 0.612305 1310681876.179285
0.635742 -0.142578 0.612305 1310681876.223389
0.569336 -0.050781 0.569336 1310681876.266338
0.673828 -0.032227 0.547852 1310681876.289337
0.547852 -0.103516 0.572266 1310681876.331318
0.586914 0.041016 0.538086 1310681876.355271
0.664062 -0.190430 0.577148 1310681876.379339
0.615234 -0.065430 0.539062 1310681876.425254
0.662109 -0.016602 0.583984 1310681876.448338
0.632812 -0.112305 0.619141 1310681876.490339
0.585938 -0.079102 0.569336 1310681876.515311
0.603516 -0.017578 0.553711 1310681876.538346
0.638672 -0.205078 0.559570 1310681876.581341
0.624023 -0.080078 0.589844 1310681876.601354
0.698242 -0.074219 0.563477 1310681876.653334
0.608398 0.125000 0.545898 1310681876.675272
0.653320 -0.077148 0.567383 1310681876.698348
0.628906 -0.160156 0.601562 1310681876.740316
0.598633 -0.090820 0.600586 1310681876.784296
0.629883 -0.080078 0.587891 1310681876.806339
0.622070 -0.039062 0.592773 1310681876.829313
0.624023 -0.380859 0.541016 1310681876.875359
0.634766 -0.083008 0.546875 1310681876.898306
0.609375 -0.130859 0.546875 1310681876.919352
0.667969 -0.172852 0.600586 1310681876.962348
0.667969 -0.172852 0.600586 1310681876.983319
0.674805 -0.172852 0.600586 1310681877.025298
0.635742 -0.175781 0.583984 1310681877.070322
0.659180 -0.185547 0.551758 1310681877.094343
0.649414 -0.153320 0.542969 1310681877.146326
0.617188 -0.159180 0.578125 1310681877.171354
0.612305 -0.106445 0.579102 1310681877.191348
0.647461 -0.169922 0.557617 1310681877.214359
0.645508 -0.171875 0.520508 1310681877.258299
0.647461 -0.148438 0.576172 1310681877.279311
0.647461 -0.148438 0.576172 1310681877.321330
0.666992 -0.183594 0.518555 1310681877.350300
0.660156 -0.185547 0.544922 1310681877.393300
0.617188 -0.181641 0.584961 1310681877.415321
0.643555 -0.176758 0.558594 1310681877.438323
0.669922 -0.189453 0.577148 1310681877.481307
0.649414 -0.199219 0.571289 1310681877.525280
0.658203 -0.208008 0.575195 1310681877.546360
0.638672 -0.168945 0.595703 1310681877.589372
0.627930 -0.220703 0.548828 1310681877.615321
0.610352 -0.219727 0.579102 1310681877.637294
0.586914 -0.184570 0.569336 1310681877.661332
0.586914 -0.184570 0.569336 1310681877.710369
0.721680 -0.092773 0.618164 1310681877.737314
0.615234 -0.418945 0.597656 1310681877.761332
0.621094 -0.120117 0.595703 1310681877.812327
0.665039 -0.080078 0.640625 1310681877.835345
0.636719 -0.231445 0.653320 1310681877.856304
0.614258 -0.188477 0.697266 1310681877.902369
0.647461 -0.150391 0.718750 1310681877.950321
0.538086 -0.097656 0.708984 1310681877.971307
0.347656 0.022461 0.625000 1310681877.995288
0.189453 0.281250 0.602539 1310681878.016299
0.305664 0.454102 0.560547 1310681878.060334
0.700195 0.000977 0.070312 1310681878.125290
0.815430 -0.351562 -0.002930 1310681878.126295
1.107422 -0.413086 0.399414 1310681878.151322
0.935547 -0.138672 0.426758 1310681878.194334
0.843750 0.031250 0.656250 1310681878.220316
0.685547 0.137695 0.656250 1310681878.242317
0.909180 -0.047852 0.813477 1310681878.286315
0.515625 -0.284180 0.596680 1310681878.331300
0.781250 -0.268555 0.763672 1310681878.354319
-0.147461 0.152344 1.244141 1310681878.467345
-1.024414 -0.554688 1.976562 1310681878.469325
1.687500 1.567383 0.136719 1310681878.471328
0.541016 -0.440430 0.687500 1310681878.482354
0.517578 -0.201172 0.626953 1310681878.505334
0.600586 -0.245117 0.524414 1310681878.551336
0.603516 -0.044922 0.599609 1310681878.574380
0.620117 -0.158203 0.597656 1310681878.611348
0.656250 -0.178711 0.563477 1310681878.639386
0.648438 -0.123047 0.563477 1310681878.682390
0.651367 -0.145508 0.563477 1310681878.709355
0.627930 -0.159180 0.562500 1310681878.755309
0.639648 -0.144531 0.584961 1310681878.780328
