0.554688 -0.326172 0.616211 1310584266.074696
0.548828 -0.313477 0.602539 1310584266.116736
0.519531 -0.328125 0.621094 1310584266.139716
0.517578 -0.334961 0.616211 1310584266.183669
0.500977 -0.335938 0.655273 1310584266.206742
0.487305 -0.327148 0.701172 1310584266.227719
0.528320 -0.343750 0.662109 1310584266.250811
0.606445 -0.316406 0.616211 1310584266.294757
0.651367 -0.266602 0.552734 1310584266.332789
0.657227 -0.235352 0.520508 1310584266.355793
0.541016 -0.303711 0.467773 1310584266.396764
0.664062 -0.301758 0.462891 1310584266.419811
0.709961 -0.392578 0.544922 1310584266.460707
0.445312 -0.474609 0.600586 1310584266.484679
0.489258 -0.712891 0.513672 1310584266.531349
0.813477 -0.413086 0.601562 1310584266.552706
0.229492 -0.253906 0.821289 1310584266.614743
0.340820 -0.052734 1.020508 1310584266.615739
0.292969 -0.117188 0.465820 1310584266.637809
0.338867 -0.724609 0.548828 1310584266.681683
0.567383 -0.088867 0.548828 1310584266.705683
0.435547 -0.267578 0.670898 1310584266.752687
0.537109 -0.222656 0.656250 1310584266.795761
0.466797 -0.262695 0.660156 1310584266.812794
0.466797 -0.262695 0.660156 1310584266.847733
0.479492 -0.267578 0.687500 1310584266.872752
0.491211 -0.226562 0.684570 1310584266.917765
0.468750 -0.257812 0.678711 1310584266.937684
0.503906 -0.296875 0.715820 1310584267.001781
0.449219 -0.242188 0.698242 1310584267.002773
0.426758 -0.252930 0.721680 1310584267.024776
0.428711 -0.252930 0.721680 1310584267.067685
0.334961 -0.318359 0.622070 1310584267.116744
0.417969 -0.386719 0.601562 1310584267.137690
0.311523 -0.455078 0.556641 1310584267.160730
0.569336 -0.278320 0.706055 1310584267.199821
0.463867 -0.335938 0.624023 1310584267.242768
0.482422 -0.257812 0.717773 1310584267.265817
0.463867 -0.315430 0.664062 1310584267.307735
0.456055 -0.314453 0.677734 1310584267.331826
0.497070 -0.313477 0.646484 1310584267.355826
0.478516 -0.322266 0.695312 1310584267.380817
0.477539 -0.314453 0.652344 1310584267.424751
0.487305 -0.352539 0.665039 1310584267.455767
0.480469 -0.341797 0.631836 1310584267.497826
0.513672 -0.327148 0.599609 1310584267.519821
0.479492 -0.354492 0.646484 1310584267.542779
0.456055 -0.354492 0.646484 1310584267.612813
0.499023 -0.312500 0.700195 1310584267.627782
0.459961 -0.292969 0.665039 1310584267.650700
0.436523 -0.332031 0.630859 1310584267.694700
0.486328 -0.298828 0.638672 1310584267.716753
0.503906 -0.310547 0.657227 1310584267.739698
0.513672 -0.339844 0.657227 1310584267.763702
0.458008 -0.307617 0.656250 1310584267.819755
0.489258 -0.327148 0.633789 1310584267.841793
0.471680 -0.295898 0.660156 1310584267.884825
0.461914 -0.316406 0.664062 1310584267.906728
0.482422 -0.337891 0.686523 1310584267.929697
0.475586 -0.316406 0.673828 1310584267.974738
0.496094 -0.347656 0.647461 1310584268.016706
0.502930 -0.320312 0.668945 1310584268.037741
0.491211 -0.320312 0.654297 1310584268.060770
0.452148 -0.340820 0.628906 1310584268.105830
0.491211 -0.356445 0.703125 1310584268.129710
0.477539 -0.311523 0.627930 1310584268.172731
0.498047 -0.311523 0.627930 1310584268.194725
