0.526367 -0.054688 0.650391 1309564492.526783
0.489258 -0.035156 0.661133 1309564492.548779
0.459961 -0.040039 0.624023 1309564492.572758
0.524414 -0.060547 0.645508 1309564492.615790
0.522461 -0.091797 0.676758 1309564492.664801
0.516602 -0.074219 0.683594 1309564492.691773
0.508789 -0.074219 0.663086 1309564492.713785
0.519531 -0.023438 0.646484 1309564492.757797
0.500000 -0.028320 0.669922 1309564492.799790
0.476562 -0.043945 0.654297 1309564492.801776
0.460938 -0.045898 0.689453 1309564492.824800
0.500977 -0.032227 0.663086 1309564492.868791
0.502930 -0.086914 0.687500 1309564492.914784
0.468750 -0.055664 0.671875 1309564492.934745
0.502930 -0.069336 0.677734 1309564492.979783
0.477539 -0.068359 0.674805 1309564492.999764
0.512695 -0.050781 0.666016 1309564493.064804
0.483398 -0.058594 0.649414 1309564493.067778
0.507812 -0.079102 0.649414 1309564493.111770
0.487305 -0.024414 0.650391 1309564493.136788
0.528320 -0.054688 0.644531 1309564493.157786
0.534180 -0.005859 0.635742 1309564493.202058
0.514648 -0.027344 0.662109 1309564493.223800
0.512695 -0.041016 0.662109 1309564493.245764
0.512695 -0.041016 0.662109 1309564493.288812
0.483398 -0.048828 0.647461 1309564493.327762
0.472656 -0.056641 0.684570 1309564493.349779
0.513672 -0.052734 0.670898 1309564493.393806
0.495117 -0.052734 0.670898 1309564493.418775
0.507812 -0.074219 0.648438 1309564493.463800
0.508789 -0.030273 0.621094 1309564493.501793
0.531250 -0.056641 0.669922 1309564493.526807
0.555664 -0.052734 0.681641 1309564493.554776
0.508789 -0.082031 0.640625 1309564493.578782
0.492188 -0.066406 0.663086 1309564493.621815
0.503906 -0.048828 0.681641 1309564493.666784
0.497070 -0.060547 0.694336 1309564493.667763
0.535156 -0.091797 0.671875 1309564493.731779
0.528320 -0.073242 0.671875 1309564493.733766
0.542969 -0.062500 0.666992 1309564493.777817
0.537109 -0.043945 0.674805 1309564493.819790
0.513672 -0.069336 0.659180 1309564493.843782
0.462891 -0.100586 0.667969 1309564493.902786
0.515625 -0.076172 0.624023 1309564493.987790
0.489258 -0.024414 0.654297 1309564494.006794
0.483398 -0.041016 0.636719 1309564494.007773
0.480469 -0.053711 0.664062 1309564494.029778
0.519531 -0.023438 0.668945 1309564494.071826
0.497070 -0.062500 0.668945 1309564494.072799
0.481445 -0.070312 0.668945 1309564494.094778
0.500977 -0.062500 0.656250 1309564494.137764
0.472656 -0.042969 0.687500 1309564494.161780
0.474609 -0.042969 0.687500 1309564494.206795
0.531250 -0.058594 0.666992 1309564494.248820
0.483398 -0.049805 0.679688 1309564494.251812
0.487305 -0.066406 0.683594 1309564494.294820
0.501953 -0.060547 0.639648 1309564494.339830
0.537109 -0.012695 0.613281 1309564494.384806
0.287109 -0.012695 0.613281 1309564494.401838
0.520508 -0.057617 0.665039 1309564494.437826
0.505859 -0.035156 0.631836 1309564494.459805
0.540039 -0.035156 0.650391 1309564494.482835
0.518555 -0.032227 0.628906 1309564494.528949
0.529297 -0.032227 0.628906 1309564494.551829
0.469727 0.011719 0.635742 1309564494.616820
0.497070 -0.036133 0.634766 1309564494.618821
0.468750 -0.039062 0.679688 1309564494.638798
0.460938 -0.012695 0.662109 1309564494.681819
0.501953 -0.040039 0.666016 1309564494.703846
0.506836 -0.059570 0.708984 1309564494.746804
0.517578 -0.072266 0.680664 1309564494.769824
0.486328 -0.032227 0.649414 1309564494.812845
0.508789 -0.035156 0.671875 1309564494.836835
0.519531 -0.045898 0.646484 1309564494.883816
0.457031 -0.025391 0.671875 1309564494.885818
0.529297 -0.083008 0.662109 1309564494.931828
0.514648 -0.080078 0.684570 1309564494.972803
0.495117 -0.033203 0.681641 1309564494.993842
0.488281 -0.036133 0.639648 1309564495.039837
0.523438 -0.054688 0.658203 1309564495.063859
0.507812 -0.034180 0.666992 1309564495.083915
0.541016 -0.034180 0.666992 1309564495.131826
0.519531 -0.049805 0.662109 1309564495.152838
0.500000 -0.044922 0.661133 1309564495.259838
0.483398 -0.065430 0.666992 1309564495.281835
0.503906 -0.050781 0.657227 1309564495.299826
0.512695 -0.050781 0.657227 1309564495.301809
0.501953 -0.055664 0.619141 1309564495.323805
0.506836 -0.066406 0.648438 1309564495.346839
0.541992 -0.042969 0.629883 1309564495.389837
0.520508 -0.046875 0.634766 1309564495.414862
0.522461 -0.030273 0.640625 1309564495.443838
0.512695 -0.041016 0.640625 1309564495.466829
0.518555 -0.042969 0.646484 1309564495.509840
0.529297 -0.032227 0.667969 1309564495.553821
0.535156 -0.046875 0.659180 1309564495.576843
0.478516 -0.019531 0.655273 1309564495.618839
0.500000 -0.074219 0.660156 1309564495.641847
0.492188 -0.047852 0.674805 1309564495.667818
0.512695 -0.029297 0.730469 1309564495.709843
0.504883 -0.046875 0.651367 1309564495.756847
0.519531 -0.041016 0.670898 1309564495.778847
0.505859 -0.041016 0.644531 1309564495.802837
0.536133 -0.023438 0.660156 1309564495.822847
0.506836 -0.032227 0.641602 1309564495.866840
0.499023 -0.030273 0.641602 1309564495.889863
0.531250 -0.033203 0.627930 1309564495.932843
0.516602 -0.022461 0.645508 1309564495.976855
0.505859 -0.042969 0.664062 1309564495.998847
0.501953 -0.028320 0.664062 1309564496.032844
0.553711 -0.050781 0.666016 1309564496.076856
0.508789 -0.048828 0.671875 1309564496.098849
0.532227 -0.034180 0.643555 1309564496.142866
0.526367 -0.031250 0.673828 1309564496.164849
0.515625 -0.041992 0.685547 1309564496.189853
0.495117 -0.001953 0.685547 1309564496.211853
0.496094 -0.021484 0.678711 1309564496.254851
0.526367 -0.031250 0.650391 1309564496.299852
0.501953 -0.037109 0.668945 1309564496.321850
0.521484 -0.033203 0.658203 1309564496.367852
0.511719 -0.030273 0.659180 1309564496.393869
0.498047 -0.045898 0.663086 1309564496.406855
0.527344 -0.015625 0.636719 1309564496.453860
0.514648 -0.081055 0.681641 1309564496.476864
