0.590820 -0.093750 0.605469 1310680095.233635
0.591797 -0.213867 0.610352 1310680095.278620
0.612305 -0.113281 0.655273 1310680095.294575
0.507812 -0.050781 0.655273 1310680095.297658
0.584961 -0.165039 0.621094 1310680095.319669
0.584961 -0.165039 0.621094 1310680095.364700
0.638672 0.031250 0.531250 1310680095.393607
0.586914 -0.016602 0.471680 1310680095.417592
0.652344 0.039062 0.467773 1310680095.459691
0.746094 -0.052734 0.514648 1310680095.506664
0.490234 0.048828 0.932617 1310680095.507697
0.418945 0.019531 0.971680 1310680095.567697
0.407227 -0.033203 1.028320 1310680095.594641
0.744141 -0.131836 0.819336 1310680095.616696
1.277344 -0.410156 0.532227 1310680095.644708
1.567383 -0.152344 -0.707031 1310680095.698636
1.154297 -0.881836 -0.381836 1310680095.699620
-0.030273 0.236328 -0.843750 1310680095.747269
-0.281250 0.158203 -1.036133 1310680095.791682
0.339844 -0.218750 -0.607422 1310680095.813676
0.478516 -0.070312 -0.283203 1310680095.836710
1.318359 1.028320 0.266602 1310680095.882697
-0.568359 -0.536133 0.913086 1310680095.904710
-0.230469 -1.685547 1.644531 1310680095.959690
0.888672 -1.186523 0.575195 1310680095.992662
0.838867 0.276367 0.304688 1310680095.993614
0.933594 0.330078 0.050781 1310680096.048706
0.421875 -0.103516 1.035156 1310680096.072706
0.412109 -0.046875 1.061523 1310680096.094667
0.431641 0.116211 1.104492 1310680096.137706
0.593750 -0.248047 0.527344 1310680096.167676
1.405273 -0.242188 0.294922 1310680096.202635
1.014648 -0.051758 -0.567383 1310680096.224679
0.870117 -0.379883 -0.298828 1310680096.267706
0.120117 -0.379883 -0.298828 1310680096.289671
-0.352539 0.035156 -0.876953 1310680096.332710
0.360352 -0.191406 -0.505859 1310680096.353704
-0.566406 -0.201172 -1.032227 1310680096.397702
0.580078 0.087891 0.673828 1310680096.418702
0.445312 0.332031 1.150391 1310680096.539646
0.378906 -0.520508 0.900391 1310680096.541623
0.810547 0.271484 0.386719 1310680096.563648
0.564453 -0.003906 0.688477 1310680096.564641
0.515625 0.033203 0.763672 1310680096.589725
0.420898 0.100586 1.128906 1310680096.611663
0.275391 0.016602 1.013672 1310680096.634611
1.163086 -0.153320 0.623047 1310680096.678717
1.913086 -0.153320 0.623047 1310680096.701727
1.238281 -0.102539 -0.374023 1310680096.746725
0.933594 -0.462891 -0.008789 1310680096.788679
0.346680 -0.132812 -0.248047 1310680096.829724
-0.204102 0.137695 -0.694336 1310680096.831718
-0.183594 0.000977 -0.694336 1310680096.876727
1.999023 -1.151367 -1.972656 1310680096.919679
-0.547852 0.367188 0.542969 1310680096.946740
0.768555 -0.233398 0.784180 1310680096.982682
0.229492 -0.590820 1.080078 1310680097.001732
-0.278320 -0.185547 1.080078 1310680097.024739
0.728516 -0.185547 1.080078 1310680097.069735
0.854492 0.199219 0.262695 1310680097.099690
0.453125 0.047852 0.890625 1310680097.128740
0.448242 0.010742 1.077148 1310680097.171688
0.475586 -0.255859 0.813477 1310680097.192693
1.551758 -0.229492 0.563477 1310680097.215735
1.170898 0.033203 0.289062 1310680097.262687
1.576172 -0.335938 0.049805 1310680097.304727
1.097656 -0.370117 -0.071289 1310680097.326725
0.052734 0.106445 -0.639648 1310680097.349734
-0.158203 0.262695 -0.845703 1310680097.392707
-0.158203 0.262695 -0.845703 1310680097.413671
0.268555 -0.255859 -0.536133 1310680097.457738
1.999023 -0.467773 0.127930 1310680097.479731
-0.542969 -0.494141 0.897461 1310680097.546699
1.269531 -0.830078 1.132812 1310680097.547736
0.374023 -0.282227 0.590820 1310680097.569738
0.720703 0.351562 0.511719 1310680097.617738
0.544922 -0.019531 0.710938 1310680097.632751
0.432617 0.137695 0.967773 1310680097.683678
0.177734 -0.004883 0.964844 1310680097.704712
0.414062 -0.205078 0.521484 1310680097.801745
1.312500 -0.295898 0.598633 1310680097.802738
0.637695 -0.306641 -0.366211 1310680097.818680
1.117188 -0.456055 -0.288086 1310680097.863746
0.336914 0.117188 -0.527344 1310680097.864740
-0.555664 0.318359 -1.002930 1310680097.907699
0.125977 -0.155273 -0.696289 1310680097.929743
1.999023 -1.998047 -1.972656 1310680097.974754
0.244141 0.154297 0.445312 1310680097.997738
0.777344 0.748047 0.545898 1310680098.031753
0.530273 0.378906 1.368164 1310680098.076751
0.821289 -0.965820 1.482422 1310680098.098754
0.457031 0.247070 0.728516 1310680098.122740
0.557617 -0.041016 0.671875 1310680098.169758
0.581055 -0.096680 0.602539 1310680098.213750
0.613281 -0.048828 0.607422 1310680098.236757
0.572266 -0.090820 0.625000 1310680098.258746
0.598633 -0.090820 0.608398 1310680098.302728
0.583008 -0.093750 0.558594 1310680098.324746
0.583008 -0.093750 0.558594 1310680098.346758
0.586914 -0.044922 0.599609 1310680098.393743
0.594727 -0.121094 0.585938 1310680098.417699
0.628906 -0.017578 0.625977 1310680098.462692
0.627930 -0.094727 0.622070 1310680098.484727
0.672852 -0.089844 0.619141 1310680098.507758
0.629883 -0.097656 0.619141 1310680098.554753
0.639648 -0.112305 0.571289 1310680098.589757
0.542969 -0.159180 0.611328 1310680098.636705
0.639648 -0.114258 0.570312 1310680098.638755
0.659180 -0.095703 0.551758 1310680098.682760
0.643555 -0.142578 0.585938 1310680098.704758
0.632812 -0.112305 0.573242 1310680098.748730
0.616211 -0.085938 0.568359 1310680098.770756
