0.615234 -0.165039 0.568359 1310682142.192436
0.643555 -0.180664 0.584961 1310682142.213463
0.643555 -0.180664 0.584961 1310682142.238521
0.618164 -0.175781 0.591797 1310682142.285445
0.642578 -0.189453 0.596680 1310682142.308441
0.590820 -0.159180 0.563477 1310682142.353468
0.645508 -0.162109 0.578125 1310682142.391429
0.626953 -0.208984 0.564453 1310682142.412519
0.639648 -0.186523 0.564453 1310682142.434469
0.600586 -0.171875 0.600586 1310682142.472500
0.611328 -0.149414 0.579102 1310682142.497458
0.596680 -0.150391 0.573242 1310682142.535490
0.613281 -0.143555 0.583984 1310682142.562441
0.608398 -0.128906 0.569336 1310682142.606466
0.630859 -0.204102 0.587891 1310682142.630448
0.627930 -0.176758 0.583984 1310682142.675465
0.615234 -0.168945 0.616211 1310682142.699520
0.623047 -0.183594 0.591797 1310682142.722441
0.621094 -0.148438 0.570312 1310682142.768527
0.610352 -0.180664 0.554688 1310682142.794511
0.612305 -0.180664 0.554688 1310682142.842541
0.608398 -0.148438 0.588867 1310682142.874476
0.628906 -0.218750 0.595703 1310682142.896447
0.647461 -0.188477 0.592773 1310682142.917536
0.652344 -0.176758 0.590820 1310682142.961531
0.640625 -0.171875 0.590820 1310682142.985484
0.639648 -0.173828 0.562500 1310682143.033493
0.623047 -0.184570 0.585938 1310682143.054448
0.624023 -0.170898 0.592773 1310682143.077484
0.590820 -0.142578 0.587891 1310682143.122490
0.636719 -0.182617 0.574219 1310682143.144455
0.624023 -0.193359 0.595703 1310682143.188529
0.630859 -0.187500 0.585938 1310682143.213490
0.577148 -0.140625 0.586914 1310682143.256521
0.623047 -0.187500 0.575195 1310682143.277454
0.631836 -0.175781 0.581055 1310682143.321534
0.596680 -0.175781 0.566406 1310682143.347478
0.596680 -0.175781 0.566406 1310682143.371455
0.596680 -0.175781 0.566406 1310682143.393496
0.637695 -0.181641 0.589844 1310682143.441472
0.612305 -0.204102 0.571289 1310682143.463478
0.599609 -0.172852 0.583984 1310682143.508476
0.642578 -0.153320 0.582031 1310682143.531484
0.607422 -0.184570 0.565430 1310682143.577474
0.629883 -0.202148 0.574219 1310682143.598490
0.643555 -0.145508 0.568359 1310682143.673481
0.609375 -0.155273 0.581055 1310682143.674461
0.608398 -0.169922 0.591797 1310682143.693464
0.620117 -0.166016 0.581055 1310682143.716475
0.664062 -0.166016 0.581055 1310682143.758490
0.633789 -0.169922 0.566406 1310682143.797491
0.616211 -0.156250 0.586914 1310682143.821499
0.635742 -0.189453 0.583008 1310682143.864538
0.631836 -0.168945 0.599609 1310682143.888691
0.592773 -0.155273 0.599609 1310682143.915486
0.614258 -0.179688 0.577148 1310682143.958460
0.609375 -0.166016 0.530273 1310682144.004511
0.624023 -0.166992 0.593750 1310682144.027508
0.639648 -0.163086 0.575195 1310682144.051478
0.625000 -0.175781 0.580078 1310682144.083533
0.608398 -0.171875 0.555664 1310682144.111469
0.654297 -0.170898 0.623047 1310682144.153487
0.617188 -0.163086 0.589844 1310682144.177499
0.644531 -0.154297 0.581055 1310682144.219439
0.613281 -0.181641 0.614258 1310682144.241437
0.611328 -0.146484 0.572266 1310682144.284456
0.561523 -0.169922 0.571289 1310682144.307454
0.624023 -0.210938 0.570312 1310682144.332462
0.605469 -0.212891 0.570312 1310682144.375462
0.637695 -0.203125 0.591797 1310682144.422454
0.648438 -0.181641 0.612305 1310682144.443554
0.616211 -0.169922 0.593750 1310682144.474451
0.638672 -0.197266 0.593750 1310682144.497472
0.647461 -0.179688 0.598633 1310682144.528461
0.646484 -0.193359 0.570312 1310682144.581519
0.622070 -0.135742 0.571289 1310682144.602508
0.619141 -0.163086 0.569336 1310682144.646500
0.634766 -0.205078 0.606445 1310682144.669473
0.650391 -0.216797 0.575195 1310682144.692466
0.606445 -0.156250 0.580078 1310682144.734483
0.647461 -0.171875 0.600586 1310682144.757506
0.625000 -0.172852 0.556641 1310682144.786506
0.627930 -0.164062 0.578125 1310682144.832564
0.632812 -0.188477 0.593750 1310682144.854482
0.643555 -0.188477 0.593750 1310682144.876549
0.624023 -0.188477 0.583008 1310682144.914550
0.604492 -0.162109 0.573242 1310682144.976489
0.619141 -0.158203 0.549805 1310682144.977479
0.607422 -0.160156 0.582031 1310682145.021502
0.626953 -0.149414 0.582031 1310682145.065516
0.625977 -0.175781 0.578125 1310682145.088505
0.618164 -0.205078 0.602539 1310682145.109494
0.615234 -0.208008 0.596680 1310682145.154495
0.621094 -0.200195 0.580078 1310682145.177495
0.639648 -0.173828 0.577148 1310682145.223524
0.650391 -0.187500 0.577148 1310682145.246521
0.612305 -0.162109 0.587891 1310682145.292582
0.625000 -0.206055 0.558594 1310682145.327496
0.625000 -0.171875 0.568359 1310682145.348540
0.626953 -0.186523 0.577148 1310682145.373510
0.621094 -0.169922 0.597656 1310682145.396497
0.621094 -0.169922 0.597656 1310682145.439502
0.642578 -0.170898 0.583008 1310682145.463525
0.629883 -0.173828 0.577148 1310682145.511499
0.631836 -0.167969 0.578125 1310682145.532538
0.610352 -0.125000 0.581055 1310682145.578590
0.604492 -0.154297 0.586914 1310682145.599523
0.657227 -0.167969 0.563477 1310682145.647502
0.618164 -0.184570 0.603516 1310682145.669515
0.612305 -0.175781 0.587891 1310682145.712499
0.619141 -0.187500 0.576172 1310682145.734511
0.625000 -0.201172 0.573242 1310682145.756503
0.601562 -0.152344 0.593750 1310682145.778593
0.609375 -0.198242 0.593750 1310682145.821513
0.640625 -0.184570 0.580078 1310682145.871517
0.643555 -0.166992 0.510742 1310682145.893504
0.607422 -0.171875 0.578125 1310682145.914507
0.612305 -0.152344 0.581055 1310682145.964505
0.608398 -0.182617 0.581055 1310682145.990567
0.625977 -0.155273 0.563477 1310682146.033584
0.625000 -0.142578 0.575195 1310682146.056547
0.618164 -0.171875 0.569336 1310682146.081538
0.599609 -0.186523 0.581055 1310682146.104566
0.599609 -0.166016 0.602539 1310682146.149524
0.639648 -0.204102 0.580078 1310682146.177549
0.611328 -0.204102 0.580078 1310682146.248513
0.618164 -0.187500 0.583984 1310682146.263514
0.628906 -0.185547 0.572266 1310682146.284532
0.650391 -0.162109 0.573242 1310682146.307503
0.635742 -0.228516 0.592773 1310682146.329541
0.635742 -0.228516 0.592773 1310682146.373506
0.631836 -0.171875 0.568359 1310682146.397514
0.621094 -0.185547 0.571289 1310682146.442509
0.636719 -0.179688 0.585938 1310682146.468501
0.625000 -0.185547 0.577148 1310682146.516571
0.628906 -0.179688 0.573242 1310682146.539582
0.628906 -0.179688 0.573242 1310682146.563559
0.660156 -0.181641 0.582031 1310682146.597550
0.660156 -0.181641 0.582031 1310682146.621600
0.659180 -0.180664 0.542969 1310682146.671568
0.599609 -0.188477 0.610352 1310682146.693573
0.642578 -0.172852 0.535156 1310682146.719527
0.643555 -0.144531 0.563477 1310682146.764548
0.618164 -0.158203 0.572266 1310682146.786574
0.662109 -0.174805 0.582031 1310682146.836601
0.593750 -0.150391 0.583008 1310682146.857533
0.608398 -0.153320 0.510742 1310682146.901571
0.620117 -0.160156 0.611328 1310682146.923539
0.600586 -0.169922 0.593750 1310682146.966603
0.634766 -0.171875 0.592773 1310682146.991614
0.624023 -0.176758 0.580078 1310682147.016618
0.641602 -0.197266 0.570312 1310682147.039572
0.611328 -0.176758 0.595703 1310682147.082540
0.643555 -0.148438 0.595703 1310682147.105585
0.616211 -0.204102 0.573242 1310682147.148607
0.610352 -0.167969 0.582031 1310682147.176621
0.642578 -0.147461 0.584961 1310682147.204556
0.634766 -0.187500 0.585938 1310682147.251618
0.637695 -0.182617 0.590820 1310682147.274550
0.619141 -0.169922 0.590820 1310682147.317623
0.632812 -0.157227 0.555664 1310682147.338603
0.618164 -0.167969 0.583008 1310682147.381565
0.629883 -0.150391 0.583984 1310682147.402559
0.620117 -0.166016 0.565430 1310682147.424610
0.616211 -0.181641 0.591797 1310682147.463544
0.616211 -0.181641 0.591797 1310682147.536592
0.621094 -0.190430 0.595703 1310682147.551570
0.631836 -0.200195 0.578125 1310682147.572587
0.625977 -0.185547 0.596680 1310682147.594558
0.638672 -0.191406 0.596680 1310682147.617612
0.607422 -0.148438 0.591797 1310682147.661619
0.608398 -0.179688 0.598633 1310682147.703625
0.617188 -0.211914 0.600586 1310682147.726562
0.641602 -0.154297 0.580078 1310682147.762563
0.615234 -0.139648 0.573242 1310682147.787613
0.622070 -0.171875 0.586914 1310682147.813590
0.640625 -0.178711 0.576172 1310682147.841560
0.631836 -0.148438 0.590820 1310682147.884642
0.621094 -0.192383 0.564453 1310682147.916624
0.621094 -0.192383 0.564453 1310682147.934619
0.624023 -0.177734 0.601562 1310682147.982592
0.618164 -0.159180 0.581055 1310682148.026577
0.621094 -0.157227 0.581055 1310682148.047582
0.653320 -0.208984 0.539062 1310682148.072566
0.615234 -0.195312 0.608398 1310682148.121584
0.610352 -0.183594 0.588867 1310682148.163562
0.627930 -0.158203 0.587891 1310682148.186600
0.629883 -0.158203 0.583984 1310682148.208631
0.616211 -0.177734 0.570312 1310682148.232550
0.664062 -0.144531 0.563477 1310682148.276588
0.630859 -0.164062 0.560547 1310682148.318630
0.632812 -0.198242 0.583008 1310682148.341565
0.640625 -0.153320 0.589844 1310682148.363553
0.595703 -0.156250 0.579102 1310682148.408569
0.595703 -0.156250 0.579102 1310682148.431563
0.608398 -0.177734 0.594727 1310682148.476594
0.630859 -0.189453 0.594727 1310682148.498624
0.629883 -0.151367 0.562500 1310682148.523605
0.615234 -0.169922 0.585938 1310682148.568646
0.623047 -0.143555 0.573242 1310682148.592572
0.626953 -0.168945 0.541992 1310682148.636594
0.624023 -0.185547 0.541992 1310682148.662599
0.624023 -0.181641 0.596680 1310682148.699636
0.639648 -0.166016 0.565430 1310682148.724607
0.618164 -0.220703 0.579102 1310682148.748602
0.612305 -0.166016 0.569336 1310682148.791654
0.625977 -0.197266 0.575195 1310682148.828634
0.601562 -0.185547 0.555664 1310682148.849551
0.654297 -0.191406 0.555664 1310682148.894580
0.617188 -0.182617 0.576172 1310682148.916642
0.616211 -0.219727 0.609375 1310682148.959654
0.629883 -0.171875 0.573242 1310682148.983642
0.645508 -0.169922 0.584961 1310682149.027651
0.649414 -0.175781 0.590820 1310682149.049597
0.642578 -0.185547 0.566406 1310682149.073641
0.631836 -0.174805 0.562500 1310682149.117640
0.648438 -0.199219 0.565430 1310682149.138639
0.627930 -0.183594 0.565430 1310682149.182654
0.641602 -0.170898 0.571289 1310682149.221649
0.607422 -0.186523 0.602539 1310682149.243592
0.629883 -0.168945 0.577148 1310682149.266614
0.618164 -0.190430 0.567383 1310682149.311658
0.584961 -0.167969 0.601562 1310682149.334649
0.628906 -0.159180 0.569336 1310682149.356638
0.635742 -0.184570 0.560547 1310682149.413618
0.637695 -0.169922 0.541016 1310682149.434603
0.618164 -0.202148 0.543945 1310682149.478658
0.618164 -0.175781 0.593750 1310682149.501593
0.610352 -0.177734 0.567383 1310682149.523601
0.610352 -0.177734 0.567383 1310682149.547620
0.593750 -0.151367 0.567383 1310682149.592626
0.652344 -0.184570 0.564453 1310682149.634617
0.656250 -0.185547 0.569336 1310682149.659647
0.630859 -0.152344 0.568359 1310682149.703669
0.599609 -0.153320 0.584961 1310682149.724591
0.606445 -0.191406 0.598633 1310682149.768659
0.659180 -0.198242 0.586914 1310682149.793628
0.592773 -0.181641 0.586914 1310682149.814616
0.647461 -0.170898 0.599609 1310682149.858582
0.654297 -0.168945 0.572266 1310682149.881605
0.625977 -0.179688 0.599609 1310682149.904603
0.673828 -0.180664 0.599609 1310682149.946578
0.628906 -0.192383 0.555664 1310682149.997583
0.634766 -0.152344 0.520508 1310682150.019616
0.591797 -0.149414 0.618164 1310682150.043612
0.620117 -0.163086 0.592773 1310682150.096671
0.609375 -0.175781 0.592773 1310682150.097589
0.621094 -0.154297 0.556641 1310682150.144618
0.625977 -0.159180 0.577148 1310682150.167664
0.652344 -0.175781 0.576172 1310682150.229626
0.623047 -0.155273 0.549805 1310682150.251623
0.647461 -0.156250 0.581055 1310682150.272634
0.609375 -0.167969 0.606445 1310682150.293698
0.575195 -0.166992 0.600586 1310682150.337603
0.612305 -0.148438 0.582031 1310682150.361613
0.631836 -0.170898 0.571289 1310682150.406600
0.638672 -0.158203 0.564453 1310682150.427246
0.601562 -0.173828 0.584961 1310682150.471606
0.642578 -0.160156 0.584961 1310682150.492601
0.607422 -0.145508 0.541992 1310682150.536679
0.577148 -0.142578 0.596680 1310682150.558602
0.666016 -0.171875 0.570312 1310682150.603611
0.627930 -0.195312 0.593750 1310682150.624662
0.590820 -0.179688 0.586914 1310682150.668671
0.625977 -0.179688 0.586914 1310682150.692626
0.637695 -0.171875 0.560547 1310682150.716689
0.643555 -0.152344 0.584961 1310682150.752674
0.645508 -0.186523 0.604492 1310682150.796606
0.653320 -0.166016 0.547852 1310682150.819692
0.606445 -0.161133 0.539062 1310682150.854603
0.625000 -0.155273 0.548828 1310682150.878653
0.606445 -0.166992 0.597656 1310682150.914699
0.592773 -0.152344 0.591797 1310682150.938635
0.615234 -0.167969 0.588867 1310682150.988646
0.592773 -0.187500 0.576172 1310682151.014653
0.631836 -0.168945 0.549805 1310682151.037631
0.620117 -0.152344 0.587891 1310682151.081625
0.634766 -0.164062 0.586914 1310682151.112695
0.633789 -0.274414 0.566406 1310682151.154616
0.612305 -0.183594 0.581055 1310682151.177690
0.570312 -0.148438 0.559570 1310682151.198612
0.647461 -0.167969 0.559570 1310682151.222635
0.642578 -0.197266 0.577148 1310682151.286624
0.601562 -0.204102 0.564453 1310682151.308636
0.614258 -0.219727 0.581055 1310682151.332615
0.617188 -0.188477 0.570312 1310682151.383604
0.612305 -0.164062 0.583984 1310682151.408651
0.618164 -0.164062 0.583984 1310682151.431619
0.651367 -0.162109 0.572266 1310682151.474639
0.651367 -0.195312 0.550781 1310682151.496641
0.624023 -0.181641 0.600586 1310682151.538704
0.588867 -0.175781 0.578125 1310682151.559626
0.630859 -0.132812 0.560547 1310682151.582614
0.630859 -0.132812 0.560547 1310682151.627622
0.646484 -0.176758 0.582031 1310682151.651707
0.649414 -0.176758 0.586914 1310682151.693623
0.623047 -0.134766 0.597656 1310682151.737683
0.590820 -0.143555 0.554688 1310682151.758644
0.617188 -0.165039 0.591797 1310682151.779625
0.625000 -0.144531 0.581055 1310682151.823707
0.629883 -0.176758 0.539062 1310682151.846664
0.627930 -0.208984 0.575195 1310682151.891644
0.640625 -0.156250 0.567383 1310682151.912704
0.651367 -0.134766 0.583008 1310682151.958666
0.660156 -0.181641 0.552734 1310682151.975657
0.641602 -0.156250 0.587891 1310682152.023699
0.612305 -0.130859 0.584961 1310682152.046668
0.626953 -0.174805 0.584961 1310682152.089630
0.643555 -0.126953 0.565430 1310682152.114669
0.625977 -0.154297 0.585938 1310682152.138714
0.635742 -0.167969 0.609375 1310682152.161713
0.612305 -0.162109 0.563477 1310682152.206669
0.611328 -0.148438 0.584961 1310682152.248657
0.636719 -0.186523 0.551758 1310682152.271674
0.674805 -0.151367 0.554688 1310682152.303664
0.635742 -0.149414 0.553711 1310682152.324702
0.613281 -0.149414 0.553711 1310682152.369705
0.634766 -0.152344 0.599609 1310682152.414713
0.624023 -0.156250 0.587891 1310682152.437650
0.658203 -0.151367 0.587891 1310682152.459659
0.611328 -0.158203 0.583984 1310682152.484711
0.621094 -0.141602 0.573242 1310682152.524718
0.621094 -0.141602 0.573242 1310682152.547654
0.588867 -0.144531 0.577148 1310682152.591717
0.628906 -0.157227 0.557617 1310682152.686729
0.640625 -0.169922 0.565430 1310682152.707708
0.622070 -0.184570 0.585938 1310682152.708643
0.628906 -0.152344 0.606445 1310682152.728690
0.597656 -0.125000 0.604492 1310682152.750666
0.620117 -0.161133 0.599609 1310682152.794670
0.618164 -0.163086 0.549805 1310682152.838686
0.665039 -0.164062 0.577148 1310682152.841665
0.630859 -0.166992 0.568359 1310682152.884658
0.620117 -0.168945 0.579102 1310682152.907705
0.620117 -0.145508 0.595703 1310682152.953656
0.626953 -0.183594 0.527344 1310682152.976697
0.616211 -0.164062 0.581055 1310682153.018718
0.635742 -0.154297 0.575195 1310682153.042685
0.597656 -0.131836 0.558594 1310682153.063671
0.562500 -0.144531 0.587891 1310682153.108657
0.635742 -0.149414 0.552734 1310682153.133664
0.659180 -0.171875 0.574219 1310682153.173687
0.650391 -0.162109 0.590820 1310682153.196676
0.600586 -0.138672 0.634766 1310682153.242701
0.623047 -0.147461 0.587891 1310682153.266733
0.632812 -0.161133 0.587891 1310682153.294722
0.635742 -0.142578 0.565430 1310682153.325726
0.621094 -0.167969 0.557617 1310682153.368727
0.649414 -0.156250 0.546875 1310682153.391691
0.660156 -0.171875 0.545898 1310682153.419742
0.616211 -0.157227 0.597656 1310682153.462687
0.602539 -0.175781 0.606445 1310682153.484736
0.608398 -0.171875 0.570312 1310682153.529695
0.612305 -0.144531 0.561523 1310682153.551655
0.599609 -0.164062 0.593750 1310682153.597697
0.602539 -0.146484 0.557617 1310682153.639734
0.621094 -0.154297 0.575195 1310682153.644703
0.621094 -0.154297 0.575195 1310682153.688697
0.627930 -0.129883 0.567383 1310682153.737710
0.646484 -0.125977 0.592773 1310682153.758743
0.628906 -0.166016 0.565430 1310682153.786745
0.636719 -0.190430 0.587891 1310682153.829711
0.600586 -0.144531 0.583984 1310682153.831698
0.598633 -0.132812 0.572266 1310682153.892673
0.609375 -0.180664 0.591797 1310682153.942751
0.616211 -0.179688 0.573242 1310682153.943740
0.615234 -0.167969 0.552734 1310682153.979737
0.614258 -0.144531 0.581055 1310682154.001737
0.622070 -0.168945 0.593750 1310682154.044670
0.639648 -0.167969 0.582031 1310682154.068688
0.624023 -0.149414 0.602539 1310682154.112654
0.637695 -0.175781 0.599609 1310682154.133636
0.631836 -0.158203 0.577148 1310682154.177658
0.621094 -0.160156 0.615234 1310682154.199699
0.631836 -0.157227 0.552734 1310682154.244768
0.628906 -0.167969 0.571289 1310682154.267690
0.621094 -0.207031 0.565430 1310682154.297688
0.625977 -0.111328 0.549805 1310682154.341718
0.618164 -0.134766 0.572266 1310682154.363665
0.630859 -0.165039 0.598633 1310682154.407748
0.620117 -0.165039 0.598633 1310682154.431697
0.631836 -0.155273 0.583008 1310682154.456751
0.620117 -0.154297 0.595703 1310682154.498680
0.599609 -0.150391 0.581055 1310682154.520694
0.586914 -0.118164 0.565430 1310682154.564674
0.626953 -0.142578 0.550781 1310682154.587759
0.628906 -0.142578 0.550781 1310682154.631696
0.628906 -0.142578 0.550781 1310682154.646730
0.612305 -0.168945 0.577148 1310682154.689742
0.582031 -0.103516 0.567383 1310682154.712698
0.631836 -0.162109 0.583008 1310682154.757660
0.619141 -0.142578 0.549805 1310682154.781671
0.631836 -0.178711 0.588867 1310682154.817711
0.669922 -0.117188 0.571289 1310682154.840691
0.658203 -0.152344 0.592773 1310682154.883694
0.625000 -0.163086 0.579102 1310682154.907715
0.626953 -0.169922 0.594727 1310682154.952678
0.654297 -0.162109 0.591797 1310682154.974686
0.640625 -0.119141 0.580078 1310682155.020704
0.633789 -0.134766 0.580078 1310682155.045707
0.625000 -0.159180 0.580078 1310682155.073678
0.650391 -0.157227 0.579102 1310682155.115656
0.618164 -0.150391 0.578125 1310682155.138703
0.594727 -0.146484 0.592773 1310682155.159745
0.620117 -0.168945 0.583008 1310682155.228736
0.647461 -0.154297 0.569336 1310682155.229688
0.658203 -0.146484 0.574219 1310682155.266695
0.637695 -0.168945 0.541992 1310682155.307683
0.608398 -0.142578 0.570312 1310682155.330766
0.609375 -0.147461 0.570312 1310682155.376810
0.633789 -0.133789 0.565430 1310682155.390699
0.624023 -0.140625 0.569336 1310682155.430754
0.666992 -0.172852 0.565430 1310682155.459697
0.633789 -0.138672 0.580078 1310682155.483710
0.619141 -0.153320 0.588867 1310682155.527686
0.637695 -0.146484 0.549805 1310682155.554785
0.637695 -0.146484 0.549805 1310682155.571723
0.624023 -0.145508 0.566406 1310682155.631660
0.633789 -0.158203 0.558594 1310682155.653683
0.626953 -0.180664 0.574219 1310682155.675667
0.586914 -0.153320 0.649414 1310682155.730689
0.586914 -0.153320 0.649414 1310682155.752693
0.625977 -0.148438 0.601562 1310682155.775694
0.620117 -0.152344 0.576172 1310682155.819713
0.632812 -0.164062 0.594727 1310682155.839677
0.626953 -0.145508 0.575195 1310682155.882725
0.661133 -0.148438 0.596680 1310682155.908703
0.638672 -0.166992 0.596680 1310682155.950718
0.638672 -0.166992 0.596680 1310682155.974702
0.593750 -0.145508 0.565430 1310682156.010686
0.610352 -0.164062 0.596680 1310682156.033715
0.619141 -0.169922 0.602539 1310682156.078704
0.619141 -0.149414 0.548828 1310682156.100710
0.655273 -0.237305 0.545898 1310682156.143694
0.627930 -0.159180 0.569336 1310682156.188685
0.612305 -0.144531 0.581055 1310682156.209703
0.638672 -0.138672 0.570312 1310682156.233718
0.639648 -0.148438 0.569336 1310682156.257727
0.642578 -0.181641 0.581055 1310682156.309708
0.641602 -0.129883 0.573242 1310682156.330736
0.642578 -0.152344 0.579102 1310682156.355727
0.616211 -0.194336 0.559570 1310682156.410708
0.645508 -0.158203 0.565430 1310682156.434696
0.624023 -0.163086 0.576172 1310682156.479701
0.650391 -0.163086 0.576172 1310682156.481692
0.644531 -0.145508 0.559570 1310682156.558687
0.624023 -0.128906 0.557617 1310682156.578690
0.619141 -0.164062 0.585938 1310682156.602700
0.658203 -0.144531 0.583984 1310682156.625723
0.662109 -0.150391 0.583008 1310682156.650704
0.604492 -0.150391 0.583008 1310682156.671699
0.635742 -0.164062 0.554688 1310682156.718714
0.634766 -0.163086 0.563477 1310682156.767713
0.638672 -0.175781 0.588867 1310682156.793708
0.619141 -0.158203 0.583984 1310682156.814706
0.592773 -0.162109 0.573242 1310682156.857715
0.670898 -0.186523 0.535156 1310682156.879719
0.639648 -0.177734 0.543945 1310682156.922747
0.619141 -0.151367 0.586914 1310682156.944732
0.630859 -0.148438 0.569336 1310682156.967715
0.653320 -0.149414 0.583008 1310682157.010692
0.631836 -0.162109 0.546875 1310682157.033718
0.632812 -0.177734 0.558594 1310682157.077714
0.639648 -0.163086 0.557617 1310682157.098708
0.630859 -0.182617 0.584961 1310682157.142698
0.646484 -0.147461 0.572266 1310682157.165717
0.600586 -0.144531 0.598633 1310682157.209724
0.621094 -0.148438 0.575195 1310682157.230719
0.649414 -0.158203 0.575195 1310682157.252705
