0.520508 -0.308594 0.628906 1310583708.690911
0.520508 -0.308594 0.628906 1310583708.715902
0.491211 -0.292969 0.630859 1310583708.757952
0.487305 -0.288086 0.616211 1310583708.836874
0.542969 -0.336914 0.612305 1310583708.838867
0.542969 -0.336914 0.612305 1310583708.841866
0.554688 -0.317383 0.640625 1310583708.879903
0.518555 -0.322266 0.630859 1310583708.925847
0.532227 -0.375000 0.621094 1310583708.957854
0.524414 -0.371094 0.638672 1310583708.981911
0.569336 -0.291992 0.691406 1310583709.026870
0.569336 -0.291992 0.691406 1310583709.048961
0.140625 -0.239258 0.499023 1310583709.093926
0.465820 -0.398438 0.661133 1310583709.114958
-0.092773 -0.234375 0.377930 1310583709.137858
1.153320 -0.251953 0.971680 1310583709.182842
-0.140625 -0.250000 0.633789 1310583709.206856
0.562500 -0.246094 0.619141 1310583709.227890
0.925781 0.031250 0.619141 1310583709.272830
0.289062 -0.419922 0.517578 1310583709.314830
0.483398 -0.195312 0.708984 1310583709.336918
0.665039 -0.082031 0.703125 1310583709.379850
0.290039 -0.596680 0.546875 1310583709.403861
0.727539 -0.252930 0.775391 1310583709.428858
0.432617 -0.245117 0.617188 1310583709.472939
0.611328 -0.248047 0.689453 1310583709.514843
0.477539 -0.288086 0.639648 1310583709.538848
0.527344 -0.163086 0.627930 1310583709.561959
0.513672 -0.247070 0.625000 1310583709.583888
0.550781 -0.247070 0.625000 1310583709.621880
0.509766 -0.238281 0.628906 1310583709.667973
0.515625 -0.252930 0.624023 1310583709.689981
0.518555 -0.244141 0.640625 1310583709.733923
0.514648 -0.185547 0.649414 1310583709.757975
0.530273 -0.185547 0.649414 1310583709.778911
0.569336 -0.251953 0.628906 1310583709.824907
0.564453 -0.218750 0.625977 1310583709.858921
0.516602 -0.183594 0.647461 1310583709.881977
0.541016 -0.197266 0.661133 1310583709.923962
0.493164 -0.166016 0.653320 1310583709.946975
0.456055 -0.274414 0.653320 1310583709.969979
0.526367 -0.192383 0.678711 1310583710.012973
0.526367 -0.192383 0.678711 1310583710.034854
0.499023 -0.245117 0.638672 1310583710.119967
0.523438 -0.232422 0.614258 1310583710.121958
0.543945 -0.246094 0.599609 1310583710.141888
0.514648 -0.256836 0.664062 1310583710.162976
0.500977 -0.166992 0.642578 1310583710.206856
0.510742 -0.208008 0.653320 1310583710.238902
0.510742 -0.211914 0.614258 1310583710.281857
0.537109 -0.196289 0.648438 1310583710.303516
0.527344 -0.229492 0.632812 1310583710.325005
0.510742 -0.257812 0.632812 1310583710.370885
0.524414 -0.243164 0.622070 1310583710.403902
0.530273 -0.240234 0.617188 1310583710.432958
0.527344 -0.239258 0.637695 1310583710.462895
0.509766 -0.253906 0.653320 1310583710.506869
0.518555 -0.257812 0.601562 1310583710.528915
0.516602 -0.249023 0.630859 1310583710.557986
0.531250 -0.271484 0.630859 1310583710.612014
0.504883 -0.220703 0.644531 1310583710.632951
0.517578 -0.239258 0.645508 1310583710.678920
0.500977 -0.264648 0.661133 1310583710.701925
0.505859 -0.014648 0.661133 1310583710.723950
0.532227 -0.259766 0.640625 1310583710.758955
0.546875 -0.291016 0.630859 1310583710.781900
0.528320 -0.274414 0.631836 1310583710.823869
0.519531 -0.263672 0.656250 1310583710.844907
0.501953 -0.272461 0.616211 1310583710.887992
0.501953 -0.272461 0.616211 1310583710.909980
0.509766 -0.275391 0.615234 1310583710.958005
0.525391 -0.272461 0.643555 1310583710.979939
0.495117 -0.273438 0.644531 1310583711.022938
0.516602 -0.274414 0.631836 1310583711.044995
0.501953 -0.283203 0.635742 1310583711.066994
0.501953 -0.283203 0.635742 1310583711.109901
0.519531 -0.229492 0.634766 1310583711.138877
0.493164 -0.241211 0.655273 1310583711.184915
0.500977 -0.231445 0.632812 1310583711.208872
0.548828 -0.272461 0.614258 1310583711.251903
0.498047 -0.278320 0.647461 1310583711.272964
0.520508 -0.253906 0.623047 1310583711.316880
0.531250 -0.258789 0.644531 1310583711.338902
0.517578 -0.253906 0.636719 1310583711.405000
0.524414 -0.298828 0.662109 1310583711.407003
0.515625 -0.285156 0.627930 1310583711.427924
