0.601562 -0.477539 0.474609 1309547522.252676
0.619141 -0.476562 0.474609 1309547522.274663
0.593750 -0.475586 0.493164 1309547522.316665
0.618164 -0.477539 0.500977 1309547522.361644
0.599609 -0.523438 0.519531 1309547522.385676
0.635742 -0.494141 0.462891 1309547522.427664
0.664062 -0.484375 0.521484 1309547522.450669
0.667969 -0.464844 0.437500 1309547522.473666
0.667969 -0.464844 0.437500 1309547522.500670
0.628906 -0.489258 0.483398 1309547522.542667
0.633789 -0.483398 0.481445 1309547522.586675
0.632812 -0.492188 0.486328 1309547522.628666
0.657227 -0.493164 0.517578 1309547522.652673
0.647461 -0.511719 0.532227 1309547522.675657
0.644531 -0.500000 0.532227 1309547522.715678
0.636719 -0.464844 0.498047 1309547522.760673
0.619141 -0.475586 0.505859 1309547522.782672
0.646484 -0.501953 0.498047 1309547522.805676
0.658203 -0.501953 0.469727 1309547522.826677
0.651367 -0.484375 0.469727 1309547522.870677
0.620117 -0.465820 0.501953 1309547522.905691
0.664062 -0.470703 0.450195 1309547522.941682
0.613281 -0.489258 0.461914 1309547522.962672
0.651367 -0.493164 0.491211 1309547523.005691
0.617188 -0.475586 0.489258 1309547523.028682
0.633789 -0.503906 0.493164 1309547523.068678
0.612305 -0.481445 0.495117 1309547523.112700
0.654297 -0.452148 0.500977 1309547523.133676
0.623047 -0.487305 0.467773 1309547523.177636
0.666016 -0.483398 0.463867 1309547523.198682
0.633789 -0.472656 0.472656 1309547523.221659
0.633789 -0.472656 0.472656 1309547523.245692
0.627930 -0.488281 0.484375 1309547523.288685
0.655273 -0.502930 0.481445 1309547523.331681
0.648438 -0.497070 0.506836 1309547523.351682
0.652344 -0.476562 0.506836 1309547523.398670
0.632812 -0.476562 0.506836 1309547523.401687
0.632812 -0.476562 0.506836 1309547523.446686
0.660156 -0.455078 0.484375 1309547523.497662
0.648438 -0.464844 0.494141 1309547523.520695
0.618164 -0.440430 0.492188 1309547523.545498
0.597656 -0.495117 0.484375 1309547523.587690
0.627930 -0.453125 0.458008 1309547523.636659
0.584961 -0.461914 0.493164 1309547523.657684
0.636719 -0.457031 0.474609 1309547523.701700
0.649414 -0.468750 0.480469 1309547523.702687
0.628906 -0.468750 0.499023 1309547523.743691
0.645508 -0.443359 0.500977 1309547523.766697
0.575195 -0.505859 0.526367 1309547523.790678
0.666992 -0.438477 0.496094 1309547523.857698
0.609375 -0.474609 0.527344 1309547523.903688
0.628906 -0.490234 0.484375 1309547523.905689
0.588867 -0.443359 0.487305 1309547523.921698
0.626953 -0.499023 0.496094 1309547523.962698
0.626953 -0.499023 0.496094 1309547523.991698
0.603516 -0.459961 0.506836 1309547524.033698
0.610352 -0.478516 0.522461 1309547524.057678
0.624023 -0.481445 0.525391 1309547524.101710
0.655273 -0.471680 0.483398 1309547524.130700
0.625977 -0.458984 0.487305 1309547524.151698
0.608398 -0.514648 0.737305 1309547524.188712
0.629883 -0.513672 0.484375 1309547524.260707
0.587891 -0.438477 0.513672 1309547524.261702
0.648438 -0.489258 0.533203 1309547524.303703
0.592773 -0.496094 0.485352 1309547524.326708
0.595703 -0.469727 0.485352 1309547524.349703
0.658203 -0.499023 0.471680 1309547524.387708
0.587891 -0.431641 0.499023 1309547524.433709
0.630859 -0.426758 0.489258 1309547524.455703
0.606445 -0.499023 0.495117 1309547524.478682
0.625000 -0.451172 0.496094 1309547524.515707
0.627930 -0.485352 0.510742 1309547524.539711
0.575195 -0.465820 0.524414 1309547524.573711
0.614258 -0.480469 0.517578 1309547524.616704
0.617188 -0.458008 0.488281 1309547524.658687
0.613281 -0.477539 0.513672 1309547524.691705
0.591797 -0.487305 0.539062 1309547524.713705
0.591797 -0.487305 0.539062 1309547524.735713
0.588867 -0.500000 0.534180 1309547524.780714
0.599609 -0.544922 0.486328 1309547524.823720
0.638672 -0.470703 0.530273 1309547524.825710
0.583008 -0.485352 0.517578 1309547524.856717
0.623047 -0.485352 0.505859 1309547524.898687
0.596680 -0.460938 0.528320 1309547524.916711
0.610352 -0.471680 0.503906 1309547524.958710
0.639648 -0.485352 0.503906 1309547525.001714
0.623047 -0.529297 0.541992 1309547525.025727
0.624023 -0.466797 0.534180 1309547525.068717
0.622070 -0.510742 0.496094 1309547525.091713
0.591797 -0.501953 0.471680 1309547525.125721
0.613281 -0.422852 0.541992 1309547525.204717
0.655273 -0.445312 0.519531 1309547525.205718
0.639648 -0.460938 0.508789 1309547525.227708
0.667969 -0.489258 0.481445 1309547525.250719
0.659180 -0.422852 0.510742 1309547525.292720
0.608398 -0.493164 0.499023 1309547525.315723
0.620117 -0.519531 0.513672 1309547525.357721
0.616211 -0.462891 0.537109 1309547525.380722
0.629883 -0.449219 0.497070 1309547525.422736
0.584961 -0.575195 0.534180 1309547525.443725
0.551758 -0.575195 0.534180 1309547525.466724
0.659180 -0.442383 0.524414 1309547525.512720
0.615234 -0.395508 0.535156 1309547525.577729
0.630859 -0.453125 0.501953 1309547525.580736
0.624023 -0.558594 0.468750 1309547525.615730
0.636719 -0.449219 0.484375 1309547525.641734
0.621094 -0.449219 0.484375 1309547525.662738
0.641602 -0.437500 0.488281 1309547525.707708
0.658203 -0.415039 0.528320 1309547525.750745
0.618164 -0.423828 0.574219 1309547525.775729
0.646484 -0.494141 0.540039 1309547525.816727
0.577148 -0.416992 0.487305 1309547525.840732
0.597656 -0.411133 0.521484 1309547525.862741
0.664062 -0.393555 0.541016 1309547525.905759
0.665039 -0.386719 0.511719 1309547525.930733
0.665039 -0.402344 0.500000 1309547525.972720
0.649414 -0.425781 0.526367 1309547525.993685
0.659180 -0.439453 0.515625 1309547526.015685
0.630859 -0.406250 0.536133 1309547526.059720
0.595703 -0.410156 0.536133 1309547526.085738
0.621094 -0.433594 0.570312 1309547526.126734
0.622070 -0.413086 0.552734 1309547526.148737
0.628906 -0.443359 0.531250 1309547526.193738
0.643555 -0.408203 0.541016 1309547526.216739
0.626953 -0.441406 0.535156 1309547526.258712
0.632812 -0.412109 0.522461 1309547526.282746
0.729492 -0.443359 0.541992 1309547526.324740
0.680664 -0.431641 0.519531 1309547526.347737
0.639648 -0.414062 0.535156 1309547526.371742
0.602539 -0.406250 0.535156 1309547526.401749
0.629883 -0.440430 0.541992 1309547526.489745
0.677734 -0.415039 0.499023 1309547526.509739
0.666016 -0.419922 0.523438 1309547526.511740
0.647461 -0.518555 0.488281 1309547526.556747
0.606445 -0.412109 0.538086 1309547526.578724
0.655273 -0.454102 0.513672 1309547526.601741
0.652344 -0.414062 0.543945 1309547526.646747
0.600586 -0.485352 0.562500 1309547526.668751
0.640625 -0.378906 0.542969 1309547526.712749
0.625000 -0.472656 0.518555 1309547526.734755
0.581055 -0.500977 0.543945 1309547526.779751
0.628906 -0.435547 0.545898 1309547526.802752
0.625977 -0.484375 0.513672 1309547526.844738
0.621094 -0.393555 0.521484 1309547526.867754
0.645508 -0.422852 0.497070 1309547526.911757
0.617188 -0.545898 0.463867 1309547526.933726
0.551758 -0.513672 0.520508 1309547526.956756
0.518555 -0.440430 0.555664 1309547526.999751
0.588867 -0.508789 0.469727 1309547527.022754
0.658203 -0.455078 0.526367 1309547527.066739
0.574219 -0.453125 0.511719 1309547527.088757
0.599609 -0.520508 0.511719 1309547527.132762
0.620117 -0.472656 0.498047 1309547527.156757
0.587891 -0.487305 0.536133 1309547527.177730
0.510742 -0.497070 0.511719 1309547527.222736
0.583984 -0.543945 0.526367 1309547527.244761
0.628906 -0.423828 0.504883 1309547527.287763
0.605469 -0.509766 0.534180 1309547527.329759
0.595703 -0.467773 0.500977 1309547527.332753
0.659180 -0.455078 0.514648 1309547527.393761
0.631836 -0.429688 0.503906 1309547527.426763
0.657227 -0.433594 0.540039 1309547527.447764
0.620117 -0.434570 0.492188 1309547527.492763
0.600586 -0.447266 0.529297 1309547527.504768
0.590820 -0.440430 0.506836 1309547527.539765
0.602539 -0.412109 0.506836 1309547527.575764
0.653320 -0.498047 0.519531 1309547527.621771
0.564453 -0.454102 0.527344 1309547527.640063
0.610352 -0.430664 0.509766 1309547527.662765
0.655273 -0.458008 0.519531 1309547527.719774
0.656250 -0.458008 0.519531 1309547527.768769
0.603516 -0.479492 0.537109 1309547527.793768
0.567383 -0.515625 0.584961 1309547527.813771
0.645508 -0.468750 0.484375 1309547527.834768
0.607422 -0.492188 0.514648 1309547527.877787
0.649414 -0.449219 0.492188 1309547527.898746
0.638672 -0.494141 0.495117 1309547527.923770
0.603516 -0.529297 0.522461 1309547527.956776
0.624023 -0.462891 0.515625 1309547528.000777
0.570312 -0.480469 0.519531 1309547528.022776
0.580078 -0.453125 0.500000 1309547528.066776
0.672852 -0.450195 0.505859 1309547528.088779
0.637695 -0.613281 0.501953 1309547528.132776
0.571289 -0.508789 0.524414 1309547528.156780
0.641602 -0.451172 0.519531 1309547528.181785
0.652344 -0.406250 0.583984 1309547528.223783
0.549805 -0.593750 0.485352 1309547528.246761
0.563477 -0.470703 0.562500 1309547528.289784
0.594727 -0.416016 0.524414 1309547528.311793
0.599609 -0.445312 0.552734 1309547528.354784
0.613281 -0.495117 0.512695 1309547528.408785
0.656250 -0.450195 0.512695 1309547528.421790
0.645508 -0.462891 0.503906 1309547528.491779
0.621094 -0.427734 0.503906 1309547528.492775
0.660156 -0.395508 0.508789 1309547528.514782
0.614258 -0.451172 0.500000 1309547528.538761
0.630859 -0.454102 0.559570 1309547528.581796
0.626953 -0.445312 0.533203 1309547528.604783
0.651367 -0.396484 0.478516 1309547528.633769
0.652344 -0.415039 0.524414 1309547528.676773
0.612305 -0.473633 0.503906 1309547528.699754
0.629883 -0.464844 0.503906 1309547528.724794
0.658203 -0.464844 0.503906 1309547528.764774
0.639648 -0.430664 0.508789 1309547528.798769
0.624023 -0.428711 0.534180 1309547528.843759
0.624023 -0.428711 0.534180 1309547528.866771
0.655273 -0.458008 0.519531 1309547528.899758
0.628906 -0.384766 0.551758 1309547528.934798
0.653320 -0.421875 0.544922 1309547528.956796
0.646484 -0.412109 0.548828 1309547529.022801
0.625977 -0.398438 0.563477 1309547529.061795
0.644531 -0.414062 0.514648 1309547529.083775
0.666992 -0.382812 0.486328 1309547529.103795
0.613281 -0.443359 0.541992 1309547529.127793
0.631836 -0.432617 0.526367 1309547529.148796
0.648438 -0.418945 0.511719 1309547529.193798
0.655273 -0.400391 0.518555 1309547529.216806
0.626953 -0.438477 0.541016 1309547529.246803
0.665039 -0.392578 0.502930 1309547529.289805
0.657227 -0.450195 0.544922 1309547529.311796
0.640625 -0.469727 0.541016 1309547529.347777
0.638672 -0.398438 0.530273 1309547529.392803
0.637695 -0.447266 0.541992 1309547529.413804
0.658203 -0.458008 0.506836 1309547529.458822
0.568359 -0.442383 0.538086 1309547529.479850
0.640625 -0.457031 0.500977 1309547529.502790
0.648438 -0.486328 0.479492 1309547529.546804
0.560547 -0.460938 0.572266 1309547529.568777
0.608398 -0.460938 0.572266 1309547529.591824
0.608398 -0.460938 0.572266 1309547529.634803
0.591797 -0.500977 0.529297 1309547529.671812
0.635742 -0.505859 0.488281 1309547529.702805
0.560547 -0.504883 0.540039 1309547529.733805
0.654297 -0.472656 0.482422 1309547529.757810
0.648438 -0.442383 0.504883 1309547529.801807
0.584961 -0.558594 0.505859 1309547529.847786
0.695312 -0.413086 0.483398 1309547529.892816
0.637695 -0.416992 0.504883 1309547529.902793
0.574219 -0.531250 0.528320 1309547529.926814
0.559570 -0.569336 0.462891 1309547529.969809
0.536133 -0.525391 0.712891 1309547529.981830
0.614258 -0.437500 0.521484 1309547530.018816
0.618164 -0.518555 0.532227 1309547530.063816
0.607422 -0.445312 0.514648 1309547530.089804
0.608398 -0.513672 0.592773 1309547530.139826
0.656250 -0.421875 0.500000 1309547530.159817
0.623047 -0.457031 0.545898 1309547530.183818
0.607422 -0.492188 0.527344 1309547530.226827
0.606445 -0.423828 0.538086 1309547530.249826
0.572266 -0.468750 0.553711 1309547530.271817
0.627930 -0.434570 0.516602 1309547530.343824
0.615234 -0.434570 0.480469 1309547530.344818
0.618164 -0.469727 0.503906 1309547530.365819
0.612305 -0.461914 0.522461 1309547530.409825
0.590820 -0.462891 0.522461 1309547530.452822
0.631836 -0.523438 0.527344 1309547530.474829
0.615234 -0.571289 0.480469 1309547530.519823
0.617188 -0.481445 0.480469 1309547530.541829
0.617188 -0.429688 0.489258 1309547530.581827
0.502930 -0.550781 0.468750 1309547530.626826
0.573242 -0.516602 0.500977 1309547530.646825
0.649414 -0.345703 0.556641 1309547530.668827
0.547852 -0.461914 0.538086 1309547530.691827
0.484375 -0.635742 0.484375 1309547530.733832
0.657227 -0.501953 0.529297 1309547530.777844
0.596680 -0.467773 0.534180 1309547530.799821
0.562500 -0.452148 0.536133 1309547530.822829
0.670898 -0.443359 0.491211 1309547530.871865
0.624023 -0.347656 0.514648 1309547530.893842
0.624023 -0.347656 0.514648 1309547530.917834
0.655273 -0.468750 0.513672 1309547530.959825
0.604492 -0.429688 0.513672 1309547530.983827
0.695312 -0.424805 0.496094 1309547531.026830
0.670898 -0.375000 0.557617 1309547531.070827
0.648438 -0.398438 0.521484 1309547531.071824
0.635742 -0.473633 0.510742 1309547531.132840
0.604492 -0.430664 0.499023 1309547531.154834
0.604492 -0.419922 0.487305 1309547531.177837
0.634766 -0.384766 0.556641 1309547531.219844
0.606445 -0.475586 0.535156 1309547531.262843
0.622070 -0.410156 0.535156 1309547531.286841
0.605469 -0.392578 0.533203 1309547531.328811
0.625000 -0.398438 0.551758 1309547531.351827
0.641602 -0.407227 0.536133 1309547531.373844
0.645508 -0.383789 0.530273 1309547531.412846
0.619141 -0.394531 0.522461 1309547531.456842
0.600586 -0.432617 0.547852 1309547531.479843
0.638672 -0.384766 0.539062 1309547531.519894
0.624023 -0.384766 0.537109 1309547531.541867
0.621094 -0.419922 0.555664 1309547531.636845
0.640625 -0.385742 0.525391 1309547531.656842
0.653320 -0.421875 0.515625 1309547531.657819
0.644531 -0.421875 0.515625 1309547531.677847
0.624023 -0.412109 0.526367 1309547531.702936
0.618164 -0.392578 0.536133 1309547531.744843
0.628906 -0.449219 0.514648 1309547531.767821
0.621094 -0.446289 0.517578 1309547531.795826
0.640625 -0.417969 0.543945 1309547531.817849
0.647461 -0.417969 0.543945 1309547531.861847
0.637695 -0.393555 0.485352 1309547531.899851
0.616211 -0.419922 0.539062 1309547531.923847
0.623047 -0.445312 0.496094 1309547531.967813
0.653320 -0.478516 0.536133 1309547531.988847
0.610352 -0.413086 0.520508 1309547532.014857
0.549805 -0.535156 0.514648 1309547532.062853
0.588867 -0.534180 0.522461 1309547532.083847
0.588867 -0.433594 0.542969 1309547532.126857
0.653320 -0.457031 0.510742 1309547532.148862
0.581055 -0.444336 0.557617 1309547532.194858
0.669922 -0.459961 0.526367 1309547532.216853
0.556641 -0.537109 0.524414 1309547532.259864
0.611328 -0.427734 0.527344 1309547532.281856
0.643555 -0.384766 0.472656 1309547532.303858
0.642578 -0.514648 0.469727 1309547532.348858
0.668945 -0.508789 0.506836 1309547532.369864
0.583984 -0.478516 0.562500 1309547532.415869
0.606445 -0.452148 0.562500 1309547532.450866
0.666016 -0.408203 0.312500 1309547532.471860
0.631836 -0.462891 0.481445 1309547532.514856
0.612305 -0.499023 0.533203 1309547532.539868
0.584961 -0.445312 0.538086 1309547532.569872
0.652344 -0.511719 0.518555 1309547532.611866
0.664062 -0.397461 0.268555 1309547532.634868
0.569336 -0.439453 0.519531 1309547532.678866
0.632812 -0.500977 0.523438 1309547532.701868
0.625000 -0.464844 0.505859 1309547532.723882
0.655273 -0.482422 0.505859 1309547532.766870
0.618164 -0.439453 0.531250 1309547532.787909
0.588867 -0.449219 0.528320 1309547532.833870
0.585938 -0.484375 0.534180 1309547532.869911
0.622070 -0.419922 0.509766 1309547532.934880
0.649414 -0.427734 0.539062 1309547532.953864
0.626953 -0.394531 0.500000 1309547532.976863
0.651367 -0.394531 0.500000 1309547532.998871
0.626953 -0.501953 0.502930 1309547533.018875
0.616211 -0.454102 0.519531 1309547533.062874
0.647461 -0.462891 0.500000 1309547533.084865
0.612305 -0.512695 0.506836 1309547533.107887
0.589844 -0.541992 0.485352 1309547533.152872
0.646484 -0.464844 0.462891 1309547533.178882
0.613281 -0.425781 0.532227 1309547533.221875
0.598633 -0.436523 0.458984 1309547533.243868
0.603516 -0.566406 0.485352 1309547533.287854
0.591797 -0.498047 0.512695 1309547533.309900
0.675781 -0.404297 0.542969 1309547533.335876
0.588867 -0.607422 0.470703 1309547533.379884
0.722656 -0.511719 0.482422 1309547533.402875
0.669922 -0.452148 0.523438 1309547533.444878
0.670898 -0.458984 0.529297 1309547533.467881
0.624023 -0.479492 0.519531 1309547533.507882
0.598633 -0.458984 0.546875 1309547533.531884
0.616211 -0.395508 0.530273 1309547533.573889
0.622070 -0.458008 0.521484 1309547533.596882
0.674805 -0.466797 0.502930 1309547533.639883
0.689453 -0.411133 0.497070 1309547533.682897
0.662109 -0.376953 0.471680 1309547533.704884
0.631836 -0.451172 0.489258 1309547533.727864
0.620117 -0.476562 0.510742 1309547533.750894
0.612305 -0.431641 0.506836 1309547533.813889
0.638672 -0.437500 0.507812 1309547533.836883
0.656250 -0.386719 0.553711 1309547533.861910
0.670898 -0.434570 0.521484 1309547533.884899
0.612305 -0.426758 0.521484 1309547533.920896
0.628906 -0.402344 0.518555 1309547533.964882
0.648438 -0.430664 0.518555 1309547533.987890
0.624023 -0.355469 0.548828 1309547534.029893
0.617188 -0.377930 0.564453 1309547534.054897
0.625000 -0.401367 0.530273 1309547534.076893
0.635742 -0.401367 0.565430 1309547534.112891
0.611328 -0.363281 0.535156 1309547534.212897
0.618164 -0.362305 0.538086 1309547534.213893
0.625000 -0.401367 0.531250 1309547534.233893
0.621094 -0.433594 0.526367 1309547534.278902
0.564453 -0.382812 0.523438 1309547534.279892
0.635742 -0.411133 0.524414 1309547534.321907
0.650391 -0.456055 0.526367 1309547534.338899
0.634766 -0.403320 0.504883 1309547534.379901
0.623047 -0.408203 0.543945 1309547534.411909
0.626953 -0.382812 0.522461 1309547534.439899
0.678711 -0.426758 0.472656 1309547534.462903
0.605469 -0.402344 0.531250 1309547534.506899
0.663086 -0.424805 0.510742 1309547534.536903
0.686523 -0.453125 0.501953 1309547534.562899
0.658203 -0.416016 0.513672 1309547534.604900
0.603516 -0.512695 0.514648 1309547534.627916
0.661133 -0.459961 0.264648 1309547534.650908
0.691406 -0.431641 0.482422 1309547534.697902
0.691406 -0.431641 0.482422 1309547534.718905
0.553711 -0.501953 0.490234 1309547534.761905
0.667969 -0.488281 0.509766 1309547534.803907
0.610352 -0.520508 0.565430 1309547534.827909
0.595703 -0.524414 0.495117 1309547534.856907
0.664062 -0.524414 0.495117 1309547534.879906
0.700195 -0.443359 0.511719 1309547534.923905
0.581055 -0.567383 0.530273 1309547534.948886
0.644531 -0.472656 0.508789 1309547534.993914
0.666992 -0.415039 0.504883 1309547535.017910
0.666992 -0.415039 0.504883 1309547535.041912
0.642578 -0.510742 0.506836 1309547535.086899
0.593750 -0.457031 0.522461 1309547535.107909
0.672852 -0.377930 0.525391 1309547535.151920
0.576172 -0.475586 0.523438 1309547535.173912
0.588867 -0.513672 0.514648 1309547535.219918
0.588867 -0.513672 0.514648 1309547535.242912
0.624023 -0.437500 0.523438 1309547535.326920
0.622070 -0.410156 0.515625 1309547535.327888
0.608398 -0.435547 0.547852 1309547535.349912
0.615234 -0.463867 0.526367 1309547535.372924
0.635742 -0.482422 0.507812 1309547535.395911
0.622070 -0.467773 0.534180 1309547535.491940
0.621094 -0.433594 0.510742 1309547535.492913
0.627930 -0.415039 0.496094 1309547535.529920
0.661133 -0.418945 0.499023 1309547535.551926
0.608398 -0.454102 0.550781 1309547535.552920
0.587891 -0.519531 0.516602 1309547535.596895
0.620117 -0.492188 0.500000 1309547535.634903
0.594727 -0.506836 0.511719 1309547535.683898
0.592773 -0.498047 0.482422 1309547535.728901
0.578125 -0.555664 0.531250 1309547535.729934
0.596680 -0.465820 0.504883 1309547535.752919
0.616211 -0.471680 0.504883 1309547535.776896
0.566406 -0.514648 0.514648 1309547535.817920
0.615234 -0.459961 0.543945 1309547535.861946
0.691406 -0.355469 0.522461 1309547535.883928
0.611328 -0.558594 0.497070 1309547535.926926
0.613281 -0.506836 0.516602 1309547535.947928
0.639648 -0.485352 0.531250 1309547535.991925
0.687500 -0.379883 0.505859 1309547536.014931
0.590820 -0.521484 0.510742 1309547536.059932
0.675781 -0.446289 0.504883 1309547536.091940
0.662109 -0.421875 0.526367 1309547536.124931
0.674805 -0.514648 0.485352 1309547536.147933
0.668945 -0.518555 0.468750 1309547536.192945
0.678711 -0.452148 0.493164 1309547536.214955
0.694336 -0.443359 0.478516 1309547536.238932
0.654297 -0.419922 0.537109 1309547536.281938
0.622070 -0.429688 0.524414 1309547536.302937
0.681641 -0.392578 0.483398 1309547536.326936
0.663086 -0.441406 0.458984 1309547536.373936
0.648438 -0.431641 0.469727 1309547536.395943
0.583984 -0.422852 0.517578 1309547536.457937
0.627930 -0.468750 0.485352 1309547536.474943
0.651367 -0.395508 0.542969 1309547536.508940
0.614258 -0.432617 0.500000 1309547536.531945
0.612305 -0.420898 0.545898 1309547536.554944
0.624023 -0.429688 0.506836 1309547536.607921
0.619141 -0.412109 0.528320 1309547536.629951
0.643555 -0.405273 0.484375 1309547536.676949
0.634766 -0.422852 0.522461 1309547536.698941
0.647461 -0.370117 0.493164 1309547536.747961
0.631836 -0.396484 0.482422 1309547536.788954
0.659180 -0.395508 0.551758 1309547536.803945
0.640625 -0.400391 0.542969 1309547536.816968
0.624023 -0.387695 0.528320 1309547536.861967
0.616211 -0.374023 0.503906 1309547536.883944
0.658203 -0.375000 0.539062 1309547536.906959
0.659180 -0.415039 0.468750 1309547536.949951
0.644531 -0.397461 0.522461 1309547536.992953
0.646484 -0.407227 0.539062 1309547537.015945
0.630859 -0.396484 0.501953 1309547537.058954
0.647461 -0.419922 0.526367 1309547537.079942
0.647461 -0.419922 0.526367 1309547537.102963
0.593750 -0.412109 0.524414 1309547537.147949
0.632812 -0.413086 0.530273 1309547537.192954
0.641602 -0.426758 0.520508 1309547537.213962
0.612305 -0.414062 0.538086 1309547537.238963
0.665039 -0.430664 0.520508 1309547537.259954
0.606445 -0.392578 0.520508 1309547537.305960
0.616211 -0.431641 0.481445 1309547537.337965
0.616211 -0.431641 0.481445 1309547537.354954
0.635742 -0.444336 0.513672 1309547537.422952
0.634766 -0.394531 0.522461 1309547537.443955
0.654297 -0.424805 0.500000 1309547537.465965
0.642578 -0.417969 0.531250 1309547537.508964
0.642578 -0.413086 0.505859 1309547537.531956
0.654297 -0.403320 0.498047 1309547537.571962
0.642578 -0.428711 0.475586 1309547537.597963
0.630859 -0.488281 0.558594 1309547537.643962
0.616211 -0.442383 0.525391 1309547537.646957
0.660156 -0.442383 0.525391 1309547537.689941
0.621094 -0.476562 0.523438 1309547537.734975
0.617188 -0.444336 0.498047 1309547537.767941
0.627930 -0.452148 0.537109 1309547537.791967
0.638672 -0.410156 0.490234 1309547537.813971
0.639648 -0.410156 0.490234 1309547537.854965
0.632812 -0.426758 0.512695 1309547537.891972
0.666016 -0.430664 0.507812 1309547537.918976
0.675781 -0.458984 0.509766 1309547537.948963
0.644531 -0.430664 0.487305 1309547537.991969
