0.449219 0.029297 0.677734 1310508675.670572
0.439453 0.073242 0.652344 1310508675.694608
0.444336 -0.007812 0.639648 1310508675.740649
0.432617 -0.041016 0.646484 1310508675.761648
0.460938 -0.024414 0.656250 1310508675.785653
0.455078 0.092773 0.650391 1310508675.828644
0.398438 0.133789 0.708984 1310508675.852627
0.522461 0.008789 0.682617 1310508675.895650
0.238281 -0.235352 0.716797 1310508675.940643
0.592773 0.212891 0.635742 1310508675.962650
0.557617 0.228516 0.658203 1310508675.985637
0.453125 -0.118164 0.576172 1310508676.029654
0.648438 -0.099609 0.352539 1310508676.050648
0.859375 -0.251953 0.789062 1310508676.092652
0.556641 0.481445 0.890625 1310508676.115599
0.447266 0.183594 0.936523 1310508676.157649
0.447266 0.183594 0.936523 1310508676.179651
0.186523 0.278320 1.318359 1310508676.203591
1.998047 0.984375 -1.568359 1310508676.293654
1.332031 -0.120117 -1.247070 1310508676.294643
-0.243164 -1.260742 -0.025391 1310508676.314597
1.091797 -0.997070 1.039062 1310508676.335653
-0.423828 0.179688 0.153320 1310508676.386577
-1.747070 0.826172 0.030273 1310508676.407587
-0.321289 0.041016 -0.633789 1310508676.431659
0.889648 -0.166016 -0.429688 1310508676.475575
0.763672 -0.280273 -0.757812 1310508676.496642
1.999023 0.604492 1.709961 1310508676.544669
1.999023 -1.916992 1.991211 1310508676.566648
1.998047 1.997070 1.366211 1310508676.609583
-0.842773 0.746094 0.882812 1310508676.631584
0.935547 0.160156 -0.796875 1310508676.656667
0.729492 -0.697266 -0.093750 1310508676.711620
0.229492 -0.697266 -0.093750 1310508676.736669
0.777344 0.987305 0.882812 1310508676.781662
0.258789 0.427734 1.104492 1310508676.804672
-0.089844 0.692383 1.426758 1310508676.826668
0.162109 0.269531 1.656250 1310508676.849670
1.998047 -0.034180 -1.972656 1310508676.895662
-0.751953 -0.034180 -1.972656 1310508676.917595
1.031250 -0.850586 0.291992 1310508676.955669
0.167969 0.724609 1.247070 1310508676.979623
-1.999023 1.447266 -1.395508 1310508677.010647
-0.381836 0.650391 -0.022461 1310508677.059669
0.375000 -0.266602 -0.755859 1310508677.080590
1.701172 -1.207031 -0.680664 1310508677.127672
0.820312 -0.653320 -0.563477 1310508677.152666
1.999023 1.999023 1.989258 1310508677.177685
1.999023 -1.999023 1.989258 1310508677.217596
1.168945 1.143555 0.754883 1310508677.239587
0.780273 0.799805 0.414062 1310508677.262592
0.367188 0.156250 0.963867 1310508677.305589
0.245117 0.287109 1.016602 1310508677.364628
0.069336 0.264648 1.401367 1310508677.365593
0.909180 0.341797 1.456055 1310508677.409636
1.998047 -0.636719 -0.817383 1310508677.430772
-0.312500 -1.100586 -0.935547 1310508677.474637
0.582031 -0.351562 0.611328 1310508677.497642
0.259766 -0.221680 0.923828 1310508677.584671
-2.000000 -0.038086 0.704102 1310508677.585676
-0.725586 0.154297 0.291992 1310508677.605642
-0.291992 0.002930 -0.283203 1310508677.647672
0.438477 0.153320 -0.476562 1310508677.670692
1.691406 -0.239258 -0.779297 1310508677.700675
1.997070 1.998047 1.995117 1310508677.735630
-1.999023 -1.999023 0.724609 1310508677.760684
1.999023 -1.539062 0.608398 1310508677.802631
0.343750 0.736328 0.064453 1310508677.826684
0.563477 0.065430 1.028320 1310508677.849623
0.584961 0.356445 0.712891 1310508677.892682
0.491211 0.269531 0.923828 1310508677.915692
-0.104492 0.636719 1.526367 1310508677.960644
0.299805 0.178711 1.649414 1310508678.001696
1.995117 0.053711 0.967773 1310508678.026685
-1.558594 -0.662109 -1.020508 1310508678.049688
1.697266 -1.547852 0.034180 1310508678.091695
0.468750 -0.137695 0.409180 1310508678.114654
-0.949219 0.939453 0.106445 1310508678.156643
-0.922852 0.830078 0.465820 1310508678.184661
-0.580078 -0.229492 0.164062 1310508678.204699
-0.410156 -0.078125 -0.250977 1310508678.247625
0.875000 -0.393555 0.066406 1310508678.271609
0.898438 0.112305 -0.575195 1310508678.319646
1.998047 1.998047 1.989258 1310508678.345708
1.999023 -1.259766 1.989258 1310508678.367698
1.762695 0.822266 -0.571289 1310508678.415650
0.554688 0.958008 1.178711 1310508678.439665
0.493164 0.625000 0.907227 1310508678.476700
0.370117 0.293945 1.108398 1310508678.500636
-0.163086 0.545898 1.459961 1310508678.546649
1.278320 0.181641 1.833984 1310508678.569682
1.998047 -0.804688 0.253906 1310508678.592707
-1.319336 -0.822266 -1.413086 1310508678.642618
1.371094 -0.536133 0.091797 1310508678.664618
0.581055 -0.921875 0.664062 1310508678.691604
-0.834961 0.119141 0.521484 1310508678.734702
-1.017578 1.238281 -0.140625 1310508678.777621
-0.267578 1.238281 -0.140625 1310508678.779627
-0.159180 -0.328125 -0.338867 1310508678.871714
0.609375 -0.103516 -0.431641 1310508678.872695
1.006836 -0.791016 1.500000 1310508678.894701
-2.000000 -1.999023 -1.495117 1310508678.928650
1.385742 -0.383789 0.317383 1310508678.950664
0.821289 -0.383789 0.317383 1310508678.972709
0.589844 0.364258 0.567383 1310508679.015625
0.186523 -0.383789 0.567383 1310508679.049719
0.186523 -0.383789 0.567383 1310508679.075667
0.505859 -0.126953 0.669922 1310508679.110637
0.261719 0.184570 0.581055 1310508679.132638
0.640625 0.388672 0.658203 1310508679.187616
0.195312 -0.644531 0.647461 1310508679.216636
0.566406 0.220703 0.744141 1310508679.241633
0.471680 0.101562 0.683594 1310508679.284716
0.415039 -0.195312 0.672852 1310508679.306661
0.402344 -0.014648 0.666016 1310508679.329648
0.402344 -0.014648 0.666016 1310508679.372667
0.449219 -0.026367 0.675781 1310508679.417716
0.440430 -0.087891 0.699219 1310508679.440714
0.426758 -0.080078 0.674805 1310508679.481640
0.431641 0.021484 0.666016 1310508679.505646
0.473633 -0.068359 0.666016 1310508679.525623
0.448242 -0.048828 0.674805 1310508679.574715
0.424805 -0.031250 0.664062 1310508679.597649
0.459961 -0.015625 0.648438 1310508679.622728
0.413086 0.021484 0.651367 1310508679.666868
0.475586 -0.029297 0.686523 1310508679.687714
0.450195 0.001953 0.667969 1310508679.732715
0.449219 -0.027344 0.694336 1310508679.755633
0.463867 -0.003906 0.664062 1310508679.797668
0.451172 0.001953 0.662109 1310508679.821724
0.480469 -0.017578 0.661133 1310508679.857680
0.475586 -0.040039 0.670898 1310508679.881729
0.480469 0.009766 0.674805 1310508679.927655
0.479492 0.004883 0.632812 1310508679.951660
0.478516 0.015625 0.637695 1310508679.994689
0.447266 0.018555 0.666992 1310508680.017732
0.460938 0.025391 0.637695 1310508680.040728
0.463867 0.022461 0.673828 1310508680.087663
