0.476562 -0.152344 0.621094 1309541146.163634
0.497070 -0.100586 0.641602 1309541146.207630
0.510742 -0.164062 0.668945 1309541146.233632
0.493164 -0.154297 0.670898 1309541146.277633
0.464844 -0.097656 0.682617 1309541146.300633
0.470703 -0.146484 0.714844 1309541146.342631
0.489258 -0.147461 0.695312 1309541146.365628
0.458008 -0.109375 0.641602 1309541146.412636
0.460938 -0.136719 0.673828 1309541146.433634
0.491211 -0.141602 0.698242 1309541146.465635
0.509766 -0.145508 0.685547 1309541146.486630
0.466797 -0.144531 0.685547 1309541146.528638
0.464844 -0.145508 0.667969 1309541146.551639
0.488281 -0.151367 0.652344 1309541146.595647
0.471680 -0.125000 0.698242 1309541146.618640
0.457031 -0.153320 0.693359 1309541146.663640
0.493164 -0.128906 0.693359 1309541146.686644
0.465820 -0.148438 0.679688 1309541146.730640
0.496094 -0.143555 0.698242 1309541146.752491
0.510742 -0.154297 0.683594 1309541146.796639
0.452148 -0.122070 0.688477 1309541146.818645
0.475586 -0.149414 0.669922 1309541146.861636
0.485352 -0.154297 0.673828 1309541146.884647
0.490234 -0.130859 0.672852 1309541146.910645
0.489258 -0.141602 0.669922 1309541146.952651
0.474609 -0.137695 0.694336 1309541146.975646
0.482422 -0.136719 0.636719 1309541147.017647
0.486328 -0.173828 0.688477 1309541147.041650
0.486328 -0.173828 0.688477 1309541147.086649
0.486328 -0.173828 0.688477 1309541147.112650
0.440430 -0.130859 0.694336 1309541147.156649
0.479492 -0.124023 0.668945 1309541147.177650
0.461914 -0.122070 0.659180 1309541147.199651
0.516602 -0.154297 0.677734 1309541147.247648
0.500000 -0.121094 0.661133 1309541147.286651
0.430664 -0.099609 0.679688 1309541147.308658
0.495117 -0.173828 0.681641 1309541147.329625
0.486328 -0.148438 0.635742 1309541147.374653
0.468750 -0.148438 0.674805 1309541147.397653
0.474609 -0.123047 0.650391 1309541147.419655
0.491211 -0.143555 0.664062 1309541147.466660
0.497070 -0.097656 0.686523 1309541147.498656
0.473633 -0.133789 0.689453 1309541147.543662
0.459961 -0.126953 0.676758 1309541147.566654
0.470703 -0.141602 0.685547 1309541147.587660
0.498047 -0.140625 0.666016 1309541147.611661
0.461914 -0.154297 0.691406 1309541147.657659
0.461914 -0.154297 0.691406 1309541147.687661
0.467773 -0.136719 0.674805 1309541147.716663
0.427734 -0.101562 0.675781 1309541147.760671
0.459961 -0.119141 0.662109 1309541147.802679
0.459961 -0.119141 0.662109 1309541147.803663
0.473633 -0.141602 0.703125 1309541147.848662
0.486328 -0.155273 0.662109 1309541147.893664
0.476562 -0.118164 0.666992 1309541147.916664
0.480469 -0.110352 0.678711 1309541147.939698
0.463867 -0.164062 0.692383 1309541147.982670
0.485352 -0.147461 0.692383 1309541148.005669
0.458984 -0.134766 0.685547 1309541148.039665
0.503906 -0.144531 0.648438 1309541148.069667
0.475586 -0.142578 0.642578 1309541148.118666
0.502930 -0.138672 0.653320 1309541148.143672
0.481445 -0.152344 0.662109 1309541148.169672
0.489258 -0.130859 0.627930 1309541148.217670
0.477539 -0.139648 0.701172 1309541148.241675
0.467773 -0.136719 0.713867 1309541148.286672
0.470703 -0.149414 0.667969 1309541148.308678
0.488281 -0.137695 0.701172 1309541148.331673
0.471680 -0.141602 0.666016 1309541148.353681
0.487305 -0.128906 0.691406 1309541148.397673
0.470703 -0.142578 0.691406 1309541148.420652
0.482422 -0.156250 0.656250 1309541148.463686
0.461914 -0.159180 0.682617 1309541148.487501
0.474609 -0.099609 0.676758 1309541148.519678
0.488281 -0.125977 0.708984 1309541148.579677
0.489258 -0.141602 0.642578 1309541148.602679
0.471680 -0.121094 0.674805 1309541148.624676
0.466797 -0.137695 0.682617 1309541148.671657
0.480469 -0.122070 0.677734 1309541148.694682
0.500977 -0.124023 0.692383 1309541148.716690
0.435547 -0.104492 0.692383 1309541148.759682
0.481445 -0.164062 0.677734 1309541148.781673
0.458008 -0.120117 0.642578 1309541148.824683
0.476562 -0.152344 0.694336 1309541148.847678
0.472656 -0.154297 0.694336 1309541148.889684
0.479492 -0.138672 0.670898 1309541148.916683
0.502930 -0.164062 0.678711 1309541148.937691
0.494141 -0.152344 0.687500 1309541148.981672
0.478516 -0.121094 0.671875 1309541149.003688
0.469727 -0.135742 0.651367 1309541149.034687
0.462891 -0.142578 0.662109 1309541149.081689
0.490234 -0.136719 0.678711 1309541149.103692
0.499023 -0.136719 0.678711 1309541149.127690
0.437500 -0.118164 0.680664 1309541149.193689
0.433594 -0.132812 0.678711 1309541149.194687
0.471680 -0.130859 0.658203 1309541149.239699
0.485352 -0.141602 0.683594 1309541149.266694
0.490234 -0.136719 0.688477 1309541149.287692
0.455078 -0.104492 0.680664 1309541149.331692
0.470703 -0.134766 0.645508 1309541149.352702
0.470703 -0.134766 0.645508 1309541149.401696
0.486328 -0.137695 0.656250 1309541149.432687
0.464844 -0.120117 0.695312 1309541149.456687
0.492188 -0.111328 0.670898 1309541149.479501
0.468750 -0.156250 0.709961 1309541149.532696
0.463867 -0.136719 0.677734 1309541149.559696
0.487305 -0.141602 0.654297 1309541149.582695
0.480469 -0.114258 0.670898 1309541149.626694
0.475586 -0.168945 0.700195 1309541149.648699
0.495117 -0.146484 0.688477 1309541149.691700
0.486328 -0.117188 0.690430 1309541149.733700
0.475586 -0.153320 0.651367 1309541149.748701
0.480469 -0.150391 0.681641 1309541149.853709
0.495117 -0.185547 0.677734 1309541149.854701
0.478516 -0.138672 0.654297 1309541149.871702
0.483398 -0.138672 0.654297 1309541149.872699
0.474609 -0.154297 0.668945 1309541149.909703
0.499023 -0.153320 0.658203 1309541149.956701
0.497070 -0.141602 0.677734 1309541149.978705
0.476562 -0.129883 0.677734 1309541150.001711
0.499023 -0.145508 0.684570 1309541150.047707
0.491211 -0.146484 0.684570 1309541150.071707
0.466797 -0.177734 0.684570 1309541150.114708
0.467773 -0.134766 0.652344 1309541150.139708
0.464844 -0.117188 0.637695 1309541150.176708
0.466797 -0.125977 0.660156 1309541150.206712
0.463867 -0.141602 0.693359 1309541150.229709
0.463867 -0.141602 0.693359 1309541150.277690
0.491211 -0.144531 0.676758 1309541150.306714
0.480469 -0.119141 0.692383 1309541150.328711
0.463867 -0.193359 0.678711 1309541150.377715
0.502930 -0.138672 0.653320 1309541150.399713
0.473633 -0.134766 0.654297 1309541150.427714
0.462891 -0.134766 0.654297 1309541150.456711
0.458008 -0.117188 0.671875 1309541150.496715
0.478516 -0.136719 0.694336 1309541150.518715
0.472656 -0.134766 0.668945 1309541150.564714
0.492188 -0.136719 0.680664 1309541150.586714
0.466797 -0.125977 0.659180 1309541150.609711
0.482422 -0.125977 0.659180 1309541150.652719
0.488281 -0.197266 0.666016 1309541150.699719
0.484375 -0.111328 0.685547 1309541150.722723
0.513672 -0.138672 0.635742 1309541150.747725
0.495117 -0.150391 0.682617 1309541150.773727
0.476562 -0.145508 0.682617 1309541150.805724
0.500000 -0.110352 0.647461 1309541150.852703
0.479492 -0.166016 0.701172 1309541150.897716
0.472656 -0.133789 0.652344 1309541150.912724
0.487305 -0.150391 0.673828 1309541150.957721
0.435547 -0.114258 0.676758 1309541150.979730
0.483398 -0.154297 0.676758 1309541151.002730
0.468750 -0.129883 0.641602 1309541151.047726
0.458008 -0.154297 0.661133 1309541151.124735
0.471680 -0.138672 0.687500 1309541151.126726
0.480469 -0.113281 0.697266 1309541151.151727
0.487305 -0.106445 0.670898 1309541151.176946
0.487305 -0.106445 0.670898 1309541151.191728
0.492188 -0.140625 0.670898 1309541151.241733
0.496094 -0.146484 0.649414 1309541151.263736
0.485352 -0.115234 0.662109 1309541151.309732
0.486328 -0.151367 0.656250 1309541151.331738
0.473633 -0.140625 0.641602 1309541151.358739
0.479492 -0.154297 0.684570 1309541151.396725
0.484375 -0.161133 0.668945 1309541151.423737
0.492188 -0.138672 0.689453 1309541151.466735
0.443359 -0.140625 0.688477 1309541151.493734
0.466797 -0.156250 0.675781 1309541151.540732
0.468750 -0.143555 0.683594 1309541151.541712
0.481445 -0.138672 0.661133 1309541151.597738
0.476562 -0.154297 0.641602 1309541151.618735
0.490234 -0.156250 0.689453 1309541151.663741
0.507812 -0.141602 0.685547 1309541151.683744
0.486328 -0.151367 0.642578 1309541151.726739
0.475586 -0.166016 0.672852 1309541151.749737
0.469727 -0.166016 0.672852 1309541151.771738
0.494141 -0.125000 0.666992 1309541151.813738
0.484375 -0.184570 0.689453 1309541151.857737
0.516602 -0.150391 0.666992 1309541151.879743
0.526367 -0.145508 0.677734 1309541151.903744
0.491211 -0.119141 0.677734 1309541151.947747
0.485352 -0.147461 0.689453 1309541151.977745
0.527344 -0.165039 0.639648 1309541151.999743
0.491211 -0.145508 0.661133 1309541152.046748
0.479492 -0.130859 0.692383 1309541152.071729
0.464844 -0.162109 0.678711 1309541152.093744
0.496094 -0.162109 0.678711 1309541152.138750
0.460938 -0.124023 0.654297 1309541152.166745
0.481445 -0.152344 0.678711 1309541152.209718
0.471680 -0.136719 0.701172 1309541152.232751
0.510742 -0.120117 0.667969 1309541152.276724
0.451172 -0.151367 0.660156 1309541152.298750
0.471680 -0.144531 0.707031 1309541152.324745
0.485352 -0.151367 0.663086 1309541152.382757
0.487305 -0.158203 0.670898 1309541152.428759
0.490234 -0.151367 0.683594 1309541152.444752
0.522461 -0.146484 0.654297 1309541152.446751
0.441406 -0.157227 0.686523 1309541152.489751
0.449219 -0.157227 0.686523 1309541152.513755
0.472656 -0.142578 0.685547 1309541152.557754
0.480469 -0.158203 0.712891 1309541152.603754
0.547852 -0.134766 0.659180 1309541152.626755
0.425781 -0.124023 0.668945 1309541152.649759
0.438477 -0.143555 0.690430 1309541152.682760
0.479492 -0.109375 0.667969 1309541152.726764
0.473633 -0.166016 0.667969 1309541152.754756
0.494141 -0.144531 0.665039 1309541152.777758
0.454102 -0.130859 0.646484 1309541152.819758
0.448242 -0.128906 0.663086 1309541152.842755
0.459961 -0.116211 0.703125 1309541152.864760
0.482422 -0.136719 0.664062 1309541152.906765
0.484375 -0.143555 0.658203 1309541152.948766
0.486328 -0.144531 0.676758 1309541152.984769
0.510742 -0.130859 0.655273 1309541153.006755
0.489258 -0.116211 0.679688 1309541153.048767
0.475586 -0.174805 0.693359 1309541153.071765
0.472656 -0.172852 0.666992 1309541153.106775
0.431641 -0.153320 0.660156 1309541153.128758
0.500977 -0.158203 0.671875 1309541153.174768
0.471680 -0.130859 0.674805 1309541153.197763
0.481445 -0.163086 0.700195 1309541153.241767
0.464844 -0.157227 0.682617 1309541153.263775
0.496094 -0.151367 0.676758 1309541153.285766
0.493164 -0.136719 0.666016 1309541153.332770
0.440430 -0.122070 0.655273 1309541153.354769
0.445312 -0.142578 0.686523 1309541153.399766
0.476562 -0.141602 0.643555 1309541153.421743
0.463867 -0.138672 0.667969 1309541153.463748
0.534180 -0.147461 0.649414 1309541153.487773
0.474609 -0.117188 0.681641 1309541153.533778
0.458984 -0.145508 0.704102 1309541153.556777
0.483398 -0.143555 0.690430 1309541153.579817
0.480469 -0.122070 0.668945 1309541153.604780
0.498047 -0.140625 0.653320 1309541153.684782
0.473633 -0.158203 0.663086 1309541153.722776
0.498047 -0.137695 0.646484 1309541153.743780
0.469727 -0.148438 0.696289 1309541153.744775
0.496094 -0.171875 0.666992 1309541153.771779
0.465820 -0.072266 0.652344 1309541153.816777
0.461914 -0.130859 0.671875 1309541153.858780
0.467773 -0.125977 0.699219 1309541153.879782
0.488281 -0.164062 0.660156 1309541153.922785
0.458008 -0.139648 0.678711 1309541153.943778
0.470703 -0.158203 0.665039 1309541153.967782
0.470703 -0.137695 0.657227 1309541154.003788
0.453125 -0.124023 0.671875 1309541154.026783
0.491211 -0.141602 0.678711 1309541154.072778
0.508789 -0.168945 0.655273 1309541154.097799
0.467773 -0.164062 0.673828 1309541154.139787
0.505859 -0.168945 0.646484 1309541154.161786
0.472656 -0.140625 0.674805 1309541154.205794
0.451172 -0.117188 0.671875 1309541154.227789
0.469727 -0.113281 0.709961 1309541154.269790
0.500000 -0.152344 0.629883 1309541154.293788
0.476562 -0.125000 0.673828 1309541154.319789
0.479492 -0.109375 0.672852 1309541154.358794
0.479492 -0.109375 0.672852 1309541154.379789
0.459961 -0.117188 0.686523 1309541154.446790
0.489258 -0.155273 0.696289 1309541154.447792
0.469727 -0.144531 0.680664 1309541154.499804
0.456055 -0.143555 0.639648 1309541154.524790
0.485352 -0.104492 0.685547 1309541154.547795
0.495117 -0.147461 0.693359 1309541154.591795
0.472656 -0.144531 0.697266 1309541154.618795
0.473633 -0.145508 0.659180 1309541154.661785
0.474609 -0.179688 0.670898 1309541154.682795
0.493164 -0.135742 0.660156 1309541154.707801
