0.387695 -0.419922 0.688477 1310077468.802508
0.426758 -0.410156 0.585938 1310077468.845496
0.379883 -0.424805 0.639648 1310077468.846491
0.394531 -0.448242 0.645508 1310077468.897509
0.412109 -0.434570 0.646484 1310077468.918508
0.410156 -0.403320 0.647461 1310077468.963510
0.411133 -0.417969 0.645508 1310077468.987521
0.387695 -0.416016 0.622070 1310077469.012519
0.394531 -0.391602 0.671875 1310077469.052517
0.436523 -0.425781 0.671875 1310077469.081516
0.397461 -0.462891 0.688477 1310077469.127531
0.437500 -0.433594 0.626953 1310077469.161514
0.423828 -0.442383 0.667969 1310077469.183516
0.410156 -0.438477 0.643555 1310077469.207490
0.405273 -0.446289 0.657227 1310077469.251523
0.397461 -0.431641 0.632812 1310077469.281511
0.390625 -0.488281 0.648438 1310077469.303512
0.417969 -0.441406 0.630859 1310077469.353524
0.376953 -0.408203 0.659180 1310077469.375525
0.433594 -0.433594 0.625000 1310077469.422523
0.399414 -0.431641 0.654297 1310077469.432517
0.436523 -0.449219 0.636719 1310077469.475520
0.396484 -0.423828 0.622070 1310077469.496525
0.419922 -0.432617 0.634766 1310077469.540533
0.401367 -0.442383 0.658203 1310077469.583524
0.422852 -0.434570 0.650391 1310077469.585520
0.407227 -0.429688 0.651367 1310077469.667516
0.452148 -0.434570 0.635742 1310077469.687521
0.385742 -0.454102 0.659180 1310077469.710537
0.420898 -0.422852 0.649414 1310077469.732523
0.424805 -0.445312 0.631836 1310077469.755529
0.389648 -0.445312 0.631836 1310077469.800525
0.427734 -0.427734 0.656250 1310077469.820523
0.416992 -0.416016 0.631836 1310077469.863531
0.435547 -0.396484 0.592773 1310077469.885528
0.408203 -0.438477 0.636719 1310077469.932548
0.423828 -0.422852 0.618164 1310077469.955529
0.400391 -0.449219 0.661133 1310077470.000526
0.410156 -0.410156 0.651367 1310077470.025536
0.458984 -0.473633 0.635742 1310077470.046540
0.444336 -0.420898 0.643555 1310077470.093513
0.395508 -0.421875 0.640625 1310077470.115552
0.455078 -0.437500 0.639648 1310077470.159534
0.426758 -0.448242 0.639648 1310077470.180537
0.408203 -0.439453 0.631836 1310077470.225532
0.407227 -0.438477 0.625977 1310077470.247532
0.427734 -0.430664 0.634766 1310077470.270509
0.402344 -0.380859 0.639648 1310077470.317543
0.416016 -0.474609 0.650391 1310077470.340537
0.422852 -0.433594 0.637695 1310077470.386540
0.424805 -0.422852 0.644531 1310077470.408519
0.401367 -0.416992 0.624023 1310077470.456531
0.399414 -0.356445 0.633789 1310077470.478540
0.436523 -0.396484 0.622070 1310077470.501539
0.414062 -0.447266 0.640625 1310077470.526544
0.442383 -0.448242 0.630859 1310077470.570540
0.438477 -0.440430 0.624023 1310077470.616546
0.399414 -0.437500 0.640625 1310077470.638546
0.396484 -0.435547 0.636719 1310077470.661542
0.405273 -0.437500 0.638672 1310077470.705522
0.428711 -0.445312 0.625000 1310077470.731546
0.424805 -0.432617 0.641602 1310077470.776544
0.384766 -0.424805 0.641602 1310077470.798551
0.428711 -0.408203 0.639648 1310077470.841547
0.422852 -0.425781 0.607422 1310077470.862547
0.393555 -0.383789 0.617188 1310077470.952548
0.428711 -0.427734 0.633789 1310077470.953544
0.375977 -0.407227 0.644531 1310077470.971540
0.437500 -0.470703 0.640625 1310077470.995554
0.409180 -0.421875 0.655273 1310077471.016553
0.408203 -0.406250 0.635742 1310077471.061567
0.443359 -0.464844 0.646484 1310077471.071556
0.419922 -0.427734 0.627930 1310077471.120549
0.435547 -0.420898 0.632812 1310077471.141557
0.417969 -0.413086 0.631836 1310077471.183556
0.390625 -0.417969 0.647461 1310077471.206531
0.442383 -0.439453 0.643555 1310077471.248553
0.413086 -0.429688 0.615234 1310077471.271559
0.436523 -0.421875 0.624023 1310077471.315562
0.454102 -0.435547 0.650391 1310077471.337568
0.386719 -0.417969 0.631836 1310077471.381559
0.410156 -0.477539 0.665039 1310077471.406969
0.440430 -0.440430 0.643555 1310077471.431557
0.412109 -0.435547 0.667969 1310077471.476568
0.448242 -0.439453 0.629883 1310077471.500566
0.443359 -0.431641 0.651367 1310077471.545569
0.443359 -0.447266 0.636719 1310077471.566568
0.409180 -0.425781 0.637695 1310077471.591570
0.404297 -0.443359 0.685547 1310077471.637562
0.456055 -0.444336 0.648438 1310077471.658564
0.429688 -0.423828 0.644531 1310077471.703566
0.419922 -0.433594 0.635742 1310077471.726565
0.406250 -0.414062 0.625000 1310077471.767575
0.435547 -0.419922 0.594727 1310077471.788563
0.431641 -0.451172 0.660156 1310077471.832572
0.412109 -0.420898 0.645508 1310077471.855567
0.419922 -0.502930 0.645508 1310077471.878574
0.429688 -0.426758 0.608398 1310077471.922566
0.410156 -0.399414 0.683594 1310077471.958562
0.438477 -0.449219 0.616211 1310077471.983571
0.436523 -0.442383 0.643555 1310077472.027560
0.436523 -0.442383 0.643555 1310077472.049549
0.440430 -0.441406 0.626953 1310077472.095573
0.413086 -0.432617 0.634766 1310077472.117577
0.453125 -0.445312 0.679688 1310077472.160569
0.379883 -0.438477 0.631836 1310077472.203582
0.403320 -0.425781 0.625000 1310077472.241571
0.411133 -0.418945 0.668945 1310077472.242620
0.457031 -0.430664 0.623047 1310077472.283576
0.425781 -0.428711 0.673828 1310077472.306580
0.447266 -0.417969 0.652344 1310077472.331584
0.423828 -0.464844 0.648438 1310077472.373579
0.423828 -0.426758 0.649414 1310077472.396571
0.431641 -0.435547 0.623047 1310077472.440582
0.421875 -0.447266 0.610352 1310077472.462593
0.434570 -0.429688 0.625000 1310077472.508573
0.428711 -0.422852 0.615234 1310077472.530575
0.401367 -0.449219 0.657227 1310077472.572583
0.427734 -0.413086 0.657227 1310077472.595587
0.405273 -0.432617 0.641602 1310077472.641582
0.448242 -0.420898 0.655273 1310077472.667558
0.440430 -0.439453 0.651367 1310077472.691620
0.412109 -0.436523 0.636719 1310077472.735596
0.421875 -0.430664 0.630859 1310077472.756582
0.437500 -0.416016 0.630859 1310077472.779588
0.437500 -0.428711 0.630859 1310077472.824591
0.433594 -0.428711 0.630859 1310077472.855598
0.458984 -0.420898 0.641602 1310077472.886562
0.412109 -0.403320 0.643555 1310077472.923598
0.435547 -0.428711 0.635742 1310077472.945585
0.444336 -0.440430 0.652344 1310077472.988589
0.413086 -0.424805 0.639648 1310077473.031591
0.397461 -0.414062 0.639648 1310077473.055591
0.422852 -0.414062 0.617188 1310077473.081592
0.425781 -0.428711 0.603516 1310077473.103597
0.428711 -0.416016 0.636719 1310077473.141564
0.428711 -0.458008 0.637695 1310077473.190606
0.412109 -0.421875 0.637695 1310077473.223596
0.413086 -0.458984 0.674805 1310077473.260598
0.428711 -0.429688 0.637695 1310077473.283595
0.436523 -0.425781 0.612305 1310077473.325564
0.412109 -0.446289 0.678711 1310077473.326573
0.360352 -0.453125 0.622070 1310077473.370590
0.408203 -0.396484 0.665039 1310077473.397604
0.382812 -0.406250 0.645508 1310077473.460605
0.424805 -0.405273 0.639648 1310077473.461568
0.452148 -0.437500 0.612305 1310077473.533595
0.416992 -0.418945 0.648438 1310077473.535571
0.396484 -0.423828 0.643555 1310077473.580605
0.416016 -0.422852 0.620117 1310077473.602605
0.384766 -0.429688 0.629883 1310077473.628602
0.424805 -0.439453 0.637695 1310077473.652605
0.411133 -0.446289 0.635742 1310077473.693613
0.424805 -0.427734 0.638672 1310077473.715602
0.425781 -0.427734 0.638672 1310077473.758611
0.416992 -0.429688 0.630859 1310077473.802599
0.428711 -0.440430 0.608398 1310077473.823606
0.432617 -0.420898 0.631836 1310077473.846586
0.428711 -0.403320 0.647461 1310077473.881609
0.450195 -0.403320 0.647461 1310077473.925611
0.445312 -0.438477 0.656250 1310077473.945608
0.429688 -0.437500 0.616211 1310077473.991610
0.430664 -0.417969 0.625000 1310077474.013606
0.433594 -0.429688 0.667969 1310077474.057609
0.448242 -0.434570 0.648438 1310077474.080610
0.419922 -0.420898 0.648438 1310077474.101615
0.399414 -0.476562 0.635742 1310077474.147609
0.434570 -0.425781 0.634766 1310077474.170589
0.419922 -0.413086 0.638672 1310077474.213611
0.438477 -0.406250 0.627930 1310077474.236615
0.437500 -0.434570 0.617188 1310077474.273615
0.441406 -0.450195 0.629883 1310077474.298616
0.429688 -0.414062 0.625000 1310077474.347638
0.442383 -0.454102 0.650391 1310077474.370633
0.437500 -0.458008 0.626953 1310077474.412612
0.436523 -0.442383 0.631836 1310077474.435622
0.416992 -0.442383 0.641602 1310077474.456615
0.419922 -0.442383 0.641602 1310077474.500626
0.436523 -0.425781 0.644531 1310077474.545628
0.384766 -0.432617 0.673828 1310077474.567626
0.408203 -0.439453 0.641602 1310077474.588625
0.416992 -0.455078 0.639648 1310077474.633626
0.390625 -0.416016 0.639648 1310077474.648625
0.424805 -0.411133 0.647461 1310077474.693617
0.400391 -0.430664 0.668945 1310077474.737622
0.418945 -0.431641 0.663086 1310077474.793634
0.424805 -0.437500 0.652344 1310077474.818618
0.429688 -0.445312 0.648438 1310077474.820618
0.419922 -0.422852 0.648438 1310077474.840636
0.460938 -0.434570 0.663086 1310077474.884636
0.460938 -0.434570 0.663086 1310077474.906627
0.401367 -0.434570 0.663086 1310077474.958628
0.401367 -0.434570 0.663086 1310077474.983625
0.420898 -0.451172 0.605469 1310077475.028626
0.416016 -0.416016 0.639648 1310077475.030618
0.422852 -0.451172 0.622070 1310077475.075678
0.437500 -0.451172 0.615234 1310077475.117631
0.403320 -0.438477 0.624023 1310077475.140632
0.426758 -0.435547 0.627930 1310077475.182631
0.424805 -0.416016 0.621094 1310077475.205637
0.455078 -0.468750 0.621094 1310077475.248637
0.421875 -0.449219 0.635742 1310077475.270645
0.409180 -0.438477 0.641602 1310077475.315595
0.414062 -0.412109 0.633789 1310077475.336618
0.398438 -0.397461 0.623047 1310077475.380636
0.443359 -0.423828 0.631836 1310077475.402638
0.439453 -0.433594 0.631836 1310077475.448636
0.404297 -0.425781 0.636719 1310077475.471642
0.419922 -0.437500 0.656250 1310077475.493636
0.406250 -0.416992 0.629883 1310077475.537639
0.437500 -0.427734 0.681641 1310077475.560634
0.440430 -0.442383 0.625000 1310077475.581644
0.430664 -0.418945 0.613281 1310077475.636635
0.430664 -0.418945 0.613281 1310077475.648640
0.436523 -0.442383 0.619141 1310077475.692648
0.427734 -0.424805 0.658203 1310077475.741641
0.411133 -0.431641 0.655273 1310077475.763644
0.445312 -0.454102 0.644531 1310077475.798625
0.395508 -0.448242 0.655273 1310077475.820603
0.428711 -0.435547 0.655273 1310077475.843644
0.426758 -0.455078 0.652344 1310077475.886629
0.390625 -0.441406 0.626953 1310077475.929651
0.435547 -0.420898 0.667969 1310077475.951641
0.422852 -0.420898 0.667969 1310077475.972645
0.404297 -0.410156 0.622070 1310077476.051639
0.393555 -0.399414 0.650391 1310077476.111654
0.406250 -0.461914 0.675781 1310077476.112653
0.445312 -0.434570 0.634766 1310077476.113648
0.427734 -0.418945 0.638672 1310077476.136647
0.378906 -0.425781 0.638672 1310077476.180658
0.428711 -0.442383 0.653320 1310077476.205653
0.415039 -0.440430 0.657227 1310077476.240661
0.376953 -0.412109 0.622070 1310077476.263652
