0.600586 -0.501953 0.532227 1311189232.956954
0.563477 -0.525391 0.532227 1311189232.978970
0.625977 -0.502930 0.515625 1311189233.021957
0.611328 -0.477539 0.499023 1311189233.043945
0.616211 -0.488281 0.522461 1311189233.086970
0.616211 -0.487305 0.544922 1311189233.132953
0.599609 -0.492188 0.530273 1311189233.156948
0.629883 -0.497070 0.532227 1311189233.178960
0.620117 -0.480469 0.497070 1311189233.203960
0.615234 -0.510742 0.461914 1311189233.233962
0.646484 -0.505859 0.483398 1311189233.282957
0.585938 -0.555664 0.471680 1311189233.326956
0.647461 -0.533203 0.475586 1311189233.348965
0.565430 -0.631836 0.437500 1311189233.369963
0.645508 -0.514648 0.462891 1311189233.412965
0.670898 -0.519531 0.477539 1311189233.448966
0.679688 -0.556641 0.467773 1311189233.486958
0.563477 -0.726562 0.446289 1311189233.511938
0.615234 -0.547852 0.507812 1311189233.533968
0.603516 -0.628906 0.444336 1311189233.556960
0.530273 -0.657227 0.430664 1311189233.589954
0.682617 -0.507812 0.495117 1311189233.632954
0.554688 -0.783203 0.335938 1311189233.656969
0.590820 -0.742188 0.406250 1311189233.701975
0.554688 -0.665039 0.446289 1311189233.722970
0.418945 -0.574219 0.443359 1311189233.766976
0.508789 -0.601562 0.462891 1311189233.789963
0.542969 -0.652344 0.442383 1311189233.812973
0.432617 -0.551758 0.494141 1311189233.857969
0.436523 -0.707031 0.417969 1311189233.899964
0.541016 -0.611328 0.461914 1311189233.923980
0.533203 -0.706055 0.444336 1311189233.939968
0.570312 -0.665039 0.448242 1311189233.988957
0.536133 -0.665039 0.448242 1311189234.014953
0.469727 -0.629883 0.459961 1311189234.062987
0.613281 -0.644531 0.450195 1311189234.083974
0.489258 -0.650391 0.399414 1311189234.105996
0.544922 -0.652344 0.438477 1311189234.148969
0.668945 -0.680664 0.519531 1311189234.170979
0.619141 -0.680664 0.519531 1311189234.198960
0.679688 -0.727539 0.444336 1311189234.250981
0.764648 -0.448242 0.462891 1311189234.295983
0.704102 -0.576172 0.407227 1311189234.319978
0.686523 -0.651367 0.331055 1311189234.341989
0.733398 -0.664062 0.333984 1311189234.365972
0.723633 -0.601562 0.319336 1311189234.409982
0.729492 -0.567383 0.280273 1311189234.440977
0.794922 -0.515625 0.239258 1311189234.466982
0.831055 -0.504883 0.245117 1311189234.510996
0.773438 -0.525391 0.286133 1311189234.532957
0.774414 -0.527344 0.287109 1311189234.555983
0.730469 -0.535156 0.330078 1311189234.592990
0.762695 -0.537109 0.284180 1311189234.635980
0.816406 -0.571289 0.245117 1311189234.658998
0.797852 -0.498047 0.268555 1311189234.685986
0.773438 -0.553711 0.256836 1311189234.754989
0.677734 -0.601562 0.326172 1311189234.755978
0.677734 -0.601562 0.326172 1311189234.791989
0.673828 -0.554688 0.431641 1311189234.828987
0.623047 -0.634766 0.438477 1311189234.849990
0.673828 -0.605469 0.388672 1311189234.893999
0.738281 -0.547852 0.355469 1311189234.917984
0.719727 -0.547852 0.355469 1311189234.939991
0.621094 -0.755859 0.355469 1311189234.985996
0.493164 -0.900391 0.605469 1311189235.009995
0.460938 -0.457031 0.310547 1311189235.055993
0.405273 -0.487305 0.535156 1311189235.079002
0.492188 -0.541016 0.455078 1311189235.126011
0.685547 -0.506836 0.477539 1311189235.148998
0.620117 -0.589844 0.439453 1311189235.172992
0.500000 -0.637695 0.433594 1311189235.215000
0.673828 -0.597656 0.427734 1311189235.259997
0.629883 -0.571289 0.395508 1311189235.283994
0.620117 -0.572266 0.435547 1311189235.305989
0.651367 -0.569336 0.443359 1311189235.330993
0.657227 -0.522461 0.431641 1311189235.376007
0.646484 -0.512695 0.468750 1311189235.399000
0.656250 -0.533203 0.457031 1311189235.439998
0.640625 -0.545898 0.441406 1311189235.463004
0.637695 -0.546875 0.460938 1311189235.484987
0.668945 -0.486328 0.486328 1311189235.531024
0.614258 -0.502930 0.456055 1311189235.575002
0.599609 -0.487305 0.495117 1311189235.598002
0.663086 -0.397461 0.487305 1311189235.620001
0.632812 -0.458984 0.498047 1311189235.671006
0.632812 -0.503906 0.477539 1311189235.698999
0.650391 -0.510742 0.450195 1311189235.721000
0.628906 -0.477539 0.478516 1311189235.764006
0.638672 -0.489258 0.485352 1311189235.784994
0.612305 -0.538086 0.507812 1311189235.829009
0.625977 -0.505859 0.494141 1311189235.851012
0.628906 -0.491211 0.505859 1311189235.873002
0.614258 -0.508789 0.488281 1311189235.916018
0.649414 -0.454102 0.529297 1311189235.960015
0.645508 -0.427734 0.533203 1311189235.981016
0.631836 -0.451172 0.542969 1311189236.006007
0.617188 -0.458984 0.531250 1311189236.059029
0.597656 -0.458984 0.531250 1311189236.085011
0.624023 -0.440430 0.544922 1311189236.129017
0.652344 -0.408203 0.477539 1311189236.138108
0.623047 -0.482422 0.513672 1311189236.175007
0.651367 -0.503906 0.483398 1311189236.218011
0.600586 -0.449219 0.472656 1311189236.240019
0.610352 -0.449219 0.472656 1311189236.263042
0.546875 -0.500977 0.505859 1311189236.310147
0.651367 -0.478516 0.504883 1311189236.354024
0.632812 -0.461914 0.510742 1311189236.378017
0.555664 -0.623047 0.459961 1311189236.400017
0.671875 -0.491211 0.480469 1311189236.421021
0.606445 -0.491211 0.480469 1311189236.470027
0.613281 -0.465820 0.464844 1311189236.494025
0.621094 -0.503906 0.481445 1311189236.538029
0.621094 -0.518555 0.485352 1311189236.560026
0.640625 -0.541992 0.492188 1311189236.605019
0.618164 -0.511719 0.483398 1311189236.629023
0.628906 -0.599609 0.429688 1311189236.666022
0.600586 -0.562500 0.435547 1311189236.691032
0.591797 -0.527344 0.437500 1311189236.736027
0.585938 -0.550781 0.468750 1311189236.759028
0.633789 -0.453125 0.518555 1311189236.780026
0.608398 -0.609375 0.450195 1311189236.825001
0.645508 -0.501953 0.464844 1311189236.869035
0.601562 -0.496094 0.476562 1311189236.890025
0.702148 -0.583008 0.446289 1311189236.934017
0.706055 -0.485352 0.530273 1311189236.955026
0.683594 -0.502930 0.522461 1311189236.978032
0.639648 -0.502930 0.522461 1311189237.003037
0.626953 -0.551758 0.485352 1311189237.045027
0.560547 -0.572266 0.416016 1311189237.089034
0.533203 -0.581055 0.474609 1311189237.111038
0.534180 -0.592773 0.502930 1311189237.134035
0.550781 -0.645508 0.439453 1311189237.174039
0.583984 -0.613281 0.402344 1311189237.196031
0.583984 -0.613281 0.402344 1311189237.241035
0.544922 -0.708984 0.420898 1311189237.277031
0.579102 -0.623047 0.408203 1311189237.311042
0.611328 -0.670898 0.417969 1311189237.374032
0.618164 -0.604492 0.422852 1311189237.375031
0.435547 -0.532227 0.439453 1311189237.396032
0.670898 -0.658203 0.461914 1311189237.438028
0.510742 -0.628906 0.430664 1311189237.459037
0.563477 -0.647461 0.422852 1311189237.501034
0.597656 -0.697266 0.470703 1311189237.529045
0.647461 -0.544922 0.430664 1311189237.551041
0.587891 -0.648438 0.382812 1311189237.599046
0.680664 -0.684570 0.365234 1311189237.621041
0.759766 -0.574219 0.343750 1311189237.665048
0.687500 -0.612305 0.281250 1311189237.686047
0.725586 -0.668945 0.282227 1311189237.735065
0.732422 -0.622070 0.343750 1311189237.757037
0.722656 -0.611328 0.334961 1311189237.799035
0.725586 -0.609375 0.291992 1311189237.825040
0.706055 -0.623047 0.301758 1311189237.849047
0.714844 -0.623047 0.346680 1311189237.898049
0.740234 -0.595703 0.374023 1311189237.919053
0.664062 -0.601562 0.336914 1311189237.941054
0.669922 -0.563477 0.340820 1311189237.986042
0.665039 -0.554688 0.334961 1311189238.010049
0.739258 -0.537109 0.314453 1311189238.054053
0.705078 -0.541992 0.293945 1311189238.099049
0.704102 -0.570312 0.285156 1311189238.100047
0.723633 -0.570312 0.285156 1311189238.144056
0.696289 -0.559570 0.384766 1311189238.186040
0.727539 -0.575195 0.345703 1311189238.208052
0.691406 -0.566406 0.338867 1311189238.251054
0.697266 -0.609375 0.348633 1311189238.274060
0.707031 -0.625977 0.335938 1311189238.296057
0.732422 -0.625977 0.335938 1311189238.320055
0.693359 -0.608398 0.327148 1311189238.364052
0.638672 -0.556641 0.363281 1311189238.408070
0.573242 -0.570312 0.399414 1311189238.453060
0.653320 -0.654297 0.475586 1311189238.454056
0.513672 -0.696289 0.444336 1311189238.500058
0.654297 -0.611328 0.424805 1311189238.544062
0.514648 -0.476562 0.499023 1311189238.566067
0.553711 -0.494141 0.515625 1311189238.602061
0.562500 -0.633789 0.453125 1311189238.666046
0.594727 -0.634766 0.461914 1311189238.668047
0.600586 -0.610352 0.449219 1311189238.690069
0.633789 -0.595703 0.431641 1311189238.713064
0.548828 -0.588867 0.388672 1311189238.758065
0.674805 -0.630859 0.483398 1311189238.780078
0.665039 -0.505859 0.505859 1311189238.824067
0.620117 -0.562500 0.464844 1311189238.845064
0.622070 -0.591797 0.714844 1311189238.869070
0.644531 -0.496094 0.504883 1311189238.919074
0.617188 -0.560547 0.494141 1311189238.945071
0.636719 -0.500000 0.471680 1311189238.990072
0.642578 -0.498047 0.456055 1311189239.011072
0.649414 -0.509766 0.444336 1311189239.035071
0.651367 -0.514648 0.444336 1311189239.079061
0.623047 -0.486328 0.470703 1311189239.103076
0.650391 -0.528320 0.443359 1311189239.145077
0.649414 -0.535156 0.469727 1311189239.189070
0.624023 -0.515625 0.482422 1311189239.211077
0.613281 -0.521484 0.525391 1311189239.234080
0.610352 -0.520508 0.521484 1311189239.255071
0.633789 -0.469727 0.467773 1311189239.301060
0.621094 -0.468750 0.534180 1311189239.346059
0.617188 -0.546875 0.485352 1311189239.369074
0.618164 -0.516602 0.466797 1311189239.390075
0.682617 -0.449219 0.494141 1311189239.434081
0.601562 -0.449219 0.515625 1311189239.456082
0.651367 -0.470703 0.488281 1311189239.495082
0.656250 -0.501953 0.518555 1311189239.536077
0.619141 -0.486328 0.495117 1311189239.559088
0.617188 -0.543945 0.556641 1311189239.583085
0.635742 -0.534180 0.493164 1311189239.615084
0.628906 -0.552734 0.505859 1311189239.658084
0.630859 -0.521484 0.507812 1311189239.683087
0.650391 -0.484375 0.488281 1311189239.715090
0.621094 -0.504883 0.477539 1311189239.761075
0.638672 -0.522461 0.479492 1311189239.784084
0.648438 -0.516602 0.502930 1311189239.807069
0.631836 -0.519531 0.458008 1311189239.851084
0.635742 -0.451172 0.504883 1311189239.886091
0.608398 -0.407227 0.490234 1311189239.924094
0.620117 -0.572266 0.478516 1311189239.949087
0.586914 -0.548828 0.472656 1311189239.971091
0.679688 -0.482422 0.473633 1311189240.016087
0.635742 -0.455078 0.481445 1311189240.040090
0.587891 -0.590820 0.491211 1311189240.086093
0.663086 -0.551758 0.463867 1311189240.110098
0.601562 -0.544922 0.469727 1311189240.156086
0.573242 -0.570312 0.468750 1311189240.178100
0.558594 -0.570312 0.468750 1311189240.199093
0.585938 -0.583008 0.447266 1311189240.243102
0.644531 -0.682617 0.434570 1311189240.285094
0.511719 -0.664062 0.428711 1311189240.309098
0.550781 -0.600586 0.424805 1311189240.330100
0.568359 -0.573242 0.486328 1311189240.358100
0.578125 -0.661133 0.486328 1311189240.384095
0.623047 -0.502930 0.493164 1311189240.428100
0.567383 -0.587891 0.458984 1311189240.470098
0.612305 -0.592773 0.478516 1311189240.495101
0.608398 -0.582031 0.457031 1311189240.521102
0.573242 -0.541992 0.447266 1311189240.545099
0.569336 -0.650391 0.418945 1311189240.599093
0.510742 -0.628906 0.440430 1311189240.621103
0.564453 -0.637695 0.397461 1311189240.666599
0.526367 -0.658203 0.402344 1311189240.689113
0.469727 -0.623047 0.377930 1311189240.721109
0.916016 -0.535156 0.561523 1311189240.744097
0.638672 -0.528320 0.492188 1311189240.786108
0.686523 -0.636719 0.436523 1311189240.829100
0.706055 -0.601562 0.423828 1311189240.850101
0.694336 -0.563477 0.385742 1311189240.895098
0.728516 -0.513672 0.380859 1311189240.918104
0.706055 -0.539062 0.380859 1311189240.941112
0.733398 -0.511719 0.355469 1311189240.985110
0.771484 -0.528320 0.352539 1311189241.008120
0.750977 -0.589844 0.295898 1311189241.050106
0.708984 -0.614258 0.326172 1311189241.071113
0.686523 -0.562500 0.353516 1311189241.116108
0.711914 -0.562500 0.353516 1311189241.141127
0.737305 -0.583984 0.357422 1311189241.226119
0.762695 -0.558594 0.305664 1311189241.228110
0.786133 -0.546875 0.366211 1311189241.243113
0.743164 -0.533203 0.354492 1311189241.265112
0.739258 -0.544922 0.402344 1311189241.309103
0.751953 -0.539062 0.375977 1311189241.330112
0.501953 -0.539062 0.375977 1311189241.353125
0.619141 -0.561523 0.339844 1311189241.396113
0.582031 -1.095703 0.488281 1311189241.421122
0.651367 -0.223633 0.518555 1311189241.471119
0.605469 -0.587891 0.522461 1311189241.494119
0.684570 -0.431641 0.416016 1311189241.539113
0.626953 -0.536133 0.473633 1311189241.561135
0.574219 -0.593750 0.421875 1311189241.585127
0.609375 -0.591797 0.441406 1311189241.628115
0.562500 -0.656250 0.441406 1311189241.650122
0.660156 -0.586914 0.437500 1311189241.674144
0.718750 -0.614258 0.439453 1311189241.708119
0.558594 -0.612305 0.439453 1311189241.751117
0.469727 -0.580078 0.385742 1311189241.791116
0.838867 -0.509766 0.569336 1311189241.815124
0.749023 -0.511719 0.506836 1311189241.858128
0.615234 -0.542969 0.455078 1311189241.880114
0.660156 -0.561523 0.436523 1311189241.901127
0.629883 -0.464844 0.508789 1311189241.944125
0.630859 -0.485352 0.456055 1311189241.975122
0.627930 -0.458984 0.506836 1311189242.001130
0.617188 -0.546875 0.473633 1311189242.046129
0.627930 -0.513672 0.477539 1311189242.069131
0.610352 -0.522461 0.463867 1311189242.113132
0.630859 -0.519531 0.499023 1311189242.134127
0.617188 -0.531250 0.469727 1311189242.181130
0.639648 -0.498047 0.509766 1311189242.204131
0.631836 -0.485352 0.479492 1311189242.226137
0.639648 -0.735352 0.479492 1311189242.269128
0.663086 -0.453125 0.474609 1311189242.303135
0.603516 -0.508789 0.555664 1311189242.346129
0.618164 -0.490234 0.458008 1311189242.368139
0.597656 -0.496094 0.501953 1311189242.389135
0.609375 -0.451172 0.512695 1311189242.434143
0.641602 -0.515625 0.512695 1311189242.479143
0.630859 -0.505859 0.474609 1311189242.516128
0.653320 -0.479492 0.521484 1311189242.518130
0.646484 -0.474609 0.507812 1311189242.559138
0.628906 -0.490234 0.489258 1311189242.581149
0.641602 -0.479492 0.487305 1311189242.626135
0.632812 -0.483398 0.500000 1311189242.669131
0.629883 -0.499023 0.483398 1311189242.690144
0.651367 -0.500000 0.488281 1311189242.734108
0.636719 -0.495117 0.476562 1311189242.755230
0.626953 -0.541016 0.483398 1311189242.800148
0.604492 -0.479492 0.470703 1311189242.801141
0.618164 -0.506836 0.472656 1311189242.856124
0.626953 -0.513672 0.498047 1311189242.880146
0.608398 -0.509766 0.502930 1311189242.904136
0.604492 -0.542969 0.471680 1311189242.946164
0.592773 -0.535156 0.486328 1311189242.993149
0.620117 -0.472656 0.486328 1311189242.994096
0.603516 -0.472656 0.486328 1311189243.038137
0.673828 -0.468750 0.501953 1311189243.081141
0.673828 -0.480469 0.499023 1311189243.105144
0.618164 -0.529297 0.514648 1311189243.149150
0.620117 -0.586914 0.439453 1311189243.171134
0.662109 -0.548828 0.439453 1311189243.194162
0.632812 -0.431641 0.483398 1311189243.240194
0.519531 -0.696289 0.424805 1311189243.284142
0.633789 -0.572266 0.467773 1311189243.306136
0.593750 -0.611328 0.427734 1311189243.329141
0.607422 -0.488281 0.439453 1311189243.354153
0.607422 -0.488281 0.439453 1311189243.399167
0.614258 -0.567383 0.479492 1311189243.444151
0.624023 -0.490234 0.494141 1311189243.468145
0.563477 -0.570312 0.481445 1311189243.490152
0.635742 -0.546875 0.478516 1311189243.534146
0.714844 -0.498047 0.534180 1311189243.555147
0.652344 -0.748047 0.534180 1311189243.576143
0.640625 -0.571289 0.459961 1311189243.623166
0.645508 -0.528320 0.497070 1311189243.648168
0.599609 -0.555664 0.471680 1311189243.695150
0.712891 -0.556641 0.479492 1311189243.717173
0.585938 -0.573242 0.458984 1311189243.751161
0.668945 -0.506836 0.448242 1311189243.801167
0.701172 -0.565430 0.493164 1311189243.823168
0.593750 -0.582031 0.410156 1311189243.845173
0.607422 -0.623047 0.425781 1311189243.869172
0.588867 -0.687500 0.420898 1311189243.915189
0.512695 -0.673828 0.402344 1311189243.938162
0.640625 -0.653320 0.424805 1311189243.981170
0.595703 -0.662109 0.415039 1311189244.024170
0.577148 -0.653320 0.384766 1311189244.049170
0.589844 -0.600586 0.442383 1311189244.071166
0.537109 -0.562500 0.459961 1311189244.095170
0.695312 -0.598633 0.488281 1311189244.138171
0.624023 -0.654297 0.433594 1311189244.163171
0.596680 -0.629883 0.409180 1311189244.208177
0.662109 -0.693359 0.392578 1311189244.253171
0.768555 -0.636719 0.446289 1311189244.275172
0.627930 -0.607422 0.342773 1311189244.298172
0.625977 -0.607422 0.342773 1311189244.320175
0.636719 -0.610352 0.430664 1311189244.370174
0.662109 -0.648438 0.361328 1311189244.391170
0.717773 -0.596680 0.330078 1311189244.438153
0.695312 -0.609375 0.376953 1311189244.459179
0.678711 -0.606445 0.369141 1311189244.483174
0.669922 -0.639648 0.369141 1311189244.508178
0.686523 -0.581055 0.397461 1311189244.568188
0.690430 -0.588867 0.366211 1311189244.590192
0.707031 -0.644531 0.372070 1311189244.613179
0.687500 -0.586914 0.426758 1311189244.656155
0.671875 -0.576172 0.332031 1311189244.679176
0.708984 -0.615234 0.305664 1311189244.721182
0.711914 -0.640625 0.356445 1311189244.744174
0.692383 -0.579102 0.340820 1311189244.793189
0.724609 -0.547852 0.326172 1311189244.814184
0.717773 -0.579102 0.319336 1311189244.836183
0.737305 -0.549805 0.303711 1311189244.868176
0.714844 -0.587891 0.325195 1311189244.910195
0.713867 -0.542969 0.342773 1311189244.935169
0.763672 -0.545898 0.338867 1311189244.978181
0.746094 -0.572266 0.355469 1311189245.000202
0.753906 -0.549805 0.354492 1311189245.073195
0.688477 -0.577148 0.354492 1311189245.099191
0.704102 -0.603516 0.372070 1311189245.115183
0.642578 -0.589844 0.361328 1311189245.136193
0.718750 -0.650391 0.406250 1311189245.160201
0.674805 -0.713867 0.417969 1311189245.208190
0.572266 -0.757812 0.524414 1311189245.231184
0.468750 -0.500000 0.274414 1311189245.253193
0.642578 -0.718750 0.412109 1311189245.299191
0.463867 -0.493164 0.453125 1311189245.321195
0.577148 -0.537109 0.548828 1311189245.364194
0.531250 -0.574219 0.395508 1311189245.408192
0.600586 -0.558594 0.433594 1311189245.430192
0.600586 -0.558594 0.433594 1311189245.454197
0.600586 -0.614258 0.385742 1311189245.488197
0.601562 -0.572266 0.477539 1311189245.531195
0.591797 -0.578125 0.428711 1311189245.553194
0.689453 -0.527344 0.495117 1311189245.598200
0.679688 -0.501953 0.483398 1311189245.619202
0.679688 -0.501953 0.483398 1311189245.643205
0.581055 -0.558594 0.467773 1311189245.694193
0.675781 -0.509766 0.465820 1311189245.717204
0.631836 -0.488281 0.541992 1311189245.759196
0.631836 -0.477539 0.468750 1311189245.780200
0.614258 -0.425781 0.515625 1311189245.803202
0.652344 -0.500977 0.489258 1311189245.848210
0.672852 -0.552734 0.448242 1311189245.891205
0.625977 -0.567383 0.510742 1311189245.913228
0.635742 -0.497070 0.495117 1311189245.935186
0.605469 -0.458984 0.495117 1311189245.984221
0.626953 -0.465820 0.523438 1311189246.005203
0.646484 -0.500000 0.532227 1311189246.029203
0.666016 -0.415039 0.547852 1311189246.076208
0.564453 -0.421875 0.520508 1311189246.099197
0.609375 -0.468750 0.504883 1311189246.144207
0.603516 -0.433594 0.533203 1311189246.166210
0.638672 -0.391602 0.572266 1311189246.190212
0.676758 -0.475586 0.484375 1311189246.235210
0.636719 -0.452148 0.488281 1311189246.279211
0.625000 -0.413086 0.538086 1311189246.300203
0.597656 -0.438477 0.508789 1311189246.376219
0.651367 -0.411133 0.509766 1311189246.378210
0.625000 -0.411133 0.509766 1311189246.397216
0.631836 -0.452148 0.505859 1311189246.419193
0.606445 -0.474609 0.513672 1311189246.462217
0.620117 -0.443359 0.549805 1311189246.484215
0.625977 -0.472656 0.483398 1311189246.527217
0.631836 -0.405273 0.525391 1311189246.549219
0.605469 -0.534180 0.525391 1311189246.572219
0.609375 -0.502930 0.490234 1311189246.615206
0.581055 -0.408203 0.501953 1311189246.659213
0.614258 -0.456055 0.511719 1311189246.681244
0.592773 -0.512695 0.540039 1311189246.705239
0.633789 -0.478516 0.511719 1311189246.736222
0.663086 -0.541016 0.450195 1311189246.779219
0.641602 -0.489258 0.475586 1311189246.823218
0.593750 -0.578125 0.460938 1311189246.844225
0.554688 -0.627930 0.470703 1311189246.866250
0.616211 -0.355469 0.562500 1311189246.910221
0.558594 -0.648438 0.403320 1311189246.937231
0.644531 -0.485352 0.403320 1311189246.980225
0.644531 -0.485352 0.403320 1311189247.003224
0.544922 -0.585938 0.521484 1311189247.047224
0.651367 -0.476562 0.461914 1311189247.070232
0.583008 -0.500000 0.487305 1311189247.095234
0.523438 -0.589844 0.487305 1311189247.139234
0.488281 -0.596680 0.483398 1311189247.170234
0.567383 -0.531250 0.501953 1311189247.191232
0.555664 -0.580078 0.518555 1311189247.236237
0.587891 -0.508789 0.539062 1311189247.260236
0.545898 -0.530273 0.500977 1311189247.306229
0.726562 -0.579102 0.507812 1311189247.328230
0.520508 -0.641602 0.471680 1311189247.361237
0.598633 -0.548828 0.457031 1311189247.384235
0.804688 -0.501953 0.536133 1311189247.429231
0.651367 -0.561523 0.471680 1311189247.452211
0.653320 -0.585938 0.484375 1311189247.495238
0.653320 -0.585938 0.484375 1311189247.516237
0.714844 -0.556641 0.449219 1311189247.559239
0.655273 -0.572266 0.425781 1311189247.615252
0.685547 -0.552734 0.357422 1311189247.617234
0.667969 -0.534180 0.407227 1311189247.653238
0.718750 -0.501953 0.446289 1311189247.677229
0.717773 -0.507812 0.446289 1311189247.722242
0.701172 -0.529297 0.416992 1311189247.750247
0.678711 -0.564453 0.386719 1311189247.775243
0.705078 -0.547852 0.373047 1311189247.824241
0.679688 -0.523438 0.358398 1311189247.845242
0.744141 -0.518555 0.372070 1311189247.867244
0.666992 -0.521484 0.381836 1311189247.910247
0.708008 -0.602539 0.392578 1311189247.935246
0.750000 -0.583984 0.366211 1311189247.982254
0.728516 -0.541992 0.370117 1311189248.006239
0.736328 -0.555664 0.381836 1311189248.031271
0.696289 -0.560547 0.369141 1311189248.074252
0.749023 -0.550781 0.361328 1311189248.097245
0.739258 -0.521484 0.405273 1311189248.141247
0.708984 -0.572266 0.387695 1311189248.164251
0.726562 -0.540039 0.362305 1311189248.187244
0.693359 -0.563477 0.388672 1311189248.231254
0.686523 -0.581055 0.447266 1311189248.256250
0.673828 -0.581055 0.447266 1311189248.284253
0.708984 -0.572266 0.435547 1311189248.326250
0.636719 -0.605469 0.585938 1311189248.369254
0.531250 -0.603516 0.462891 1311189248.412249
0.546875 -0.546875 0.469727 1311189248.414234
0.414062 -0.546875 0.469727 1311189248.439271
0.414062 -0.546875 0.469727 1311189248.485237
0.462891 -0.537109 0.469727 1311189248.519249
0.462891 -0.537109 0.469727 1311189248.541261
0.385742 -0.456055 0.498047 1311189248.585258
0.503906 -0.555664 0.518555 1311189248.607260
0.607422 -0.579102 0.483398 1311189248.650256
0.564453 -0.549805 0.500000 1311189248.675259
0.500000 -0.503906 0.460938 1311189248.717261
0.638672 -0.431641 0.576172 1311189248.760238
0.607422 -0.512695 0.560547 1311189248.785242
0.575195 -0.532227 0.427734 1311189248.806272
0.575195 -0.532227 0.427734 1311189248.850263
0.669922 -0.511719 0.492188 1311189248.877265
0.644531 -0.502930 0.491211 1311189248.911285
0.622070 -0.541992 0.491211 1311189248.949265
0.656250 -0.456055 0.499023 1311189248.974266
0.631836 -0.489258 0.526367 1311189248.996225
0.598633 -0.486328 0.526367 1311189249.023272
0.623047 -0.486328 0.526367 1311189249.065311
0.621094 -0.507812 0.515625 1311189249.110269
0.612305 -0.535156 0.517578 1311189249.131299
0.626953 -0.518555 0.507812 1311189249.155275
0.587891 -0.444336 0.507812 1311189249.182281
0.592773 -0.416016 0.535156 1311189249.229277
0.619141 -0.453125 0.547852 1311189249.274280
0.620117 -0.431641 0.501953 1311189249.296266
0.619141 -0.497070 0.507812 1311189249.317272
0.579102 -0.514648 0.522461 1311189249.361278
0.632812 -0.453125 0.519531 1311189249.384270
0.624023 -0.426758 0.527344 1311189249.427267
0.636719 -0.464844 0.518555 1311189249.450360
0.630859 -0.434570 0.543945 1311189249.491282
0.647461 -0.427734 0.542969 1311189249.516277
0.589844 -0.427734 0.525391 1311189249.540276
0.589844 -0.427734 0.525391 1311189249.584250
