0.442383 -0.443359 0.622070 1310076028.271488
0.490234 -0.439453 0.646484 1310076028.295491
0.490234 -0.439453 0.646484 1310076028.317458
0.448242 -0.432617 0.655273 1310076028.357500
0.331055 -0.523438 0.574219 1310076028.403483
0.419922 -0.458008 0.577148 1310076028.426464
0.424805 -0.456055 0.659180 1310076028.470490
0.476562 -0.510742 0.587891 1310076028.491490
0.409180 -0.485352 0.610352 1310076028.516497
0.489258 -0.452148 0.669922 1310076028.557460
0.500000 -0.401367 0.610352 1310076028.600454
0.508789 -0.406250 0.608398 1310076028.623492
0.374023 -0.410156 0.708008 1310076028.646497
0.307617 -0.280273 0.947266 1310076028.689493
0.486328 -0.246094 1.140625 1310076028.712500
0.858398 0.338867 1.287109 1310076028.756450
1.337891 -1.019531 0.530273 1310076028.800514
0.905273 1.549805 0.032227 1310076028.822501
-0.770508 -1.998047 -0.667969 1310076028.843515
-0.078125 -0.255859 -0.400391 1310076028.896489
-0.079102 -0.173828 -0.073242 1310076028.926506
0.267578 -0.487305 -0.337891 1310076028.948492
1.280273 -1.480469 -1.160156 1310076028.972496
1.999023 0.275391 1.995117 1310076029.015516
-0.554688 -1.004883 0.492188 1310076029.041506
1.470703 -0.504883 0.492188 1310076029.062506
0.311523 -0.349609 0.791992 1310076029.107505
0.336914 -0.443359 0.681641 1310076029.130503
0.632812 -0.117188 0.655273 1310076029.173507
0.335938 -0.457031 0.867188 1310076029.217506
0.182617 -0.537109 1.127930 1310076029.240515
0.438477 -0.787109 1.127930 1310076029.262499
1.267578 -1.292969 0.773438 1310076029.302505
1.768555 -1.070312 -0.580078 1310076029.323501
0.690430 -1.432617 -0.900391 1310076029.366530
0.774414 0.693359 -1.267578 1310076029.387505
0.597656 0.785156 -0.320312 1310076029.431537
0.404297 0.558594 1.623047 1310076029.455509
0.059570 1.387695 0.784180 1310076029.502515
1.224609 -0.349609 0.006836 1310076029.525516
1.999023 -0.819336 -0.517578 1310076029.548525
0.069336 -0.574219 0.776367 1310076029.591521
0.257812 -1.583984 0.160156 1310076029.613521
0.613281 1.999023 1.999023 1310076029.657513
0.583984 -0.147461 0.717773 1310076029.682540
0.817383 -0.050781 0.290039 1310076029.727519
0.565430 -0.500977 0.741211 1310076029.748496
0.326172 -0.423828 1.023438 1310076029.793513
0.377930 -0.456055 1.137695 1310076029.816540
0.735352 0.167969 1.466797 1310076029.860549
0.958984 -0.487305 0.664062 1310076029.881536
1.996094 0.281250 0.799805 1310076029.902512
1.384766 -0.441406 0.072266 1310076029.946539
-0.356445 -1.916016 -1.119141 1310076029.970523
-0.380859 -0.013672 -1.119141 1310076030.013523
0.925781 0.502930 -0.196289 1310076030.033521
0.944336 -0.358398 -0.248047 1310076030.076515
0.118164 -1.275391 -1.134766 1310076030.097522
1.999023 -1.452148 -1.997070 1310076030.140511
1.997070 -1.999023 -0.301758 1310076030.212556
-0.637695 -1.277344 0.503906 1310076030.214519
1.053711 0.011719 0.529297 1310076030.232520
0.508789 -0.401367 0.963867 1310076030.275550
0.474609 -0.167969 0.791016 1310076030.300533
0.372070 -0.486328 0.901367 1310076030.321532
0.396484 -0.541992 0.976562 1310076030.367539
0.396484 -0.541992 0.976562 1310076030.390590
1.583008 -1.182617 0.587891 1310076030.436507
1.996094 -1.711914 -1.094727 1310076030.463526
0.749023 -1.333008 -1.157227 1310076030.486540
0.608398 1.175781 -1.144531 1310076030.528519
0.771484 1.121094 -0.234375 1310076030.551544
1.820312 -0.328125 0.718750 1310076030.599520
0.041016 1.400391 0.700195 1310076030.622538
1.221680 -1.022461 1.125000 1310076030.646526
1.997070 0.054688 -0.956055 1310076030.676555
0.296875 -0.503906 0.136719 1310076030.721528
0.061523 -1.551758 0.619141 1310076030.744541
0.677734 1.999023 1.998047 1310076030.790523
0.909180 -0.029297 0.862305 1310076030.812542
0.349609 -0.317383 0.826172 1310076030.837554
0.207031 0.014648 1.038086 1310076030.882531
0.479492 -0.287109 1.185547 1310076030.903628
0.863281 0.221680 1.025391 1310076030.927563
1.995117 -1.713867 0.147461 1310076031.000541
1.049805 1.911133 0.639648 1310076031.021535
0.138672 -1.365234 -0.288086 1310076031.036520
-0.254883 -0.337891 -1.032227 1310076031.063563
0.010742 -0.631836 -0.291016 1310076031.107537
0.587891 -0.131836 -0.291016 1310076031.128529
0.566406 0.223633 -0.310547 1310076031.173538
1.372070 -1.996094 -1.391602 1310076031.197538
1.997070 -1.999023 1.999023 1310076031.241552
-1.096680 -1.145508 0.236328 1310076031.263535
1.896484 0.072266 0.866211 1310076031.286550
-0.042969 0.107422 0.608398 1310076031.331552
-0.068359 -0.283203 1.096680 1310076031.375560
0.541992 -0.307617 0.645508 1310076031.396554
0.184570 -0.478516 0.970703 1310076031.417562
0.526367 -0.914062 0.930664 1310076031.452553
0.840820 -1.196289 0.268555 1310076031.515540
1.999023 -1.999023 -0.523438 1310076031.538584
1.216797 -1.999023 -0.846680 1310076031.560557
0.844727 0.176758 -1.130859 1310076031.583561
-0.014648 1.364258 0.124023 1310076031.625527
1.030273 0.724609 0.001953 1310076031.647550
0.530273 0.769531 0.656250 1310076031.670546
0.264648 1.050781 0.690430 1310076031.717549
1.999023 -1.489258 -0.285156 1310076031.762560
-0.361328 0.949219 1.497070 1310076031.786561
0.228516 -1.732422 0.690430 1310076031.828569
0.157227 -1.187500 0.766602 1310076031.850557
0.821289 0.296875 0.518555 1310076031.871588
0.841797 -0.164062 0.344727 1310076031.920558
0.661133 -0.590820 0.580078 1310076031.948584
0.236328 -0.337891 1.048828 1310076031.986568
0.400391 -0.394531 1.280273 1310076032.009553
0.764648 0.307617 1.334961 1310076032.051542
1.093750 -0.769531 0.505859 1310076032.073578
1.998047 1.779297 1.715820 1310076032.097559
0.725586 -0.833984 -0.574219 1310076032.142565
-0.281250 -1.601562 -0.491211 1310076032.165557
-0.159180 -0.468750 -1.026367 1310076032.207552
0.425781 0.056641 -0.153320 1310076032.232541
0.663086 -0.162109 -0.074219 1310076032.255573
0.312500 -1.227539 -1.310547 1310076032.296550
1.995117 -0.708984 -1.998047 1310076032.321568
1.997070 -1.814453 -1.664062 1310076032.363566
-0.708008 -0.958984 0.558594 1310076032.385563
0.375977 0.362305 0.550781 1310076032.430565
-0.500000 -1.887695 0.550781 1310076032.452576
0.369141 -0.331055 0.620117 1310076032.497567
0.359375 -0.285156 0.910156 1310076032.518596
0.147461 -0.597656 1.058594 1310076032.562567
0.858398 -0.871094 0.791992 1310076032.583558
1.999023 -1.821289 -0.370117 1310076032.627566
1.993164 -1.995117 -1.479492 1310076032.650572
0.382812 -0.847656 -1.112305 1310076032.671575
0.048828 0.583984 -0.503906 1310076032.708564
-0.032227 1.492188 0.513672 1310076032.755607
1.514648 0.998047 1.996094 1310076032.793539
0.600586 0.978516 0.709961 1310076032.795569
1.714844 -1.440430 0.570312 1310076032.857576
-0.773438 1.328125 1.999023 1310076032.878581
0.677734 -0.570312 -0.028320 1310076032.922579
-0.221680 -1.029297 0.480469 1310076032.947571
-0.140625 -1.485352 1.024414 1310076032.968577
0.518555 -0.309570 0.630859 1310076032.995563
0.324219 -0.607422 0.801758 1310076033.038580
0.344727 -0.300781 1.166992 1310076033.062582
0.667969 -0.078125 1.319336 1310076033.105585
0.770508 -0.108398 0.987305 1310076033.131589
1.999023 -0.834961 0.802734 1310076033.156581
0.465820 -0.084961 0.802734 1310076033.200583
0.080078 -1.015625 0.068359 1310076033.225605
0.111328 -0.416016 -0.721680 1310076033.271584
-0.090820 -0.648438 -0.852539 1310076033.293580
0.828125 -0.333008 -0.777344 1310076033.318586
0.415039 -0.656250 -1.379883 1310076033.362597
1.996094 0.006836 -1.379883 1310076033.385581
1.999023 -1.986328 -1.474609 1310076033.430580
-0.889648 -1.292969 0.313477 1310076033.451606
0.616211 -0.302734 0.511719 1310076033.493563
0.547852 -0.435547 0.926758 1310076033.540586
0.066406 -0.082031 0.985352 1310076033.562576
0.350586 -0.511719 0.791992 1310076033.585602
0.382812 -0.701172 0.972656 1310076033.621590
0.570312 -0.839844 0.555664 1310076033.645614
1.709961 -1.651367 0.832031 1310076033.673607
1.221680 -1.548828 -0.370117 1310076033.717591
0.264648 -1.715820 0.155273 1310076033.740604
1.106445 1.001953 -0.526367 1310076033.783590
-0.309570 1.273438 -0.068359 1310076033.828616
0.385742 0.615234 0.225586 1310076033.852588
1.061523 0.900391 0.541016 1310076033.875615
0.807617 1.476562 0.551758 1310076033.898623
1.997070 -1.999023 -1.999023 1310076033.941603
-1.625000 -0.418945 0.381836 1310076033.966591
1.999023 -1.155273 1.123047 1310076034.010616
0.222656 -1.047852 0.619141 1310076034.076624
-0.150391 -0.423828 0.921875 1310076034.077589
0.569336 -0.273438 0.626953 1310076034.092575
0.541016 -0.403320 0.626953 1310076034.129601
0.545898 -0.490234 0.524414 1310076034.174605
0.499023 -0.741211 0.444336 1310076034.198602
0.553711 -0.583008 0.471680 1310076034.238581
0.333008 -0.276367 0.815430 1310076034.261599
0.541992 -0.502930 0.593750 1310076034.305601
0.458984 -0.605469 0.557617 1310076034.328586
0.488281 -0.488281 0.572266 1310076034.361571
0.510742 -0.410156 0.587891 1310076034.406557
0.489258 -0.522461 0.576172 1310076034.430589
0.458984 -0.561523 0.597656 1310076034.458604
0.510742 -0.517578 0.556641 1310076034.507590
0.510742 -0.517578 0.556641 1310076034.509571
0.495117 -0.488281 0.590820 1310076034.554585
0.496094 -0.471680 0.548828 1310076034.598587
0.482422 -0.548828 0.595703 1310076034.619608
0.475586 -0.475586 0.615234 1310076034.644614
0.510742 -0.494141 0.557617 1310076034.664618
0.464844 -0.515625 0.583008 1310076034.713616
0.497070 -0.477539 0.616211 1310076034.762623
0.530273 -0.485352 0.605469 1310076034.833638
0.463867 -0.479492 0.576172 1310076034.834608
0.460938 -0.497070 0.621094 1310076034.838617
