0.404297 -0.466797 0.644531 1311033129.091531
0.388672 -0.465820 0.633789 1311033129.113531
0.406250 -0.484375 0.620117 1311033129.140554
0.438477 -0.486328 0.658203 1311033129.183534
0.375000 -0.518555 0.659180 1311033129.205538
0.371094 -0.499023 0.659180 1311033129.227757
0.390625 -0.480469 0.644531 1311033129.277538
0.430664 -0.531250 0.610352 1311033129.298531
0.388672 -0.484375 0.671875 1311033129.325530
0.408203 -0.455078 0.627930 1311033129.367540
0.380859 -0.458008 0.610352 1311033129.388536
0.404297 -0.503906 0.610352 1311033129.433553
0.423828 -0.479492 0.659180 1311033129.455546
0.400391 -0.477539 0.644531 1311033129.501535
0.444336 -0.519531 0.612305 1311033129.522538
0.399414 -0.442383 0.642578 1311033129.567535
0.384766 -0.458984 0.613281 1311033129.591542
0.418945 -0.442383 0.669922 1311033129.615539
0.360352 -0.377930 0.588867 1311033129.671548
0.409180 -0.445312 0.705078 1311033129.677545
0.383789 -0.488281 0.634766 1311033129.728547
0.388672 -0.479492 0.635742 1311033129.751544
0.447266 -0.404297 0.686523 1311033129.773548
0.410156 -0.340820 0.710938 1311033129.820547
0.432617 -0.427734 0.665039 1311033129.852572
0.445312 -0.412109 0.674805 1311033129.895549
0.395508 -0.468750 0.632812 1311033129.916548
0.396484 -0.470703 0.668945 1311033129.937525
0.417969 -0.459961 0.647461 1311033129.960543
0.406250 -0.426758 0.639648 1311033130.017547
0.431641 -0.330078 0.664062 1311033130.041564
0.249023 -0.386719 0.597656 1311033130.107558
0.421875 -0.409180 0.632812 1311033130.146549
0.564453 -0.613281 0.745117 1311033130.147547
0.315430 -0.636719 0.745117 1311033130.168543
0.256836 -0.493164 0.628906 1311033130.205552
0.271484 -0.462891 0.624023 1311033130.228529
0.355469 -0.530273 0.652344 1311033130.262505
0.313477 -0.553711 0.635742 1311033130.305533
0.288086 -0.502930 0.657227 1311033130.328546
0.278320 -0.502930 0.657227 1311033130.355560
0.303711 -0.502930 0.657227 1311033130.381559
0.303711 -0.502930 0.657227 1311033130.427559
0.256836 -0.488281 0.573242 1311033130.476563
0.254883 -0.462891 0.645508 1311033130.498548
0.285156 -0.478516 0.577148 1311033130.522559
0.285156 -0.478516 0.577148 1311033130.545556
0.234375 -0.532227 0.591797 1311033130.592560
0.216797 -0.425781 0.523438 1311033130.613554
0.142578 -0.371094 0.479492 1311033130.656547
1.257812 -0.667969 1.468750 1311033130.700565
0.585938 -0.527344 0.634766 1311033130.701559
0.335938 -0.527344 0.634766 1311033130.746557
0.438477 -0.520508 0.656250 1311033130.786562
0.448242 -0.522461 0.608398 1311033130.808565
0.418945 -0.513672 0.616211 1311033130.851560
0.413086 -0.535156 0.623047 1311033130.877563
0.396484 -0.531250 0.604492 1311033130.900567
0.419922 -0.547852 0.605469 1311033130.945590
0.425781 -0.518555 0.576172 1311033130.988561
0.401367 -0.529297 0.619141 1311033131.012569
0.414062 -0.533203 0.571289 1311033131.038572
0.422852 -0.505859 0.602539 1311033131.060563
0.408203 -0.511719 0.644531 1311033131.087567
0.403320 -0.511719 0.644531 1311033131.122568
0.413086 -0.496094 0.623047 1311033131.150561
0.441406 -0.537109 0.623047 1311033131.214571
