0.470703 -0.291016 0.627930 1309980448.842213
0.506836 -0.319336 0.651367 1309980448.864212
0.511719 -0.328125 0.625977 1309980448.889221
0.499023 -0.297852 0.634766 1309980448.924225
0.510742 -0.331055 0.634766 1309980448.991223
0.543945 -0.280273 0.645508 1309980448.993216
0.516602 -0.292969 0.635742 1309980449.014219
0.523438 -0.304688 0.659180 1309980449.062228
0.514648 -0.303711 0.617188 1309980449.091222
0.491211 -0.298828 0.630859 1309980449.112227
0.491211 -0.298828 0.630859 1309980449.138223
0.513672 -0.287109 0.631836 1309980449.183223
0.509766 -0.305664 0.649414 1309980449.207230
0.518555 -0.314453 0.648438 1309980449.251223
0.509766 -0.295898 0.657227 1309980449.273222
0.521484 -0.287109 0.611328 1309980449.296228
0.516602 -0.287109 0.611328 1309980449.332226
0.483398 -0.278320 0.649414 1309980449.376225
0.497070 -0.302734 0.668945 1309980449.421224
0.514648 -0.297852 0.673828 1309980449.444229
0.494141 -0.269531 0.624023 1309980449.478231
0.499023 -0.309570 0.668945 1309980449.499230
0.475586 -0.283203 0.642578 1309980449.542251
0.514648 -0.310547 0.642578 1309980449.564223
0.434570 -0.299805 0.644531 1309980449.614239
0.549805 -0.286133 0.623047 1309980449.654235
0.499023 -0.315430 0.658203 1309980449.657237
0.536133 -0.326172 0.628906 1309980449.701249
0.510742 -0.323242 0.629883 1309980449.751228
0.426758 -0.285156 0.651367 1309980449.771234
0.498047 -0.293945 0.632812 1309980449.792210
0.475586 -0.289062 0.616211 1309980449.836231
0.521484 -0.309570 0.637695 1309980449.857231
0.479492 -0.315430 0.666016 1309980449.902234
0.487305 -0.273438 0.649414 1309980449.923239
0.497070 -0.282227 0.664062 1309980449.967239
0.478516 -0.287109 0.661133 1309980449.991234
0.531250 -0.274414 0.623047 1309980450.013245
0.506836 -0.310547 0.678711 1309980450.052237
0.256836 -0.310547 0.678711 1309980450.074240
0.536133 -0.291016 0.611328 1309980450.152241
0.470703 -0.266602 0.677734 1309980450.153236
0.533203 -0.292969 0.621094 1309980450.174241
0.519531 -0.295898 0.670898 1309980450.263232
0.483398 -0.279297 0.667969 1309980450.283244
0.500000 -0.323242 0.667969 1309980450.285241
0.501953 -0.322266 0.647461 1309980450.324242
0.497070 -0.313477 0.643555 1309980450.354242
0.495117 -0.283203 0.647461 1309980450.378245
0.506836 -0.332031 0.665039 1309980450.411252
0.510742 -0.290039 0.642578 1309980450.441244
0.517578 -0.333984 0.664062 1309980450.471245
0.504883 -0.303711 0.636719 1309980450.537223
0.504883 -0.290039 0.653320 1309980450.541212
0.528320 -0.287109 0.593750 1309980450.573229
0.493164 -0.314453 0.622070 1309980450.617248
0.511719 -0.315430 0.683594 1309980450.618250
0.478516 -0.315430 0.683594 1309980450.662252
0.525391 -0.312500 0.626953 1309980450.706246
0.493164 -0.327148 0.654297 1309980450.727256
0.500000 -0.308594 0.646484 1309980450.781254
0.500000 -0.301758 0.625977 1309980450.786255
0.507812 -0.290039 0.625977 1309980450.814257
0.507812 -0.296875 0.604492 1309980450.863278
0.508789 -0.320312 0.681641 1309980450.909260
0.531250 -0.317383 0.602539 1309980450.932265
0.515625 -0.292969 0.604492 1309980450.984257
0.495117 -0.312500 0.635742 1309980450.989244
0.513672 -0.312500 0.635742 1309980451.018231
0.525391 -0.285156 0.640625 1309980451.061258
0.504883 -0.289062 0.628906 1309980451.104276
0.535156 -0.332031 0.667969 1309980451.107264
0.513672 -0.312500 0.644531 1309980451.164258
0.475586 -0.266602 0.640625 1309980451.171261
0.475586 -0.266602 0.640625 1309980451.196263
0.512695 -0.298828 0.658203 1309980451.266261
0.493164 -0.304688 0.675781 1309980451.287262
0.474609 -0.286133 0.650391 1309980451.309240
0.505859 -0.311523 0.616211 1309980451.333264
0.499023 -0.314453 0.648438 1309980451.362268
0.516602 -0.313477 0.648438 1309980451.406268
0.492188 -0.287109 0.629883 1309980451.451261
0.482422 -0.306641 0.650391 1309980451.473269
0.496094 -0.303711 0.627930 1309980451.516287
0.498047 -0.314453 0.643555 1309980451.556267
0.499023 -0.291992 0.676758 1309980451.576261
0.749023 -0.291992 0.676758 1309980451.597267
0.522461 -0.286133 0.609375 1309980451.641268
0.463867 -0.308594 0.650391 1309980451.664276
0.481445 -0.302734 0.655273 1309980451.702271
0.524414 -0.278320 0.636719 1309980451.724270
0.570312 -0.306641 0.609375 1309980451.776274
0.500977 -0.325195 0.688477 1309980451.792257
0.442383 -0.297852 0.622070 1309980451.832283
0.467773 -0.289062 0.647461 1309980451.853248
0.471680 -0.308594 0.635742 1309980451.896252
0.504883 -0.280273 0.642578 1309980451.923299
0.514648 -0.277344 0.646484 1309980451.944275
0.525391 -0.308594 0.642578 1309980451.987278
0.516602 -0.317383 0.624023 1309980452.017274
0.491211 -0.286133 0.634766 1309980452.053244
0.520508 -0.287109 0.627930 1309980452.076260
0.510742 -0.305664 0.631836 1309980452.121278
0.506836 -0.312500 0.631836 1309980452.142255
0.500000 -0.318359 0.634766 1309980452.183281
0.494141 -0.308594 0.635742 1309980452.216237
0.497070 -0.312500 0.634766 1309980452.239263
0.485352 -0.299805 0.637695 1309980452.302283
0.512695 -0.304688 0.603516 1309980452.303278
0.509766 -0.286133 0.603516 1309980452.329282
0.507812 -0.286133 0.629883 1309980452.376266
0.524414 -0.302734 0.647461 1309980452.397296
0.506836 -0.343750 0.659180 1309980452.442287
0.523438 -0.332031 0.628906 1309980452.474282
0.502930 -0.312500 0.632812 1309980452.502288
0.491211 -0.307617 0.637695 1309980452.544285
0.513672 -0.284180 0.618164 1309980452.567290
0.526367 -0.316406 0.650391 1309980452.592300
0.518555 -0.305664 0.650391 1309980452.637297
0.508789 -0.305664 0.640625 1309980452.659295
0.496094 -0.305664 0.612305 1309980452.702291
0.523438 -0.275391 0.646484 1309980452.724296
0.498047 -0.308594 0.630859 1309980452.767279
0.475586 -0.331055 0.616211 1309980452.818303
0.516602 -0.302734 0.663086 1309980452.844301
0.503906 -0.304688 0.663086 1309980452.868305
0.486328 -0.314453 0.663086 1309980452.891288
0.535156 -0.339844 0.640625 1309980452.923295
0.492188 -0.319336 0.673828 1309980452.953309
0.506836 -0.317383 0.648438 1309980452.976294
0.518555 -0.284180 0.613281 1309980453.018300
0.497070 -0.290039 0.649414 1309980453.041282
0.502930 -0.292969 0.620117 1309980453.085298
0.473633 -0.337891 0.665039 1309980453.127300
0.510742 -0.292969 0.653320 1309980453.151300
0.511719 -0.314453 0.618164 1309980453.172303
0.482422 -0.296875 0.635742 1309980453.217305
0.518555 -0.315430 0.653320 1309980453.239302
0.518555 -0.315430 0.653320 1309980453.266315
0.506836 -0.302734 0.664062 1309980453.319299
0.495117 -0.288086 0.664062 1309980453.341300
0.506836 -0.324219 0.624023 1309980453.376310
0.453125 -0.273438 0.635742 1309980453.419301
0.505859 -0.294922 0.606445 1309980453.421295
0.495117 -0.278320 0.644531 1309980453.481307
0.528320 -0.305664 0.616211 1309980453.504406
0.501953 -0.339844 0.663086 1309980453.563303
0.461914 -0.266602 0.647461 1309980453.568290
0.527344 -0.310547 0.646484 1309980453.612306
0.524414 -0.297852 0.632812 1309980453.614309
0.502930 -0.324219 0.666992 1309980453.658355
0.500000 -0.301758 0.616211 1309980453.702305
0.483398 -0.302734 0.648438 1309980453.725286
0.525391 -0.323242 0.621094 1309980453.768290
0.514648 -0.312500 0.631836 1309980453.791306
0.524414 -0.296875 0.590820 1309980453.834309
0.485352 -0.304688 0.660156 1309980453.856314
0.493164 -0.326172 0.620117 1309980453.901313
0.499023 -0.297852 0.666016 1309980453.922318
0.514648 -0.316406 0.623047 1309980453.944314
0.523438 -0.312500 0.630859 1309980453.989319
0.494141 -0.301758 0.620117 1309980454.018323
0.510742 -0.315430 0.658203 1309980454.053315
0.485352 -0.312500 0.655273 1309980454.124316
0.499023 -0.320312 0.658203 1309980454.126307
0.518555 -0.310547 0.595703 1309980454.148323
0.515625 -0.331055 0.643555 1309980454.168320
0.265625 -0.331055 0.643555 1309980454.211327
0.501953 -0.322266 0.647461 1309980454.249322
0.503906 -0.327148 0.647461 1309980454.283320
0.506836 -0.316406 0.665039 1309980454.311328
0.515625 -0.306641 0.610352 1309980454.347313
0.486328 -0.283203 0.665039 1309980454.369293
0.536133 -0.304688 0.623047 1309980454.432325
0.519531 -0.281250 0.640625 1309980454.433321
0.519531 -0.281250 0.640625 1309980454.456350
0.501953 -0.304688 0.552734 1309980454.502361
0.529297 -0.297852 0.618164 1309980454.523330
0.484375 -0.293945 0.628906 1309980454.567327
0.527344 -0.279297 0.588867 1309980454.590327
0.531250 -0.303711 0.643555 1309980454.635312
0.489258 -0.331055 0.659180 1309980454.660333
0.523438 -0.325195 0.645508 1309980454.680299
0.532227 -0.319336 0.639648 1309980454.725335
0.537109 -0.322266 0.630859 1309980454.747329
0.499023 -0.298828 0.638672 1309980454.802331
0.499023 -0.299805 0.644531 1309980454.812357
0.502930 -0.316406 0.617188 1309980454.858348
0.516602 -0.290039 0.625000 1309980454.883335
0.496094 -0.300781 0.635742 1309980454.920335
0.526367 -0.316406 0.635742 1309980454.943335
0.507812 -0.308594 0.633789 1309980454.987340
0.494141 -0.313477 0.632812 1309980455.030352
0.532227 -0.306641 0.630859 1309980455.052334
0.516602 -0.313477 0.669922 1309980455.075338
0.513672 -0.313477 0.639648 1309980455.127342
0.509766 -0.313477 0.639648 1309980455.137342
0.500000 -0.333008 0.657227 1309980455.192318
0.541016 -0.311523 0.656250 1309980455.233341
0.529297 -0.295898 0.619141 1309980455.257341
0.515625 -0.360352 0.632812 1309980455.272343
0.509766 -0.317383 0.639648 1309980455.294360
0.505859 -0.315430 0.622070 1309980455.337346
0.519531 -0.322266 0.686523 1309980455.394364
0.509766 -0.320312 0.671875 1309980455.395336
0.537109 -0.339844 0.643555 1309980455.442354
0.493164 -0.321289 0.643555 1309980455.467349
0.531250 -0.301758 0.630859 1309980455.494373
0.532227 -0.301758 0.640625 1309980455.548344
0.518555 -0.311523 0.643555 1309980455.573346
0.516602 -0.324219 0.671875 1309980455.597322
0.512695 -0.308594 0.655273 1309980455.620348
0.495117 -0.320312 0.662109 1309980455.657367
0.498047 -0.250000 0.632812 1309980455.680347
0.541016 -0.313477 0.687500 1309980455.725358
0.527344 -0.312500 0.603516 1309980455.768330
0.500000 -0.324219 0.652344 1309980455.790397
0.502930 -0.329102 0.619141 1309980455.817359
0.535156 -0.336914 0.616211 1309980455.840357
0.495117 -0.323242 0.616211 1309980455.883353
0.503906 -0.321289 0.626953 1309980455.932331
0.491211 -0.318359 0.636719 1309980455.953358
0.517578 -0.325195 0.639648 1309980455.987353
0.508789 -0.327148 0.629883 1309980456.008351
0.496094 -0.325195 0.613281 1309980456.052331
0.499023 -0.325195 0.613281 1309980456.073345
0.492188 -0.310547 0.632812 1309980456.118360
0.510742 -0.339844 0.640625 1309980456.140347
0.522461 -0.307617 0.610352 1309980456.184360
0.503906 -0.306641 0.635742 1309980456.195352
0.514648 -0.315430 0.644531 1309980456.250385
0.506836 -0.315430 0.644531 1309980456.273368
0.479492 -0.306641 0.647461 1309980456.298379
0.499023 -0.306641 0.639648 1309980456.345365
0.481445 -0.292969 0.687500 1309980456.387365
0.518555 -0.302734 0.663086 1309980456.422378
0.503906 -0.303711 0.617188 1309980456.445390
0.506836 -0.276367 0.617188 1309980456.455390
0.510742 -0.337891 0.609375 1309980456.502363
0.506836 -0.310547 0.626953 1309980456.545361
0.509766 -0.321289 0.688477 1309980456.567350
0.506836 -0.289062 0.656250 1309980456.598372
0.529297 -0.307617 0.606445 1309980456.620367
0.504883 -0.291016 0.647461 1309980456.729358
0.493164 -0.278320 0.611328 1309980456.767353
0.486328 -0.322266 0.665039 1309980456.768348
0.520508 -0.325195 0.631836 1309980456.769349
0.495117 -0.304688 0.668945 1309980456.792371
0.500000 -0.308594 0.646484 1309980456.820362
0.488281 -0.310547 0.649414 1309980456.852370
0.503906 -0.300781 0.652344 1309980456.879333
0.528320 -0.316406 0.625977 1309980456.929375
0.527344 -0.318359 0.632812 1309980456.940372
0.540039 -0.291992 0.643555 1309980456.989377
0.490234 -0.316406 0.632812 1309980457.010378
0.503906 -0.325195 0.664062 1309980457.053376
0.489258 -0.296875 0.664062 1309980457.076379
0.739258 -0.296875 0.664062 1309980457.114379
0.510742 -0.298828 0.651367 1309980457.145376
0.480469 -0.303711 0.622070 1309980457.164380
0.514648 -0.286133 0.592773 1309980457.191384
0.474609 -0.308594 0.616211 1309980457.234388
0.499023 -0.326172 0.625000 1309980457.282394
0.471680 -0.300781 0.652344 1309980457.302361
0.489258 -0.327148 0.647461 1309980457.334379
0.526367 -0.279297 0.649414 1309980457.360379
0.526367 -0.279297 0.649414 1309980457.385388
0.493164 -0.317383 0.630859 1309980457.450382
0.531250 -0.314453 0.649414 1309980457.473389
0.521484 -0.314453 0.638672 1309980457.497385
0.497070 -0.283203 0.650391 1309980457.542383
0.537109 -0.316406 0.633789 1309980457.560385
0.506836 -0.305664 0.590820 1309980457.605378
0.465820 -0.303711 0.645508 1309980457.619384
0.536133 -0.327148 0.603516 1309980457.690399
0.523438 -0.295898 0.679688 1309980457.694390
0.504883 -0.283203 0.631836 1309980457.717376
0.502930 -0.324219 0.652344 1309980457.740376
0.515625 -0.298828 0.643555 1309980457.782397
0.504883 -0.297852 0.639648 1309980457.824397
0.503906 -0.289062 0.657227 1309980457.847388
0.522461 -0.326172 0.640625 1309980457.889391
0.494141 -0.333008 0.630859 1309980457.915397
0.531250 -0.308594 0.648438 1309980457.988397
0.551758 -0.333984 0.642578 1309980458.007395
0.486328 -0.332031 0.638672 1309980458.008390
0.503906 -0.317383 0.640625 1309980458.052395
0.514648 -0.302734 0.654297 1309980458.074398
0.506836 -0.300781 0.608398 1309980458.097404
0.464844 -0.304688 0.632812 1309980458.142396
0.469727 -0.303711 0.620117 1309980458.187394
0.531250 -0.310547 0.625977 1309980458.228396
0.487305 -0.288086 0.603516 1309980458.230406
0.493164 -0.287109 0.606445 1309980458.274398
0.511719 -0.299805 0.620117 1309980458.318406
0.483398 -0.299805 0.620117 1309980458.337402
0.536133 -0.334961 0.628906 1309980458.359405
0.519531 -0.316406 0.651367 1309980458.403404
0.510742 -0.289062 0.641602 1309980458.424402
0.494141 -0.311523 0.616211 1309980458.467407
0.514648 -0.317383 0.645508 1309980458.488408
0.520508 -0.316406 0.638672 1309980458.516424
0.493164 -0.304688 0.646484 1309980458.559404
0.512695 -0.323242 0.662109 1309980458.607413
0.500977 -0.307617 0.640625 1309980458.630406
0.507812 -0.310547 0.665039 1309980458.652411
0.500000 -0.311523 0.636719 1309980458.699409
0.518555 -0.308594 0.650391 1309980458.722408
0.482422 -0.276367 0.662109 1309980458.788411
0.528320 -0.310547 0.625977 1309980458.798409
0.509766 -0.314453 0.635742 1309980458.819409
0.524414 -0.293945 0.659180 1309980458.863413
0.537109 -0.281250 0.611328 1309980458.864405
0.512695 -0.280273 0.611328 1309980458.915415
0.468750 -0.303711 0.622070 1309980458.945409
0.519531 -0.330078 0.648438 1309980458.990418
0.506836 -0.308594 0.656250 1309980459.012420
0.516602 -0.291992 0.628906 1309980459.057433
0.484375 -0.324219 0.609375 1309980459.080411
0.531250 -0.319336 0.631836 1309980459.103414
0.525391 -0.309570 0.644531 1309980459.157423
0.542969 -0.298828 0.599609 1309980459.180419
0.495117 -0.298828 0.635742 1309980459.203428
0.500000 -0.323242 0.620117 1309980459.255427
0.494141 -0.309570 0.623047 1309980459.281425
0.517578 -0.329102 0.605469 1309980459.318447
0.499023 -0.312500 0.603516 1309980459.342425
0.500977 -0.325195 0.632812 1309980459.374421
0.523438 -0.304688 0.661133 1309980459.402437
0.516602 -0.310547 0.653320 1309980459.424416
0.266602 -0.310547 0.653320 1309980459.453428
0.510742 -0.315430 0.664062 1309980459.499428
0.519531 -0.291992 0.646484 1309980459.520408
0.513672 -0.322266 0.638672 1309980459.564429
0.499023 -0.300781 0.638672 1309980459.588424
0.527344 -0.343750 0.656250 1309980459.619423
0.551758 -0.322266 0.656250 1309980459.643436
0.503906 -0.335938 0.655273 1309980459.688414
0.495117 -0.300781 0.624023 1309980459.713427
0.529297 -0.313477 0.625977 1309980459.750428
0.516602 -0.302734 0.633789 1309980459.788426
