0.462891 -0.166992 0.656250 1309542766.629153
0.473633 -0.148438 0.668945 1309542766.651154
0.478516 -0.134766 0.699219 1309542766.694157
0.442383 -0.174805 0.691406 1309542766.715155
0.506836 -0.174805 0.691406 1309542766.736124
0.256836 -0.174805 0.691406 1309542766.779163
0.458984 -0.108398 0.690430 1309542766.820156
0.471680 -0.136719 0.675781 1309542766.841102
0.721680 -0.136719 0.675781 1309542766.864103
0.434570 -0.170898 0.712891 1309542766.965102
0.471680 -0.132812 0.652344 1309542766.966102
0.483398 -0.035156 0.687500 1309542766.967102
0.503906 -0.211914 0.663086 1309542767.011161
0.450195 -0.211914 0.663086 1309542767.034160
0.464844 -0.193359 0.674805 1309542767.076108
0.487305 -0.145508 0.670898 1309542767.097123
0.475586 -0.164062 0.632812 1309542767.141132
0.505859 -0.208008 0.663086 1309542767.164108
0.506836 -0.165039 0.667969 1309542767.207157
0.468750 -0.165039 0.667969 1309542767.229163
0.491211 -0.211914 0.647461 1309542767.272109
0.481445 -0.265625 0.696289 1309542767.297127
0.469727 -0.233398 0.634766 1309542767.321158
0.490234 -0.236328 0.657227 1309542767.366165
0.486328 -0.201172 0.647461 1309542767.387158
0.538086 -0.226562 0.657227 1309542767.432167
0.504883 -0.218750 0.664062 1309542767.452166
0.468750 -0.304688 0.690430 1309542767.496140
0.465820 -0.145508 0.814453 1309542767.540173
0.698242 -0.533203 0.675781 1309542767.562170
0.475586 -0.152344 0.616211 1309542767.585177
0.619141 -0.152344 0.616211 1309542767.629172
0.667969 -0.121094 0.441406 1309542767.662178
0.678711 -0.251953 0.509766 1309542767.685172
0.618164 -0.330078 0.571289 1309542767.707172
0.619141 -0.359375 0.617188 1309542767.751178
0.607422 -0.352539 0.617188 1309542767.773143
0.673828 -0.359375 0.524414 1309542767.816122
0.709961 -0.349609 0.483398 1309542767.837162
0.673828 -0.363281 0.505859 1309542767.881126
0.668945 -0.380859 0.502930 1309542767.902125
0.664062 -0.337891 0.527344 1309542767.946214
0.672852 -0.328125 0.462891 1309542767.969173
0.645508 -0.351562 0.516602 1309542768.014180
0.657227 -0.333008 0.473633 1309542768.035197
0.721680 -0.357422 0.515625 1309542768.080148
0.687500 -0.317383 0.531250 1309542768.105156
0.703125 -0.332031 0.557617 1309542768.127128
0.703125 -0.332031 0.557617 1309542768.151128
0.676758 -0.357422 0.504883 1309542768.239132
0.694336 -0.335938 0.509766 1309542768.240129
0.680664 -0.349609 0.509766 1309542768.256128
0.707031 -0.384766 0.543945 1309542768.300189
0.676758 -0.361328 0.531250 1309542768.322191
0.705078 -0.361328 0.531250 1309542768.346193
0.705078 -0.361328 0.531250 1309542768.385192
0.665039 -0.350586 0.518555 1309542768.430187
0.706055 -0.339844 0.510742 1309542768.452191
0.738281 -0.342773 0.518555 1309542768.495187
0.669922 -0.356445 0.502930 1309542768.520190
0.683594 -0.382812 0.514648 1309542768.542200
0.680664 -0.359375 0.528320 1309542768.586173
0.671875 -0.385742 0.565430 1309542768.631190
0.618164 -0.332031 0.502930 1309542768.654194
