0.490234 -0.265625 0.640625 1310581972.511076
0.489258 -0.241211 0.663086 1310581972.533051
0.513672 -0.265625 0.612305 1310581972.555053
0.507812 -0.257812 0.643555 1310581972.600095
0.494141 -0.272461 0.633789 1310581972.621082
0.486328 -0.265625 0.638672 1310581972.667054
0.501953 -0.274414 0.656250 1310581972.690107
0.510742 -0.251953 0.629883 1310581972.732091
0.534180 -0.251953 0.658203 1310581972.755235
0.494141 -0.237305 0.642578 1310581972.805091
0.515625 -0.266602 0.653320 1310581972.813056
0.514648 -0.283203 0.632812 1310581972.847092
0.514648 -0.286133 0.614258 1310581972.892095
0.502930 -0.250977 0.647461 1310581972.913175
0.535156 -0.261719 0.648438 1310581972.958071
0.509766 -0.219727 0.651367 1310581972.975070
0.519531 -0.285156 0.608398 1310581973.017128
0.519531 -0.285156 0.608398 1310581973.040134
0.506836 -0.268555 0.670898 1310581973.085112
0.475586 -0.226562 0.629883 1310581973.107158
0.504883 -0.265625 0.672852 1310581973.151066
0.495117 -0.265625 0.619141 1310581973.173097
0.523438 -0.265625 0.619141 1310581973.196081
0.492188 -0.260742 0.649414 1310581973.251171
0.521484 -0.267578 0.625000 1310581973.278095
0.523438 -0.288086 0.666992 1310581973.299097
0.492188 -0.259766 0.616211 1310581973.328154
0.515625 -0.266602 0.645508 1310581973.371200
0.507812 -0.266602 0.645508 1310581973.396106
0.517578 -0.281250 0.651367 1310581973.442169
0.494141 -0.239258 0.637695 1310581973.485134
0.486328 -0.250000 0.678711 1310581973.498068
0.476562 -0.257812 0.647461 1310581973.520073
0.519531 -0.238281 0.647461 1310581973.543128
0.501953 -0.258789 0.635742 1310581973.611074
0.516602 -0.265625 0.635742 1310581973.632072
0.500000 -0.266602 0.645508 1310581973.653103
0.492188 -0.266602 0.639648 1310581973.678089
0.516602 -0.246094 0.642578 1310581973.723100
0.446289 -0.208008 0.617188 1310581973.745123
0.502930 -0.277344 0.617188 1310581973.773086
0.511719 -0.241211 0.646484 1310581973.821101
0.479492 -0.208984 0.667969 1310581973.862129
0.500977 -0.273438 0.662109 1310581973.885216
0.538086 -0.237305 0.636719 1310581973.907175
0.510742 -0.263672 0.636719 1310581973.930082
0.501953 -0.251953 0.656250 1310581973.975102
0.521484 -0.274414 0.619141 1310581974.018191
0.512695 -0.257812 0.647461 1310581974.041143
0.486328 -0.252930 0.639648 1310581974.085176
0.496094 -0.259766 0.657227 1310581974.106074
0.383789 -0.248047 0.630859 1310581974.150112
0.500977 -0.300781 0.658203 1310581974.175106
0.477539 -0.238281 0.621094 1310581974.206191
0.502930 -0.246094 0.624023 1310581974.248220
0.510742 -0.238281 0.638672 1310581974.273156
0.536133 -0.250977 0.600586 1310581974.295213
0.536133 -0.250977 0.600586 1310581974.317159
0.495117 -0.275391 0.665039 1310581974.360128
0.512695 -0.252930 0.638672 1310581974.403142
0.517578 -0.283203 0.608398 1310581974.425155
0.441406 -0.232422 0.637695 1310581974.467092
0.518555 -0.241211 0.609375 1310581974.490094
0.546875 -0.277344 0.609375 1310581974.558130
0.495117 -0.230469 0.623047 1310581974.577120
0.517578 -0.251953 0.626953 1310581974.600092
0.458008 -0.242188 0.648438 1310581974.622091
0.491211 -0.268555 0.623047 1310581974.645146
0.486328 -0.264648 0.633789 1310581974.687098
0.547852 -0.259766 0.627930 1310581974.731118
0.485352 -0.223633 0.652344 1310581974.752178
0.549805 -0.274414 0.657227 1310581974.775121
0.509766 -0.249023 0.653320 1310581974.818097
0.484375 -0.247070 0.654297 1310581974.841125
0.495117 -0.248047 0.648438 1310581974.865101
0.483398 -0.241211 0.653320 1310581974.911099
0.478516 -0.261719 0.667969 1310581974.943215
0.510742 -0.275391 0.666992 1310581974.988225
0.454102 -0.239258 0.693359 1310581975.031156
0.460938 -0.253906 0.634766 1310581975.053178
0.511719 -0.244141 0.601562 1310581975.076096
0.496094 -0.265625 0.666016 1310581975.099102
0.507812 -0.276367 0.648438 1310581975.142165
0.502930 -0.250000 0.666016 1310581975.176229
0.487305 -0.243164 0.637695 1310581975.198145
0.541992 -0.277344 0.603516 1310581975.241153
0.522461 -0.027344 0.603516 1310581975.263223
0.474609 -0.249023 0.664062 1310581975.307147
0.500977 -0.237305 0.648438 1310581975.329147
0.556641 -0.274414 0.651367 1310581975.354171
0.503906 -0.264648 0.665039 1310581975.403147
0.542969 -0.273438 0.623047 1310581975.424147
0.514648 -0.238281 0.612305 1310581975.448165
0.555664 -0.280273 0.612305 1310581975.491149
0.506836 -0.280273 0.612305 1310581975.515166
0.513672 -0.271484 0.649414 1310581975.559139
0.487305 -0.260742 0.660156 1310581975.582148
0.494141 -0.259766 0.647461 1310581975.627164
0.510742 -0.281250 0.641602 1310581975.648182
0.523438 -0.251953 0.643555 1310581975.692128
0.525391 -0.274414 0.666016 1310581975.714156
0.500977 -0.232422 0.608398 1310581975.757173
0.520508 -0.267578 0.634766 1310581975.779152
0.478516 -0.258789 0.660156 1310581975.847129
0.525391 -0.250000 0.635742 1310581975.869145
0.515625 -0.257812 0.646484 1310581975.889147
0.500000 -0.266602 0.674805 1310581975.912148
0.522461 -0.259766 0.639648 1310581975.954129
0.504883 -0.287109 0.692383 1310581975.981204
0.468750 -0.240234 0.665039 1310581976.003151
0.485352 -0.208984 0.651367 1310581976.046173
0.500000 -0.257812 0.651367 1310581976.067162
0.519531 -0.300781 0.666992 1310581976.111180
0.509766 -0.232422 0.639648 1310581976.132139
0.505859 -0.253906 0.632812 1310581976.178172
0.485352 -0.229492 0.632812 1310581976.202180
0.514648 -0.258789 0.635742 1310581976.227176
0.499023 -0.253906 0.659180 1310581976.271180
0.491211 -0.245117 0.666016 1310581976.316207
0.511719 -0.227539 0.620117 1310581976.338204
0.506836 -0.264648 0.659180 1310581976.359190
0.256836 -0.264648 0.659180 1310581976.381221
0.491211 -0.272461 0.655273 1310581976.424129
0.496094 -0.258789 0.663086 1310581976.468149
0.471680 -0.239258 0.603516 1310581976.491128
0.499023 -0.281250 0.635742 1310581976.514152
0.502930 -0.259766 0.666992 1310581976.557152
0.509766 -0.250977 0.653320 1310581976.601133
0.538086 -0.333984 0.646484 1310581976.626135
0.487305 -0.252930 0.620117 1310581976.668162
0.499023 -0.279297 0.655273 1310581976.682155
0.502930 -0.267578 0.631836 1310581976.724148
0.491211 -0.271484 0.647461 1310581976.747157
0.502930 -0.244141 0.654297 1310581976.769193
0.514648 -0.249023 0.654297 1310581976.814163
0.474609 -0.255859 0.641602 1310581976.839163
0.535156 -0.249023 0.628906 1310581976.881164
0.520508 -0.253906 0.688477 1310581976.907193
0.488281 -0.220703 0.650391 1310581976.929210
0.514648 -0.259766 0.655273 1310581976.972208
0.493164 -0.009766 0.655273 1310581976.993173
0.743164 -0.009766 0.655273 1310581977.037138
0.469727 -0.246094 0.654297 1310581977.113234
0.498047 -0.266602 0.670898 1310581977.138210
0.527344 -0.302734 0.659180 1310581977.139230
0.499023 -0.257812 0.656250 1310581977.167228
0.495117 -0.258789 0.643555 1310581977.209174
0.467773 -0.220703 0.639648 1310581977.233204
0.518555 -0.246094 0.606445 1310581977.264269
0.491211 -0.266602 0.667969 1310581977.287271
0.471680 -0.266602 0.667969 1310581977.329213
0.505859 -0.265625 0.677734 1310581977.376150
0.501953 -0.254883 0.662109 1310581977.399169
0.508789 -0.269531 0.642578 1310581977.444178
0.510742 -0.265625 0.644531 1310581977.466148
0.493164 -0.248047 0.639648 1310581977.488147
0.482422 -0.251953 0.645508 1310581977.511204
0.503906 -0.250000 0.596680 1310581977.554148
0.483398 -0.250000 0.661133 1310581977.597192
0.504883 -0.282227 0.653320 1310581977.613175
0.497070 -0.247070 0.638672 1310581977.657153
0.528320 -0.266602 0.635742 1310581977.679180
0.518555 -0.223633 0.633789 1310581977.722180
0.511719 -0.241211 0.641602 1310581977.744206
0.495117 -0.285156 0.658203 1310581977.792156
0.499023 -0.244141 0.616211 1310581977.813161
0.549805 -0.252930 0.631836 1310581977.859244
0.503906 -0.265625 0.675781 1310581977.861268
0.485352 -0.265625 0.649414 1310581977.908220
0.500000 -0.295898 0.631836 1310581977.932201
0.451172 -0.240234 0.657227 1310581977.976158
0.519531 -0.244141 0.643555 1310581978.019188
0.483398 -0.253906 0.666992 1310581978.042215
0.503906 -0.276367 0.666992 1310581978.064264
0.481445 -0.298828 0.646484 1310581978.107284
0.515625 -0.253906 0.630859 1310581978.129249
0.497070 -0.266602 0.685547 1310581978.173224
0.496094 -0.250000 0.680664 1310581978.196285
0.529297 -0.265625 0.655273 1310581978.238290
0.493164 -0.233398 0.656250 1310581978.259302
0.514648 -0.271484 0.648438 1310581978.313185
0.507812 -0.265625 0.628906 1310581978.347162
0.475586 -0.229492 0.625977 1310581978.401225
0.487305 -0.262695 0.646484 1310581978.426249
0.498047 -0.268555 0.624023 1310581978.427213
0.748047 -0.268555 0.624023 1310581978.448289
0.499023 -0.265625 0.655273 1310581978.493168
0.492188 -0.264648 0.608398 1310581978.519192
0.522461 -0.277344 0.627930 1310581978.564210
0.523438 -0.239258 0.651367 1310581978.594174
0.529297 -0.239258 0.636719 1310581978.618174
0.485352 -0.239258 0.636719 1310581978.643269
0.481445 -0.282227 0.648438 1310581978.679196
0.547852 -0.266602 0.609375 1310581978.726202
0.511719 -0.257812 0.644531 1310581978.748195
0.514648 -0.291992 0.669922 1310581978.769211
