0.444336 -0.175781 0.725586 1309542718.757169
0.482422 -0.134766 0.671875 1309542718.802212
0.464844 -0.172852 0.674805 1309542718.826202
0.500000 -0.150391 0.674805 1309542718.848169
0.439453 -0.150391 0.674805 1309542718.891197
0.467773 -0.123047 0.628906 1309542718.941202
0.491211 -0.168945 0.660156 1309542718.964170
0.504883 -0.124023 0.665039 1309542719.007203
0.471680 -0.117188 0.651367 1309542719.009201
0.499023 -0.117188 0.651367 1309542719.052221
0.476562 -0.145508 0.668945 1309542719.096203
0.503906 -0.203125 0.676758 1309542719.119232
0.521484 -0.110352 0.630859 1309542719.162226
0.482422 -0.160156 0.701172 1309542719.184232
0.509766 -0.159180 0.660156 1309542719.207228
0.501953 -0.119141 0.634766 1309542719.245233
0.499023 -0.199219 0.690430 1309542719.297235
0.456055 -0.195312 0.660156 1309542719.322226
0.461914 -0.132812 0.652344 1309542719.344231
0.485352 -0.167969 0.655273 1309542719.366228
0.499023 -0.173828 0.678711 1309542719.415234
0.559570 -0.222656 0.629883 1309542719.439238
0.473633 -0.373047 0.620117 1309542719.482196
0.439453 -0.262695 0.660156 1309542719.509211
0.498047 -0.212891 0.699219 1309542719.531233
0.535156 -0.233398 0.669922 1309542719.576202
0.452148 -0.233398 0.669922 1309542719.597184
0.370117 -0.376953 0.567383 1309542719.647216
0.368164 -0.431641 0.745117 1309542719.669240
0.554688 -0.208008 0.815430 1309542719.712237
0.648438 -0.164062 0.567383 1309542719.735208
0.727539 -0.034180 0.414062 1309542719.757186
0.696289 -0.188477 0.344727 1309542719.780186
0.705078 -0.277344 0.393555 1309542719.821192
0.652344 -0.437500 0.568359 1309542719.864226
0.594727 -0.390625 0.638672 1309542719.886242
0.640625 -0.387695 0.597656 1309542719.929189
0.688477 -0.304688 0.522461 1309542719.953192
0.688477 -0.304688 0.522461 1309542719.984206
0.726562 -0.254883 0.453125 1309542720.031246
0.698242 -0.358398 0.509766 1309542720.054244
0.696289 -0.367188 0.471680 1309542720.096226
0.632812 -0.373047 0.516602 1309542720.117249
0.699219 -0.366211 0.502930 1309542720.161250
0.742188 -0.343750 0.434570 1309542720.182246
0.689453 -0.312500 0.439453 1309542720.207254
0.686523 -0.297852 0.484375 1309542720.257224
0.680664 -0.322266 0.535156 1309542720.280257
0.682617 -0.325195 0.515625 1309542720.324251
0.678711 -0.341797 0.515625 1309542720.327250
0.651367 -0.314453 0.526367 1309542720.389240
0.675781 -0.349609 0.554688 1309542720.411255
0.671875 -0.345703 0.528320 1309542720.455221
0.692383 -0.352539 0.495117 1309542720.477199
0.670898 -0.336914 0.523438 1309542720.499201
0.655273 -0.298828 0.500000 1309542720.524269
0.655273 -0.298828 0.500000 1309542720.601207
0.694336 -0.375977 0.546875 1309542720.619235
0.681641 -0.349609 0.519531 1309542720.641258
0.662109 -0.331055 0.521484 1309542720.664250
0.629883 -0.291016 0.510742 1309542720.688205
