0.577148 -0.442383 0.558594 1311188015.155221
0.591797 -0.448242 0.549805 1311188015.176213
0.551758 -0.452148 0.540039 1311188015.199214
0.612305 -0.497070 0.520508 1311188015.245257
0.596680 -0.456055 0.545898 1311188015.267277
0.596680 -0.456055 0.545898 1311188015.290267
0.611328 -0.441406 0.521484 1311188015.334248
0.576172 -0.468750 0.553711 1311188015.380269
0.599609 -0.435547 0.543945 1311188015.417240
0.556641 -0.421875 0.530273 1311188015.419221
0.592773 -0.460938 0.515625 1311188015.460221
0.604492 -0.472656 0.547852 1311188015.483249
0.606445 -0.472656 0.547852 1311188015.526219
0.572266 -0.459961 0.567383 1311188015.571247
0.562500 -0.464844 0.540039 1311188015.593278
0.566406 -0.495117 0.522461 1311188015.637226
0.625000 -0.500000 0.545898 1311188015.642226
0.572266 -0.500000 0.545898 1311188015.676251
0.561523 -0.510742 0.538086 1311188015.714279
0.597656 -0.460938 0.522461 1311188015.745275
0.593750 -0.471680 0.544922 1311188015.800275
0.565430 -0.468750 0.507812 1311188015.825252
0.631836 -0.494141 0.493164 1311188015.847226
0.569336 -0.511719 0.513672 1311188015.891252
0.553711 -0.506836 0.546875 1311188015.916277
0.556641 -0.542969 0.514648 1311188015.954282
0.604492 -0.541016 0.484375 1311188015.977277
0.579102 -0.499023 0.538086 1311188016.021282
0.597656 -0.499023 0.538086 1311188016.044283
0.573242 -0.490234 0.487305 1311188016.079230
0.577148 -0.534180 0.532227 1311188016.100231
0.552734 -0.529297 0.502930 1311188016.149257
0.583984 -0.522461 0.518555 1311188016.179232
0.552734 -0.505859 0.502930 1311188016.200262
0.567383 -0.505859 0.502930 1311188016.222263
0.572266 -0.475586 0.531250 1311188016.269278
0.607422 -0.430664 0.547852 1311188016.292284
0.583008 -0.480469 0.541992 1311188016.335289
0.593750 -0.495117 0.555664 1311188016.359268
0.590820 -0.471680 0.520508 1311188016.405238
0.585938 -0.477539 0.519531 1311188016.427267
0.565430 -0.461914 0.549805 1311188016.469236
0.593750 -0.488281 0.564453 1311188016.514270
0.583008 -0.484375 0.588867 1311188016.536270
0.580078 -0.458984 0.530273 1311188016.559267
0.585938 -0.459961 0.552734 1311188016.582242
0.622070 -0.466797 0.561523 1311188016.629262
0.576172 -0.456055 0.500000 1311188016.685367
0.572266 -0.468750 0.520508 1311188016.710290
0.568359 -0.448242 0.551758 1311188016.711288
0.571289 -0.458008 0.531250 1311188016.752294
0.563477 -0.458984 0.546875 1311188016.775272
0.584961 -0.472656 0.529297 1311188016.821247
0.570312 -0.449219 0.493164 1311188016.852289
0.563477 -0.485352 0.538086 1311188016.875297
0.611328 -0.486328 0.527344 1311188016.924300
0.583984 -0.466797 0.543945 1311188016.946278
0.570312 -0.465820 0.543945 1311188016.968300
0.582031 -0.477539 0.502930 1311188017.012297
0.585938 -0.469727 0.541016 1311188017.036269
0.583984 -0.450195 0.532227 1311188017.082252
0.621094 -0.505859 0.545898 1311188017.107286
0.573242 -0.466797 0.537109 1311188017.136262
0.581055 -0.521484 0.545898 1311188017.158255
0.570312 -0.484375 0.560547 1311188017.201283
0.582031 -0.446289 0.530273 1311188017.224278
0.583008 -0.484375 0.530273 1311188017.267305
0.586914 -0.451172 0.510742 1311188017.314279
0.599609 -0.457031 0.540039 1311188017.336257
0.599609 -0.457031 0.540039 1311188017.359271
0.579102 -0.490234 0.550781 1311188017.409251
0.598633 -0.511719 0.539062 1311188017.430257
0.624023 -0.484375 0.515625 1311188017.459313
0.613281 -0.485352 0.524414 1311188017.492311
0.565430 -0.473633 0.530273 1311188017.516310
0.584961 -0.493164 0.520508 1311188017.564262
0.593750 -0.469727 0.532227 1311188017.609304
0.587891 -0.452148 0.523438 1311188017.621318
0.632812 -0.469727 0.564453 1311188017.665325
0.645508 -0.500977 0.521484 1311188017.686310
0.611328 -0.461914 0.506836 1311188017.708315
0.653320 -0.486328 0.515625 1311188017.752290
0.599609 -0.484375 0.515625 1311188017.800266
0.611328 -0.460938 0.521484 1311188017.821302
0.619141 -0.464844 0.541992 1311188017.846315
0.582031 -0.487305 0.573242 1311188017.890319
0.590820 -0.478516 0.573242 1311188017.913328
0.610352 -0.458008 0.525391 1311188017.972325
0.586914 -0.453125 0.537109 1311188017.998315
0.592773 -0.451172 0.540039 1311188018.017290
0.599609 -0.469727 0.548828 1311188018.040269
0.596680 -0.451172 0.522461 1311188018.086297
0.587891 -0.451172 0.522461 1311188018.089273
0.586914 -0.439453 0.515625 1311188018.147315
0.584961 -0.430664 0.536133 1311188018.171308
0.577148 -0.470703 0.547852 1311188018.194318
0.569336 -0.474609 0.559570 1311188018.239321
0.564453 -0.467773 0.526367 1311188018.261309
0.590820 -0.467773 0.526367 1311188018.305276
0.593750 -0.481445 0.506836 1311188018.327273
0.580078 -0.473633 0.534180 1311188018.375278
0.590820 -0.427734 0.557617 1311188018.397276
0.580078 -0.460938 0.541992 1311188018.422324
0.589844 -0.455078 0.502930 1311188018.468308
0.577148 -0.459961 0.541016 1311188018.489326
0.577148 -0.457031 0.531250 1311188018.534278
0.569336 -0.462891 0.538086 1311188018.562280
0.599609 -0.475586 0.541992 1311188018.589346
0.589844 -0.473633 0.553711 1311188018.612332
0.606445 -0.484375 0.545898 1311188018.655343
0.617188 -0.484375 0.545898 1311188018.677334
0.588867 -0.477539 0.524414 1311188018.721319
0.592773 -0.481445 0.534180 1311188018.742286
0.599609 -0.456055 0.563477 1311188018.790354
0.608398 -0.479492 0.553711 1311188018.811332
0.572266 -0.486328 0.515625 1311188018.834332
0.588867 -0.500000 0.552734 1311188018.876345
0.596680 -0.472656 0.549805 1311188018.921332
0.602539 -0.464844 0.547852 1311188018.942334
0.564453 -0.468750 0.502930 1311188018.971287
0.596680 -0.465820 0.552734 1311188019.015288
0.599609 -0.461914 0.552734 1311188019.036297
0.596680 -0.465820 0.543945 1311188019.081293
0.594727 -0.449219 0.518555 1311188019.105336
0.594727 -0.485352 0.540039 1311188019.129319
0.587891 -0.499023 0.546875 1311188019.172347
0.583008 -0.499023 0.534180 1311188019.197426
0.620117 -0.502930 0.512695 1311188019.228345
0.599609 -0.453125 0.494141 1311188019.279319
0.580078 -0.466797 0.502930 1311188019.295292
0.572266 -0.456055 0.536133 1311188019.339324
0.583008 -0.459961 0.521484 1311188019.360297
0.608398 -0.502930 0.536133 1311188019.382294
0.608398 -0.502930 0.536133 1311188019.426334
0.578125 -0.468750 0.547852 1311188019.451339
0.596680 -0.484375 0.534180 1311188019.499303
0.595703 -0.457031 0.512695 1311188019.520299
0.600586 -0.476562 0.537109 1311188019.544329
0.585938 -0.458984 0.520508 1311188019.591353
0.550781 -0.458984 0.520508 1311188019.617351
0.595703 -0.456055 0.513672 1311188019.664345
0.601562 -0.446289 0.533203 1311188019.685303
0.583984 -0.418945 0.548828 1311188019.727305
0.573242 -0.449219 0.530273 1311188019.755353
0.580078 -0.451172 0.547852 1311188019.778346
0.571289 -0.443359 0.527344 1311188019.820345
0.567383 -0.470703 0.533203 1311188019.843349
0.580078 -0.445312 0.577148 1311188019.868358
0.577148 -0.458984 0.534180 1311188019.913482
0.596680 -0.471680 0.552734 1311188019.933330
0.601562 -0.475586 0.528320 1311188019.958306
0.609375 -0.458984 0.557617 1311188020.011334
0.583008 -0.465820 0.558594 1311188020.032306
0.596680 -0.464844 0.544922 1311188020.075336
0.590820 -0.505859 0.560547 1311188020.102363
0.588867 -0.461914 0.531250 1311188020.127366
0.566406 -0.461914 0.531250 1311188020.180361
0.608398 -0.487305 0.530273 1311188020.204760
0.577148 -0.472656 0.556641 1311188020.242312
0.572266 -0.462891 0.524414 1311188020.265311
0.555664 -0.462891 0.515625 1311188020.286347
0.607422 -0.452148 0.505859 1311188020.330315
0.614258 -0.452148 0.505859 1311188020.352315
0.598633 -0.474609 0.546875 1311188020.396359
0.587891 -0.467773 0.541992 1311188020.418366
0.597656 -0.490234 0.529297 1311188020.462315
0.590820 -0.474609 0.524414 1311188020.490319
0.600586 -0.469727 0.506836 1311188020.570367
0.570312 -0.474609 0.555664 1311188020.585367
0.588867 -0.526367 0.572266 1311188020.586366
0.594727 -0.482422 0.516602 1311188020.627351
0.584961 -0.457031 0.552734 1311188020.648331
0.596680 -0.472656 0.541992 1311188020.691359
0.577148 -0.465820 0.533203 1311188020.713377
0.636719 -0.478516 0.498047 1311188020.735369
0.598633 -0.507812 0.498047 1311188020.780355
0.587891 -0.455078 0.541016 1311188020.813379
0.567383 -0.460938 0.534180 1311188020.836377
0.600586 -0.500000 0.519531 1311188020.886379
0.602539 -0.458008 0.520508 1311188020.898354
0.594727 -0.527344 0.526367 1311188020.945327
0.620117 -0.481445 0.532227 1311188020.990390
0.583984 -0.484375 0.549805 1311188021.011327
0.597656 -0.512695 0.543945 1311188021.035327
0.590820 -0.484375 0.532227 1311188021.078371
0.587891 -0.481445 0.540039 1311188021.103375
0.589844 -0.478516 0.527344 1311188021.127379
0.614258 -0.511719 0.514648 1311188021.177397
0.603516 -0.533203 0.532227 1311188021.198331
0.603516 -0.461914 0.547852 1311188021.226330
0.587891 -0.500000 0.530273 1311188021.270359
0.600586 -0.469727 0.526367 1311188021.291332
0.600586 -0.469727 0.526367 1311188021.325360
0.582031 -0.473633 0.543945 1311188021.370384
0.609375 -0.482422 0.510742 1311188021.391379
0.575195 -0.460938 0.546875 1311188021.416336
0.590820 -0.457031 0.567383 1311188021.461368
0.590820 -0.457031 0.567383 1311188021.493393
0.583984 -0.455078 0.558594 1311188021.537386
0.583008 -0.463867 0.559570 1311188021.558381
0.575195 -0.425781 0.484375 1311188021.606372
0.570312 -0.447266 0.505859 1311188021.627339
0.583008 -0.449219 0.530273 1311188021.648344
0.590820 -0.458984 0.554688 1311188021.669366
0.582031 -0.477539 0.554688 1311188021.713390
0.594727 -0.484375 0.552734 1311188021.750398
0.623047 -0.470703 0.543945 1311188021.771391
0.593750 -0.489258 0.573242 1311188021.818398
0.542969 -0.471680 0.542969 1311188021.855390
0.556641 -0.440430 0.546875 1311188021.876350
0.595703 -0.473633 0.553711 1311188021.920346
0.592773 -0.485352 0.515625 1311188021.941373
0.607422 -0.465820 0.496094 1311188021.965345
0.601562 -0.472656 0.518555 1311188022.010387
0.580078 -0.482422 0.520508 1311188022.031399
0.580078 -0.482422 0.520508 1311188022.057400
0.602539 -0.464844 0.533203 1311188022.107408
0.566406 -0.501953 0.518555 1311188022.133385
0.586914 -0.507812 0.523438 1311188022.157404
0.579102 -0.472656 0.541992 1311188022.206356
0.583984 -0.490234 0.506836 1311188022.227410
0.580078 -0.471680 0.506836 1311188022.253384
0.623047 -0.474609 0.490234 1311188022.302354
0.609375 -0.474609 0.509766 1311188022.325380
0.614258 -0.500000 0.532227 1311188022.367399
0.628906 -0.460938 0.513672 1311188022.411357
0.604492 -0.478516 0.586914 1311188022.413352
0.572266 -0.466797 0.525391 1311188022.456405
0.573242 -0.482422 0.584961 1311188022.498409
0.576172 -0.489258 0.541992 1311188022.523408
0.594727 -0.475586 0.518555 1311188022.568380
0.605469 -0.454102 0.558594 1311188022.590355
0.562500 -0.438477 0.549805 1311188022.613354
0.627930 -0.486328 0.537109 1311188022.655409
0.601562 -0.455078 0.537109 1311188022.681401
0.588867 -0.469727 0.529297 1311188022.723412
0.556641 -0.454102 0.551758 1311188022.745414
0.604492 -0.498047 0.531250 1311188022.770411
0.568359 -0.478516 0.538086 1311188022.803422
0.585938 -0.460938 0.525391 1311188022.851362
0.542969 -0.459961 0.526367 1311188022.872364
0.606445 -0.492188 0.531250 1311188022.917366
0.633789 -0.503906 0.526367 1311188022.943369
0.596680 -0.468750 0.524414 1311188022.966391
0.588867 -0.499023 0.566406 1311188023.011419
0.591797 -0.484375 0.522461 1311188023.036418
0.616211 -0.472656 0.534180 1311188023.090409
0.602539 -0.453125 0.491211 1311188023.155373
0.599609 -0.496094 0.487305 1311188023.156378
0.577148 -0.482422 0.487305 1311188023.158368
0.571289 -0.459961 0.603516 1311188023.221398
0.586914 -0.519531 0.596680 1311188023.222391
0.596680 -0.466797 0.519531 1311188023.272370
0.611328 -0.470703 0.526367 1311188023.293403
0.599609 -0.464844 0.539062 1311188023.316433
0.586914 -0.466797 0.557617 1311188023.360371
0.565430 -0.476562 0.552734 1311188023.402373
0.604492 -0.452148 0.522461 1311188023.423421
0.579102 -0.456055 0.529297 1311188023.448426
0.571289 -0.467773 0.537109 1311188023.498432
0.570312 -0.445312 0.546875 1311188023.521425
0.626953 -0.445312 0.546875 1311188023.546414
0.613281 -0.458984 0.559570 1311188023.593377
0.583984 -0.447266 0.542969 1311188023.625428
0.583008 -0.495117 0.545898 1311188023.650431
0.577148 -0.458984 0.526367 1311188023.672436
0.607422 -0.472656 0.551758 1311188023.716425
0.607422 -0.474609 0.512695 1311188023.738426
0.601562 -0.474609 0.522461 1311188023.782431
0.616211 -0.483398 0.517578 1311188023.803406
0.608398 -0.456055 0.532227 1311188023.851384
0.573242 -0.441406 0.546875 1311188023.873411
0.623047 -0.478516 0.520508 1311188023.895384
0.608398 -0.472656 0.487305 1311188023.938378
0.572266 -0.481445 0.517578 1311188023.982436
0.550781 -0.432617 0.537109 1311188024.003433
0.569336 -0.469727 0.552734 1311188024.025429
0.617188 -0.464844 0.525391 1311188024.070437
0.594727 -0.480469 0.524414 1311188024.093388
0.579102 -0.468750 0.523438 1311188024.138426
0.601562 -0.474609 0.555664 1311188024.183436
0.599609 -0.502930 0.518555 1311188024.185431
0.572266 -0.486328 0.503906 1311188024.228438
0.616211 -0.482422 0.523438 1311188024.265441
0.583984 -0.732422 0.523438 1311188024.307416
0.581055 -0.447266 0.542969 1311188024.333392
0.598633 -0.502930 0.525391 1311188024.357389
0.585938 -0.491211 0.557617 1311188024.396435
0.586914 -0.441406 0.544922 1311188024.434443
0.584961 -0.457031 0.551758 1311188024.455444
0.592773 -0.478516 0.551758 1311188024.478445
0.583008 -0.501953 0.495117 1311188024.525398
0.592773 -0.514648 0.541016 1311188024.547396
0.559570 -0.489258 0.512695 1311188024.591439
0.577148 -0.484375 0.521484 1311188024.613447
0.549805 -0.454102 0.549805 1311188024.636442
