0.468750 -0.141602 0.692383 1309541431.113167
0.468750 -0.141602 0.692383 1309541431.149171
0.516602 -0.149414 0.645508 1309541431.173178
0.449219 -0.148438 0.690430 1309541431.216175
0.495117 -0.176758 0.684570 1309541431.261178
0.499023 -0.158203 0.649414 1309541431.286175
0.475586 -0.170898 0.678711 1309541431.307176
0.475586 -0.177734 0.678711 1309541431.331170
0.496094 -0.160156 0.653320 1309541431.373179
0.451172 -0.144531 0.668945 1309541431.417182
0.471680 -0.143555 0.666016 1309541431.439178
0.470703 -0.165039 0.700195 1309541431.462176
0.494141 -0.165039 0.700195 1309541431.486186
0.481445 -0.186523 0.663086 1309541431.548188
0.493164 -0.146484 0.661133 1309541431.571180
0.491211 -0.180664 0.679688 1309541431.602182
0.478516 -0.154297 0.654297 1309541431.624183
0.482422 -0.164062 0.646484 1309541431.668177
0.480469 -0.182617 0.644531 1309541431.693190
0.480469 -0.182617 0.644531 1309541431.736191
0.500000 -0.144531 0.674805 1309541431.769187
0.469727 -0.161133 0.658203 1309541431.816190
0.470703 -0.177734 0.678711 1309541431.837187
0.467773 -0.185547 0.659180 1309541431.859190
0.473633 -0.166016 0.647461 1309541431.883181
0.491211 -0.144531 0.647461 1309541431.934205
0.476562 -0.150391 0.666992 1309541431.957192
0.492188 -0.230469 0.679688 1309541431.982191
0.503906 -0.140625 0.681641 1309541432.026196
0.498047 -0.171875 0.641602 1309541432.048189
0.513672 -0.144531 0.679688 1309541432.070192
0.263672 -0.144531 0.679688 1309541432.116197
0.479492 -0.189453 0.673828 1309541432.143194
0.478516 -0.135742 0.682617 1309541432.191165
0.466797 -0.152344 0.666992 1309541432.213197
0.522461 -0.156250 0.658203 1309541432.257201
0.464844 -0.121094 0.659180 1309541432.284193
0.483398 -0.153320 0.666992 1309541432.307199
0.495117 -0.169922 0.633789 1309541432.352174
0.482422 -0.139648 0.663086 1309541432.373198
0.480469 -0.151367 0.694336 1309541432.418186
0.498047 -0.153320 0.670898 1309541432.419176
0.495117 -0.152344 0.692383 1309541432.469202
0.492188 -0.175781 0.668945 1309541432.499209
0.496094 -0.151367 0.665039 1309541432.542207
0.485352 -0.141602 0.664062 1309541432.563207
0.464844 -0.159180 0.669922 1309541432.609201
0.506836 -0.159180 0.669922 1309541432.633210
0.483398 -0.131836 0.661133 1309541432.661207
0.481445 -0.154297 0.661133 1309541432.703205
0.488281 -0.171875 0.663086 1309541432.733210
0.483398 -0.183594 0.686523 1309541432.757209
0.500977 -0.161133 0.630859 1309541432.779205
0.483398 -0.178711 0.655273 1309541432.846206
0.450195 -0.103516 0.638672 1309541432.868210
0.471680 -0.209961 0.696289 1309541432.893215
0.512695 -0.201172 0.590820 1309541432.914210
0.472656 -0.155273 0.653320 1309541432.958212
0.471680 -0.185547 0.676758 1309541432.981210
0.483398 -0.148438 0.651367 1309541433.026210
0.478516 -0.185547 0.659180 1309541433.072176
0.424805 -0.146484 0.663086 1309541433.109208
0.502930 -0.156250 0.655273 1309541433.111182
0.497070 -0.136719 0.641602 1309541433.152212
0.467773 -0.139648 0.646484 1309541433.174193
0.429688 -0.127930 0.644531 1309541433.217218
0.488281 -0.168945 0.674805 1309541433.239211
0.492188 -0.166016 0.651367 1309541433.284215
0.485352 -0.147461 0.649414 1309541433.308216
0.479492 -0.134766 0.657227 1309541433.329212
0.518555 -0.172852 0.657227 1309541433.356234
0.507812 -0.172852 0.657227 1309541433.401217
0.507812 -0.172852 0.657227 1309541433.434224
0.493164 -0.146484 0.684570 1309541433.481223
0.473633 -0.142578 0.673828 1309541433.503213
0.505859 -0.155273 0.644531 1309541433.537222
0.466797 -0.135742 0.644531 1309541433.560223
0.477539 -0.162109 0.684570 1309541433.608223
0.499023 -0.146484 0.659180 1309541433.629221
0.489258 -0.163086 0.672852 1309541433.673229
0.491211 -0.177734 0.694336 1309541433.694223
0.500000 -0.171875 0.632812 1309541433.716226
0.456055 -0.163086 0.717773 1309541433.760225
0.457031 -0.152344 0.689453 1309541433.784234
0.475586 -0.157227 0.674805 1309541433.832231
0.487305 -0.179688 0.652344 1309541433.853207
0.487305 -0.176758 0.694336 1309541433.877231
0.494141 -0.177734 0.660156 1309541433.923228
0.506836 -0.177734 0.660156 1309541433.946229
0.497070 -0.154297 0.696289 1309541434.001232
0.498047 -0.167969 0.676758 1309541434.023229
0.487305 -0.160156 0.674805 1309541434.044239
0.487305 -0.177734 0.661133 1309541434.089229
0.519531 -0.173828 0.665039 1309541434.113231
0.453125 -0.117188 0.671875 1309541434.157231
0.486328 -0.165039 0.677734 1309541434.179231
0.479492 -0.175781 0.653320 1309541434.222232
0.492188 -0.170898 0.631836 1309541434.243232
0.502930 -0.195312 0.644531 1309541434.264241
0.516602 -0.173828 0.644531 1309541434.307238
0.486328 -0.179688 0.678711 1309541434.374243
0.465820 -0.166016 0.659180 1309541434.401235
0.469727 -0.166016 0.698242 1309541434.421238
0.492188 -0.177734 0.665039 1309541434.422235
0.488281 -0.125977 0.662109 1309541434.466258
0.480469 -0.167969 0.697266 1309541434.487238
0.730469 -0.167969 0.697266 1309541434.533246
0.483398 -0.162109 0.692383 1309541434.579246
0.463867 -0.164062 0.652344 1309541434.601240
0.468750 -0.149414 0.666992 1309541434.623239
0.471680 -0.166992 0.678711 1309541434.669242
0.453125 -0.170898 0.700195 1309541434.694243
0.496094 -0.115234 0.661133 1309541434.737245
0.487305 -0.132812 0.631836 1309541434.762244
0.500977 -0.164062 0.668945 1309541434.806249
0.487305 -0.148438 0.675781 1309541434.831215
0.482422 -0.144531 0.649414 1309541434.853231
0.467773 -0.144531 0.649414 1309541434.876247
0.478516 -0.200195 0.685547 1309541434.922247
0.486328 -0.173828 0.672852 1309541434.943243
0.518555 -0.190430 0.665039 1309541434.992240
0.505859 -0.145508 0.684570 1309541435.034249
0.432617 -0.172852 0.673828 1309541435.059252
0.464844 -0.147461 0.666016 1309541435.081251
0.470703 -0.230469 0.708984 1309541435.106251
0.501953 -0.144531 0.631836 1309541435.151223
0.475586 -0.181641 0.662109 1309541435.173254
0.474609 -0.126953 0.666992 1309541435.219253
0.488281 -0.139648 0.671875 1309541435.241253
0.460938 -0.158203 0.678711 1309541435.287241
0.466797 -0.162109 0.679688 1309541435.329253
0.462891 -0.163086 0.668945 1309541435.331249
0.505859 -0.169922 0.693359 1309541435.377254
0.473633 -0.132812 0.660156 1309541435.398254
0.470703 -0.144531 0.660156 1309541435.442260
0.470703 -0.144531 0.660156 1309541435.468263
0.543945 -0.177734 0.639648 1309541435.502259
0.487305 -0.152344 0.666992 1309541435.531274
0.467773 -0.134766 0.670898 1309541435.563259
0.480469 -0.166016 0.672852 1309541435.587261
0.469727 -0.188477 0.672852 1309541435.662265
0.503906 -0.174805 0.692383 1309541435.688253
0.498047 -0.137695 0.678711 1309541435.709262
0.485352 -0.170898 0.672852 1309541435.732268
0.494141 -0.155273 0.677734 1309541435.753263
0.460938 -0.126953 0.680664 1309541435.777262
0.487305 -0.173828 0.680664 1309541435.820266
0.487305 -0.173828 0.680664 1309541435.847266
0.463867 -0.146484 0.683594 1309541435.892274
0.475586 -0.142578 0.692383 1309541435.913271
0.496094 -0.158203 0.670898 1309541435.957269
0.495117 -0.151367 0.669922 1309541435.978269
0.482422 -0.151367 0.669922 1309541436.004269
0.459961 -0.152344 0.686523 1309541436.056267
0.498047 -0.154297 0.657227 1309541436.077269
0.422852 -0.131836 0.657227 1309541436.121271
0.488281 -0.199219 0.729492 1309541436.142271
0.496094 -0.141602 0.664062 1309541436.187275
0.470703 -0.152344 0.647461 1309541436.209270
0.472656 -0.160156 0.679688 1309541436.233279
0.475586 -0.132812 0.695312 1309541436.278279
0.484375 -0.179688 0.710938 1309541436.321274
0.475586 -0.160156 0.665039 1309541436.342268
0.488281 -0.152344 0.665039 1309541436.364271
0.443359 -0.154297 0.654297 1309541436.411293
0.476562 -0.221680 0.705078 1309541436.432280
0.505859 -0.160156 0.666992 1309541436.476280
0.486328 -0.169922 0.671875 1309541436.499280
0.494141 -0.171875 0.686523 1309541436.523276
0.506836 -0.160156 0.638672 1309541436.548279
0.463867 -0.160156 0.695312 1309541436.592285
0.481445 -0.174805 0.664062 1309541436.638278
0.508789 -0.175781 0.678711 1309541436.662284
0.485352 -0.174805 0.667969 1309541436.686281
0.497070 -0.184570 0.669922 1309541436.732284
0.430664 -0.155273 0.671875 1309541436.753285
0.500000 -0.173828 0.650391 1309541436.776289
0.482422 -0.170898 0.694336 1309541436.826284
0.457031 -0.169922 0.659180 1309541436.847287
0.468750 -0.176758 0.677734 1309541436.892289
0.482422 -0.169922 0.624023 1309541436.949303
0.509766 -0.145508 0.684570 1309541436.974286
0.492188 -0.135742 0.684570 1309541436.996287
0.487305 -0.181641 0.651367 1309541437.018289
0.487305 -0.163086 0.666992 1309541437.042290
0.479492 -0.158203 0.674805 1309541437.068290
0.460938 -0.137695 0.695312 1309541437.114292
0.491211 -0.132812 0.677734 1309541437.137288
0.489258 -0.148438 0.681641 1309541437.181292
0.498047 -0.143555 0.674805 1309541437.203291
0.470703 -0.164062 0.666016 1309541437.247290
0.467773 -0.159180 0.691406 1309541437.269290
0.499023 -0.158203 0.657227 1309541437.291271
0.474609 -0.138672 0.686523 1309541437.336295
0.473633 -0.161133 0.690430 1309541437.382294
0.478516 -0.176758 0.675781 1309541437.411304
0.489258 -0.165039 0.649414 1309541437.437297
0.474609 -0.143555 0.653320 1309541437.483299
0.477539 -0.157227 0.653320 1309541437.485297
0.475586 -0.150391 0.659180 1309541437.533301
0.484375 -0.162109 0.666016 1309541437.554299
0.479492 -0.161133 0.681641 1309541437.598299
0.505859 -0.179688 0.674805 1309541437.643303
0.467773 -0.138672 0.685547 1309541437.668313
0.508789 -0.138672 0.685547 1309541437.689297
0.476562 -0.148438 0.686523 1309541437.718303
0.502930 -0.160156 0.631836 1309541437.766303
0.489258 -0.146484 0.686523 1309541437.804303
0.456055 -0.144531 0.683594 1309541437.827301
0.480469 -0.156250 0.708008 1309541437.849307
0.480469 -0.156250 0.708008 1309541437.871280
0.472656 -0.130859 0.687500 1309541437.914308
0.474609 -0.143555 0.706055 1309541437.958308
0.469727 -0.179688 0.663086 1309541437.979299
0.456055 -0.136719 0.680664 1309541438.002305
0.479492 -0.189453 0.669922 1309541438.047310
0.488281 -0.132812 0.634766 1309541438.071278
0.483398 -0.177734 0.666992 1309541438.116311
0.494141 -0.166016 0.666992 1309541438.138314
0.467773 -0.191406 0.674805 1309541438.183311
0.465820 -0.154297 0.672852 1309541438.237329
0.514648 -0.177734 0.683594 1309541438.262307
0.515625 -0.160156 0.638672 1309541438.263278
0.466797 -0.169922 0.690430 1309541438.306308
0.474609 -0.161133 0.687500 1309541438.328313
0.501953 -0.164062 0.682617 1309541438.374308
0.493164 -0.156250 0.696289 1309541438.399320
0.481445 -0.200195 0.696289 1309541438.421318
0.500000 -0.166992 0.638672 1309541438.464313
