0.582031 -0.480469 0.510742 1311187134.822288
0.621094 -0.460938 0.566406 1311187134.868139
0.613281 -0.484375 0.580078 1311187134.890143
0.558594 -0.458984 0.497070 1311187134.913141
0.573242 -0.480469 0.543945 1311187134.958146
0.596680 -0.531250 0.552734 1311187134.991155
0.605469 -0.475586 0.560547 1311187135.036148
0.634766 -0.456055 0.539062 1311187135.080139
0.604492 -0.484375 0.542969 1311187135.081135
0.583008 -0.486328 0.553711 1311187135.115152
0.586914 -0.508789 0.541016 1311187135.160143
0.569336 -0.466797 0.521484 1311187135.228140
0.587891 -0.461914 0.518555 1311187135.230137
0.601562 -0.484375 0.564453 1311187135.251136
0.636719 -0.481445 0.541992 1311187135.273137
0.553711 -0.464844 0.584961 1311187135.317160
0.597656 -0.478516 0.533203 1311187135.360152
0.601562 -0.488281 0.562500 1311187135.361147
0.612305 -0.473633 0.486328 1311187135.420153
0.617188 -0.487305 0.528320 1311187135.446159
0.601562 -0.478516 0.559570 1311187135.481153
0.622070 -0.435547 0.564453 1311187135.502154
0.611328 -0.477539 0.550781 1311187135.526149
0.611328 -0.477539 0.550781 1311187135.573175
0.592773 -0.454102 0.513672 1311187135.612152
0.600586 -0.443359 0.523438 1311187135.636150
0.591797 -0.464844 0.543945 1311187135.663150
0.572266 -0.460938 0.559570 1311187135.706156
0.578125 -0.443359 0.547852 1311187135.728178
0.578125 -0.443359 0.547852 1311187135.750164
0.596680 -0.457031 0.583008 1311187135.795156
0.584961 -0.468750 0.540039 1311187135.840161
0.591797 -0.459961 0.564453 1311187135.883161
0.603516 -0.458008 0.551758 1311187135.922189
0.612305 -0.434570 0.538086 1311187135.943156
0.596680 -0.422852 0.519531 1311187135.956164
0.611328 -0.451172 0.541016 1311187135.982154
0.595703 -0.511719 0.520508 1311187136.025168
0.604492 -0.537109 0.529297 1311187136.047159
0.603516 -0.523438 0.477539 1311187136.110168
0.624023 -0.516602 0.482422 1311187136.116161
0.575195 -0.546875 0.458008 1311187136.161168
0.602539 -0.574219 0.429688 1311187136.182154
0.638672 -0.520508 0.507812 1311187136.216168
0.610352 -0.459961 0.562500 1311187136.258162
0.606445 -0.494141 0.470703 1311187136.271178
0.641602 -0.657227 0.444336 1311187136.302172
0.596680 -0.552734 0.501953 1311187136.346166
0.583984 -0.649414 0.478516 1311187136.376172
0.577148 -0.617188 0.455078 1311187136.398170
0.576172 -0.546875 0.510742 1311187136.443173
0.614258 -0.576172 0.474609 1311187136.470183
0.577148 -0.576172 0.474609 1311187136.492174
0.700195 -0.616211 0.474609 1311187136.547171
0.619141 -0.497070 0.402344 1311187136.570193
0.651367 -0.478516 0.442383 1311187136.591164
0.677734 -0.546875 0.376953 1311187136.636177
0.587891 -0.464844 0.480469 1311187136.657178
0.553711 -0.476562 0.471680 1311187136.700176
0.674805 -0.434570 0.439453 1311187136.722176
0.613281 -0.426758 0.541992 1311187136.766156
0.590820 -0.543945 0.554688 1311187136.798179
0.608398 -0.400391 0.535156 1311187136.832160
0.645508 -0.564453 0.500000 1311187136.857187
0.645508 -0.564453 0.500000 1311187136.878178
0.618164 -0.437500 0.551758 1311187136.923180
0.621094 -0.530273 0.477539 1311187136.947179
0.614258 -0.560547 0.454102 1311187136.993172
0.593750 -0.559570 0.442383 1311187137.016171
0.599609 -0.569336 0.513672 1311187137.042194
0.575195 -0.563477 0.513672 1311187137.071190
0.633789 -0.539062 0.428711 1311187137.113187
0.569336 -0.627930 0.443359 1311187137.155183
0.591797 -0.572266 0.470703 1311187137.205188
0.624023 -0.500977 0.546875 1311187137.206180
0.581055 -0.566406 0.546875 1311187137.245190
0.563477 -0.541992 0.505859 1311187137.280181
0.621094 -0.535156 0.479492 1311187137.306190
0.608398 -0.527344 0.493164 1311187137.361192
0.559570 -0.458984 0.564453 1311187137.371183
0.645508 -0.465820 0.520508 1311187137.415190
0.655273 -0.500977 0.501953 1311187137.436166
0.612305 -0.535156 0.503906 1311187137.485191
0.634766 -0.503906 0.541992 1311187137.521192
0.584961 -0.423828 0.590820 1311187137.538167
0.567383 -0.419922 0.566406 1311187137.566195
0.587891 -0.547852 0.514648 1311187137.600187
0.587891 -0.547852 0.514648 1311187137.622194
0.535156 -0.477539 0.576172 1311187137.666187
0.652344 -0.397461 0.530273 1311187137.688197
0.606445 -0.539062 0.511719 1311187137.735211
0.624023 -0.517578 0.466797 1311187137.755199
0.583984 -0.546875 0.471680 1311187137.815198
0.592773 -0.581055 0.471680 1311187137.816191
0.649414 -0.367188 0.534180 1311187137.860198
0.596680 -0.476562 0.522461 1311187137.892195
0.599609 -0.472656 0.542969 1311187137.930197
0.625977 -0.488281 0.514648 1311187137.955213
0.634766 -0.460938 0.509766 1311187137.977202
0.605469 -0.508789 0.521484 1311187138.022196
0.611328 -0.498047 0.492188 1311187138.060200
0.619141 -0.481445 0.500000 1311187138.082222
0.618164 -0.486328 0.526367 1311187138.145187
0.620117 -0.462891 0.520508 1311187138.148197
0.599609 -0.466797 0.522461 1311187138.172199
0.624023 -0.482422 0.504883 1311187138.208202
0.567383 -0.479492 0.495117 1311187138.255209
0.616211 -0.507812 0.548828 1311187138.278209
0.583984 -0.507812 0.533203 1311187138.306206
0.621094 -0.506836 0.496094 1311187138.350192
0.602539 -0.473633 0.532227 1311187138.375185
0.633789 -0.501953 0.488281 1311187138.398208
0.626953 -0.520508 0.502930 1311187138.491212
0.621094 -0.517578 0.483398 1311187138.492210
0.614258 -0.537109 0.543945 1311187138.510189
0.602539 -0.415039 0.526367 1311187138.532212
0.589844 -0.415039 0.526367 1311187138.557235
0.576172 -0.397461 0.541992 1311187138.608211
0.583984 -0.480469 0.474609 1311187138.632216
0.642578 -0.534180 0.565430 1311187138.655238
0.589844 -0.521484 0.536133 1311187138.703221
0.633789 -0.538086 0.488281 1311187138.725217
0.653320 -0.507812 0.521484 1311187138.746224
0.611328 -0.430664 0.540039 1311187138.790265
0.565430 -0.430664 0.540039 1311187138.812213
0.604492 -0.565430 0.476562 1311187138.860230
0.583984 -0.483398 0.547852 1311187138.882213
0.553711 -0.560547 0.501953 1311187138.925223
0.577148 -0.571289 0.457031 1311187138.950221
0.587891 -0.552734 0.503906 1311187138.978221
0.569336 -0.592773 0.545898 1311187139.028221
0.624023 -0.550781 0.456055 1311187139.051219
0.578125 -0.549805 0.493164 1311187139.075243
0.626953 -0.539062 0.494141 1311187139.118214
0.576172 -0.554688 0.487305 1311187139.142219
0.576172 -0.605469 0.475586 1311187139.188217
0.648438 -0.612305 0.439453 1311187139.211220
0.614258 -0.595703 0.476562 1311187139.232224
0.596680 -0.538086 0.525391 1311187139.275223
0.594727 -0.555664 0.472656 1311187139.297238
0.556641 -0.533203 0.492188 1311187139.347230
0.596680 -0.550781 0.471680 1311187139.370228
0.613281 -0.483398 0.530273 1311187139.413225
0.593750 -0.543945 0.492188 1311187139.436224
0.586914 -0.621094 0.442383 1311187139.460224
0.567383 -0.520508 0.487305 1311187139.506220
0.573242 -0.564453 0.482422 1311187139.530226
0.608398 -0.584961 0.496094 1311187139.576244
0.517578 -0.597656 0.500000 1311187139.598229
0.592773 -0.620117 0.427734 1311187139.620228
0.549805 -0.564453 0.487305 1311187139.663218
0.549805 -0.564453 0.487305 1311187139.685234
0.577148 -0.494141 0.553711 1311187139.726239
0.584961 -0.476562 0.495117 1311187139.791231
0.603516 -0.481445 0.501953 1311187139.793232
0.583984 -0.481445 0.577148 1311187139.827234
0.619141 -0.502930 0.511719 1311187139.861249
0.620117 -0.502930 0.511719 1311187139.882250
0.645508 -0.515625 0.518555 1311187139.930238
0.657227 -0.407227 0.565430 1311187139.953251
0.669922 -0.430664 0.528320 1311187140.011244
0.619141 -0.500977 0.523438 1311187140.032234
0.620117 -0.465820 0.549805 1311187140.053228
0.628906 -0.447266 0.550781 1311187140.075255
0.629883 -0.538086 0.530273 1311187140.118240
0.645508 -0.490234 0.508789 1311187140.163261
0.635742 -0.478516 0.522461 1311187140.186246
0.607422 -0.485352 0.506836 1311187140.213249
0.592773 -0.472656 0.508789 1311187140.226241
0.646484 -0.501953 0.519531 1311187140.272300
0.633789 -0.512695 0.537109 1311187140.315242
0.616211 -0.445312 0.529297 1311187140.337244
0.613281 -0.420898 0.498047 1311187140.363331
0.640625 -0.465820 0.498047 1311187140.410253
0.632812 -0.498047 0.502930 1311187140.432248
0.609375 -0.478516 0.502930 1311187140.454251
0.638672 -0.457031 0.513672 1311187140.500252
0.634766 -0.472656 0.500977 1311187140.543251
0.600586 -0.542969 0.523438 1311187140.566251
0.625977 -0.488281 0.509766 1311187140.616256
0.627930 -0.454102 0.493164 1311187140.638252
0.641602 -0.467773 0.479492 1311187140.648247
0.569336 -0.478516 0.491211 1311187140.680236
0.625000 -0.457031 0.509766 1311187140.723253
0.596680 -0.468750 0.509766 1311187140.746255
0.600586 -0.457031 0.502930 1311187140.792228
0.608398 -0.412109 0.532227 1311187140.815257
0.637695 -0.493164 0.523438 1311187140.861255
0.622070 -0.526367 0.531250 1311187140.882236
0.583008 -0.620117 0.444336 1311187140.933260
0.510742 -0.662109 0.445312 1311187140.960259
0.564453 -0.536133 0.499023 1311187140.977258
0.606445 -0.482422 0.494141 1311187141.051255
0.566406 -0.369141 0.550781 1311187141.076259
0.678711 -0.566406 0.494141 1311187141.077262
0.605469 -0.574219 0.465820 1311187141.103260
0.594727 -0.474609 0.541992 1311187141.143274
0.601562 -0.529297 0.495117 1311187141.168260
0.584961 -0.428711 0.509766 1311187141.211271
0.579102 -0.527344 0.504883 1311187141.236258
0.624023 -0.508789 0.496094 1311187141.266269
0.616211 -0.560547 0.518555 1311187141.309271
0.630859 -0.522461 0.498047 1311187141.337267
0.552734 -0.583984 0.480469 1311187141.359267
0.543945 -0.594727 0.526367 1311187141.406264
0.615234 -0.572266 0.469727 1311187141.427353
0.591797 -0.618164 0.466797 1311187141.471274
0.615234 -0.558594 0.491211 1311187141.493272
0.562500 -0.585938 0.495117 1311187141.536269
0.574219 -0.563477 0.517578 1311187141.558265
0.548828 -0.584961 0.458984 1311187141.602291
0.584961 -0.599609 0.475586 1311187141.642268
0.589844 -0.568359 0.493164 1311187141.662274
0.599609 -0.555664 0.475586 1311187141.684267
0.605469 -0.704102 0.402344 1311187141.728275
0.605469 -0.704102 0.402344 1311187141.751289
0.602539 -0.411133 0.574219 1311187141.801279
0.554688 -0.562500 0.474609 1311187141.822276
0.605469 -0.600586 0.481445 1311187141.849275
0.613281 -0.470703 0.518555 1311187141.883277
0.600586 -0.527344 0.515625 1311187141.931275
0.558594 -0.601562 0.507812 1311187141.951271
0.565430 -0.545898 0.492188 1311187141.976282
0.605469 -0.540039 0.545898 1311187142.042281
0.625000 -0.486328 0.545898 1311187142.043405
0.559570 -0.550781 0.467773 1311187142.068285
0.566406 -0.533203 0.526367 1311187142.111278
0.579102 -0.470703 0.507812 1311187142.156288
0.585938 -0.540039 0.487305 1311187142.167269
0.593750 -0.521484 0.484375 1311187142.204289
0.603516 -0.482422 0.530273 1311187142.247282
0.579102 -0.498047 0.507812 1311187142.271287
0.595703 -0.474609 0.512695 1311187142.321283
0.601562 -0.425781 0.540039 1311187142.382283
0.612305 -0.487305 0.490234 1311187142.384281
0.577148 -0.478516 0.519531 1311187142.408296
0.614258 -0.498047 0.498047 1311187142.428306
0.627930 -0.341797 0.626953 1311187142.471294
0.584961 -0.453125 0.626953 1311187142.494288
0.610352 -0.465820 0.557617 1311187142.591295
0.613281 -0.463867 0.527344 1311187142.599291
0.626953 -0.500977 0.501953 1311187142.605292
0.631836 -0.491211 0.459961 1311187142.652279
0.614258 -0.438477 0.474609 1311187142.673297
0.643555 -0.479492 0.540039 1311187142.686289
0.592773 -0.578125 0.505859 1311187142.751295
0.588867 -0.456055 0.525391 1311187142.776297
0.621094 -0.484375 0.505859 1311187142.799295
0.644531 -0.465820 0.533203 1311187142.812296
0.609375 -0.466797 0.521484 1311187142.858294
0.655273 -0.462891 0.500000 1311187142.877295
0.625977 -0.451172 0.478516 1311187142.941301
0.608398 -0.481445 0.519531 1311187142.967289
0.636719 -0.448242 0.531250 1311187142.991299
0.629883 -0.464844 0.543945 1311187143.013310
0.605469 -0.519531 0.516602 1311187143.034294
0.602539 -0.476562 0.505859 1311187143.094302
0.638672 -0.492188 0.504883 1311187143.106313
0.642578 -0.503906 0.491211 1311187143.152282
0.634766 -0.491211 0.491211 1311187143.173302
0.636719 -0.478516 0.498047 1311187143.198305
0.655273 -0.523438 0.474609 1311187143.244304
0.621094 -0.484375 0.497070 1311187143.266281
0.613281 -0.537109 0.513672 1311187143.313284
0.571289 -0.484375 0.495117 1311187143.336307
0.604492 -0.634766 0.458984 1311187143.358301
0.607422 -0.488281 0.541016 1311187143.402301
0.597656 -0.398438 0.541016 1311187143.426329
0.596680 -0.556641 0.556641 1311187143.479298
0.515625 -0.562500 0.475586 1311187143.502292
0.633789 -0.457031 0.471680 1311187143.527313
0.587891 -0.458008 0.550781 1311187143.553329
0.630859 -0.473633 0.500000 1311187143.606322
0.590820 -0.491211 0.500977 1311187143.644312
0.592773 -0.457031 0.524414 1311187143.664311
0.595703 -0.458008 0.539062 1311187143.686313
0.612305 -0.514648 0.457031 1311187143.716324
0.624023 -0.513672 0.531250 1311187143.754314
0.591797 -0.497070 0.537109 1311187143.777317
0.615234 -0.497070 0.537109 1311187143.823315
0.584961 -0.533203 0.518555 1311187143.857306
0.596680 -0.525391 0.502930 1311187143.879319
0.638672 -0.500977 0.462891 1311187143.924322
0.593750 -0.532227 0.508789 1311187143.956318
0.551758 -0.556641 0.499023 1311187143.979315
0.614258 -0.531250 0.528320 1311187144.000317
0.499023 -0.544922 0.535156 1311187144.047315
0.608398 -0.496094 0.484375 1311187144.069319
0.609375 -0.533203 0.466797 1311187144.104301
0.595703 -0.578125 0.487305 1311187144.131327
0.582031 -0.446289 0.510742 1311187144.186321
0.549805 -0.601562 0.461914 1311187144.224317
0.568359 -0.542969 0.511719 1311187144.247320
0.600586 -0.507812 0.507812 1311187144.269316
0.595703 -0.546875 0.493164 1311187144.304321
0.591797 -0.513672 0.514648 1311187144.327298
0.577148 -0.517578 0.518555 1311187144.351327
0.626953 -0.503906 0.497070 1311187144.402311
0.601562 -0.509766 0.527344 1311187144.447326
0.601562 -0.574219 0.500000 1311187144.469332
0.547852 -0.547852 0.481445 1311187144.493341
0.582031 -0.494141 0.500000 1311187144.516754
0.595703 -0.501953 0.500000 1311187144.545332
0.617188 -0.508789 0.493164 1311187144.589332
0.588867 -0.500977 0.515625 1311187144.643332
0.588867 -0.449219 0.476562 1311187144.654331
0.644531 -0.522461 0.503906 1311187144.694331
0.628906 -0.498047 0.541992 1311187144.728326
0.607422 -0.498047 0.541992 1311187144.751335
0.630859 -0.537109 0.482422 1311187144.797335
0.594727 -0.524414 0.476562 1311187144.818331
0.638672 -0.535156 0.489258 1311187144.848335
0.620117 -0.490234 0.523438 1311187144.878342
0.616211 -0.540039 0.522461 1311187144.946341
0.568359 -0.568359 0.504883 1311187144.969339
0.611328 -0.482422 0.495117 1311187144.974325
0.652344 -0.426758 0.511719 1311187145.022333
0.620117 -0.485352 0.500977 1311187145.048340
0.611328 -0.481445 0.486328 1311187145.118341
0.545898 -0.498047 0.487305 1311187145.119334
0.605469 -0.499023 0.497070 1311187145.142345
0.627930 -0.497070 0.505859 1311187145.181339
0.603516 -0.480469 0.493164 1311187145.206343
0.647461 -0.495117 0.512695 1311187145.228342
0.547852 -0.464844 0.482422 1311187145.276343
0.638672 -0.450195 0.517578 1311187145.298345
0.623047 -0.458984 0.509766 1311187145.320358
0.610352 -0.471680 0.491211 1311187145.387342
0.708008 -0.484375 0.511719 1311187145.408332
0.587891 -0.495117 0.527344 1311187145.432350
0.632812 -0.498047 0.489258 1311187145.476342
0.626953 -0.513672 0.489258 1311187145.497348
0.612305 -0.492188 0.489258 1311187145.519360
0.603516 -0.552734 0.513672 1311187145.562350
0.606445 -0.541016 0.500977 1311187145.606351
0.637695 -0.533203 0.486328 1311187145.627343
0.606445 -0.517578 0.535156 1311187145.651361
0.572266 -0.473633 0.505859 1311187145.672353
0.615234 -0.517578 0.431641 1311187145.716355
0.619141 -0.529297 0.472656 1311187145.759353
0.611328 -0.453125 0.527344 1311187145.784352
0.614258 -0.460938 0.572266 1311187145.844355
0.647461 -0.591797 0.461914 1311187145.845350
0.647461 -0.591797 0.461914 1311187145.866354
0.576172 -0.564453 0.483398 1311187145.912352
0.589844 -0.534180 0.464844 1311187145.959339
0.594727 -0.513672 0.487305 1311187145.981349
0.608398 -0.563477 0.491211 1311187146.003350
0.602539 -0.458984 0.576172 1311187146.034392
0.602539 -0.479492 0.576172 1311187146.079360
0.569336 -0.554688 0.513672 1311187146.101357
0.604492 -0.531250 0.496094 1311187146.142360
0.598633 -0.482422 0.456055 1311187146.198360
0.606445 -0.515625 0.494141 1311187146.223351
0.609375 -0.507812 0.496094 1311187146.244357
0.561523 -0.584961 0.450195 1311187146.266362
0.561523 -0.584961 0.450195 1311187146.288368
0.593750 -0.532227 0.498047 1311187146.333366
0.588867 -0.533203 0.467773 1311187146.359357
0.600586 -0.535156 0.464844 1311187146.408350
0.621094 -0.541016 0.436523 1311187146.431365
0.598633 -0.562500 0.456055 1311187146.496365
0.585938 -0.635742 0.463867 1311187146.497359
0.629883 -0.500977 0.479492 1311187146.544366
0.669922 -0.589844 0.448242 1311187146.558440
0.557617 -0.598633 0.456055 1311187146.587385
0.625977 -0.542969 0.456055 1311187146.609368
0.565430 -0.542969 0.456055 1311187146.651369
0.565430 -0.542969 0.456055 1311187146.684369
0.602539 -0.539062 0.475586 1311187146.731354
0.589844 -0.544922 0.491211 1311187146.752369
0.537109 -0.570312 0.454102 1311187146.774367
0.595703 -0.580078 0.454102 1311187146.824368
0.591797 -0.546875 0.704102 1311187146.846368
0.591797 -0.546875 0.704102 1311187146.891373
0.601562 -0.521484 0.541016 1311187146.916382
0.607422 -0.521484 0.512695 1311187146.939389
0.595703 -0.530273 0.513672 1311187146.983372
0.582031 -0.472656 0.491211 1311187147.006355
0.582031 -0.472656 0.491211 1311187147.027372
0.559570 -0.568359 0.501953 1311187147.072371
0.592773 -0.568359 0.487305 1311187147.122382
0.606445 -0.500000 0.479492 1311187147.133381
0.576172 -0.549805 0.585938 1311187147.183381
0.568359 -0.549805 0.585938 1311187147.204378
0.604492 -0.479492 0.527344 1311187147.259384
0.733398 -0.402344 0.531250 1311187147.261380
0.590820 -0.510742 0.467773 1311187147.306393
0.562500 -0.544922 0.495117 1311187147.328386
0.612305 -0.523438 0.503906 1311187147.353383
0.639648 -0.367188 0.539062 1311187147.398381
0.611328 -0.425781 0.560547 1311187147.427383
0.606445 -0.503906 0.517578 1311187147.523388
0.612305 -0.467773 0.541016 1311187147.524381
0.592773 -0.422852 0.574219 1311187147.544391
0.569336 -0.394531 0.556641 1311187147.558385
0.562500 -0.453125 0.545898 1311187147.597386
0.623047 -0.433594 0.518555 1311187147.619387
0.601562 -0.414062 0.541992 1311187147.654391
