0.444336 0.036133 0.649414 1310512133.845886
0.408203 0.045898 0.714844 1310512133.887839
0.401367 0.056641 0.677734 1310512133.910858
0.425781 0.061523 0.653320 1310512133.953948
0.403320 0.054688 0.666992 1310512133.989834
0.383789 0.111328 0.671875 1310512134.010865
0.437500 0.100586 0.708984 1310512134.054849
0.344727 0.017578 0.641602 1310512134.075849
0.405273 0.057617 0.646484 1310512134.100854
0.462891 0.072266 0.638672 1310512134.142835
0.421875 0.021484 0.681641 1310512134.167930
0.403320 -0.013672 0.712891 1310512134.216871
0.504883 0.251953 0.657227 1310512134.237846
0.389648 0.013672 0.701172 1310512134.260860
0.481445 0.187500 0.689453 1310512134.294846
0.444336 0.187500 0.689453 1310512134.323851
0.404297 0.104492 0.722656 1310512134.367835
0.395508 0.189453 0.698242 1310512134.412831
0.405273 0.016602 0.647461 1310512134.434868
0.403320 -0.115234 0.646484 1310512134.456835
0.470703 -0.048828 0.651367 1310512134.501845
0.456055 -0.046875 0.655273 1310512134.526927
0.377930 0.167969 0.666992 1310512134.569871
0.456055 0.025391 0.645508 1310512134.590898
0.456055 0.089844 0.683594 1310512134.626927
0.509766 0.076172 0.665039 1310512134.649934
0.483398 0.068359 0.657227 1310512134.691840
0.469727 0.069336 0.630859 1310512134.715863
0.515625 0.111328 0.657227 1310512134.805847
0.452148 0.175781 0.682617 1310512134.806850
0.484375 0.115234 0.617188 1310512134.826918
0.443359 0.113281 0.700195 1310512134.847946
0.444336 0.037109 0.647461 1310512134.872863
0.592773 -0.039062 0.633789 1310512134.917883
0.509766 -0.083984 0.633789 1310512134.940853
0.441406 -0.084961 0.692383 1310512134.990923
0.430664 -0.048828 0.666992 1310512135.012863
0.486328 -0.022461 0.717773 1310512135.035860
0.516602 0.066406 0.717773 1310512135.079865
0.500000 0.038086 0.666992 1310512135.114863
0.417969 0.096680 0.660156 1310512135.135862
0.466797 0.049805 0.680664 1310512135.180850
0.468750 -0.055664 0.625000 1310512135.202010
0.370117 -0.033203 0.665039 1310512135.227838
0.291992 0.048828 0.665039 1310512135.270856
0.603516 0.068359 0.638672 1310512135.305936
0.592773 -0.136719 0.655273 1310512135.331931
0.488281 0.082031 0.691406 1310512135.376865
0.487305 0.137695 0.675781 1310512135.399880
0.458984 0.117188 0.659180 1310512135.421873
0.491211 0.089844 0.637695 1310512135.465948
0.432617 0.097656 0.656250 1310512135.507860
0.444336 0.071289 0.657227 1310512135.527895
0.503906 0.118164 0.625977 1310512135.554866
0.487305 0.057617 0.648438 1310512135.596858
0.460938 0.051758 0.666992 1310512135.619896
0.460938 0.051758 0.666992 1310512135.662900
0.495117 0.035156 0.663086 1310512135.691887
0.446289 0.054688 0.656250 1310512135.712913
0.496094 -0.038086 0.661133 1310512135.757964
0.443359 -0.095703 0.671875 1310512135.787872
0.464844 0.072266 0.633789 1310512135.809873
0.392578 0.035156 0.655273 1310512135.855849
0.439453 0.085938 0.677734 1310512135.900946
0.432617 0.106445 0.632812 1310512135.922925
0.413086 0.065430 0.659180 1310512135.945927
0.425781 -0.016602 0.635742 1310512135.987894
0.480469 0.053711 0.685547 1310512136.009947
0.354492 0.001953 0.687500 1310512136.045967
0.409180 0.005859 0.668945 1310512136.094900
0.455078 0.023438 0.655273 1310512136.114872
0.443359 0.021484 0.693359 1310512136.135862
0.431641 0.020508 0.666992 1310512136.179887
0.432617 0.031250 0.681641 1310512136.205877
0.409180 0.031250 0.682617 1310512136.242884
0.382812 0.024414 0.688477 1310512136.265927
0.505859 0.111328 0.684570 1310512136.310961
0.333984 -0.111328 0.609375 1310512136.331910
0.552734 0.151367 0.672852 1310512136.376962
0.426758 0.151367 0.672852 1310512136.399926
0.358398 0.131836 0.707031 1310512136.422970
0.319336 -0.002930 0.687500 1310512136.460907
0.525391 0.162109 0.641602 1310512136.489903
0.568359 0.131836 0.643555 1310512136.534963
0.483398 0.044922 0.656250 1310512136.556963
0.530273 0.009766 0.656250 1310512136.579903
0.509766 0.101562 0.656250 1310512136.624909
0.481445 0.057617 0.670898 1310512136.666861
0.461914 0.056641 0.699219 1310512136.689906
0.462891 0.074219 0.659180 1310512136.711882
0.527344 0.128906 0.698242 1310512136.754906
0.483398 0.073242 0.610352 1310512136.777970
0.419922 0.060547 0.670898 1310512136.822968
0.474609 -0.027344 0.678711 1310512136.846905
0.429688 -0.068359 0.681641 1310512136.889921
0.284180 -0.140625 0.827148 1310512136.911915
0.277344 -0.040039 0.856445 1310512136.934935
0.290039 -0.040039 0.856445 1310512136.982928
0.557617 -0.146484 0.644531 1310512137.014921
0.717773 -0.092773 0.510742 1310512137.039931
1.140625 0.076172 0.520508 1310512137.086917
0.753906 -0.096680 0.326172 1310512137.107926
0.548828 -0.027344 0.076172 1310512137.130931
0.620117 -0.054688 0.230469 1310512137.175985
0.501953 -0.183594 0.467773 1310512137.219918
0.561523 -0.203125 1.174805 1310512137.241950
0.312500 -0.089844 0.732422 1310512137.266902
0.812500 -0.078125 0.711914 1310512137.309929
0.302734 0.171875 0.711914 1310512137.351891
0.443359 0.087891 0.585938 1310512137.391860
-0.189453 0.091797 0.846680 1310512137.411872
0.423828 0.086914 0.704102 1310512137.432928
0.457031 0.041992 0.656250 1310512137.455919
0.502930 -0.036133 0.621094 1310512137.501912
0.491211 -0.028320 0.666992 1310512137.525992
0.526367 0.004883 0.634766 1310512137.571908
0.512695 0.029297 0.680664 1310512137.592925
0.418945 0.048828 0.655273 1310512137.614948
0.461914 0.042969 0.706055 1310512137.662985
0.422852 0.048828 0.688477 1310512137.685968
0.422852 0.048828 0.688477 1310512137.707890
0.416992 -0.085938 0.647461 1310512137.752913
0.485352 -0.019531 0.670898 1310512137.795936
0.366211 -0.029297 0.613281 1310512137.816893
0.494141 0.135742 0.661133 1310512137.840900
0.411133 0.014648 0.721680 1310512137.882924
0.426758 0.203125 0.714844 1310512137.907931
0.443359 0.033203 0.605469 1310512137.956931
0.432617 -0.063477 0.661133 1310512137.977924
0.387695 -0.074219 0.659180 1310512138.000934
0.458008 0.097656 0.675781 1310512138.044911
0.410156 0.047852 0.667969 1310512138.067914
0.441406 0.009766 0.665039 1310512138.101926
0.426758 0.062500 0.660156 1310512138.132961
0.393555 0.006836 0.674805 1310512138.175891
0.424805 0.076172 0.688477 1310512138.221924
0.456055 0.048828 0.681641 1310512138.242926
0.444336 0.035156 0.696289 1310512138.264950
0.404297 0.035156 0.696289 1310512138.285926
0.528320 0.179688 0.720703 1310512138.329969
0.381836 -0.238281 0.654297 1310512138.375942
0.516602 0.124023 0.690430 1310512138.397912
0.422852 -0.023438 0.679688 1310512138.420979
0.471680 -0.023438 0.679688 1310512138.444953
0.444336 -0.012695 0.688477 1310512138.512923
0.407227 0.035156 0.731445 1310512138.514929
0.271484 0.007812 0.688477 1310512138.557949
0.533203 -0.003906 0.702148 1310512138.580906
0.524414 -0.017578 0.657227 1310512138.655905
0.480469 0.006836 0.657227 1310512138.680895
0.417969 0.032227 0.679688 1310512138.701888
0.455078 0.131836 0.678711 1310512138.724899
0.442383 0.062500 0.727539 1310512138.745933
0.475586 0.052734 0.650391 1310512138.789894
0.438477 0.029297 0.742188 1310512138.811925
0.552734 -0.043945 0.667969 1310512138.857928
0.474609 -0.025391 0.696289 1310512138.879913
0.495117 -0.132812 0.670898 1310512138.904091
0.530273 -0.086914 0.608398 1310512138.956911
0.587891 -0.113281 0.568359 1310512138.977929
0.604492 -0.086914 0.607422 1310512139.020921
0.599609 -0.085938 0.599609 1310512139.042960
0.644531 -0.047852 0.599609 1310512139.069917
0.601562 -0.141602 0.514648 1310512139.112107
0.634766 0.015625 0.538086 1310512139.135922
0.558594 0.094727 0.632812 1310512139.169939
0.554688 0.072266 0.632812 1310512139.190923
0.608398 0.077148 0.585938 1310512139.237900
0.554688 -0.041992 0.519531 1310512139.259941
0.514648 -0.078125 0.637695 1310512139.302963
0.491211 -0.012695 0.582031 1310512139.324946
0.658203 -0.342773 0.635742 1310512139.369938
0.865234 -0.092773 0.635742 1310512139.392947
0.375000 -0.075195 0.745117 1310512139.421937
0.494141 0.122070 0.697266 1310512139.457939
0.531250 0.128906 0.671875 1310512139.502928
0.545898 0.094727 0.643555 1310512139.524910
0.483398 0.076172 0.704102 1310512139.546921
0.733398 0.076172 0.704102 1310512139.590948
0.415039 0.115234 0.676758 1310512139.637999
0.413086 0.039062 0.639648 1310512139.659905
0.453125 0.034180 0.672852 1310512139.681926
0.453125 -0.008789 0.657227 1310512139.724928
0.460938 -0.012695 0.666992 1310512139.747974
0.460938 -0.012695 0.666992 1310512139.771974
0.423828 0.041992 0.677734 1310512139.811059
0.447266 0.015625 0.661133 1310512139.852975
0.431641 0.010742 0.684570 1310512139.896935
0.443359 0.098633 0.695312 1310512139.947292
0.414062 0.000000 0.683594 1310512139.975969
0.432617 0.045898 0.693359 1310512139.976916
0.399414 0.021484 0.695312 1310512140.000987
0.423828 -0.009766 0.705078 1310512140.039957
0.424805 0.024414 0.663086 1310512140.062032
0.417969 0.068359 0.683594 1310512140.107949
0.409180 0.056641 0.655273 1310512140.130931
0.419922 -0.042969 0.654297 1310512140.176960
0.393555 -0.051758 0.692383 1310512140.220964
0.428711 0.050781 0.689453 1310512140.242991
0.427734 0.041016 0.670898 1310512140.266039
0.435547 -0.009766 0.672852 1310512140.309957
0.412109 0.028320 0.668945 1310512140.331932
0.446289 0.033203 0.670898 1310512140.355987
0.405273 0.027344 0.684570 1310512140.409977
0.459961 0.039062 0.712891 1310512140.431955
0.395508 0.054688 0.689453 1310512140.452953
0.444336 0.035156 0.686523 1310512140.496964
0.430664 0.035156 0.686523 1310512140.517977
0.430664 -0.001953 0.663086 1310512140.564976
0.430664 -0.030273 0.662109 1310512140.585968
0.427734 -0.078125 0.711914 1310512140.630996
0.393555 -0.018555 0.656250 1310512140.652972
0.485352 -0.000977 0.696289 1310512140.698037
0.431641 -0.031250 0.666992 1310512140.700031
0.400391 0.026367 0.666992 1310512140.748983
0.433594 -0.041016 0.675781 1310512140.791976
0.389648 -0.013672 0.665039 1310512140.815993
0.487305 0.084961 0.727539 1310512140.837964
0.354492 -0.013672 0.688477 1310512140.861990
0.385742 0.025391 0.657227 1310512140.907980
0.439453 0.161133 0.713867 1310512140.940052
0.501953 0.058594 0.659180 1310512140.990077
0.480469 0.000977 0.688477 1310512141.010970
0.439453 -0.072266 0.701172 1310512141.031974
0.483398 -0.025391 0.657227 1310512141.055982
0.541992 0.023438 0.674805 1310512141.100987
0.490234 0.035156 0.659180 1310512141.142990
0.462891 -0.014648 0.720703 1310512141.167045
0.465820 -0.006836 0.705078 1310512141.255982
0.329102 -0.031250 0.639648 1310512141.256979
0.598633 0.026367 0.889648 1310512141.277998
0.528320 -0.264648 0.596680 1310512141.311995
0.452148 -0.335938 0.529297 1310512141.332973
0.606445 -0.237305 0.536133 1310512141.356012
0.568359 -0.284180 0.571289 1310512141.400063
0.545898 -0.166016 0.635742 1310512141.420973
0.607422 -0.118164 0.635742 1310512141.442959
0.607422 -0.019531 0.619141 1310512141.506015
0.656250 0.013672 0.600586 1310512141.523061
0.644531 0.012695 0.531250 1310512141.545007
0.655273 0.048828 0.558594 1310512141.588003
0.638672 -0.070312 0.522461 1310512141.610999
0.638672 -0.070312 0.522461 1310512141.653005
0.697266 -0.120117 0.492188 1310512141.677036
0.581055 -0.249023 0.496094 1310512141.720020
0.745117 -0.054688 0.566406 1310512141.740967
0.575195 -0.203125 0.484375 1310512141.784951
0.385742 -0.117188 0.608398 1310512141.806979
0.385742 -0.117188 0.608398 1310512141.829990
0.385742 -0.117188 0.608398 1310512141.874974
0.911133 -0.169922 0.501953 1310512141.906950
0.418945 -0.201172 0.630859 1310512141.951951
0.517578 -0.022461 0.697266 1310512141.974971
0.515625 -0.029297 0.681641 1310512141.996956
0.482422 0.068359 0.702148 1310512142.036994
0.465820 0.045898 0.657227 1310512142.082097
0.479492 0.054688 0.708984 1310512142.104995
0.393555 -0.030273 0.685547 1310512142.128002
0.437500 0.008789 0.671875 1310512142.173067
0.432617 -0.019531 0.680664 1310512142.195999
0.432617 -0.019531 0.680664 1310512142.227982
0.457031 0.034180 0.647461 1310512142.271014
0.446289 -0.033203 0.678711 1310512142.292986
0.437500 -0.085938 0.666992 1310512142.337001
0.413086 0.085938 0.675781 1310512142.358129
0.448242 0.060547 0.659180 1310512142.382025
0.434570 0.019531 0.707031 1310512142.428019
0.403320 0.002930 0.686523 1310512142.473085
0.404297 0.053711 0.708984 1310512142.526024
0.375000 0.092773 0.697266 1310512142.526990
0.447266 0.025391 0.690430 1310512142.556040
0.428711 0.025391 0.690430 1310512142.578061
0.422852 0.037109 0.663086 1310512142.623034
0.440430 0.009766 0.672852 1310512142.646024
0.361328 0.014648 0.635742 1310512142.692073
0.416016 0.038086 0.723633 1310512142.713093
0.428711 -0.002930 0.669922 1310512142.736047
0.403320 -0.002930 0.669922 1310512142.779991
0.414062 0.013672 0.606445 1310512142.826053
0.415039 0.026367 0.666992 1310512142.847086
0.357422 0.035156 0.646484 1310512142.873084
0.355469 -0.142578 0.660156 1310512142.897030
0.452148 0.097656 0.646484 1310512142.925025
0.452148 0.097656 0.646484 1310512142.958090
0.412109 -0.070312 0.607422 1310512143.002034
0.512695 -0.035156 0.641602 1310512143.050098
0.530273 0.220703 0.652344 1310512143.072014
0.435547 -0.083984 0.625977 1310512143.096036
0.485352 -0.041016 0.657227 1310512143.147036
0.479492 0.017578 0.680664 1310512143.169084
0.456055 0.054688 0.668945 1310512143.191085
0.479492 0.011719 0.647461 1310512143.237022
0.499023 0.035156 0.666992 1310512143.260005
0.458008 0.125977 0.699219 1310512143.306043
0.476562 0.112305 0.690430 1310512143.328063
0.501953 0.099609 0.706055 1310512143.371101
0.403320 0.189453 0.878906 1310512143.395094
0.561523 0.003906 0.708984 1310512143.417107
0.500000 -0.074219 0.597656 1310512143.465051
0.517578 -0.184570 0.583008 1310512143.487097
0.645508 -0.250000 0.490234 1310512143.532109
0.645508 -0.250000 0.490234 1310512143.555079
0.651367 -0.162109 0.487305 1310512143.583084
0.700195 -0.075195 0.549805 1310512143.612091
0.629883 -0.076172 0.576172 1310512143.656066
0.583008 -0.029297 0.601562 1310512143.678068
0.583008 -0.029297 0.601562 1310512143.702050
0.637695 -0.014648 0.617188 1310512143.745023
0.557617 -0.106445 0.475586 1310512143.833056
0.698242 -0.069336 0.516602 1310512143.835033
0.638672 -0.136719 0.563477 1310512143.855028
0.583008 -0.147461 0.557617 1310512143.876066
0.499023 -0.147461 0.557617 1310512143.898119
0.555664 -0.166016 0.598633 1310512143.942044
0.506836 -0.047852 0.710938 1310512143.967052
0.333008 0.126953 0.612305 1310512144.007022
0.173828 0.306641 1.020508 1310512144.028049
0.623047 0.317383 0.653320 1310512144.072133
0.399414 -0.216797 0.589844 1310512144.117079
0.442383 0.090820 0.683594 1310512144.138036
0.490234 0.076172 0.630859 1310512144.161050
0.462891 0.091797 0.665039 1310512144.193043
0.427734 0.060547 0.651367 1310512144.222059
0.430664 -0.005859 0.664062 1310512144.246042
0.405273 0.003906 0.674805 1310512144.292041
0.449219 0.048828 0.657227 1310512144.336035
0.408203 0.038086 0.673828 1310512144.358079
0.463867 0.027344 0.639648 1310512144.401038
0.451172 0.017578 0.663086 1310512144.422031
0.464844 0.033203 0.662109 1310512144.444072
0.437500 -0.019531 0.680664 1310512144.492057
0.396484 -0.013672 0.668945 1310512144.514033
0.471680 0.040039 0.642578 1310512144.557049
0.401367 -0.064453 0.687500 1310512144.580068
0.424805 -0.040039 0.696289 1310512144.623130
0.386719 -0.055664 0.690430 1310512144.648074
0.477539 -0.041016 0.678711 1310512144.691067
0.416016 -0.097656 0.652344 1310512144.717061
0.350586 -0.187500 0.680664 1310512144.761053
0.473633 0.013672 0.688477 1310512144.783051
0.441406 -0.005859 0.684570 1310512144.806059
0.457031 0.244141 0.684570 1310512144.840036
0.432617 0.061523 0.674805 1310512144.887019
0.472656 0.037109 0.648438 1310512144.908070
0.424805 0.015625 0.701172 1310512144.931034
0.402344 0.058594 0.682617 1310512144.974037
0.420898 0.065430 0.693359 1310512144.996058
0.420898 0.065430 0.693359 1310512145.041068
