0.469727 -0.162109 0.689453 1309539926.984918
0.496094 -0.148438 0.653320 1309539927.006910
0.447266 -0.105469 0.650391 1309539927.028917
0.472656 -0.147461 0.629883 1309539927.094915
0.469727 -0.141602 0.643555 1309539927.106912
0.470703 -0.132812 0.694336 1309539927.127915
0.477539 -0.164062 0.666992 1309539927.170918
0.462891 -0.130859 0.703125 1309539927.194918
0.462891 -0.130859 0.703125 1309539927.217917
0.464844 -0.135742 0.733398 1309539927.261915
0.439453 -0.135742 0.733398 1309539927.283920
0.439453 -0.135742 0.733398 1309539927.326921
0.491211 -0.041992 0.637695 1309539927.374928
0.489258 -0.179688 0.633789 1309539927.375920
0.458008 -0.138672 0.652344 1309539927.428926
0.482422 -0.008789 0.675781 1309539927.475918
0.462891 0.001953 0.708008 1309539927.497929
0.475586 0.021484 0.740234 1309539927.540984
0.375000 0.130859 0.822266 1309539927.574925
0.093750 0.158203 1.416016 1309539927.582922
0.055664 0.199219 1.164062 1309539927.605927
0.522461 0.179688 0.679688 1309539927.651936
1.999023 -0.954102 0.478516 1309539927.675927
0.924805 1.979492 -0.322266 1309539927.727927
0.254883 -0.759766 -1.028320 1309539927.749913
0.047852 0.476562 -1.028320 1309539927.774939
0.544922 -0.712891 -0.395508 1309539927.821931
0.583984 -0.473633 -0.280273 1309539927.844930
0.439453 -0.823242 -0.331055 1309539927.887929
1.999023 -0.613281 -0.390625 1309539927.910930
1.163086 1.120117 1.248047 1309539927.931916
0.468750 -0.271484 1.239258 1309539928.019937
0.208984 0.904297 0.758789 1309539928.020933
0.317383 -0.021484 1.024414 1309539928.040936
0.132812 0.240234 1.283203 1309539928.061927
0.151367 -0.225586 1.311523 1309539928.105933
0.901367 -0.658203 0.909180 1309539928.126934
0.901367 -0.658203 0.909180 1309539928.151940
1.997070 -1.974609 -1.331055 1309539928.199941
1.173828 0.255859 -0.296875 1309539928.242939
-0.143555 0.858398 -0.069336 1309539928.264939
0.474609 0.683594 0.207031 1309539928.285941
0.601562 1.041016 0.465820 1309539928.332944
1.999023 0.662109 1.998047 1309539928.355944
-1.957031 -0.749023 0.707031 1309539928.401945
0.236328 0.965820 1.333008 1309539928.426944
0.489258 0.644531 1.183594 1309539928.447938
0.686523 -0.466797 0.602539 1309539928.495954
0.507812 0.069336 0.765625 1309539928.519945
0.426758 -0.075195 0.897461 1309539928.562939
0.063477 0.392578 1.429688 1309539928.585944
0.167969 0.252930 1.125977 1309539928.631944
0.657227 0.433594 0.713867 1309539928.656946
1.999023 -1.525391 1.038086 1309539928.678938
0.214844 1.900391 -0.201172 1309539928.699950
0.500977 -1.283203 -0.297852 1309539928.741947
0.050781 -0.118164 -0.399414 1309539928.785947
0.397461 -0.605469 -0.352539 1309539928.806948
0.559570 -0.367188 -0.566406 1309539928.851953
0.956055 -0.586914 -0.739258 1309539928.872955
1.985352 -0.836914 -0.739258 1309539928.895952
1.776367 -0.601562 1.381836 1309539928.941947
0.542969 -0.052734 1.355469 1309539928.965953
0.760742 -0.066406 0.399414 1309539929.015956
0.098633 0.024414 1.011719 1309539929.041954
0.248047 -0.080078 1.140625 1309539929.085955
0.142578 -0.243164 1.390625 1309539929.087955
1.142578 -0.993164 1.390625 1309539929.132957
1.999023 -0.822266 -0.240234 1309539929.175955
1.542969 -0.918945 -1.427734 1309539929.200960
1.369141 -0.003906 -0.208008 1309539929.225957
-0.348633 0.017578 0.010742 1309539929.307960
0.096680 0.282227 0.238281 1309539929.330951
0.037109 1.062500 0.394531 1309539929.351977
-0.159180 1.333008 1.980469 1309539929.359960
-1.850586 -1.998047 0.939453 1309539929.401954
1.729492 -0.555664 1.307617 1309539929.422957
0.345703 -0.095703 0.672852 1309539929.444957
0.774414 -0.095703 0.672852 1309539929.471971
0.480469 -0.083984 0.952148 1309539929.527968
0.441406 0.074219 0.900391 1309539929.551969
-0.060547 0.014648 1.330078 1309539929.580967
0.004883 0.075195 1.178711 1309539929.622963
0.618164 0.541016 0.744141 1309539929.645965
1.987305 -0.683594 -0.340820 1309539929.684971
0.960938 1.995117 0.485352 1309539929.706969
0.535156 -1.459961 0.065430 1309539929.754983
0.034180 -0.096680 -0.197266 1309539929.775971
0.338867 -0.239258 -0.216797 1309539929.817966
0.338867 -0.464844 -0.609375 1309539929.839972
0.984375 -0.586914 -0.801758 1309539929.883970
1.997070 1.363281 -1.360352 1309539929.905973
-2.000000 -1.999023 0.508789 1309539929.947972
-1.998047 -1.375977 1.072266 1309539929.970970
-0.626953 0.963867 1.602539 1309539929.992968
0.484375 -0.013672 0.737305 1309539930.037991
0.158203 -0.013672 1.333008 1309539930.087952
0.359375 -0.564453 1.103516 1309539930.110932
1.755859 -0.876953 0.760742 1309539930.132969
1.995117 0.730469 -0.077148 1309539930.176970
1.364258 -1.755859 -0.718750 1309539930.219965
1.364258 -1.755859 -0.718750 1309539930.220943
0.185547 0.319336 -0.149414 1309539930.267953
0.120117 1.421875 -0.152344 1309539930.290998
0.651367 0.889648 0.023438 1309539930.337017
0.562500 0.527344 0.057617 1309539930.360097
0.056641 -0.352539 1.683594 1309539930.381012
1.534180 -0.523438 1.337891 1309539930.424962
0.559570 0.446289 0.955078 1309539930.471987
0.793945 -0.002930 0.542969 1309539930.494976
0.604492 -0.291992 0.846680 1309539930.514953
0.384766 0.179688 1.000000 1309539930.561981
0.060547 -0.089844 1.282227 1309539930.600950
0.222656 -0.014648 1.054688 1309539930.621984
0.366211 0.563477 0.762695 1309539930.644990
1.998047 -0.122070 0.859375 1309539930.692986
1.523438 0.590820 0.617188 1309539930.714985
-0.364258 -0.516602 -0.424805 1309539930.735987
0.612305 0.156250 -0.075195 1309539930.781986
0.569336 0.009766 -0.255859 1309539930.804985
0.480469 -0.291992 -0.650391 1309539930.847986
0.930664 -0.728516 -0.640625 1309539930.872991
0.641602 -1.212891 -0.915039 1309539930.896992
1.886719 -1.107422 1.443359 1309539930.941985
1.999023 -0.357422 1.443359 1309539930.965992
-0.699219 1.638672 1.999023 1309539931.016993
0.647461 0.134766 0.537109 1309539931.037990
0.134766 0.053711 1.225586 1309539931.064991
0.149414 -0.320312 1.258789 1309539931.106995
1.677734 -0.599609 0.787109 1309539931.132997
1.977539 -0.489258 0.037109 1309539931.154994
1.656250 -0.994141 -1.253906 1309539931.210995
1.539062 0.013672 -0.226562 1309539931.233010
-0.033203 0.177734 -0.165039 1309539931.254987
0.319336 0.419922 0.095703 1309539931.305001
-0.074219 1.044922 0.312500 1309539931.327010
0.273438 1.307617 0.822266 1309539931.372000
1.998047 1.285156 -0.721680 1309539931.392992
-0.257812 -0.439453 1.583984 1309539931.416000
-0.105469 -0.718750 1.273438 1309539931.459997
0.623047 -1.993164 0.720703 1309539931.481002
0.358398 -0.179688 0.670898 1309539931.503000
0.529297 -0.179688 0.670898 1309539931.548004
0.041992 0.039062 1.249023 1309539931.592008
0.081055 0.242188 1.099609 1309539931.615003
0.871094 0.542969 1.327148 1309539931.643020
1.996094 -1.998047 1.989258 1309539931.683002
-0.646484 1.056641 -1.576172 1309539931.706007
0.680664 -0.638672 -0.220703 1309539931.734005
-0.500977 0.025391 -0.337891 1309539931.771007
0.627930 -0.477539 -0.061523 1309539931.815006
0.346680 -0.211914 -0.369141 1309539931.866020
1.012695 -0.572266 -0.613281 1309539931.892007
0.429688 -1.018555 -1.113281 1309539931.894005
1.899414 -1.544922 1.987305 1309539931.938011
1.995117 1.070312 0.911133 1309539931.982015
-0.284180 0.258789 0.929688 1309539932.003011
0.537109 -0.041016 0.866211 1309539932.047012
0.170898 0.145508 1.309570 1309539932.067013
-0.020508 0.036133 1.380859 1309539932.087975
0.940430 -0.833008 0.645508 1309539932.132016
1.448242 -1.850586 0.483398 1309539932.175014
1.999023 -1.310547 -0.553711 1309539932.196022
-0.221680 -0.289062 -0.730469 1309539932.222018
-0.386719 0.474609 -0.363281 1309539932.267013
-0.386719 0.474609 -0.363281 1309539932.289990
0.307617 0.488281 0.334961 1309539932.323018
0.233398 1.379883 0.254883 1309539932.348022
1.999023 -0.151367 -0.673828 1309539932.402011
-1.999023 -0.446289 0.509766 1309539932.425018
-0.473633 1.302734 1.305664 1309539932.448020
0.092773 -0.093750 1.305664 1309539932.473022
0.668945 0.136719 0.444336 1309539932.527025
0.510742 -0.003906 0.771484 1309539932.548019
0.330078 -0.011719 0.832031 1309539932.573021
0.496094 -0.156250 0.613281 1309539932.617025
0.613281 -0.185547 0.531250 1309539932.640024
0.576172 -0.221680 0.551758 1309539932.685022
0.523438 -0.217773 0.669922 1309539932.708023
0.268555 -0.138672 0.809570 1309539932.751026
0.471680 -0.164062 0.679688 1309539932.788030
0.472656 -0.212891 0.672852 1309539932.812044
0.471680 -0.080078 0.698242 1309539932.833028
0.506836 -0.125000 0.649414 1309539932.878027
0.502930 -0.165039 0.646484 1309539932.900032
0.519531 -0.145508 0.674805 1309539932.946023
0.516602 -0.099609 0.653320 1309539932.967031
0.448242 -0.127930 0.655273 1309539932.991037
0.466797 -0.195312 0.655273 1309539933.039027
0.447266 -0.202148 0.681641 1309539933.072036
0.458008 -0.109375 0.714844 1309539933.168038
0.492188 -0.166992 0.704102 1309539933.170010
0.481445 -0.168945 0.654297 1309539933.183034
0.500977 -0.142578 0.660156 1309539933.185032
0.463867 -0.138672 0.660156 1309539933.229029
0.490234 -0.114258 0.662109 1309539933.273037
0.466797 -0.132812 0.663086 1309539933.296052
0.519531 -0.178711 0.669922 1309539933.340039
0.466797 -0.149414 0.657227 1309539933.361037
0.461914 -0.149414 0.642578 1309539933.386039
0.510742 -0.169922 0.669922 1309539933.431034
0.477539 -0.160156 0.675781 1309539933.452041
0.510742 -0.166016 0.649414 1309539933.476044
