0.405273 -0.356445 0.666992 1310581353.209025
0.479492 -0.268555 0.669922 1310581353.253037
0.519531 -0.282227 0.683594 1310581353.279021
0.506836 -0.285156 0.644531 1310581353.300056
0.510742 -0.285156 0.644531 1310581353.325094
0.490234 -0.327148 0.644531 1310581353.370046
0.515625 -0.325195 0.615234 1310581353.413009
0.483398 -0.292969 0.654297 1310581353.435061
0.491211 -0.301758 0.642578 1310581353.477131
0.494141 -0.302734 0.689453 1310581353.500150
0.465820 -0.279297 0.669922 1310581353.543166
0.493164 -0.343750 0.617188 1310581353.551056
0.491211 -0.237305 0.666992 1310581353.596144
0.482422 -0.237305 0.659180 1310581353.648057
0.493164 -0.254883 0.656250 1310581353.685016
0.472656 -0.250000 0.657227 1310581353.686011
0.521484 -0.220703 0.671875 1310581353.732063
0.434570 -0.255859 0.644531 1310581353.755112
0.451172 -0.277344 0.641602 1310581353.801078
0.452148 -0.265625 0.667969 1310581353.823146
0.445312 -0.280273 0.649414 1310581353.866019
0.511719 -0.267578 0.669922 1310581353.888023
0.487305 -0.276367 0.599609 1310581353.988037
0.495117 -0.265625 0.690430 1310581354.003025
0.468750 -0.305664 0.625977 1310581354.021355
0.506836 -0.279297 0.652344 1310581354.023039
0.499023 -0.241211 0.648438 1310581354.047063
0.451172 -0.247070 0.640625 1310581354.082025
0.509766 -0.298828 0.639648 1310581354.108092
0.512695 -0.270508 0.644531 1310581354.154121
0.420898 -0.284180 0.645508 1310581354.176073
0.474609 -0.292969 0.670898 1310581354.220150
0.443359 -0.296875 0.670898 1310581354.243057
0.502930 -0.281250 0.670898 1310581354.259155
0.467773 -0.271484 0.670898 1310581354.309024
0.471680 -0.273438 0.636719 1310581354.348094
0.502930 -0.317383 0.676758 1310581354.371027
0.475586 -0.309570 0.664062 1310581354.413056
0.475586 -0.271484 0.641602 1310581354.436099
0.481445 -0.278320 0.635742 1310581354.457126
0.481445 -0.278320 0.635742 1310581354.505158
0.490234 -0.281250 0.651367 1310581354.545160
0.484375 -0.295898 0.682617 1310581354.578157
0.491211 -0.273438 0.610352 1310581354.601106
0.479492 -0.289062 0.639648 1310581354.645035
0.472656 -0.289062 0.639648 1310581354.667063
0.483398 -0.309570 0.694336 1310581354.698099
0.502930 -0.284180 0.662109 1310581354.721086
0.449219 -0.287109 0.644531 1310581354.766079
0.468750 -0.260742 0.657227 1310581354.788112
0.463867 -0.292969 0.678711 1310581354.811066
0.487305 -0.264648 0.636719 1310581354.855036
0.451172 -0.250977 0.647461 1310581354.876089
0.470703 -0.283203 0.657227 1310581354.923052
0.478516 -0.318359 0.680664 1310581354.946038
0.460938 -0.302734 0.680664 1310581354.990076
0.493164 -0.321289 0.648438 1310581355.012043
0.444336 -0.328125 0.565430 1310581355.055065
0.466797 -0.299805 0.646484 1310581355.076092
0.474609 -0.288086 0.655273 1310581355.122105
0.455078 -0.286133 0.651367 1310581355.146173
0.470703 -0.257812 0.627930 1310581355.178046
0.423828 -0.311523 0.648438 1310581355.257213
0.491211 -0.304688 0.658203 1310581355.275169
0.473633 -0.298828 0.668945 1310581355.276161
0.449219 -0.299805 0.607422 1310581355.298170
0.453125 -0.307617 0.650391 1310581355.341069
0.423828 -0.369141 0.627930 1310581355.365055
0.479492 -0.369141 0.627930 1310581355.407099
0.496094 -0.237305 0.665039 1310581355.455128
0.483398 -0.230469 0.689453 1310581355.478140
0.464844 -0.273438 0.698242 1310581355.501174
0.467773 -0.248047 0.628906 1310581355.522081
0.473633 -0.265625 0.653320 1310581355.565116
0.482422 -0.263672 0.653320 1310581355.586077
0.479492 -0.265625 0.671875 1310581355.638091
0.494141 -0.305664 0.666992 1310581355.662131
0.467773 -0.257812 0.676758 1310581355.695135
0.460938 -0.228516 0.680664 1310581355.738184
0.495117 -0.280273 0.694336 1310581355.760109
0.448242 -0.252930 0.635742 1310581355.784052
0.448242 -0.252930 0.635742 1310581355.810054
0.494141 -0.251953 0.669922 1310581355.855192
0.510742 -0.271484 0.627930 1310581355.921062
0.506836 -0.231445 0.670898 1310581355.922060
0.480469 -0.285156 0.707031 1310581355.943092
0.505859 -0.270508 0.657227 1310581355.987087
0.488281 -0.248047 0.659180 1310581356.031082
0.491211 -0.271484 0.674805 1310581356.058180
0.464844 -0.327148 0.660156 1310581356.081126
0.490234 -0.261719 0.629883 1310581356.103161
0.479492 -0.256836 0.665039 1310581356.148113
0.470703 -0.289062 0.664062 1310581356.171192
0.467773 -0.300781 0.641602 1310581356.202071
0.483398 -0.283203 0.665039 1310581356.259183
0.490234 -0.289062 0.615234 1310581356.282118
0.498047 -0.312500 0.673828 1310581356.304065
0.461914 -0.298828 0.673828 1310581356.326262
0.473633 -0.276367 0.627930 1310581356.373158
0.500000 -0.265625 0.617188 1310581356.409143
0.453125 -0.317383 0.720703 1310581356.432142
0.476562 -0.297852 0.666016 1310581356.474205
0.488281 -0.300781 0.649414 1310581356.549160
0.452148 -0.304688 0.652344 1310581356.551113
0.457031 -0.296875 0.708008 1310581356.592073
0.458008 -0.313477 0.655273 1310581356.593068
0.480469 -0.284180 0.620117 1310581356.636125
0.495117 -0.248047 0.660156 1310581356.658184
0.506836 -0.274414 0.690430 1310581356.681145
0.506836 -0.274414 0.690430 1310581356.726209
0.481445 -0.269531 0.646484 1310581356.761080
0.490234 -0.244141 0.651367 1310581356.782073
0.503906 -0.270508 0.693359 1310581356.826193
0.527344 -0.253906 0.587891 1310581356.857098
0.484375 -0.255859 0.689453 1310581356.881072
0.479492 -0.259766 0.688477 1310581356.918114
0.450195 -0.283203 0.637695 1310581356.962090
0.494141 -0.292969 0.656250 1310581356.984080
0.498047 -0.305664 0.669922 1310581357.007157
0.471680 -0.313477 0.643555 1310581357.053173
0.478516 -0.282227 0.642578 1310581357.077203
0.440430 -0.300781 0.634766 1310581357.121120
0.459961 -0.269531 0.635742 1310581357.143081
0.482422 -0.316406 0.639648 1310581357.167128
0.450195 -0.273438 0.669922 1310581357.209107
0.404297 -0.286133 0.703125 1310581357.257089
0.493164 -0.306641 0.656250 1310581357.258082
0.501953 -0.282227 0.656250 1310581357.308108
0.481445 -0.294922 0.648438 1310581357.352195
0.479492 -0.272461 0.666016 1310581357.372169
0.476562 -0.284180 0.613281 1310581357.394184
0.435547 -0.242188 0.625000 1310581357.436210
0.461914 -0.492188 0.625000 1310581357.458171
0.455078 -0.255859 0.633789 1310581357.501219
0.506836 -0.297852 0.618164 1310581357.544090
0.481445 -0.262695 0.666992 1310581357.567089
0.502930 -0.288086 0.641602 1310581357.589141
0.482422 -0.292969 0.666992 1310581357.633146
0.473633 -0.266602 0.666992 1310581357.655193
0.473633 -0.271484 0.653320 1310581357.701142
0.446289 -0.281250 0.684570 1310581357.723096
0.460938 -0.298828 0.680664 1310581357.747096
0.500977 -0.277344 0.659180 1310581357.833127
0.485352 -0.269531 0.690430 1310581357.834116
0.465820 -0.280273 0.668945 1310581357.849092
0.448242 -0.247070 0.653320 1310581357.892127
0.478516 -0.236328 0.692383 1310581357.936121
0.466797 -0.240234 0.638672 1310581357.958095
0.474609 -0.300781 0.651367 1310581357.979139
0.461914 -0.296875 0.683594 1310581358.001117
0.437500 -0.309570 0.647461 1310581358.046190
0.445312 -0.273438 0.647461 1310581358.089144
0.473633 -0.302734 0.648438 1310581358.113153
0.473633 -0.304688 0.616211 1310581358.136104
0.500977 -0.268555 0.690430 1310581358.182176
0.471680 -0.298828 0.644531 1310581358.193134
0.458008 -0.300781 0.657227 1310581358.256126
0.469727 -0.302734 0.606445 1310581358.279143
0.476562 -0.278320 0.648438 1310581358.301151
0.474609 -0.282227 0.637695 1310581358.343184
0.452148 -0.301758 0.643555 1310581358.366192
0.474609 -0.319336 0.643555 1310581358.387232
0.485352 -0.260742 0.651367 1310581358.431229
0.485352 -0.260742 0.651367 1310581358.454203
0.459961 -0.291992 0.664062 1310581358.499108
0.476562 -0.334961 0.668945 1310581358.526109
0.468750 -0.314453 0.662109 1310581358.569235
0.490234 -0.312500 0.673828 1310581358.592207
0.493164 -0.312500 0.673828 1310581358.627239
0.490234 -0.312500 0.642578 1310581358.661181
0.451172 -0.311523 0.632812 1310581358.691112
0.507812 -0.322266 0.645508 1310581358.713112
0.507812 -0.292969 0.638672 1310581358.743205
0.507812 -0.292969 0.638672 1310581358.771149
0.523438 -0.252930 0.670898 1310581358.834145
0.473633 -0.253906 0.643555 1310581358.857173
