0.488281 -0.425781 0.635742 1310075740.898902
0.481445 -0.414062 0.635742 1310075740.942905
0.474609 -0.464844 0.641602 1310075740.987876
0.500977 -0.458984 0.601562 1310075741.009879
0.449219 -0.420898 0.678711 1310075741.053865
0.466797 -0.331055 0.659180 1310075741.075918
0.472656 -0.359375 0.609375 1310075741.098879
0.275391 -0.643555 0.542969 1310075741.146866
0.487305 -0.554688 0.555664 1310075741.171882
0.535156 -0.323242 0.670898 1310075741.192897
0.440430 -0.476562 0.610352 1310075741.234904
0.456055 -0.433594 0.610352 1310075741.257913
0.456055 -0.251953 0.706055 1310075741.302909
0.356445 -0.346680 0.708984 1310075741.323929
0.609375 -0.119141 0.602539 1310075741.368898
0.568359 -0.484375 0.463867 1310075741.389906
0.792969 -0.435547 0.488281 1310075741.418908
0.325195 -0.411133 0.923828 1310075741.442909
0.230469 -0.571289 1.274414 1310075741.494886
0.121094 -0.406250 1.713867 1310075741.537890
1.996094 -1.479492 1.280273 1310075741.558875
1.999023 1.999023 -0.805664 1310075741.579874
-1.999023 -1.999023 -0.417969 1310075741.623895
-1.999023 -1.999023 -0.417969 1310075741.644906
0.750000 0.316406 0.542969 1310075741.689875
-0.100586 0.240234 0.368164 1310075741.711907
0.042969 -0.148438 -0.178711 1310075741.786892
-0.171875 -1.095703 -0.616211 1310075741.787900
0.229492 -0.064453 -0.466797 1310075741.803913
0.316406 0.229492 -0.431641 1310075741.847911
0.541016 -0.021484 -0.906250 1310075741.869915
1.998047 -1.991211 -0.224609 1310075741.913934
-1.999023 -0.823242 1.996094 1310075741.934934
0.236328 1.991211 1.999023 1310075741.977995
0.077148 -0.700195 0.443359 1310075742.000932
0.757812 -0.136719 0.602539 1310075742.033917
0.437500 -0.214844 0.858398 1310075742.077920
0.405273 -0.367188 0.820312 1310075742.098909
0.716797 -0.313477 0.397461 1310075742.126944
0.658203 -0.275391 0.507812 1310075742.162924
0.331055 -0.613281 0.846680 1310075742.183914
0.277344 -0.211914 1.175781 1310075742.248932
0.285156 -0.508789 1.474609 1310075742.271923
1.701172 -0.922852 1.802734 1310075742.294081
1.996094 -1.999023 -1.999023 1310075742.342926
0.561523 -0.746094 -1.999023 1310075742.366929
-0.563477 -0.452148 -1.999023 1310075742.387922
1.341797 1.039062 1.833008 1310075742.432926
-0.221680 -0.043945 0.332031 1310075742.454935
-0.029297 -0.122070 -0.221680 1310075742.479935
0.012695 0.066406 -0.207031 1310075742.523929
0.065430 -0.159180 -0.267578 1310075742.544928
0.162109 -0.249023 -0.267578 1310075742.594956
0.236328 0.125977 -0.381836 1310075742.614932
0.236328 0.125977 -0.381836 1310075742.637926
0.530273 -0.309570 -0.787109 1310075742.681947
1.995117 -1.136719 -1.997070 1310075742.707946
-1.759766 -1.971680 0.234375 1310075742.748928
-1.603516 -0.751953 1.646484 1310075742.776929
0.608398 -0.677734 0.943359 1310075742.821937
0.830078 -0.260742 0.271484 1310075742.843937
0.608398 -0.435547 0.483398 1310075742.887934
0.518555 -0.037109 0.705078 1310075742.909912
0.495117 -0.458984 0.683594 1310075742.931936
0.422852 -0.406250 0.958008 1310075742.973938
0.302734 -0.424805 1.450195 1310075742.997931
0.773438 -0.031250 1.878906 1310075743.076914
1.989258 -2.000000 -0.551758 1310075743.088944
0.875000 0.501953 -1.992188 1310075743.111935
-1.871094 -0.829102 0.182617 1310075743.132937
0.791992 0.056641 0.858398 1310075743.177959
-0.411133 -0.208008 0.345703 1310075743.201940
0.012695 0.045898 -0.085938 1310075743.223947
0.140625 -0.125000 -0.476562 1310075743.269941
0.309570 0.478516 -0.291016 1310075743.292947
0.377930 -0.276367 -0.291016 1310075743.315950
0.226562 0.162109 -0.529297 1310075743.358926
0.368164 -0.107422 -0.638672 1310075743.403949
0.862305 -0.011719 -0.569336 1310075743.424949
1.999023 -1.999023 1.999023 1310075743.468948
-1.999023 0.760742 1.034180 1310075743.489945
1.999023 -1.999023 1.995117 1310075743.512948
0.522461 -0.164062 1.698242 1310075743.554943
0.575195 -0.016602 0.709961 1310075743.578913
0.832031 -0.794922 0.174805 1310075743.622968
0.818359 -0.157227 0.368164 1310075743.643951
0.584961 -0.404297 0.659180 1310075743.692947
0.584961 -0.404297 0.659180 1310075743.713950
0.414062 -0.417969 0.956055 1310075743.738925
0.463867 -0.614258 1.227539 1310075743.787952
0.686523 -0.285156 1.709961 1310075743.808953
1.985352 -1.999023 -1.872070 1310075743.853950
-1.607422 -0.121094 -1.999023 1310075743.874952
0.213867 -0.327148 0.294922 1310075743.918952
-0.591797 0.059570 1.000977 1310075743.943962
-0.125977 -0.093750 0.039062 1310075743.964945
0.174805 0.095703 -0.364258 1310075744.009958
0.151367 0.084961 -0.500977 1310075744.029959
0.166992 -0.101562 -0.206055 1310075744.056967
0.111328 -0.179688 0.026367 1310075744.101961
0.423828 0.329102 0.133789 1310075744.128959
0.545898 -0.070312 -0.276367 1310075744.173975
1.728516 -0.814453 -1.994141 1310075744.194962
1.999023 -1.324219 -1.999023 1310075744.221970
-1.999023 -1.998047 -0.323242 1310075744.262962
-0.544922 0.047852 0.829102 1310075744.329969
0.323242 0.070312 1.232422 1310075744.367961
0.945312 0.108398 -0.013672 1310075744.368958
0.783203 -0.596680 0.303711 1310075744.388957
0.472656 -0.271484 0.741211 1310075744.412963
0.304688 -0.187500 1.002930 1310075744.452956
0.324219 -0.528320 1.210938 1310075744.475968
0.620117 -0.112305 1.710938 1310075744.520971
1.999023 -1.999023 0.144531 1310075744.553966
1.907227 0.560547 -1.316406 1310075744.597971
-1.999023 -1.401367 -0.472656 1310075744.618942
0.114258 -0.330078 0.027344 1310075744.641972
-0.127930 0.472656 0.817383 1310075744.688969
0.460938 0.293945 0.044922 1310075744.711971
0.419922 0.115234 -0.219727 1310075744.753970
0.109375 -0.183594 -0.597656 1310075744.774976
0.056641 0.052734 -0.531250 1310075744.818966
0.291992 0.732422 -0.245117 1310075744.840976
0.491211 0.732422 -0.245117 1310075744.863980
0.618164 -0.456055 -0.766602 1310075744.911985
1.999023 -1.999023 -0.056641 1310075744.933973
-1.734375 -0.188477 -0.880859 1310075744.982976
-1.810547 1.999023 1.999023 1310075745.003976
1.999023 -1.999023 0.948242 1310075745.046976
1.060547 -0.641602 0.639648 1310075745.067980
0.556641 -0.364258 0.676758 1310075745.111979
0.416992 -0.368164 0.717773 1310075745.132981
0.469727 -0.421875 0.660156 1310075745.156977
0.519531 -0.449219 0.596680 1310075745.199984
0.563477 -0.425781 0.596680 1310075745.225980
0.574219 -0.430664 0.519531 1310075745.272000
0.591797 -0.407227 0.544922 1310075745.294981
0.570312 -0.210938 0.598633 1310075745.341984
0.604492 -0.296875 0.656250 1310075745.363993
0.407227 -0.451172 0.627930 1310075745.392987
0.358398 -0.620117 0.595703 1310075745.416987
0.504883 -0.550781 0.576172 1310075745.461990
0.502930 -0.435547 0.590820 1310075745.486988
0.492188 -0.345703 0.601562 1310075745.511993
0.495117 -0.425781 0.560547 1310075745.554982
0.488281 -0.425781 0.560547 1310075745.577985
0.483398 -0.423828 0.577148 1310075745.653986
0.508789 -0.466797 0.632812 1310075745.654988
0.468750 -0.480469 0.585938 1310075745.676991
