0.634766 -0.146484 0.574219 1310682355.495592
0.618164 -0.152344 0.583984 1310682355.518589
0.631836 -0.138672 0.598633 1310682355.540671
0.606445 -0.118164 0.563477 1310682355.583586
0.616211 -0.118164 0.563477 1310682355.606583
0.618164 -0.140625 0.592773 1310682355.653594
0.640625 -0.138672 0.564453 1310682355.672598
0.664062 -0.105469 0.574219 1310682355.717633
0.641602 -0.162109 0.569336 1310682355.742678
0.629883 -0.105469 0.593750 1310682355.770584
0.667969 -0.132812 0.593750 1310682355.796612
0.612305 -0.103516 0.573242 1310682355.844618
0.630859 -0.152344 0.605469 1310682355.867627
0.631836 -0.115234 0.568359 1310682355.910612
0.636719 -0.126953 0.590820 1310682355.934643
0.625977 -0.150391 0.588867 1310682355.978621
0.643555 -0.110352 0.555664 1310682356.002601
0.632812 -0.127930 0.576172 1310682356.027671
0.625000 -0.134766 0.616211 1310682356.118598
0.640625 -0.125000 0.566406 1310682356.138590
0.632812 -0.104492 0.576172 1310682356.139591
0.635742 -0.148438 0.575195 1310682356.149605
0.651367 -0.148438 0.535156 1310682356.192621
0.611328 -0.149414 0.577148 1310682356.218631
0.630859 -0.125977 0.564453 1310682356.262602
0.628906 -0.143555 0.576172 1310682356.283676
0.629883 -0.174805 0.568359 1310682356.327653
0.635742 -0.137695 0.568359 1310682356.348610
0.631836 -0.162109 0.604492 1310682356.392613
0.637695 -0.136719 0.524414 1310682356.440650
0.658203 -0.164062 0.585938 1310682356.463673
0.635742 -0.175781 0.563477 1310682356.485621
0.611328 -0.144531 0.593750 1310682356.508642
0.615234 -0.127930 0.593750 1310682356.541627
0.613281 -0.106445 0.586914 1310682356.579639
0.652344 -0.164062 0.557617 1310682356.604694
0.624023 -0.114258 0.581055 1310682356.649682
0.620117 -0.140625 0.593750 1310682356.670681
0.630859 -0.142578 0.560547 1310682356.714659
0.630859 -0.142578 0.560547 1310682356.737664
0.626953 -0.130859 0.579102 1310682356.779655
0.655273 -0.158203 0.571289 1310682356.802664
0.596680 -0.147461 0.568359 1310682356.845654
0.635742 -0.158203 0.570312 1310682356.868697
0.613281 -0.191406 0.590820 1310682356.912593
0.639648 -0.126953 0.553711 1310682356.937686
0.625000 -0.152344 0.558594 1310682356.960624
0.596680 -0.169922 0.593750 1310682357.014628
0.620117 -0.141602 0.593750 1310682357.035697
0.581055 -0.134766 0.583984 1310682357.058700
0.611328 -0.149414 0.588867 1310682357.082662
0.611328 -0.149414 0.588867 1310682357.129613
0.609375 -0.151367 0.587891 1310682357.175667
0.633789 -0.146484 0.576172 1310682357.197628
0.625977 -0.129883 0.560547 1310682357.222625
0.617188 -0.134766 0.586914 1310682357.268675
0.646484 -0.162109 0.568359 1310682357.293659
0.637695 -0.125000 0.568359 1310682357.315689
0.640625 -0.164062 0.556641 1310682357.367695
0.636719 -0.146484 0.586914 1310682357.404631
0.642578 -0.156250 0.541992 1310682357.425623
0.646484 -0.175781 0.569336 1310682357.447695
0.614258 -0.182617 0.595703 1310682357.469698
0.605469 -0.166992 0.571289 1310682357.514670
0.614258 -0.159180 0.585938 1310682357.537712
0.623047 -0.158203 0.592773 1310682357.580635
0.627930 -0.189453 0.562500 1310682357.625659
0.600586 -0.117188 0.584961 1310682357.648688
0.636719 -0.126953 0.584961 1310682357.670691
0.635742 -0.157227 0.591797 1310682357.712714
0.639648 -0.124023 0.567383 1310682357.754701
0.635742 -0.125000 0.606445 1310682357.775660
0.602539 -0.146484 0.582031 1310682357.798690
0.625000 -0.154297 0.577148 1310682357.840659
0.604492 -0.175781 0.608398 1310682357.862660
0.613281 -0.186523 0.580078 1310682357.904667
0.599609 -0.123047 0.572266 1310682357.928706
0.640625 -0.153320 0.577148 1310682357.972642
0.650391 -0.166016 0.561523 1310682357.995674
0.606445 -0.197266 0.580078 1310682358.019645
0.627930 -0.125977 0.569336 1310682358.068659
0.617188 -0.151367 0.570312 1310682358.110704
0.607422 -0.140625 0.573242 1310682358.132647
0.633789 -0.183594 0.581055 1310682358.153688
0.601562 -0.177734 0.596680 1310682358.200674
0.620117 -0.142578 0.576172 1310682358.228662
0.666016 -0.148438 0.569336 1310682358.275686
0.611328 -0.146484 0.561523 1310682358.297687
0.583008 -0.165039 0.573242 1310682358.342685
0.632812 -0.159180 0.595703 1310682358.364669
0.599609 -0.156250 0.584961 1310682358.387714
0.610352 -0.156250 0.584961 1310682358.408680
0.617188 -0.153320 0.593750 1310682358.452655
0.602539 -0.136719 0.573242 1310682358.479679
0.615234 -0.161133 0.598633 1310682358.522692
0.615234 -0.120117 0.614258 1310682358.543661
0.621094 -0.122070 0.576172 1310682358.587686
0.635742 -0.158203 0.568359 1310682358.610682
0.593750 -0.136719 0.573242 1310682358.654675
0.641602 -0.166016 0.575195 1310682358.690663
0.641602 -0.157227 0.572266 1310682358.712705
0.617188 -0.178711 0.590820 1310682358.754730
0.633789 -0.186523 0.585938 1310682358.777662
0.633789 -0.186523 0.585938 1310682358.799650
0.595703 -0.136719 0.572266 1310682358.833677
0.605469 -0.149414 0.586914 1310682358.879696
0.639648 -0.145508 0.541992 1310682358.900648
0.622070 -0.152344 0.586914 1310682358.924737
0.666992 -0.147461 0.577148 1310682358.974638
0.639648 -0.151367 0.571289 1310682359.003637
0.642578 -0.117188 0.558594 1310682359.030619
0.614258 -0.151367 0.593750 1310682359.078662
0.624023 -0.142578 0.551758 1310682359.100670
0.641602 -0.164062 0.569336 1310682359.123695
0.661133 -0.162109 0.573242 1310682359.152675
0.630859 -0.153320 0.561523 1310682359.194736
0.600586 -0.159180 0.625977 1310682359.218651
0.625000 -0.150391 0.569336 1310682359.264659
0.623047 -0.136719 0.609375 1310682359.288669
0.623047 -0.174805 0.569336 1310682359.310681
0.656250 -0.166992 0.597656 1310682359.337665
0.665039 -0.152344 0.561523 1310682359.401694
0.629883 -0.153320 0.593750 1310682359.423742
0.639648 -0.134766 0.587891 1310682359.445649
0.625977 -0.148438 0.568359 1310682359.491746
0.611328 -0.141602 0.568359 1310682359.513729
0.593750 -0.113281 0.575195 1310682359.534750
0.642578 -0.156250 0.575195 1310682359.581688
0.641602 -0.157227 0.572266 1310682359.610740
0.631836 -0.140625 0.577148 1310682359.651691
0.634766 -0.148438 0.578125 1310682359.678704
0.625000 -0.148438 0.582031 1310682359.699765
0.609375 -0.148438 0.582031 1310682359.743755
0.588867 -0.131836 0.581055 1310682359.766711
0.604492 -0.139648 0.580078 1310682359.811680
0.614258 -0.134766 0.597656 1310682359.842672
0.611328 -0.171875 0.578125 1310682359.864673
0.660156 -0.160156 0.591797 1310682359.906738
0.632812 -0.160156 0.591797 1310682359.959683
0.636719 -0.140625 0.583984 1310682359.988650
0.620117 -0.201172 0.615234 1310682360.008708
0.610352 -0.126953 0.588867 1310682360.030685
0.648438 -0.166016 0.584961 1310682360.053668
0.609375 -0.147461 0.603516 1310682360.096718
0.633789 -0.131836 0.584961 1310682360.119735
0.631836 -0.151367 0.584961 1310682360.168715
0.594727 -0.139648 0.575195 1310682360.195706
0.648438 -0.172852 0.574219 1310682360.218725
0.625000 -0.173828 0.600586 1310682360.254684
0.644531 -0.171875 0.588867 1310682360.289763
0.638672 -0.154297 0.565430 1310682360.331719
0.615234 -0.158203 0.570312 1310682360.354676
0.635742 -0.152344 0.577148 1310682360.376706
0.591797 -0.166992 0.602539 1310682360.419651
0.615234 -0.157227 0.569336 1310682360.440658
0.635742 -0.162109 0.569336 1310682360.483670
0.623047 -0.141602 0.548828 1310682360.529716
0.592773 -0.176758 0.616211 1310682360.550722
0.636719 -0.110352 0.576172 1310682360.571700
0.632812 -0.159180 0.571289 1310682360.615762
0.653320 -0.163086 0.556641 1310682360.638701
0.607422 -0.175781 0.599609 1310682360.661720
0.639648 -0.130859 0.571289 1310682360.693684
0.651367 -0.151367 0.589844 1310682360.736769
0.654297 -0.158203 0.545898 1310682360.763769
0.612305 -0.171875 0.594727 1310682360.804693
0.625000 -0.130859 0.573242 1310682360.826695
0.619141 -0.130859 0.573242 1310682360.872677
0.625977 -0.150391 0.562500 1310682360.916728
0.643555 -0.171875 0.570312 1310682360.939682
0.615234 -0.164062 0.583008 1310682360.963704
0.595703 -0.132812 0.572266 1310682360.986677
0.671875 -0.166016 0.564453 1310682361.025705
0.671875 -0.166016 0.564453 1310682361.048700
0.630859 -0.166016 0.564453 1310682361.093733
0.630859 -0.144531 0.598633 1310682361.129731
0.650391 -0.166992 0.576172 1310682361.160742
0.616211 -0.171875 0.618164 1310682361.268777
0.638672 -0.139648 0.576172 1310682361.269767
0.647461 -0.154297 0.606445 1310682361.291725
0.627930 -0.142578 0.566406 1310682361.310676
0.621094 -0.154297 0.573242 1310682361.311697
0.591797 -0.140625 0.581055 1310682361.358714
0.618164 -0.165039 0.571289 1310682361.375725
0.608398 -0.164062 0.583008 1310682361.399722
0.615234 -0.179688 0.643555 1310682361.465733
0.631836 -0.151367 0.573242 1310682361.490691
0.665039 -0.130859 0.570312 1310682361.540676
0.625000 -0.149414 0.588867 1310682361.541672
0.632812 -0.153320 0.591797 1310682361.569696
0.630859 -0.183594 0.581055 1310682361.594719
0.661133 -0.183594 0.581055 1310682361.629712
0.599609 -0.144531 0.577148 1310682361.676710
0.622070 -0.166992 0.575195 1310682361.720702
0.636719 -0.089844 0.579102 1310682361.743723
0.616211 -0.150391 0.566406 1310682361.774724
0.608398 -0.150391 0.566406 1310682361.798722
0.632812 -0.136719 0.569336 1310682361.846672
0.636719 -0.156250 0.544922 1310682361.858689
0.604492 -0.167969 0.601562 1310682361.901697
0.615234 -0.136719 0.588867 1310682361.924692
0.625977 -0.142578 0.590820 1310682361.970714
0.636719 -0.142578 0.590820 1310682361.996850
0.628906 -0.177734 0.582031 1310682362.020777
0.590820 -0.163086 0.579102 1310682362.064711
0.629883 -0.144531 0.589844 1310682362.090718
0.636719 -0.205078 0.589844 1310682362.114726
0.633789 -0.137695 0.541992 1310682362.159834
0.613281 -0.132812 0.592773 1310682362.181706
0.647461 -0.199219 0.550781 1310682362.228683
0.602539 -0.167969 0.550781 1310682362.250703
0.611328 -0.157227 0.590820 1310682362.295733
0.603516 -0.148438 0.577148 1310682362.316745
0.605469 -0.174805 0.597656 1310682362.340702
0.597656 -0.154297 0.599609 1310682362.384702
0.636719 -0.195312 0.560547 1310682362.406726
0.615234 -0.148438 0.582031 1310682362.453730
0.616211 -0.138672 0.588867 1310682362.470724
0.638672 -0.169922 0.567383 1310682362.548759
0.629883 -0.166016 0.557617 1310682362.549751
0.656250 -0.172852 0.575195 1310682362.584732
0.618164 -0.195312 0.604492 1310682362.606761
0.626953 -0.193359 0.587891 1310682362.651741
0.628906 -0.169922 0.542969 1310682362.673753
0.616211 -0.172852 0.579102 1310682362.695764
0.584961 -0.113281 0.587891 1310682362.744776
0.639648 -0.141602 0.558594 1310682362.754795
0.619141 -0.155273 0.590820 1310682362.796800
0.668945 -0.158203 0.583984 1310682362.846729
0.626953 -0.177734 0.573242 1310682362.869737
0.621094 -0.157227 0.585938 1310682362.891732
0.621094 -0.157227 0.585938 1310682362.914717
0.615234 -0.147461 0.593750 1310682362.970765
0.635742 -0.155273 0.595703 1310682362.993911
0.617188 -0.140625 0.565430 1310682363.038741
0.645508 -0.173828 0.582031 1310682363.064804
0.619141 -0.141602 0.592773 1310682363.085821
0.619141 -0.141602 0.592773 1310682363.108738
0.641602 -0.165039 0.601562 1310682363.148813
0.659180 -0.179688 0.571289 1310682363.203769
0.606445 -0.188477 0.587891 1310682363.225716
0.629883 -0.124023 0.569336 1310682363.248798
0.611328 -0.144531 0.583984 1310682363.270760
0.636719 -0.144531 0.583984 1310682363.315751
0.597656 -0.157227 0.558594 1310682363.360820
0.622070 -0.150391 0.597656 1310682363.384770
0.623047 -0.155273 0.579102 1310682363.409803
0.638672 -0.168945 0.581055 1310682363.453783
0.616211 -0.179688 0.616211 1310682363.474823
0.626953 -0.128906 0.551758 1310682363.518734
0.633789 -0.160156 0.595703 1310682363.563828
0.607422 -0.142578 0.577148 1310682363.564783
0.656250 -0.188477 0.568359 1310682363.606742
0.625000 -0.212891 0.584961 1310682363.628792
0.633789 -0.142578 0.573242 1310682363.673767
0.638672 -0.171875 0.582031 1310682363.720784
0.642578 -0.156250 0.544922 1310682363.743831
0.643555 -0.164062 0.570312 1310682363.765791
0.609375 -0.133789 0.589844 1310682363.819836
0.623047 -0.148438 0.597656 1310682363.845751
0.619141 -0.148438 0.597656 1310682363.846745
0.655273 -0.156250 0.580078 1310682363.891790
0.598633 -0.153320 0.598633 1310682363.935804
0.640625 -0.150391 0.582031 1310682363.958784
0.659180 -0.177734 0.551758 1310682363.998749
0.625000 -0.156250 0.573242 1310682364.024760
0.627930 -0.150391 0.570312 1310682364.056761
0.625977 -0.167969 0.565430 1310682364.100760
0.637695 -0.132812 0.568359 1310682364.125827
0.613281 -0.158203 0.561523 1310682364.149774
0.655273 -0.158203 0.572266 1310682364.194627
0.614258 -0.160156 0.592773 1310682364.214788
0.616211 -0.190430 0.577148 1310682364.256801
0.623047 -0.169922 0.583008 1310682364.279759
0.602539 -0.151367 0.568359 1310682364.325790
0.624023 -0.156250 0.564453 1310682364.351766
0.628906 -0.150391 0.592773 1310682364.373775
0.625977 -0.160156 0.585938 1310682364.419832
0.643555 -0.162109 0.579102 1310682364.441770
0.612305 -0.134766 0.544922 1310682364.485782
0.601562 -0.192383 0.609375 1310682364.508810
0.631836 -0.111328 0.579102 1310682364.531758
0.625977 -0.155273 0.583984 1310682364.576834
0.657227 -0.160156 0.570312 1310682364.599769
0.600586 -0.171875 0.569336 1310682364.638818
0.627930 -0.167969 0.557617 1310682364.661825
0.634766 -0.141602 0.571289 1310682364.696802
0.669922 -0.151367 0.581055 1310682364.741851
0.642578 -0.150391 0.561523 1310682364.765788
0.629883 -0.160156 0.591797 1310682364.787810
0.594727 -0.174805 0.603516 1310682364.828851
0.650391 -0.174805 0.597656 1310682364.873787
0.653320 -0.161133 0.557617 1310682364.895784
0.628906 -0.165039 0.562500 1310682364.921797
0.633789 -0.171875 0.587891 1310682364.964811
0.569336 -0.152344 0.590820 1310682364.989811
0.624023 -0.169922 0.590820 1310682365.013796
0.613281 -0.195312 0.584961 1310682365.056801
0.629883 -0.181641 0.574219 1310682365.108778
0.675781 -0.165039 0.558594 1310682365.133785
0.613281 -0.152344 0.608398 1310682365.155774
0.635742 -0.152344 0.608398 1310682365.178796
0.639648 -0.171875 0.582031 1310682365.226814
0.616211 -0.152344 0.596680 1310682365.249856
0.610352 -0.184570 0.583008 1310682365.271816
0.683594 -0.172852 0.561523 1310682365.318781
0.642578 -0.166992 0.547852 1310682365.339808
0.594727 -0.177734 0.608398 1310682365.384852
0.629883 -0.127930 0.568359 1310682365.408796
0.618164 -0.132812 0.576172 1310682365.434864
0.631836 -0.161133 0.557617 1310682365.479853
0.627930 -0.156250 0.557617 1310682365.500849
0.589844 -0.153320 0.603516 1310682365.544855
0.589844 -0.153320 0.603516 1310682365.566782
0.681641 -0.169922 0.593750 1310682365.605812
0.627930 -0.125000 0.589844 1310682365.629811
0.623047 -0.181641 0.598633 1310682365.676798
0.649414 -0.154297 0.578125 1310682365.699794
0.601562 -0.154297 0.578125 1310682365.724809
0.609375 -0.147461 0.578125 1310682365.748823
0.585938 -0.125977 0.577148 1310682365.791828
0.620117 -0.156250 0.576172 1310682365.828874
0.621094 -0.107422 0.584961 1310682365.871792
0.600586 -0.142578 0.594727 1310682365.894775
0.637695 -0.142578 0.594727 1310682365.915823
0.609375 -0.134766 0.592773 1310682365.961864
0.630859 -0.168945 0.564453 1310682365.984867
0.619141 -0.153320 0.580078 1310682366.028820
0.627930 -0.188477 0.600586 1310682366.049827
0.600586 -0.136719 0.568359 1310682366.093812
0.646484 -0.166992 0.561523 1310682366.123838
0.623047 -0.201172 0.602539 1310682366.146806
0.619141 -0.166992 0.581055 1310682366.191821
0.641602 -0.187500 0.583984 1310682366.214812
0.622070 -0.137695 0.575195 1310682366.238801
0.631836 -0.151367 0.596680 1310682366.283814
0.625977 -0.156250 0.585938 1310682366.325774
0.625000 -0.154297 0.536133 1310682366.361884
0.625977 -0.148438 0.586914 1310682366.428808
0.618164 -0.171875 0.574219 1310682366.429796
0.610352 -0.156250 0.592773 1310682366.430796
0.622070 -0.161133 0.592773 1310682366.474873
0.622070 -0.161133 0.592773 1310682366.503871
0.598633 -0.160156 0.590820 1310682366.533824
0.596680 -0.136719 0.580078 1310682366.565813
0.636719 -0.145508 0.584961 1310682366.598819
0.625977 -0.161133 0.578125 1310682366.639816
0.604492 -0.162109 0.578125 1310682366.661821
0.615234 -0.146484 0.566406 1310682366.705878
0.583984 -0.151367 0.575195 1310682366.728853
0.626953 -0.156250 0.582031 1310682366.770822
0.636719 -0.172852 0.553711 1310682366.793833
0.627930 -0.143555 0.570312 1310682366.835773
0.611328 -0.144531 0.612305 1310682366.856811
0.625977 -0.137695 0.574219 1310682366.904820
0.627930 -0.137695 0.581055 1310682366.925814
0.618164 -0.164062 0.593750 1310682366.951777
0.636719 -0.157227 0.580078 1310682366.998814
0.624023 -0.156250 0.584961 1310682367.020797
0.625000 -0.156250 0.584961 1310682367.064810
0.605469 -0.190430 0.577148 1310682367.088801
0.616211 -0.146484 0.567383 1310682367.131817
0.602539 -0.161133 0.575195 1310682367.154804
0.642578 -0.158203 0.583984 1310682367.175806
0.621094 -0.148438 0.568359 1310682367.223823
0.611328 -0.148438 0.568359 1310682367.244797
0.634766 -0.172852 0.576172 1310682367.275806
0.625000 -0.153320 0.583008 1310682367.306767
0.641602 -0.148438 0.597656 1310682367.349786
0.625000 -0.151367 0.586914 1310682367.371804
0.635742 -0.173828 0.573242 1310682367.393788
0.620117 -0.136719 0.573242 1310682367.441824
0.660156 -0.145508 0.557617 1310682367.481825
0.595703 -0.166016 0.583984 1310682367.503820
0.613281 -0.142578 0.615234 1310682367.527046
0.599609 -0.125977 0.573242 1310682367.576802
0.658203 -0.175781 0.581055 1310682367.599813
0.658203 -0.175781 0.581055 1310682367.629152
0.622070 -0.154297 0.534180 1310682367.702813
0.644531 -0.153320 0.573242 1310682367.703818
0.634766 -0.155273 0.573242 1310682367.723813
0.643555 -0.166016 0.581055 1310682367.765823
0.639648 -0.162109 0.581055 1310682367.788840
0.618164 -0.177734 0.567383 1310682367.851863
0.621094 -0.161133 0.588867 1310682367.853823
0.640625 -0.173828 0.603516 1310682367.895944
0.654297 -0.183594 0.589844 1310682367.916823
0.642578 -0.142578 0.602539 1310682367.960840
0.624023 -0.142578 0.602539 1310682367.981865
0.618164 -0.147461 0.562500 1310682368.028821
0.600586 -0.147461 0.580078 1310682368.071976
0.674805 -0.165039 0.580078 1310682368.095885
0.620117 -0.148438 0.583984 1310682368.119822
0.625000 -0.191406 0.587891 1310682368.143850
0.623047 -0.154297 0.555664 1310682368.189909
0.639648 -0.164062 0.583008 1310682368.211846
0.617188 -0.155273 0.594727 1310682368.240840
0.607422 -0.178711 0.594727 1310682368.285832
0.620117 -0.158203 0.573242 1310682368.330823
0.637695 -0.149414 0.551758 1310682368.335859
0.630859 -0.153320 0.569336 1310682368.383697
0.599609 -0.125977 0.586914 1310682368.423881
0.659180 -0.169922 0.557617 1310682368.445867
0.636719 -0.150391 0.569336 1310682368.470847
0.618164 -0.163086 0.605469 1310682368.505902
0.587891 -0.144531 0.570312 1310682368.534830
0.628906 -0.158203 0.560547 1310682368.556873
0.632812 -0.156250 0.605469 1310682368.604851
0.631836 -0.171875 0.587891 1310682368.653857
0.625000 -0.144531 0.582031 1310682368.674842
0.661133 -0.161133 0.584961 1310682368.695855
0.641602 -0.162109 0.584961 1310682368.719816
0.635742 -0.144531 0.610352 1310682368.784859
0.620117 -0.132812 0.593750 1310682368.805853
0.616211 -0.154297 0.565430 1310682368.826855
0.634766 -0.150391 0.559570 1310682368.850851
0.615234 -0.147461 0.553711 1310682368.888983
0.636719 -0.170898 0.553711 1310682368.910881
0.636719 -0.170898 0.553711 1310682368.989848
0.644531 -0.158203 0.616211 1310682369.010829
0.623047 -0.162109 0.592773 1310682369.029853
0.597656 -0.167969 0.583984 1310682369.053836
0.607422 -0.117188 0.593750 1310682369.086864
0.645508 -0.117188 0.593750 1310682369.110821
0.584961 -0.164062 0.618164 1310682369.159871
0.635742 -0.171875 0.576172 1310682369.180831
0.657227 -0.146484 0.578125 1310682369.224830
0.613281 -0.181641 0.614258 1310682369.246864
0.625977 -0.136719 0.581055 1310682369.269872
0.602539 -0.136719 0.581055 1310682369.294846
0.621094 -0.148438 0.581055 1310682369.341891
0.598633 -0.187500 0.583008 1310682369.384918
0.633789 -0.127930 0.581055 1310682369.426891
0.632812 -0.153320 0.563477 1310682369.453876
0.621094 -0.180664 0.561523 1310682369.455838
0.599609 -0.166992 0.593750 1310682369.524881
0.578125 -0.143555 0.557617 1310682369.525919
0.639648 -0.166992 0.578125 1310682369.566820
0.623047 -0.163086 0.586914 1310682369.589827
0.625000 -0.155273 0.579102 1310682369.633879
0.594727 -0.130859 0.567383 1310682369.655977
0.644531 -0.138672 0.587891 1310682369.703895
0.609375 -0.149414 0.602539 1310682369.745075
0.616211 -0.232422 0.586914 1310682369.766872
0.614258 -0.164062 0.607422 1310682369.812945
0.644531 -0.150391 0.574219 1310682369.814864
0.634766 -0.128906 0.574219 1310682369.854862
0.611328 -0.153320 0.575195 1310682369.884872
0.624023 -0.119141 0.575195 1310682369.926855
0.635742 -0.127930 0.595703 1310682369.969883
0.577148 -0.123047 0.551758 1310682369.990873
0.618164 -0.153320 0.586914 1310682370.035862
0.604492 -0.160156 0.586914 1310682370.037889
0.616211 -0.164062 0.606445 1310682370.079911
0.620117 -0.139648 0.598633 1310682370.121871
0.572266 -0.166016 0.579102 1310682370.144881
0.630859 -0.152344 0.578125 1310682370.189098
0.625977 -0.154297 0.571289 1310682370.209866
0.630859 -0.162109 0.563477 1310682370.276913
0.668945 -0.154297 0.581055 1310682370.295881
0.631836 -0.151367 0.603516 1310682370.318881
0.618164 -0.164062 0.581055 1310682370.340889
0.634766 -0.168945 0.604492 1310682370.363870
0.650391 -0.124023 0.574219 1310682370.406892
0.613281 -0.124023 0.574219 1310682370.430940
0.599609 -0.127930 0.571289 1310682370.476883
0.667969 -0.216797 0.576172 1310682370.499890
0.599609 -0.158203 0.583008 1310682370.541952
0.651367 -0.159180 0.553711 1310682370.575868
0.585938 -0.145508 0.587891 1310682370.598865
0.616211 -0.161133 0.570312 1310682370.619878
0.634766 -0.156250 0.570312 1310682370.663891
0.626953 -0.166016 0.567383 1310682370.708921
0.621094 -0.140625 0.611328 1310682370.730881
0.648438 -0.162109 0.572266 1310682370.753891
0.644531 -0.175781 0.572266 1310682370.777889
0.626953 -0.174805 0.600586 1310682370.824909
0.623047 -0.140625 0.600586 1310682370.866961
0.609375 -0.160156 0.581055 1310682370.889875
0.639648 -0.173828 0.569336 1310682370.932905
0.620117 -0.154297 0.569336 1310682370.954896
0.611328 -0.154297 0.577148 1310682370.978894
0.640625 -0.194336 0.561523 1310682371.016889
0.622070 -0.173828 0.605469 1310682371.060902
0.622070 -0.139648 0.580078 1310682371.081875
0.639648 -0.157227 0.572266 1310682371.104940
0.662109 -0.165039 0.564453 1310682371.146931
0.662109 -0.165039 0.564453 1310682371.169902
0.639648 -0.195312 0.577148 1310682371.217879
0.638672 -0.154297 0.550781 1310682371.240917
0.647461 -0.148438 0.583008 1310682371.286914
0.614258 -0.148438 0.536133 1310682371.310876
0.624023 -0.157227 0.594727 1310682371.347909
0.624023 -0.157227 0.594727 1310682371.371913
0.620117 -0.162109 0.586914 1310682371.401921
0.603516 -0.139648 0.592773 1310682371.445869
0.614258 -0.186523 0.576172 1310682371.469914
0.631836 -0.148438 0.570312 1310682371.560892
0.600586 -0.165039 0.576172 1310682371.561852
0.616211 -0.179688 0.565430 1310682371.575906
0.597656 -0.138672 0.551758 1310682371.598919
0.625000 -0.186523 0.549805 1310682371.632921
0.611328 -0.130859 0.580078 1310682371.655908
0.629883 -0.169922 0.592773 1310682371.701920
0.636719 -0.168945 0.548828 1310682371.722909
0.636719 -0.168945 0.548828 1310682371.745978
0.611328 -0.184570 0.597656 1310682371.789907
0.612305 -0.141602 0.583984 1310682371.834926
0.627930 -0.149414 0.580078 1310682371.857907
0.643555 -0.157227 0.576172 1310682371.907952
0.625000 -0.139648 0.576172 1310682371.909900
0.606445 -0.171875 0.597656 1310682371.956917
0.622070 -0.148438 0.551758 1310682371.979949
0.628906 -0.143555 0.571289 1310682372.021968
0.633789 -0.195312 0.583984 1310682372.044905
0.625000 -0.150391 0.570312 1310682372.090899
0.615234 -0.150391 0.570312 1310682372.111973
0.614258 -0.144531 0.567383 1310682372.140927
0.639648 -0.144531 0.561523 1310682372.185950
0.647461 -0.193359 0.558594 1310682372.231935
0.628906 -0.153320 0.575195 1310682372.232909
