0.631836 -0.451172 0.561523 1311186594.315625
0.635742 -0.443359 0.537109 1311186594.341626
0.623047 -0.466797 0.541016 1311186594.366621
0.603516 -0.491211 0.564453 1311186594.408641
0.596680 -0.421875 0.503906 1311186594.432641
0.536133 -0.218750 0.552734 1311186594.478629
0.607422 -0.476562 0.544922 1311186594.500632
0.606445 -0.083984 0.635742 1311186594.546623
0.578125 -0.187500 0.672852 1311186594.553630
0.471680 0.230469 0.782227 1311186594.596638
0.518555 0.015625 0.723633 1311186594.618627
0.356445 -0.314453 0.915039 1311186594.661630
1.067383 -1.504883 1.404297 1311186594.686636
0.618164 -0.300781 1.392578 1311186594.731628
1.998047 -0.639648 0.969727 1311186594.752637
1.616211 1.140625 0.125000 1311186594.777637
0.734375 -0.129883 -0.490234 1311186594.822789
-0.261719 -0.848633 -0.748047 1311186594.845614
-0.126953 -0.809570 -0.541016 1311186594.887637
-0.015625 -0.549805 -0.141602 1311186594.910636
0.444336 -0.540039 -0.183594 1311186594.954403
0.284180 -0.839844 -1.059570 1311186594.975641
0.245117 -0.339844 -1.059570 1311186594.997641
0.999023 -0.492188 -1.326172 1311186595.060639
1.999023 -1.999023 -1.999023 1311186595.097639
1.995117 0.904297 0.877930 1311186595.118630
0.128906 -0.496094 1.925781 1311186595.141641
0.423828 -0.224609 1.257812 1311186595.180660
0.386719 -0.474609 1.257812 1311186595.201645
1.489258 -1.999023 -0.130859 1311186595.245657
1.999023 -1.999023 -1.999023 1311186595.268665
0.740234 1.475586 -0.605469 1311186595.296642
0.281250 0.135742 -0.960938 1311186595.340637
-0.130859 -0.023438 -0.672852 1311186595.363633
0.219727 -0.576172 0.321289 1311186595.408643
0.045898 0.148438 0.520508 1311186595.417647
0.247070 0.942383 0.601562 1311186595.462642
0.849609 0.557617 0.369141 1311186595.484635
-0.422852 1.460938 -0.662109 1311186595.530639
1.996094 0.740234 1.106445 1311186595.552656
1.996094 0.113281 -0.099609 1311186595.592650
1.074219 -1.999023 0.545898 1311186595.637660
0.698242 -0.320312 0.906250 1311186595.660651
-0.009766 0.476562 1.778320 1311186595.682651
0.733398 0.482422 1.721680 1311186595.726651
1.999023 -1.624023 0.150391 1311186595.748672
1.586914 1.390625 -0.618164 1311186595.791639
0.530273 -0.574219 -1.540039 1311186595.833663
0.038086 -0.875977 -1.043945 1311186595.856640
-0.043945 -0.207031 -0.126953 1311186595.877656
0.035156 -0.019531 0.238281 1311186595.920657
-0.020508 -1.590820 0.238281 1311186595.943649
-0.413086 -1.513672 -0.826172 1311186595.981656
0.097656 -0.886719 -0.706055 1311186596.003653
0.879883 -0.285156 -0.807617 1311186596.047650
0.896484 0.679688 -1.330078 1311186596.068656
1.998047 1.999023 -1.999023 1311186596.116661
1.998047 1.105469 -1.999023 1311186596.139665
-2.000000 1.105469 -1.999023 1311186596.163656
0.338867 0.737305 0.870117 1311186596.210639
0.159180 -0.545898 1.202148 1311186596.231664
0.025391 -0.064453 1.704102 1311186596.275660
0.769531 -1.999023 0.359375 1311186596.297662
0.769531 -1.999023 0.359375 1311186596.346661
0.122070 1.998047 -0.725586 1311186596.385661
1.202148 0.304688 -1.846680 1311186596.405666
-0.051758 -0.013672 -1.075195 1311186596.426644
0.290039 -0.242188 0.359375 1311186596.470659
0.039062 0.716797 0.809570 1311186596.492662
-0.272461 0.615234 0.864258 1311186596.536669
0.257812 -0.390625 0.614258 1311186596.546669
0.290039 0.087891 0.304688 1311186596.592664
-0.207031 -0.714844 -1.528320 1311186596.635672
1.492188 -1.748047 1.750977 1311186596.656667
1.998047 -1.991211 -0.579102 1311186596.680674
-1.913086 1.999023 1.999023 1311186596.717684
0.402344 -1.740234 0.493164 1311186596.761674
-0.049805 -0.253906 1.533203 1311186596.782656
-0.232422 -0.336914 1.725586 1311186596.807672
-0.089844 -0.420898 1.587891 1311186596.852667
1.998047 1.579102 -0.987305 1311186596.875670
0.268555 1.346680 -1.103516 1311186596.920670
0.489258 -0.699219 -0.775391 1311186596.942683
-0.251953 -0.779297 0.160156 1311186596.985697
-0.110352 -0.201172 0.390625 1311186597.007674
-0.217773 -0.545898 -0.356445 1311186597.051680
0.309570 -0.634766 -0.446289 1311186597.072690
0.168945 -0.951172 -0.946289 1311186597.095678
0.564453 -0.236328 -1.090820 1311186597.142674
0.562500 -0.258789 -1.256836 1311186597.166683
0.342773 0.883789 -0.580078 1311186597.219692
-1.999023 -1.367188 1.088867 1311186597.241689
-1.999023 1.132812 1.088867 1311186597.270686
1.958984 1.507812 0.353516 1311186597.293705
0.545898 -1.159180 0.645508 1311186597.337681
0.427734 -0.320312 1.528320 1311186597.366676
0.127930 -0.888672 1.387695 1311186597.391683
1.999023 -1.999023 0.032227 1311186597.438705
1.999023 -1.999023 -1.217773 1311186597.460708
1.999023 -1.999023 -1.217773 1311186597.485685
0.880859 0.178711 -0.589844 1311186597.530690
-1.019531 -0.583984 -0.455078 1311186597.558685
0.360352 -0.333008 -0.034180 1311186597.616688
0.084961 0.231445 0.166992 1311186597.680691
0.084961 0.231445 0.166992 1311186597.681682
0.243164 0.672852 0.200195 1311186597.685692
0.362305 0.373047 -0.247070 1311186597.727688
0.398438 0.338867 -0.976562 1311186597.750697
1.999023 1.998047 -1.998047 1311186597.773702
-1.999023 -1.995117 1.894531 1311186597.801694
-1.236328 -1.999023 0.033203 1311186597.846672
0.433594 0.335938 1.023438 1311186597.886690
-0.413086 0.041016 1.628906 1311186597.908691
-0.328125 0.388672 1.910156 1311186597.952693
0.210938 -0.776367 1.345703 1311186597.975698
1.995117 0.191406 1.345703 1311186597.996695
0.488281 0.517578 -0.904297 1311186598.040696
0.488281 0.517578 -0.904297 1311186598.083686
0.142578 -0.408203 -0.707031 1311186598.106698
-0.267578 -0.410156 -0.338867 1311186598.148706
0.077148 -0.360352 0.033203 1311186598.171692
0.055664 -0.969727 -0.376953 1311186598.193703
0.158203 -0.783203 -0.644531 1311186598.237702
0.397461 -0.490234 -0.720703 1311186598.260702
0.692383 -0.562500 -1.300781 1311186598.303701
-0.315430 0.009766 -1.624023 1311186598.326700
1.998047 1.994141 -1.999023 1311186598.368705
1.998047 1.994141 -1.999023 1311186598.390703
-0.812500 -1.999023 0.452148 1311186598.433706
0.406250 0.645508 0.926758 1311186598.455671
0.105469 -0.270508 1.375977 1311186598.502706
0.083984 -0.219727 1.684570 1311186598.523704
0.959961 -1.853516 0.181641 1311186598.546703
1.998047 -1.985352 -1.998047 1311186598.588707
-0.475586 1.760742 -0.790039 1311186598.611705
1.858398 -1.200195 -1.045898 1311186598.658689
-0.443359 0.010742 -1.025391 1311186598.705718
0.315430 -0.111328 -0.279297 1311186598.726714
-0.028320 -0.011719 0.203125 1311186598.752710
0.088867 0.499023 0.513672 1311186598.796711
0.142578 0.692383 0.613281 1311186598.818681
0.495117 -0.042969 0.221680 1311186598.840702
-0.229492 0.430664 -0.289062 1311186598.883709
1.998047 -0.955078 1.546875 1311186598.936720
1.999023 -1.219727 0.801758 1311186598.961730
1.610352 -1.969727 0.801758 1311186598.982712
1.360352 -1.969727 0.801758 1311186599.005719
0.589844 0.590820 0.672852 1311186599.048729
0.107422 -0.446289 1.409180 1311186599.071718
0.206055 -0.656250 1.255859 1311186599.113716
0.740234 0.154297 0.887695 1311186599.136700
1.999023 -0.610352 0.374023 1311186599.160716
1.455078 0.325195 -0.337891 1311186599.213706
0.866211 0.033203 -0.804688 1311186599.240718
-0.238281 0.120117 -0.711914 1311186599.282711
0.139648 -0.569336 -0.360352 1311186599.305720
0.209961 -0.433594 -0.360352 1311186599.326722
0.224609 -0.855469 -0.390625 1311186599.371727
0.080078 -0.720703 -0.702148 1311186599.396723
0.600586 -0.838867 -1.360352 1311186599.420708
0.332031 -0.398438 -1.998047 1311186599.463726
1.998047 1.998047 1.995117 1311186599.486725
-1.999023 -1.359375 -0.641602 1311186599.531726
-1.999023 1.998047 1.998047 1311186599.555727
0.402344 1.999023 0.801758 1311186599.590728
0.531250 -1.139648 0.779297 1311186599.615726
0.352539 -1.414062 1.779297 1311186599.657726
0.731445 -1.508789 0.695312 1311186599.700730
1.999023 -1.542969 0.172852 1311186599.722729
0.747070 -1.359375 -1.372070 1311186599.743709
0.818359 0.775391 -0.879883 1311186599.788709
-0.129883 0.509766 -0.740234 1311186599.810721
0.119141 0.013672 0.037109 1311186599.853731
-0.075195 -0.139648 0.490234 1311186599.875830
0.243164 -0.072266 0.480469 1311186599.905747
0.138672 0.257812 0.432617 1311186599.952735
0.279297 1.072266 0.026367 1311186599.973733
-0.314453 0.278320 -1.001953 1311186599.997763
-0.533203 -0.311523 1.532227 1311186600.030736
1.999023 -1.000977 -0.967773 1311186600.074741
-1.999023 -1.571289 1.736328 1311186600.118736
0.774414 0.118164 0.523438 1311186600.141737
0.607422 -0.550781 0.686523 1311186600.163739
0.485352 -0.149414 0.705078 1311186600.243735
0.656250 -0.500000 0.481445 1311186600.245740
0.899414 -0.098633 0.465820 1311186600.265738
0.519531 -0.696289 0.109375 1311186600.300742
0.630859 -1.235352 0.190430 1311186600.322743
0.719727 0.365234 0.910156 1311186600.366739
0.708008 -0.666016 0.457031 1311186600.391744
0.579102 -0.647461 0.422852 1311186600.435739
0.548828 -0.269531 0.565430 1311186600.457739
0.605469 -0.452148 0.505859 1311186600.479750
0.563477 -0.452148 0.505859 1311186600.522746
0.629883 -0.470703 0.551758 1311186600.552742
0.629883 -0.439453 0.523438 1311186600.597749
0.592773 -0.410156 0.528320 1311186600.620746
0.655273 -0.441406 0.587891 1311186600.652742
