0.526367 -0.287109 0.635742 1309983377.614169
0.553711 -0.271484 0.635742 1309983377.637152
0.534180 -0.273438 0.633789 1309983377.693142
0.503906 -0.267578 0.638672 1309983377.716142
0.494141 -0.268555 0.636719 1309983377.738177
0.525391 -0.269531 0.608398 1309983377.758154
0.537109 -0.297852 0.623047 1309983377.808167
0.537109 -0.297852 0.623047 1309983377.830153
0.537109 -0.297852 0.623047 1309983377.856146
0.495117 -0.289062 0.658203 1309983377.903201
0.525391 -0.272461 0.630859 1309983377.924149
0.518555 -0.277344 0.651367 1309983377.968188
0.513672 -0.299805 0.596680 1309983377.998172
0.533203 -0.313477 0.624023 1309983378.022160
0.536133 -0.278320 0.645508 1309983378.107178
0.516602 -0.281250 0.637695 1309983378.108164
0.551758 -0.301758 0.602539 1309983378.129149
0.499023 -0.263672 0.647461 1309983378.149165
0.534180 -0.293945 0.640625 1309983378.193160
0.538086 -0.302734 0.606445 1309983378.215193
0.519531 -0.320312 0.639648 1309983378.259175
0.536133 -0.315430 0.669922 1309983378.303151
0.533203 -0.310547 0.664062 1309983378.325183
0.510742 -0.296875 0.608398 1309983378.349198
0.526367 -0.310547 0.608398 1309983378.385173
0.594727 -0.313477 0.572266 1309983378.415158
0.554688 -0.316406 0.616211 1309983378.439173
0.560547 -0.289062 0.631836 1309983378.488161
0.564453 -0.275391 0.626953 1309983378.509156
0.525391 -0.281250 0.630859 1309983378.533195
0.544922 -0.260742 0.630859 1309983378.560160
0.544922 -0.260742 0.630859 1309983378.594184
0.544922 -0.260742 0.630859 1309983378.639165
0.565430 -0.316406 0.592773 1309983378.666186
0.518555 -0.272461 0.615234 1309983378.702164
0.518555 -0.306641 0.617188 1309983378.745161
0.520508 -0.279297 0.609375 1309983378.768193
0.559570 -0.334961 0.632812 1309983378.790219
0.517578 -0.334961 0.632812 1309983378.823169
0.533203 -0.297852 0.648438 1309983378.873208
0.556641 -0.304688 0.626953 1309983378.898168
0.542969 -0.327148 0.629883 1309983378.942171
0.519531 -0.291016 0.629883 1309983378.963207
0.539062 -0.291016 0.650391 1309983378.988197
0.546875 -0.278320 0.600586 1309983379.024275
0.529297 -0.309570 0.588867 1309983379.068235
0.532227 -0.306641 0.638672 1309983379.091233
0.549805 -0.316406 0.612305 1309983379.134241
0.510742 -0.323242 0.635742 1309983379.156219
0.535156 -0.277344 0.588867 1309983379.200276
0.565430 -0.330078 0.584961 1309983379.225250
0.521484 -0.298828 0.641602 1309983379.246219
0.523438 -0.317383 0.647461 1309983379.294291
0.442383 -0.262695 0.620117 1309983379.316202
0.500977 -0.262695 0.620117 1309983379.363240
0.474609 -0.334961 0.632812 1309983379.404196
0.493164 -0.291016 0.632812 1309983379.405192
0.549805 -0.288086 0.635742 1309983379.449245
0.529297 -0.301758 0.703125 1309983379.485224
0.542969 -0.272461 0.649414 1309983379.508226
0.525391 -0.275391 0.625977 1309983379.530205
0.634766 -0.273438 0.546875 1309983379.572213
0.662109 -0.296875 0.488281 1309983379.604286
0.671875 -0.337891 0.512695 1309983379.646229
0.646484 -0.355469 0.546875 1309983379.669240
0.647461 -0.408203 0.546875 1309983379.693214
0.636719 -0.337891 0.567383 1309983379.738216
0.672852 -0.349609 0.517578 1309983379.760246
0.712891 -0.325195 0.488281 1309983379.810243
0.717773 -0.347656 0.516602 1309983379.826235
0.768555 -0.331055 0.445312 1309983379.870314
0.768555 -0.331055 0.445312 1309983379.892255
0.692383 -0.320312 0.495117 1309983379.922585
0.719727 -0.352539 0.490234 1309983379.966228
0.707031 -0.368164 0.505859 1309983379.989213
0.705078 -0.337891 0.500977 1309983380.034221
0.743164 -0.323242 0.464844 1309983380.055220
0.752930 -0.323242 0.464844 1309983380.099326
0.752930 -0.323242 0.464844 1309983380.123311
0.715820 -0.320312 0.469727 1309983380.160230
0.763672 -0.323242 0.446289 1309983380.184259
0.790039 -0.304688 0.449219 1309983380.228246
0.722656 -0.334961 0.458008 1309983380.250225
0.722656 -0.327148 0.447266 1309983380.274320
0.727539 -0.314453 0.475586 1309983380.319250
0.720703 -0.343750 0.461914 1309983380.340229
0.718750 -0.333008 0.440430 1309983380.383245
0.740234 -0.310547 0.474609 1309983380.403260
0.746094 -0.329102 0.474609 1309983380.447246
0.702148 -0.331055 0.493164 1309983380.491276
0.725586 -0.333008 0.476562 1309983380.515319
0.665039 -0.321289 0.487305 1309983380.538239
0.712891 -0.348633 0.481445 1309983380.581243
0.698242 -0.348633 0.496094 1309983380.604242
0.669922 -0.345703 0.500000 1309983380.634267
0.668945 -0.321289 0.515625 1309983380.700240
0.678711 -0.337891 0.520508 1309983380.701231
0.722656 -0.385742 0.494141 1309983380.744279
0.707031 -0.359375 0.510742 1309983380.765242
0.666992 -0.365234 0.503906 1309983380.788274
0.700195 -0.357422 0.532227 1309983380.829255
