0.627930 -0.449219 0.492188 1309547222.307840
0.627930 -0.449219 0.492188 1309547222.320827
0.653320 -0.473633 0.494141 1309547222.409829
0.610352 -0.496094 0.543945 1309547222.410827
0.635742 -0.468750 0.513672 1309547222.432831
0.662109 -0.472656 0.511719 1309547222.459832
0.629883 -0.472656 0.511719 1309547222.482833
0.605469 -0.425781 0.491211 1309547222.524829
0.602539 -0.421875 0.487305 1309547222.600843
0.608398 -0.456055 0.461914 1309547222.650830
0.659180 -0.452148 0.523438 1309547222.671831
0.693359 -0.489258 0.486328 1309547222.672842
0.616211 -0.449219 0.533203 1309547222.695841
0.629883 -0.430664 0.533203 1309547222.715814
0.650391 -0.467773 0.488281 1309547222.759838
0.658203 -0.499023 0.528320 1309547222.780836
0.651367 -0.489258 0.491211 1309547222.824823
0.661133 -0.477539 0.478516 1309547222.846839
0.593750 -0.433594 0.505859 1309547222.870842
0.591797 -0.455078 0.498047 1309547222.915867
0.625000 -0.429688 0.502930 1309547222.936836
0.619141 -0.468750 0.522461 1309547222.984817
0.637695 -0.455078 0.545898 1309547223.015844
0.679688 -0.445312 0.490234 1309547223.039841
0.627930 -0.441406 0.740234 1309547223.059845
0.627930 -0.441406 0.740234 1309547223.101846
0.665039 -0.415039 0.505859 1309547223.154817
0.634766 -0.436523 0.515625 1309547223.177843
0.675781 -0.476562 0.532227 1309547223.195861
0.618164 -0.462891 0.532227 1309547223.227843
0.640625 -0.453125 0.507812 1309547223.281850
0.666016 -0.433594 0.512695 1309547223.326850
0.652344 -0.457031 0.523438 1309547223.375870
0.657227 -0.474609 0.487305 1309547223.389860
0.669922 -0.504883 0.557617 1309547223.411845
0.843750 -0.628906 0.437500 1309547223.412845
1.061523 -0.835938 0.346680 1309547223.459860
1.028320 -1.085938 0.346680 1309547223.481846
-0.196289 -0.250000 0.524414 1309547223.525853
-0.204102 0.208984 0.433594 1309547223.569854
1.393555 -1.110352 1.412109 1309547223.615853
-0.356445 -1.110352 1.412109 1309547223.616851
1.785156 -0.970703 0.096680 1309547223.661875
0.760742 -0.816406 0.428711 1309547223.682858
0.672852 -0.402344 0.547852 1309547223.727857
0.622070 -0.424805 0.503906 1309547223.752852
0.623047 -0.409180 0.507812 1309547223.774858
0.641602 -0.402344 0.510742 1309547223.819878
0.624023 -0.459961 0.544922 1309547223.941333
0.669922 -0.466797 0.489258 1309547223.961862
0.668945 -0.377930 0.534180 1309547224.004867
0.616211 -0.398438 0.527344 1309547224.026861
0.639648 -0.426758 0.504883 1309547224.028859
0.619141 -0.485352 0.548828 1309547224.049861
0.635742 -0.440430 0.541992 1309547224.112861
0.646484 -0.443359 0.516602 1309547224.132860
0.569336 -0.463867 0.512695 1309547224.150863
0.641602 -0.431641 0.516602 1309547224.156870
0.521484 -0.419922 0.508789 1309547224.157865
0.521484 -0.419922 0.508789 1309547224.194846
0.648438 -0.413086 0.504883 1309547224.240868
0.608398 -0.476562 0.526367 1309547224.262864
0.583984 -0.487305 0.516602 1309547224.309870
0.646484 -0.523438 0.477539 1309547224.335870
0.598633 -0.458984 0.497070 1309547224.360866
0.600586 -0.443359 0.497070 1309547224.383869
0.647461 -0.524414 0.495117 1309547224.426869
0.638672 -0.486328 0.492188 1309547224.469872
0.626953 -0.465820 0.539062 1309547224.491873
0.575195 -0.421875 0.537109 1309547224.534876
0.617188 -0.671875 0.537109 1309547224.556878
0.622070 -0.495117 0.483398 1309547224.601872
0.630859 -0.461914 0.469727 1309547224.622879
0.629883 -0.523438 0.529297 1309547224.670876
0.539062 -0.584961 0.520508 1309547224.671870
0.600586 -0.505859 0.519531 1309547224.715881
0.653320 -0.471680 0.536133 1309547224.759890
0.583008 -0.466797 0.517578 1309547224.800874
0.699219 -0.439453 0.528320 1309547224.822883
0.602539 -0.465820 0.525391 1309547224.845880
0.583008 -0.464844 0.531250 1309547224.869878
0.615234 -0.515625 0.524414 1309547224.925884
0.630859 -0.515625 0.524414 1309547224.926877
0.629883 -0.373047 0.564453 1309547224.991878
0.667969 -0.401367 0.541992 1309547225.015884
0.612305 -0.453125 0.513672 1309547225.081883
0.586914 -0.523438 0.445312 1309547225.082881
0.569336 -0.470703 0.513672 1309547225.102884
0.619141 -0.480469 0.522461 1309547225.176890
0.621094 -0.423828 0.524414 1309547225.202883
0.603516 -0.458984 0.533203 1309547225.204881
0.612305 -0.521484 0.474609 1309547225.224884
0.648438 -0.471680 0.506836 1309547225.267886
0.668945 -0.469727 0.256836 1309547225.290891
0.606445 -0.515625 0.526367 1309547225.335883
0.594727 -0.516602 0.499023 1309547225.357871
0.643555 -0.464844 0.526367 1309547225.401891
0.570312 -0.424805 0.564453 1309547225.424886
0.653320 -0.475586 0.505859 1309547225.467892
0.627930 -0.469727 0.505859 1309547225.489889
0.671875 -0.474609 0.535156 1309547225.533865
0.629883 -0.447266 0.557617 1309547225.555914
0.613281 -0.532227 0.491211 1309547225.597867
0.663086 -0.467773 0.486328 1309547225.621893
0.632812 -0.502930 0.510742 1309547225.645891
0.632812 -0.502930 0.510742 1309547225.689893
0.650391 -0.486328 0.480469 1309547225.747902
0.586914 -0.439453 0.523438 1309547225.756906
0.648438 -0.356445 0.516602 1309547225.785850
0.670898 -0.460938 0.492188 1309547225.807854
0.669922 -0.400391 0.521484 1309547225.829848
0.628906 -0.464844 0.488281 1309547225.884902
0.628906 -0.420898 0.510742 1309547225.927897
0.587891 -0.472656 0.502930 1309547225.951896
0.583008 -0.501953 0.491211 1309547225.975895
0.666992 -0.428711 0.516602 1309547226.000904
0.687500 -0.345703 0.530273 1309547226.036899
0.661133 -0.416016 0.550781 1309547226.059903
0.619141 -0.506836 0.451172 1309547226.102907
0.647461 -0.427734 0.490234 1309547226.151867
0.706055 -0.407227 0.526367 1309547226.197917
0.698242 -0.416016 0.576172 1309547226.202902
0.632812 -0.449219 0.507812 1309547226.220905
0.632812 -0.449219 0.507812 1309547226.254904
0.694336 -0.420898 0.505859 1309547226.298905
0.630859 -0.411133 0.517578 1309547226.320927
0.617188 -0.386719 0.508789 1309547226.364882
0.609375 -0.398438 0.511719 1309547226.408910
0.662109 -0.398438 0.511719 1309547226.410887
0.623047 -0.388672 0.522461 1309547226.490907
0.610352 -0.457031 0.532227 1309547226.491905
0.608398 -0.397461 0.492188 1309547226.512909
0.631836 -0.413086 0.553711 1309547226.552896
0.709961 -0.444336 0.527344 1309547226.597917
0.671875 -0.444336 0.527344 1309547226.599911
0.653320 -0.453125 0.540039 1309547226.663918
0.639648 -0.392578 0.514648 1309547226.686917
0.652344 -0.469727 0.505859 1309547226.728921
0.624023 -0.467773 0.486328 1309547226.773916
0.655273 -0.470703 0.509766 1309547226.795913
0.638672 -0.479492 0.505859 1309547226.818920
0.591797 -0.495117 0.520508 1309547226.842914
0.674805 -0.463867 0.512695 1309547226.886921
0.629883 -0.460938 0.496094 1309547226.908929
0.681641 -0.474609 0.486328 1309547226.943901
0.573242 -0.493164 0.515625 1309547226.970912
0.573242 -0.493164 0.515625 1309547226.996924
0.626953 -0.464844 0.508789 1309547227.041922
0.627930 -0.458008 0.516602 1309547227.063899
0.683594 -0.420898 0.401367 1309547227.106925
0.657227 -0.382812 0.536133 1309547227.150922
0.610352 -0.516602 0.490234 1309547227.152919
0.546875 -0.564453 0.516602 1309547227.196930
0.636719 -0.443359 0.557617 1309547227.217927
0.572266 -0.620117 0.505859 1309547227.262915
0.576172 -0.502930 0.518555 1309547227.306927
0.664062 -0.388672 0.490234 1309547227.328929
0.695312 -0.419922 0.490234 1309547227.353916
0.565430 -0.429688 0.527344 1309547227.406929
0.560547 -0.473633 0.523438 1309547227.428927
0.592773 -0.483398 0.524414 1309547227.472899
0.652344 -0.367188 0.513672 1309547227.493932
0.594727 -0.461914 0.519531 1309547227.521121
0.642578 -0.445312 0.527344 1309547227.568932
0.593750 -0.487305 0.510742 1309547227.591932
0.616211 -0.503906 0.511719 1309547227.626930
0.604492 -0.472656 0.572266 1309547227.643934
0.625000 -0.458008 0.501953 1309547227.677956
0.631836 -0.455078 0.547852 1309547227.750942
0.631836 -0.455078 0.547852 1309547227.751930
0.624023 -0.448242 0.517578 1309547227.777935
0.616211 -0.432617 0.497070 1309547227.821939
0.626953 -0.456055 0.497070 1309547227.843937
0.658203 -0.422852 0.538086 1309547227.865938
0.602539 -0.454102 0.490234 1309547227.907933
0.622070 -0.459961 0.526367 1309547227.951958
0.632812 -0.462891 0.526367 1309547227.973937
0.644531 -0.482422 0.464844 1309547227.996937
0.608398 -0.490234 0.495117 1309547228.041943
0.662109 -0.456055 0.497070 1309547228.065940
0.650391 -0.433594 0.512695 1309547228.087939
0.652344 -0.562500 0.526367 1309547228.133943
0.687500 -0.455078 0.576172 1309547228.176938
0.609375 -0.490234 0.529297 1309547228.198937
0.604492 -0.434570 0.489258 1309547228.237953
0.618164 -0.515625 0.491211 1309547228.260942
0.679688 -0.391602 0.527344 1309547228.282943
0.591797 -0.528320 0.556641 1309547228.326939
0.625000 -0.553711 0.487305 1309547228.350944
0.608398 -0.477539 0.479492 1309547228.386948
0.593750 -0.391602 0.526367 1309547228.412945
0.627930 -0.375000 0.545898 1309547228.456969
0.591797 -0.375000 0.545898 1309547228.480949
0.569336 -0.508789 0.499023 1309547228.526943
0.651367 -0.482422 0.519531 1309547228.550948
0.623047 -0.392578 0.547852 1309547228.586950
0.571289 -0.523438 0.488281 1309547228.608949
0.661133 -0.430664 0.526367 1309547228.650947
0.648438 -0.371094 0.526367 1309547228.673924
0.656250 -0.413086 0.554688 1309547228.717956
0.631836 -0.509766 0.543945 1309547228.740951
0.634766 -0.437500 0.558594 1309547228.783952
0.634766 -0.458984 0.482422 1309547228.805953
0.613281 -0.377930 0.555664 1309547228.907962
0.663086 -0.398438 0.555664 1309547228.915962
0.663086 -0.398438 0.555664 1309547228.936962
0.648438 -0.430664 0.507812 1309547228.957966
0.630859 -0.406250 0.548828 1309547228.980956
0.628906 -0.384766 0.505859 1309547229.055969
0.616211 -0.377930 0.509766 1309547229.070956
0.655273 -0.394531 0.544922 1309547229.071955
0.629883 -0.408203 0.531250 1309547229.111960
0.635742 -0.390625 0.515625 1309547229.176968
0.626953 -0.410156 0.521484 1309547229.177959
0.655273 -0.399414 0.537109 1309547229.200965
0.586914 -0.365234 0.565430 1309547229.225959
0.638672 -0.402344 0.577148 1309547229.277965
0.667969 -0.389648 0.527344 1309547229.330968
0.636719 -0.394531 0.515625 1309547229.373962
0.658203 -0.417969 0.485352 1309547229.378965
0.620117 -0.392578 0.496094 1309547229.386967
0.603516 -0.407227 0.496094 1309547229.419935
0.619141 -0.375000 0.533203 1309547229.452966
0.610352 -0.424805 0.508789 1309547229.496976
0.580078 -0.454102 0.537109 1309547229.520969
0.639648 -0.448242 0.445312 1309547229.543964
0.711914 -0.445312 0.521484 1309547229.572973
0.678711 -0.449219 0.472656 1309547229.616966
0.539062 -0.507812 0.523438 1309547229.660968
0.604492 -0.492188 0.511719 1309547229.683975
0.523438 -0.448242 0.512695 1309547229.705970
0.636719 -0.476562 0.468750 1309547229.750972
0.596680 -0.503906 0.526367 1309547229.772974
0.632812 -0.253906 0.526367 1309547229.796974
0.667969 -0.476562 0.467773 1309547229.831971
0.614258 -0.465820 0.480469 1309547229.883976
0.637695 -0.544922 0.456055 1309547229.906992
0.631836 -0.494141 0.495117 1309547229.965977
0.500977 -0.512695 0.557617 1309547229.966961
0.647461 -0.466797 0.488281 1309547230.002984
0.641602 -0.468750 0.521484 1309547230.042977
0.600586 -0.460938 0.531250 1309547230.065978
0.610352 -0.535156 0.500000 1309547230.110996
0.652344 -0.416016 0.533203 1309547230.132979
0.578125 -0.527344 0.499023 1309547230.155988
0.634766 -0.458008 0.510742 1309547230.200985
0.577148 -0.458984 0.514648 1309547230.258987
0.624023 -0.493164 0.484375 1309547230.360961
0.573242 -0.553711 0.483398 1309547230.381984
0.564453 -0.507812 0.520508 1309547230.382967
0.556641 -0.486328 0.498047 1309547230.402984
0.569336 -0.487305 0.497070 1309547230.408977
0.614258 -0.514648 0.511719 1309547230.431007
0.586914 -0.488281 0.520508 1309547230.453008
0.605469 -0.474609 0.518555 1309547230.475994
0.658203 -0.470703 0.545898 1309547230.514992
0.579102 -0.470703 0.545898 1309547230.536996
0.636719 -0.392578 0.530273 1309547230.581985
0.566406 -0.541016 0.501953 1309547230.625988
0.541016 -0.548828 0.459961 1309547230.645993
0.602539 -0.515625 0.484375 1309547230.670993
0.592773 -0.539062 0.522461 1309547230.711985
0.653320 -0.505859 0.513672 1309547230.755997
0.647461 -0.426758 0.527344 1309547230.775997
0.621094 -0.511719 0.513672 1309547230.818998
0.631836 -0.456055 0.501953 1309547230.841994
0.612305 -0.461914 0.526367 1309547230.882999
0.636719 -0.404297 0.468750 1309547230.905993
0.543945 -0.612305 0.517578 1309547230.968998
0.584961 -0.546875 0.551758 1309547230.992019
0.596680 -0.533203 0.516602 1309547231.011997
0.668945 -0.407227 0.499023 1309547231.032998
0.585938 -0.429688 0.520508 1309547231.059003
0.643555 -0.412109 0.518555 1309547231.096994
0.666016 -0.467773 0.485352 1309547231.142985
0.646484 -0.420898 0.515625 1309547231.166005
0.674805 -0.433594 0.507812 1309547231.202995
0.643555 -0.460938 0.532227 1309547231.231003
0.616211 -0.382812 0.506836 1309547231.252000
0.683594 -0.385742 0.501953 1309547231.297005
0.640625 -0.385742 0.501953 1309547231.318999
0.640625 -0.462891 0.510742 1309547231.366014
0.665039 -0.437500 0.496094 1309547231.390007
0.655273 -0.421875 0.546875 1309547231.414003
0.670898 -0.398438 0.482422 1309547231.458031
0.628906 -0.417969 0.499023 1309547231.481003
0.638672 -0.396484 0.488281 1309547231.527001
0.638672 -0.425781 0.476562 1309547231.548008
0.612305 -0.415039 0.525391 1309547231.583010
0.622070 -0.410156 0.514648 1309547231.646010
0.662109 -0.385742 0.519531 1309547231.648016
0.599609 -0.371094 0.514648 1309547231.669010
0.638672 -0.407227 0.521484 1309547231.729014
0.654297 -0.402344 0.527344 1309547231.748008
0.638672 -0.407227 0.511719 1309547231.771012
0.634766 -0.412109 0.540039 1309547231.817016
0.595703 -0.431641 0.520508 1309547231.839015
0.595703 -0.431641 0.520508 1309547231.862015
0.651367 -0.371094 0.476562 1309547231.906024
0.635742 -0.373047 0.518555 1309547231.929027
0.646484 -0.456055 0.521484 1309547231.974014
0.625000 -0.524414 0.502930 1309547232.001023
0.617188 -0.431641 0.528320 1309547232.025991
0.617188 -0.449219 0.496094 1309547232.069022
0.677734 -0.443359 0.477539 1309547232.102016
0.696289 -0.458984 0.492188 1309547232.126022
0.627930 -0.444336 0.501953 1309547232.163021
0.692383 -0.416016 0.495117 1309547232.207019
0.562500 -0.434570 0.497070 1309547232.228017
0.656250 -0.453125 0.500977 1309547232.251024
0.570312 -0.533203 0.522461 1309547232.296025
0.613281 -0.503906 0.501953 1309547232.318031
0.664062 -0.517578 0.506836 1309547232.362027
0.653320 -0.439453 0.475586 1309547232.393998
0.610352 -0.486328 0.469727 1309547232.417027
0.680664 -0.477539 0.496094 1309547232.447022
0.607422 -0.458984 0.530273 1309547232.497032
0.627930 -0.531250 0.489258 1309547232.519007
0.607422 -0.562500 0.467773 1309547232.541023
0.613281 -0.490234 0.486328 1309547232.584030
0.588867 -0.473633 0.486328 1309547232.606029
0.625000 -0.435547 0.475586 1309547232.653032
0.666016 -0.463867 0.489258 1309547232.676031
0.581055 -0.548828 0.495117 1309547232.723037
0.599609 -0.534180 0.454102 1309547232.744030
0.624023 -0.495117 0.524414 1309547232.769032
0.641602 -0.517578 0.524414 1309547232.812032
0.636719 -0.484375 0.462891 1309547232.841033
0.582031 -0.470703 0.530273 1309547232.928037
0.543945 -0.519531 0.531250 1309547232.929033
0.595703 -0.457031 0.514648 1309547232.932036
0.595703 -0.474609 0.500977 1309547232.954014
0.564453 -0.495117 0.488281 1309547233.002035
0.625000 -0.457031 0.514648 1309547233.044038
0.650391 -0.505859 0.526367 1309547233.066039
0.634766 -0.500000 0.508789 1309547233.111045
0.624023 -0.477539 0.532227 1309547233.133038
0.607422 -0.455078 0.493164 1309547233.156061
0.635742 -0.455078 0.493164 1309547233.179038
0.613281 -0.475586 0.493164 1309547233.223035
0.562500 -0.503906 0.507812 1309547233.267043
0.583984 -0.500000 0.518555 1309547233.333042
0.597656 -0.402344 0.491211 1309547233.334016
0.612305 -0.501953 0.504883 1309547233.357046
0.639648 -0.495117 0.526367 1309547233.406050
0.590820 -0.492188 0.499023 1309547233.428046
0.643555 -0.445312 0.500000 1309547233.452046
0.618164 -0.402344 0.562500 1309547233.476083
0.518555 -0.595703 0.500000 1309547233.538048
0.576172 -0.475586 0.496094 1309547233.540040
0.602539 -0.378906 0.541992 1309547233.584073
0.632812 -0.332031 0.477539 1309547233.627046
0.663086 -0.530273 0.425781 1309547233.667053
0.587891 -0.411133 0.522461 1309547233.688048
0.673828 -0.411133 0.478516 1309547233.711066
0.688477 -0.443359 0.517578 1309547233.765049
0.624023 -0.461914 0.487305 1309547233.788054
0.624023 -0.437500 0.509766 1309547233.808048
0.665039 -0.385742 0.508789 1309547233.829052
0.632812 -0.422852 0.529297 1309547233.874025
0.624023 -0.359375 0.487305 1309547233.896057
0.624023 -0.359375 0.487305 1309547233.918054
0.643555 -0.437500 0.502930 1309547233.984050
0.602539 -0.417969 0.513672 1309547234.006056
0.625000 -0.400391 0.531250 1309547234.037056
0.665039 -0.397461 0.518555 1309547234.061061
0.647461 -0.413086 0.533203 1309547234.083064
0.643555 -0.410156 0.522461 1309547234.123049
0.659180 -0.420898 0.492188 1309547234.158064
0.657227 -0.443359 0.575195 1309547234.221061
0.627930 -0.431641 0.529297 1309547234.223058
0.630859 -0.472656 0.543945 1309547234.266060
0.620117 -0.324219 0.532227 1309547234.288062
0.620117 -0.324219 0.532227 1309547234.311054
0.651367 -0.386719 0.558594 1309547234.357069
0.660156 -0.386719 0.519531 1309547234.374059
0.640625 -0.410156 0.524414 1309547234.418061
0.628906 -0.384766 0.545898 1309547234.439062
0.671875 -0.452148 0.486328 1309547234.484069
0.660156 -0.377930 0.544922 1309547234.534070
0.615234 -0.409180 0.529297 1309547234.579067
0.689453 -0.406250 0.506836 1309547234.601071
0.644531 -0.453125 0.538086 1309547234.602044
0.675781 -0.416016 0.508789 1309547234.646078
0.604492 -0.458984 0.508789 1309547234.666074
0.608398 -0.416016 0.518555 1309547234.723072
0.552734 -0.495117 0.524414 1309547234.744076
0.619141 -0.505859 0.540039 1309547234.788072
0.647461 -0.411133 0.526367 1309547234.811071
0.642578 -0.438477 0.508789 1309547234.833088
0.622070 -0.523438 0.258789 1309547234.855072
0.624023 -0.426758 0.534180 1309547234.904048
0.670898 -0.438477 0.507812 1309547234.948079
0.600586 -0.513672 0.498047 1309547234.969077
0.509766 -0.454102 0.506836 1309547235.012075
0.615234 -0.480469 0.487305 1309547235.034041
0.625977 -0.441406 0.484375 1309547235.074064
0.590820 -0.536133 0.541016 1309547235.097082
0.525391 -0.529297 0.499023 1309547235.118076
0.531250 -0.495117 0.492188 1309547235.162079
0.638672 -0.415039 0.487305 1309547235.184079
0.621094 -0.526367 0.506836 1309547235.231079
0.661133 -0.495117 0.486328 1309547235.254059
0.546875 -0.541016 0.502930 1309547235.287080
0.673828 -0.476562 0.500977 1309547235.329083
0.630859 -0.410156 0.522461 1309547235.354096
0.586914 -0.472656 0.517578 1309547235.378084
0.577148 -0.532227 0.498047 1309547235.399090
0.646484 -0.434570 0.524414 1309547235.493092
0.594727 -0.457031 0.485352 1309547235.513079
0.668945 -0.492188 0.474609 1309547235.515083
0.626953 -0.495117 0.554688 1309547235.536082
0.643555 -0.503906 0.507812 1309547235.591089
0.616211 -0.415039 0.507812 1309547235.592084
0.615234 -0.431641 0.504883 1309547235.638093
0.628906 -0.545898 0.478516 1309547235.683095
0.601562 -0.541016 0.534180 1309547235.707087
0.622070 -0.507812 0.487305 1309547235.729091
0.638672 -0.484375 0.478516 1309547235.776093
0.624023 -0.484375 0.478516 1309547235.797091
0.595703 -0.500000 0.525391 1309547235.841097
0.621094 -0.500000 0.506836 1309547235.904079
0.621094 -0.446289 0.551758 1309547235.927069
0.640625 -0.472656 0.473633 1309547235.928088
0.645508 -0.420898 0.493164 1309547235.969095
0.590820 -0.521484 0.528320 1309547236.016106
0.631836 -0.464844 0.499023 1309547236.017094
0.673828 -0.431641 0.485352 1309547236.061092
0.641602 -0.440430 0.502930 1309547236.111093
0.625000 -0.452148 0.520508 1309547236.138107
0.575195 -0.578125 0.521484 1309547236.167100
0.667969 -0.453125 0.498047 1309547236.189084
0.644531 -0.372070 0.556641 1309547236.214102
0.619141 -0.372070 0.556641 1309547236.246099
0.686523 -0.453125 0.523438 1309547236.301107
0.678711 -0.434570 0.506836 1309547236.333103
0.629883 -0.458984 0.523438 1309547236.347100
0.647461 -0.445312 0.489258 1309547236.377105
0.682617 -0.445312 0.495117 1309547236.421106
0.618164 -0.406250 0.448242 1309547236.443105
0.573242 -0.423828 0.504883 1309547236.486107
0.617188 -0.437500 0.475586 1309547236.508104
0.658203 -0.455078 0.521484 1309547236.553107
0.637695 -0.392578 0.533203 1309547236.576110
0.651367 -0.405273 0.510742 1309547236.599117
0.633789 -0.400391 0.541016 1309547236.642094
0.614258 -0.459961 0.541992 1309547236.667109
0.651367 -0.395508 0.501953 1309547236.711122
0.641602 -0.395508 0.501953 1309547236.763104
0.662109 -0.423828 0.500977 1309547236.790109
0.643555 -0.422852 0.539062 1309547236.812109
0.631836 -0.403320 0.496094 1309547236.836117
0.639648 -0.372070 0.525391 1309547236.881110
0.624023 -0.443359 0.545898 1309547236.922095
0.645508 -0.409180 0.500000 1309547236.923112
0.684570 -0.404297 0.515625 1309547236.967098
0.648438 -0.405273 0.516602 1309547236.988117
0.638672 -0.367188 0.536133 1309547237.023087
0.634766 -0.435547 0.521484 1309547237.066117
0.615234 -0.417969 0.518555 1309547237.111115
0.636719 -0.377930 0.515625 1309547237.131114
0.640625 -0.428711 0.547852 1309547237.157124
0.632812 -0.420898 0.506836 1309547237.188115
0.601562 -0.419922 0.522461 1309547237.233123
0.674805 -0.416992 0.533203 1309547237.257119
0.630859 -0.455078 0.512695 1309547237.296125
0.635742 -0.439453 0.546875 1309547237.321125
0.629883 -0.429688 0.486328 1309547237.352119
0.631836 -0.443359 0.529297 1309547237.396123
0.642578 -0.412109 0.541992 1309547237.427123
0.629883 -0.424805 0.517578 1309547237.449122
0.633789 -0.445312 0.514648 1309547237.471118
0.614258 -0.437500 0.506836 1309547237.511121
0.621094 -0.446289 0.530273 1309547237.557128
0.631836 -0.437500 0.538086 1309547237.587126
0.639648 -0.415039 0.485352 1309547237.664133
0.637695 -0.445312 0.530273 1309547237.674106
0.626953 -0.474609 0.487305 1309547237.676130
0.610352 -0.523438 0.562500 1309547237.719136
0.634766 -0.449219 0.523438 1309547237.744127
0.599609 -0.430664 0.502930 1309547237.768129
0.643555 -0.447266 0.511719 1309547237.791127
0.635742 -0.470703 0.483398 1309547237.826129
0.671875 -0.470703 0.483398 1309547237.849135
0.630859 -0.460938 0.452148 1309547237.929130
0.634766 -0.453125 0.492188 1309547237.931124
0.634766 -0.462891 0.518555 1309547237.976137
0.644531 -0.450195 0.533203 1309547237.998148
0.646484 -0.476562 0.489258 1309547238.076140
0.647461 -0.476562 0.489258 1309547238.077133
