0.494141 -0.154297 0.674805 1309541378.016139
0.467773 -0.132812 0.661133 1309541378.037141
0.467773 -0.132812 0.661133 1309541378.081141
0.458984 -0.157227 0.672852 1309541378.116145
0.511719 -0.163086 0.635742 1309541378.137142
0.458984 -0.141602 0.680664 1309541378.183146
0.492188 -0.153320 0.651367 1309541378.208149
0.499023 -0.135742 0.666992 1309541378.231143
0.457031 -0.135742 0.666992 1309541378.256151
0.449219 -0.123047 0.668945 1309541378.322159
0.508789 -0.173828 0.678711 1309541378.323128
0.481445 -0.153320 0.642578 1309541378.371146
0.499023 -0.132812 0.667969 1309541378.392162
0.474609 -0.176758 0.682617 1309541378.416148
0.457031 -0.193359 0.671875 1309541378.460150
0.504883 -0.156250 0.642578 1309541378.502153
0.493164 -0.183594 0.682617 1309541378.525153
0.484375 -0.144531 0.650391 1309541378.546150
0.467773 -0.180664 0.683594 1309541378.590152
0.520508 -0.182617 0.663086 1309541378.613152
0.486328 -0.153320 0.698242 1309541378.662156
0.493164 -0.133789 0.693359 1309541378.685155
0.486328 -0.164062 0.666016 1309541378.710154
0.537109 -0.167969 0.660156 1309541378.755158
0.457031 -0.109375 0.661133 1309541378.776173
0.487305 -0.136719 0.665039 1309541378.820154
0.516602 -0.153320 0.643555 1309541378.843153
0.506836 -0.142578 0.663086 1309541378.888157
0.475586 -0.139648 0.678711 1309541378.911153
0.493164 -0.157227 0.680664 1309541378.943160
0.475586 -0.156250 0.692383 1309541378.965158
0.475586 -0.156250 0.692383 1309541379.031160
0.505859 -0.136719 0.662109 1309541379.051162
0.467773 -0.154297 0.666992 1309541379.073152
0.446289 -0.170898 0.673828 1309541379.096164
0.474609 -0.136719 0.735352 1309541379.138162
0.496094 -0.163086 0.664062 1309541379.161164
0.533203 -0.160156 0.659180 1309541379.205163
0.499023 -0.145508 0.650391 1309541379.230175
0.465820 -0.150391 0.684570 1309541379.275680
0.518555 -0.158203 0.657227 1309541379.298160
0.409180 -0.153320 0.662109 1309541379.352172
0.484375 -0.151367 0.685547 1309541379.365169
0.503906 -0.151367 0.695312 1309541379.390168
0.485352 -0.159180 0.664062 1309541379.437166
0.492188 -0.165039 0.668945 1309541379.461142
0.486328 -0.177734 0.693359 1309541379.490168
0.472656 -0.165039 0.668945 1309541379.532170
0.450195 -0.138672 0.674805 1309541379.555169
0.509766 -0.151367 0.680664 1309541379.598168
0.497070 -0.167969 0.696289 1309541379.620172
0.499023 -0.173828 0.641602 1309541379.642167
0.489258 -0.167969 0.700195 1309541379.678163
0.477539 -0.146484 0.639648 1309541379.722177
0.450195 -0.188477 0.639648 1309541379.745178
0.502930 -0.196289 0.647461 1309541379.801176
0.451172 -0.180664 0.701172 1309541379.825178
0.486328 -0.166992 0.691406 1309541379.847179
0.475586 -0.181641 0.646484 1309541379.870168
0.475586 -0.164062 0.679688 1309541379.915168
0.466797 -0.172852 0.679688 1309541379.938169
0.500977 -0.184570 0.661133 1309541379.973184
0.462891 -0.165039 0.658203 1309541380.003181
0.485352 -0.130859 0.647461 1309541380.046180
0.480469 -0.185547 0.662109 1309541380.067183
0.471680 -0.125000 0.698242 1309541380.092183
0.471680 -0.125000 0.698242 1309541380.137182
0.454102 -0.144531 0.710938 1309541380.161179
0.483398 -0.154297 0.699219 1309541380.206188
0.478516 -0.153320 0.681641 1309541380.250197
0.504883 -0.157227 0.699219 1309541380.301147
0.506836 -0.136719 0.717773 1309541380.327186
0.495117 -0.165039 0.691406 1309541380.328185
0.474609 -0.144531 0.639648 1309541380.372182
0.465820 -0.184570 0.697266 1309541380.393184
0.501953 -0.168945 0.646484 1309541380.418188
0.502930 -0.151367 0.677734 1309541380.465193
0.483398 -0.154297 0.715820 1309541380.486190
0.467773 -0.166016 0.701172 1309541380.510189
0.490234 -0.185547 0.701172 1309541380.556192
0.477539 -0.154297 0.675781 1309541380.580191
0.497070 -0.151367 0.668945 1309541380.625190
0.495117 -0.151367 0.699219 1309541380.647203
0.487305 -0.140625 0.669922 1309541380.670168
0.477539 -0.158203 0.681641 1309541380.714194
0.505859 -0.157227 0.667969 1309541380.745192
0.457031 -0.144531 0.667969 1309541380.789194
0.511719 -0.144531 0.667969 1309541380.811195
0.466797 -0.142578 0.690430 1309541380.855194
0.473633 -0.166992 0.667969 1309541380.878197
0.486328 -0.103516 0.671875 1309541380.920191
0.464844 -0.157227 0.678711 1309541380.942204
0.498047 -0.152344 0.659180 1309541380.965197
0.476562 -0.154297 0.678711 1309541381.011197
0.439453 -0.161133 0.672852 1309541381.032199
0.486328 -0.160156 0.672852 1309541381.079204
0.478516 -0.160156 0.672852 1309541381.102163
0.486328 -0.168945 0.668945 1309541381.127202
0.425781 -0.168945 0.671875 1309541381.173204
0.476562 -0.199219 0.659180 1309541381.195218
0.477539 -0.186523 0.690430 1309541381.238203
0.487305 -0.184570 0.690430 1309541381.260196
0.504883 -0.164062 0.690430 1309541381.294210
0.254883 -0.164062 0.690430 1309541381.317208
0.493164 -0.164062 0.697266 1309541381.362209
0.458008 -0.142578 0.670898 1309541381.384214
0.482422 -0.154297 0.692383 1309541381.408210
0.504883 -0.142578 0.683594 1309541381.455208
0.490234 -0.142578 0.683594 1309541381.477212
0.511719 -0.160156 0.636719 1309541381.520210
0.480469 -0.191406 0.653320 1309541381.629212
0.479492 -0.142578 0.670898 1309541381.631208
0.469727 -0.156250 0.686523 1309541381.643217
0.476562 -0.158203 0.698242 1309541381.645212
0.491211 -0.173828 0.655273 1309541381.686214
0.477539 -0.160156 0.689453 1309541381.707214
0.473633 -0.172852 0.694336 1309541381.751216
0.509766 -0.154297 0.663086 1309541381.773213
0.467773 -0.154297 0.663086 1309541381.821188
0.450195 -0.130859 0.653320 1309541381.844217
0.463867 -0.151367 0.639648 1309541381.867214
0.476562 -0.201172 0.689453 1309541381.899217
0.465820 -0.150391 0.658203 1309541381.928218
0.494141 -0.162109 0.673828 1309541381.972198
0.456055 -0.159180 0.669922 1309541381.997222
0.519531 -0.183594 0.657227 1309541382.044220
0.441406 -0.170898 0.663086 1309541382.068224
0.506836 -0.154297 0.678711 1309541382.112221
0.433594 -0.169922 0.685547 1309541382.134218
0.449219 -0.171875 0.674805 1309541382.159218
0.449219 -0.171875 0.674805 1309541382.182226
0.462891 -0.165039 0.596680 1309541382.228232
0.488281 -0.150391 0.670898 1309541382.274204
0.451172 -0.144531 0.663086 1309541382.297221
0.472656 -0.152344 0.690430 1309541382.318225
0.485352 -0.144531 0.676758 1309541382.343231
0.461914 -0.184570 0.660156 1309541382.388228
0.507812 -0.162109 0.664062 1309541382.431229
0.477539 -0.173828 0.671875 1309541382.453227
0.499023 -0.182617 0.676758 1309541382.497227
0.505859 -0.167969 0.691406 1309541382.519230
0.489258 -0.156250 0.678711 1309541382.541204
0.474609 -0.130859 0.639648 1309541382.583250
0.463867 -0.153320 0.680664 1309541382.627235
0.521484 -0.166016 0.680664 1309541382.649230
0.499023 -0.155273 0.675781 1309541382.671230
0.490234 -0.164062 0.675781 1309541382.716232
0.483398 -0.161133 0.711914 1309541382.740233
0.494141 -0.136719 0.677734 1309541382.786234
0.496094 -0.109375 0.647461 1309541382.807233
0.467773 -0.136719 0.678711 1309541382.896235
0.457031 -0.133789 0.676758 1309541382.897233
0.459961 -0.164062 0.704102 1309541382.918227
0.436523 -0.124023 0.655273 1309541382.931237
0.475586 -0.150391 0.683594 1309541382.983247
0.485352 -0.145508 0.693359 1309541383.006238
0.530273 -0.160156 0.658203 1309541383.028240
0.464844 -0.148438 0.662109 1309541383.074236
0.526367 -0.159180 0.658203 1309541383.097236
0.461914 -0.156250 0.658203 1309541383.125259
0.470703 -0.144531 0.678711 1309541383.159237
0.488281 -0.178711 0.663086 1309541383.206243
0.480469 -0.140625 0.663086 1309541383.228242
0.453125 -0.169922 0.666992 1309541383.251244
0.475586 -0.145508 0.674805 1309541383.293247
0.472656 -0.125977 0.674805 1309541383.316243
0.482422 -0.146484 0.671875 1309541383.356247
0.462891 -0.169922 0.690430 1309541383.401250
0.478516 -0.164062 0.690430 1309541383.422250
0.506836 -0.177734 0.678711 1309541383.443244
0.471680 -0.136719 0.666992 1309541383.488247
0.489258 -0.186523 0.716797 1309541383.533251
0.505859 -0.166016 0.667969 1309541383.554245
0.495117 -0.160156 0.678711 1309541383.601248
0.453125 -0.166016 0.668945 1309541383.623253
0.465820 -0.187500 0.661133 1309541383.644254
0.506836 -0.139648 0.643555 1309541383.666250
0.459961 -0.138672 0.677734 1309541383.709252
0.459961 -0.144531 0.677734 1309541383.731237
0.504883 -0.158203 0.710938 1309541383.777230
0.477539 -0.184570 0.702148 1309541383.823259
0.500977 -0.208008 0.650391 1309541383.844259
0.492188 -0.143555 0.650391 1309541383.866255
0.479492 -0.168945 0.690430 1309541383.912253
0.497070 -0.157227 0.650391 1309541383.933237
0.479492 -0.181641 0.684570 1309541383.977262
0.487305 -0.169922 0.640625 1309541384.001259
0.478516 -0.160156 0.647461 1309541384.023256
0.485352 -0.136719 0.663086 1309541384.059260
0.491211 -0.133789 0.655273 1309541384.102267
0.469727 -0.136719 0.687500 1309541384.178263
0.486328 -0.157227 0.668945 1309541384.180256
0.451172 -0.135742 0.683594 1309541384.199269
0.448242 -0.149414 0.680664 1309541384.242268
0.448242 -0.149414 0.680664 1309541384.263265
0.497070 -0.158203 0.679688 1309541384.287258
0.488281 -0.137695 0.668945 1309541384.333266
0.468750 -0.148438 0.690430 1309541384.357264
0.508789 -0.153320 0.625977 1309541384.382263
0.451172 -0.171875 0.692383 1309541384.406267
0.480469 -0.161133 0.676758 1309541384.463264
0.500000 -0.167969 0.655273 1309541384.487267
0.519531 -0.168945 0.676758 1309541384.531266
0.500000 -0.125000 0.666016 1309541384.553266
0.458984 -0.143555 0.699219 1309541384.574267
0.459961 -0.156250 0.666992 1309541384.619269
0.456055 -0.140625 0.666992 1309541384.642269
0.478516 -0.169922 0.673828 1309541384.684271
0.460938 -0.129883 0.686523 1309541384.707270
0.477539 -0.128906 0.684570 1309541384.751275
0.467773 -0.173828 0.692383 1309541384.776269
0.500000 -0.166992 0.663086 1309541384.801287
0.495117 -0.185547 0.668945 1309541384.846278
0.464844 -0.134766 0.668945 1309541384.869273
0.479492 -0.140625 0.678711 1309541384.913276
0.479492 -0.150391 0.687500 1309541384.937294
0.491211 -0.153320 0.678711 1309541384.958275
0.455078 -0.155273 0.671875 1309541385.002277
0.465820 -0.141602 0.640625 1309541385.046276
0.483398 -0.153320 0.677734 1309541385.067275
0.480469 -0.184570 0.680664 1309541385.091288
0.510742 -0.185547 0.617188 1309541385.134260
0.436523 -0.146484 0.676758 1309541385.156292
0.463867 -0.146484 0.676758 1309541385.179281
0.503906 -0.146484 0.676758 1309541385.224281
0.490234 -0.157227 0.568359 1309541385.269280
0.517578 -0.166992 0.667969 1309541385.292281
