0.411133 -0.508789 0.608398 1311114687.919914
0.408203 -0.603516 0.555664 1311114687.963916
0.392578 -0.578125 0.618164 1311114687.964916
0.412109 -0.578125 0.618164 1311114688.010922
0.370117 -0.569336 0.623047 1311114688.065885
0.389648 -0.562500 0.575195 1311114688.085925
0.434570 -0.604492 0.584961 1311114688.109927
0.408203 -0.576172 0.610352 1311114688.126923
0.389648 -0.610352 0.555664 1311114688.174899
0.370117 -0.610352 0.555664 1311114688.201925
0.446289 -0.487305 0.647461 1311114688.244889
0.563477 -0.499023 0.665039 1311114688.269926
0.633789 -0.520508 0.701172 1311114688.320856
0.619141 0.425781 1.360352 1311114688.343926
0.471680 0.064453 1.163086 1311114688.366923
0.436523 -0.578125 0.548828 1311114688.388888
-0.188477 -0.687500 0.201172 1311114688.424860
0.147461 -0.528320 0.353516 1311114688.466936
0.695312 -0.637695 0.548828 1311114688.491878
0.636719 -0.802734 0.002930 1311114688.514922
0.449219 -0.975586 -0.304688 1311114688.579932
0.981445 -2.000000 -0.274414 1311114688.581930
0.534180 -1.329102 0.208008 1311114688.638928
0.566406 -0.034180 0.539062 1311114688.661879
0.439453 0.217773 0.794922 1311114688.684861
0.294922 -0.819336 0.509766 1311114688.710933
0.567383 0.075195 0.682617 1311114688.735919
0.343750 -0.568359 0.432617 1311114688.772934
0.362305 -0.579102 0.578125 1311114688.815933
0.411133 -0.519531 0.610352 1311114688.858863
0.474609 -0.625000 0.550781 1311114688.881940
0.418945 -0.635742 0.547852 1311114688.904983
0.405273 -0.616211 0.571289 1311114688.931927
0.392578 -0.607422 0.527344 1311114689.015937
0.357422 -0.649414 0.520508 1311114689.016940
0.404297 -0.609375 0.521484 1311114689.036927
0.313477 -0.727539 0.495117 1311114689.080945
0.390625 -0.649414 0.560547 1311114689.101906
0.458008 -0.605469 0.578125 1311114689.124883
0.399414 -0.614258 0.547852 1311114689.189881
0.371094 -0.676758 0.507812 1311114689.190862
0.388672 -0.646484 0.583008 1311114689.233910
0.411133 -0.588867 0.538086 1311114689.256943
0.375977 -0.645508 0.530273 1311114689.303953
0.375977 -0.645508 0.530273 1311114689.324891
0.392578 -0.649414 0.570312 1311114689.381906
0.404297 -0.637695 0.550781 1311114689.393923
0.365234 -0.625000 0.567383 1311114689.438932
0.434570 -0.646484 0.529297 1311114689.460948
0.384766 -0.627930 0.523438 1311114689.483951
0.413086 -0.604492 0.532227 1311114689.525889
0.409180 -0.625977 0.524414 1311114689.548953
0.374023 -0.647461 0.539062 1311114689.590946
0.379883 -0.675781 0.561523 1311114689.628891
0.369141 -0.621094 0.576172 1311114689.654946
0.385742 -0.662109 0.574219 1311114689.676873
0.395508 -0.618164 0.526367 1311114689.711949
0.413086 -0.613281 0.491211 1311114689.754903
0.391602 -0.633789 0.576172 1311114689.775951
0.390625 -0.640625 0.550781 1311114689.823956
0.398438 -0.669922 0.553711 1311114689.865919
0.327148 -0.585938 0.560547 1311114689.866902
0.327148 -0.585938 0.560547 1311114689.911957
0.381836 -0.601562 0.536133 1311114689.953964
0.407227 -0.653320 0.531250 1311114689.974956
0.431641 -0.604492 0.558594 1311114690.021957
0.408203 -0.622070 0.568359 1311114690.045962
0.390625 -0.647461 0.573242 1311114690.069951
0.395508 -0.593750 0.573242 1311114690.091960
0.419922 -0.660156 0.583984 1311114690.134909
0.334961 -0.588867 0.570312 1311114690.176948
0.398438 -0.615234 0.533203 1311114690.198971
0.403320 -0.606445 0.539062 1311114690.221926
