0.945312 -0.391602 -0.012695 1311115433.427345
0.965820 -0.399414 0.007812 1311115433.428404
0.939453 -0.425781 -0.013672 1311115433.473416
0.936523 -0.438477 -0.026367 1311115433.518372
0.901367 -0.450195 -0.013672 1311115433.540412
0.951172 -0.439453 -0.026367 1311115433.565391
0.939453 -0.454102 -0.064453 1311115433.611435
0.942383 -0.459961 -0.069336 1311115433.636415
0.791992 -0.435547 -0.096680 1311115433.680424
0.700195 -0.414062 -0.074219 1311115433.702414
0.579102 -0.453125 -0.097656 1311115433.746377
0.517578 -0.416992 -0.185547 1311115433.768388
0.582031 -0.446289 -0.184570 1311115433.801388
0.711914 -0.443359 -0.184570 1311115433.824365
1.004883 -0.488281 -0.097656 1311115433.870429
1.011719 -0.504883 -0.060547 1311115433.906435
0.951172 -0.490234 -0.081055 1311115433.925824
0.819336 -0.559570 -0.087891 1311115433.951419
0.768555 -0.795898 -0.118164 1311115433.986433
0.798828 -0.582031 0.062500 1311115434.025374
0.798828 -0.582031 0.062500 1311115434.068422
0.791992 -0.930664 0.191406 1311115434.100428
0.774414 -0.873047 -0.003906 1311115434.121430
0.803711 -0.799805 -0.089844 1311115434.166434
0.903320 -0.872070 -0.140625 1311115434.190392
0.903320 -0.872070 -0.140625 1311115434.211406
0.840820 -0.882812 -0.196289 1311115434.253442
0.750977 -0.860352 -0.165039 1311115434.308365
0.678711 -0.911133 0.014648 1311115434.347445
0.562500 -0.949219 0.029297 1311115434.358441
0.542969 -0.976562 0.005859 1311115434.387443
0.616211 -0.941406 0.005859 1311115434.396382
0.693359 -0.921875 0.056641 1311115434.464453
0.625977 -0.903320 0.033203 1311115434.501363
0.618164 -0.972656 0.058594 1311115434.543442
0.639648 -1.055664 0.164062 1311115434.546413
0.574219 -1.123047 0.198242 1311115434.577436
0.427734 -0.997070 0.263672 1311115434.622439
0.354492 -0.926758 0.314453 1311115434.645448
0.303711 -0.997070 0.272461 1311115434.666446
0.292969 -1.113281 0.272461 1311115434.708455
0.139648 -1.073242 0.221680 1311115434.730454
0.068359 -0.906250 0.329102 1311115434.763364
0.082031 -0.854492 0.431641 1311115434.801450
0.136719 -0.760742 0.553711 1311115434.845414
0.109375 -0.765625 0.413086 1311115434.913447
0.130859 -0.877930 0.228516 1311115435.020414
0.282227 -0.924805 0.290039 1311115435.040399
0.360352 -0.900391 0.290039 1311115435.041442
0.401367 -0.865234 0.277344 1311115435.056453
0.436523 -0.953125 0.296875 1311115435.078427
0.484375 -0.915039 0.268555 1311115435.080439
0.490234 -0.834961 0.266602 1311115435.081465
0.409180 -1.029297 0.346680 1311115435.162442
0.428711 -1.384766 0.346680 1311115435.180456
0.402344 -1.012695 0.427734 1311115435.183451
0.471680 -0.724609 0.387695 1311115435.228447
0.491211 -0.530273 0.421875 1311115435.252457
0.509766 -0.659180 0.440430 1311115435.295506
0.507812 -0.855469 0.427734 1311115435.325425
0.459961 -0.993164 0.358398 1311115435.340465
0.379883 -0.872070 0.328125 1311115435.386465
0.399414 -0.789062 0.356445 1311115435.431462
0.425781 -0.835938 0.416016 1311115435.446459
0.384766 -0.863281 0.346680 1311115435.532405
0.371094 -0.851562 0.349609 1311115435.561404
0.411133 -0.875977 0.327148 1311115435.570454
0.401367 -0.871094 0.362305 1311115435.583449
0.407227 -0.847656 0.377930 1311115435.605441
0.402344 -0.866211 0.353516 1311115435.633469
0.405273 -0.882812 0.362305 1311115435.661452
0.393555 -0.911133 0.358398 1311115435.693473
0.403320 -0.875000 0.366211 1311115435.766469
0.356445 -0.836914 0.359375 1311115435.793467
0.402344 -0.861328 0.345703 1311115435.795461
0.405273 -0.903320 0.340820 1311115435.838406
0.415039 -0.878906 0.313477 1311115435.862467
0.454102 -0.901367 0.313477 1311115435.889484
0.446289 -0.891602 0.322266 1311115435.956471
0.420898 -0.905273 0.310547 1311115435.957472
0.435547 -0.871094 0.311523 1311115435.998385
0.387695 -0.896484 0.341797 1311115436.043465
0.386719 -0.909180 0.303711 1311115436.045466
0.377930 -0.917969 0.299805 1311115436.089467
0.391602 -0.919922 0.302734 1311115436.115472
0.405273 -0.958984 0.324219 1311115436.150423
0.403320 -0.883789 0.287109 1311115436.193411
0.412109 -0.929688 0.299805 1311115436.238477
0.404297 -0.908203 0.323242 1311115436.240473
0.404297 -0.908203 0.323242 1311115436.267390
0.374023 -0.908203 0.323242 1311115436.311471
0.392578 -0.918945 0.315430 1311115436.351482
0.400391 -0.909180 0.304688 1311115436.387417
0.414062 -0.932617 0.303711 1311115436.410470
0.385742 -0.925781 0.316406 1311115436.433475
0.393555 -0.922852 0.316406 1311115436.460420
