0.885742 -0.455078 -0.148438 1310682832.928931
0.914062 -0.412109 -0.138672 1310682832.952909
0.919922 -0.416992 -0.146484 1310682832.976895
0.940430 -0.426758 -0.118164 1310682833.018913
0.881836 -0.439453 -0.141602 1310682833.041915
0.924805 -0.472656 -0.166016 1310682833.064947
0.932617 -0.435547 -0.147461 1310682833.104915
0.954102 -0.445312 -0.163086 1310682833.148906
0.944336 -0.426758 -0.162109 1310682833.191901
0.920898 -0.411133 -0.169922 1310682833.192885
0.938477 -0.411133 -0.169922 1310682833.236883
0.930664 -0.350586 -0.172852 1310682833.283904
0.965820 -0.365234 -0.195312 1310682833.306895
0.983398 -0.417969 -0.189453 1310682833.331908
0.991211 -0.429688 -0.191406 1310682833.354927
0.958008 -0.402344 -0.183594 1310682833.402912
0.958008 -0.402344 -0.183594 1310682833.424885
0.916992 -0.385742 -0.183594 1310682833.468886
0.927734 -0.378906 -0.154297 1310682833.496924
0.952148 -0.408203 -0.181641 1310682833.518920
0.936523 -0.410156 -0.170898 1310682833.563896
0.924805 -0.398438 -0.158203 1310682833.584919
0.917969 -0.386719 -0.183594 1310682833.628974
0.920898 -0.392578 -0.207031 1310682833.653925
0.928711 -0.365234 -0.177734 1310682833.698932
0.962891 -0.403320 -0.156250 1310682833.719959
0.932617 -0.406250 -0.125977 1310682833.764889
0.936523 -0.409180 -0.176758 1310682833.802870
0.939453 -0.429688 -0.151367 1310682833.823878
0.914062 -0.477539 -0.135742 1310682833.844885
0.939453 -0.422852 -0.136719 1310682833.888908
0.971680 -0.410156 -0.182617 1310682833.909875
0.930664 -0.561523 -0.133789 1310682833.954896
0.911133 -0.573242 -0.167969 1310682833.977914
0.916016 -0.473633 -0.171875 1310682833.999883
0.932617 -0.427734 -0.226562 1310682834.043934
0.924805 -0.426758 -0.173828 1310682834.088892
0.908203 -0.443359 -0.185547 1310682834.112960
0.939453 -0.396484 -0.167969 1310682834.137974
0.952148 -0.425781 -0.166016 1310682834.159973
0.930664 -0.425781 -0.166016 1310682834.203907
0.928711 -0.417969 -0.190430 1310682834.228929
0.914062 -0.393555 -0.169922 1310682834.259896
0.939453 -0.421875 -0.153320 1310682834.303920
0.930664 -0.418945 -0.138672 1310682834.326918
0.930664 -0.418945 -0.138672 1310682834.372941
0.939453 -0.415039 -0.176758 1310682834.389970
0.940430 -0.443359 -0.169922 1310682834.432921
0.951172 -0.419922 -0.196289 1310682834.457924
0.925781 -0.421875 -0.196289 1310682834.501892
0.936523 -0.416016 -0.169922 1310682834.524051
0.912109 -0.431641 -0.169922 1310682834.547906
0.953125 -0.417969 -0.195312 1310682834.593270
0.940430 -0.414062 -0.164062 1310682834.617915
0.964844 -0.433594 -0.171875 1310682834.659912
0.928711 -0.401367 -0.186523 1310682834.682945
0.917969 -0.396484 -0.176758 1310682834.707974
0.981445 -0.406250 -0.150391 1310682834.752954
0.921875 -0.408203 -0.162109 1310682834.793915
0.949219 -0.426758 -0.175781 1310682834.817941
0.933594 -0.424805 -0.161133 1310682834.842976
0.924805 -0.437500 -0.130859 1310682834.887942
0.923828 -0.445312 -0.183594 1310682834.908990
0.924805 -0.424805 -0.162109 1310682834.952979
0.967773 -0.430664 -0.198242 1310682834.976988
0.918945 -0.417969 -0.154297 1310682835.018931
0.980469 -0.441406 -0.157227 1310682835.070952
0.958984 -0.370117 -0.145508 1310682835.094940
0.897461 -0.374023 -0.145508 1310682835.096915
0.913086 -0.425781 -0.150391 1310682835.142928
0.945312 -0.401367 -0.187500 1310682835.186912
0.949219 -0.406250 -0.179688 1310682835.207947
0.934570 -0.399414 -0.171875 1310682835.251951
0.895508 -0.359375 -0.166016 1310682835.273935
0.992188 -0.384766 -0.166016 1310682835.296925
0.944336 -0.399414 -0.128906 1310682835.339993
0.916992 -0.419922 -0.149414 1310682835.361943
0.974609 -0.423828 -0.148438 1310682835.388993
0.931641 -0.445312 -0.125000 1310682835.423999
0.935547 -0.413086 -0.131836 1310682835.468005
0.903320 -0.404297 -0.105469 1310682835.491956
0.940430 -0.404297 -0.105469 1310682835.533946
1.000000 -0.423828 -0.115234 1310682835.564976
0.938477 -0.446289 -0.137695 1310682835.592965
0.910156 -0.468750 -0.092773 1310682835.614922
0.875000 -0.407227 -0.120117 1310682835.638946
0.924805 -0.396484 -0.119141 1310682835.679926
0.926758 -0.363281 -0.148438 1310682835.727972
0.932617 -0.421875 -0.125000 1310682835.749930
0.920898 -0.419922 -0.158203 1310682835.794010
0.927734 -0.397461 -0.132812 1310682835.814994
0.917969 -0.422852 -0.137695 1310682835.861969
0.900391 -0.375000 -0.143555 1310682835.883962
0.924805 -0.408203 -0.137695 1310682835.927983
0.902344 -0.408203 -0.143555 1310682835.948937
0.920898 -0.431641 -0.133789 1310682835.971927
0.925781 -0.400391 -0.156250 1310682835.999015
0.941406 -0.398438 -0.145508 1310682836.030013
0.919922 -0.432617 -0.125977 1310682836.078004
0.945312 -0.363281 -0.144531 1310682836.099018
0.946289 -0.407227 -0.142578 1310682836.142113
0.949219 -0.405273 -0.146484 1310682836.166983
0.967773 -0.414062 -0.148438 1310682836.194977
0.966797 -0.418945 -0.137695 1310682836.219019
0.972656 -0.399414 -0.138672 1310682836.270006
0.944336 -0.449219 -0.155273 1310682836.373021
0.923828 -0.392578 -0.140625 1310682836.373937
0.957031 -0.425781 -0.159180 1310682836.393968
0.985352 -0.412109 -0.161133 1310682836.394996
0.985352 -0.412109 -0.161133 1310682836.436974
0.935547 -0.412109 -0.161133 1310682836.462947
0.940430 -0.388672 -0.168945 1310682836.491965
0.913086 -0.399414 -0.159180 1310682836.522024
0.922852 -0.436523 -0.184570 1310682836.548959
0.945312 -0.411133 -0.201172 1310682836.594013
0.945312 -0.411133 -0.201172 1310682836.619956
0.889648 -0.388672 -0.201172 1310682836.662959
0.890625 -0.427734 -0.169922 1310682836.687956
0.903320 -0.416016 -0.151367 1310682836.734948
0.913086 -0.421875 -0.192383 1310682836.757994
0.976562 -0.404297 -0.165039 1310682836.778981
0.992188 -0.437500 -0.118164 1310682836.825018
0.924805 -0.478516 -0.121094 1310682836.848024
0.936523 -0.484375 -0.117188 1310682836.869953
0.927734 -0.458008 -0.135742 1310682836.923034
0.925781 -0.414062 -0.142578 1310682836.944003
0.950195 -0.402344 -0.172852 1310682836.966960
0.939453 -0.402344 -0.185547 1310682837.009931
0.940430 -0.390625 -0.181641 1310682837.032989
0.938477 -0.371094 -0.181641 1310682837.078984
0.932617 -0.369141 -0.137695 1310682837.101966
0.958008 -0.404297 -0.150391 1310682837.124011
0.955078 -0.438477 -0.150391 1310682837.171972
0.925781 -0.431641 -0.123047 1310682837.194930
0.923828 -0.428711 -0.152344 1310682837.239019
0.926758 -0.424805 -0.122070 1310682837.262965
0.928711 -0.424805 -0.167969 1310682837.306974
0.947266 -0.416992 -0.197266 1310682837.328963
0.923828 -0.434570 -0.184570 1310682837.351968
0.938477 -0.425781 -0.180664 1310682837.389037
0.892578 -0.419922 -0.176758 1310682837.433040
0.916992 -0.430664 -0.164062 1310682837.476963
0.945312 -0.424805 -0.171875 1310682837.498996
0.946289 -0.453125 -0.140625 1310682837.522993
0.946289 -0.453125 -0.140625 1310682837.545012
0.938477 -0.446289 -0.151367 1310682837.590009
0.892578 -0.416992 -0.146484 1310682837.664973
0.921875 -0.447266 -0.176758 1310682837.666979
0.885742 -0.419922 -0.192383 1310682837.686997
0.974609 -0.437500 -0.180664 1310682837.707999
0.968750 -0.448242 -0.180664 1310682837.757004
0.961914 -0.455078 -0.167969 1310682837.768008
0.950195 -0.433594 -0.152344 1310682837.814013
0.911133 -0.410156 -0.150391 1310682837.857970
0.930664 -0.438477 -0.153320 1310682837.879995
0.905273 -0.428711 -0.151367 1310682837.904971
0.921875 -0.425781 -0.156250 1310682837.949985
0.940430 -0.374023 -0.176758 1310682837.972991
0.974609 -0.390625 -0.172852 1310682838.018008
0.948242 -0.415039 -0.165039 1310682838.042988
0.934570 -0.417969 -0.152344 1310682838.085060
0.940430 -0.375977 -0.157227 1310682838.087030
0.904297 -0.379883 -0.151367 1310682838.136038
0.895508 -0.428711 -0.167969 1310682838.181986
0.957031 -0.419922 -0.172852 1310682838.204005
0.897461 -0.396484 -0.164062 1310682838.227987
0.989258 -0.440430 -0.176758 1310682838.253003
0.917969 -0.464844 -0.140625 1310682838.283998
0.916992 -0.462891 -0.098633 1310682838.327983
0.915039 -0.427734 -0.174805 1310682838.351055
0.974609 -0.441406 -0.164062 1310682838.396025
0.961914 -0.442383 -0.166016 1310682838.419022
0.921875 -0.411133 -0.132812 1310682838.465013
0.970703 -0.408203 -0.132812 1310682838.486992
0.937500 -0.380859 -0.113281 1310682838.532020
0.934570 -0.401367 -0.118164 1310682838.554015
0.929688 -0.405273 -0.130859 1310682838.597048
0.889648 -0.401367 -0.124023 1310682838.618062
0.883789 -0.384766 -0.118164 1310682838.640063
0.883789 -0.384766 -0.118164 1310682838.683039
0.953125 -0.386719 -0.145508 1310682838.725069
0.942383 -0.411133 -0.130859 1310682838.745994
0.943359 -0.398438 -0.143555 1310682838.788988
0.929688 -0.365234 -0.113281 1310682838.810995
0.914062 -0.392578 -0.113281 1310682838.834007
0.913086 -0.438477 -0.100586 1310682838.879041
0.932617 -0.403320 -0.145508 1310682838.931041
0.927734 -0.406250 -0.117188 1310682838.954986
0.934570 -0.416016 -0.131836 1310682838.978065
0.887695 -0.361328 -0.140625 1310682838.994057
0.917969 -0.363281 -0.144531 1310682839.040071
0.927734 -0.383789 -0.136719 1310682839.066064
0.943359 -0.353516 -0.177734 1310682839.108983
0.950195 -0.401367 -0.163086 1310682839.131002
0.936523 -0.386719 -0.112305 1310682839.175044
0.951172 -0.417969 -0.098633 1310682839.197984
0.949219 -0.419922 -0.098633 1310682839.222080
0.965820 -0.380859 -0.149414 1310682839.269081
0.944336 -0.434570 -0.146484 1310682839.294073
0.935547 -0.454102 -0.126953 1310682839.340033
0.949219 -0.438477 -0.156250 1310682839.361009
0.914062 -0.421875 -0.137695 1310682839.384016
0.947266 -0.443359 -0.130859 1310682839.428088
0.931641 -0.416992 -0.121094 1310682839.451062
0.917969 -0.386719 -0.159180 1310682839.496014
0.960938 -0.414062 -0.148438 1310682839.519021
0.968750 -0.393555 -0.186523 1310682839.563041
0.949219 -0.382812 -0.170898 1310682839.588045
0.949219 -0.382812 -0.170898 1310682839.609073
0.943359 -0.367188 -0.164062 1310682839.658020
0.940430 -0.384766 -0.174805 1310682839.680075
0.953125 -0.375000 -0.176758 1310682839.724013
0.881836 -0.381836 -0.192383 1310682839.744984
0.887695 -0.360352 -0.168945 1310682839.768040
0.916016 -0.377930 -0.168945 1310682839.813088
0.964844 -0.406250 -0.182617 1310682839.842008
0.939453 -0.427734 -0.177734 1310682839.885039
0.964844 -0.375000 -0.129883 1310682839.909091
0.948242 -0.446289 -0.078125 1310682839.933025
0.956055 -0.442383 -0.107422 1310682839.976019
0.943359 -0.445312 -0.153320 1310682840.000052
0.928711 -0.452148 -0.183594 1310682840.043015
0.975586 -0.412109 -0.186523 1310682840.071045
0.953125 -0.386719 -0.172852 1310682840.098081
0.956055 -0.425781 -0.198242 1310682840.134041
0.940430 -0.452148 -0.193359 1310682840.159080
0.960938 -0.418945 -0.172852 1310682840.235033
0.944336 -0.412109 -0.155273 1310682840.236015
0.925781 -0.459961 -0.160156 1310682840.255075
0.928711 -0.411133 -0.141602 1310682840.301025
0.939453 -0.399414 -0.208984 1310682840.323043
0.919922 -0.402344 -0.159180 1310682840.348090
0.953125 -0.447266 -0.159180 1310682840.393045
0.918945 -0.420898 -0.180664 1310682840.423043
0.924805 -0.410156 -0.190430 1310682840.448025
0.931641 -0.415039 -0.197266 1310682840.479040
0.907227 -0.411133 -0.177734 1310682840.529090
0.916992 -0.438477 -0.186523 1310682840.550025
0.901367 -0.417969 -0.193359 1310682840.575022
0.939453 -0.428711 -0.188477 1310682840.620065
0.879883 -0.411133 -0.188477 1310682840.656055
0.953125 -0.438477 -0.182617 1310682840.679044
0.947266 -0.429688 -0.183594 1310682840.724028
0.909180 -0.429688 -0.183594 1310682840.747018
0.943359 -0.417969 -0.176758 1310682840.790109
0.926758 -0.413086 -0.187500 1310682840.811097
0.921875 -0.420898 -0.176758 1310682840.836028
0.946289 -0.415039 -0.190430 1310682840.880080
0.920898 -0.424805 -0.174805 1310682840.909032
0.920898 -0.424805 -0.174805 1310682840.930101
0.951172 -0.410156 -0.191406 1310682840.975049
0.962891 -0.398438 -0.188477 1310682840.998053
0.966797 -0.425781 -0.173828 1310682841.041023
0.883789 -0.400391 -0.167969 1310682841.063047
0.916016 -0.406250 -0.173828 1310682841.085029
0.916992 -0.405273 -0.214844 1310682841.149026
0.921875 -0.367188 -0.179688 1310682841.171106
0.975586 -0.412109 -0.187500 1310682841.215037
0.916992 -0.405273 -0.156250 1310682841.238042
1.004883 -0.420898 -0.173828 1310682841.259112
0.958008 -0.427734 -0.173828 1310682841.282054
0.946289 -0.427734 -0.173828 1310682841.328093
0.940430 -0.434570 -0.189453 1310682841.371053
0.910156 -0.382812 -0.174805 1310682841.394110
0.975586 -0.448242 -0.181641 1310682841.418074
0.969727 -0.435547 -0.165039 1310682841.474056
0.944336 -0.424805 -0.142578 1310682841.475031
0.923828 -0.423828 -0.150391 1310682841.538107
0.902344 -0.412109 -0.132812 1310682841.560072
0.902344 -0.390625 -0.153320 1310682841.584065
0.959961 -0.353516 -0.159180 1310682841.626081
0.927734 -0.343750 -0.142578 1310682841.648123
0.927734 -0.343750 -0.142578 1310682841.669063
0.982422 -0.367188 -0.149414 1310682841.713042
0.937500 -0.383789 -0.117188 1310682841.736118
0.927734 -0.405273 -0.126953 1310682841.773088
0.938477 -0.402344 -0.154297 1310682841.816137
0.920898 -0.367188 -0.088867 1310682841.838052
0.955078 -0.404297 -0.088867 1310682841.861119
0.936523 -0.404297 -0.088867 1310682841.904123
0.950195 -0.391602 -0.128906 1310682841.948099
0.947266 -0.385742 -0.149414 1310682841.970062
0.940430 -0.400391 -0.148438 1310682841.994065
0.925781 -0.395508 -0.145508 1310682842.038071
0.962891 -0.386719 -0.149414 1310682842.068053
0.937500 -0.380859 -0.129883 1310682842.111056
0.882812 -0.357422 -0.158203 1310682842.133129
0.916016 -0.376953 -0.155273 1310682842.158052
0.952148 -0.405273 -0.184570 1310682842.201013
0.908203 -0.390625 -0.175781 1310682842.224141
0.923828 -0.372070 -0.183594 1310682842.259098
0.915039 -0.364258 -0.178711 1310682842.305083
0.929688 -0.316406 -0.140625 1310682842.326080
0.977539 -0.460938 -0.136719 1310682842.350070
0.968750 -0.451172 -0.147461 1310682842.378126
0.993164 -0.451172 -0.147461 1310682842.410070
0.988281 -0.421875 -0.112305 1310682842.456076
0.994141 -0.434570 -0.180664 1310682842.479074
0.962891 -0.390625 -0.156250 1310682842.529230
0.963867 -0.412109 -0.219727 1310682842.550071
0.947266 -0.388672 -0.208008 1310682842.571080
0.926758 -0.388672 -0.208008 1310682842.615090
0.967773 -0.375000 -0.212891 1310682842.659101
0.913086 -0.385742 -0.165039 1310682842.683180
0.943359 -0.404297 -0.188477 1310682842.728071
0.917969 -0.368164 -0.205078 1310682842.761100
0.890625 -0.380859 -0.184570 1310682842.763062
0.916992 -0.409180 -0.189453 1310682842.827074
0.963867 -0.468750 -0.154297 1310682842.850134
0.979492 -0.445312 -0.117188 1310682842.873078
0.936523 -0.431641 -0.153320 1310682842.895056
0.913086 -0.409180 -0.140625 1310682842.939086
0.918945 -0.401367 -0.158203 1310682842.961071
0.927734 -0.394531 -0.173828 1310682843.010091
0.934570 -0.382812 -0.154297 1310682843.033106
0.921875 -0.392578 -0.192383 1310682843.070098
0.943359 -0.401367 -0.162109 1310682843.114084
0.976562 -0.400391 -0.161133 1310682843.138114
0.978516 -0.392578 -0.132812 1310682843.161089
0.938477 -0.408203 -0.132812 1310682843.183097
0.943359 -0.455078 -0.144531 1310682843.226161
0.919922 -0.410156 -0.139648 1310682843.269113
0.905273 -0.422852 -0.183594 1310682843.290139
0.928711 -0.386719 -0.177734 1310682843.333114
0.925781 -0.390625 -0.181641 1310682843.355159
0.930664 -0.396484 -0.212891 1310682843.379161
0.888672 -0.354492 -0.184570 1310682843.428166
0.895508 -0.414062 -0.195312 1310682843.450082
0.935547 -0.409180 -0.245117 1310682843.493099
0.916992 -0.395508 -0.166992 1310682843.514117
0.956055 -0.435547 -0.182617 1310682843.561079
0.924805 -0.420898 -0.193359 1310682843.586147
0.956055 -0.434570 -0.144531 1310682843.611101
0.951172 -0.409180 -0.138672 1310682843.636092
0.958008 -0.409180 -0.188477 1310682843.679157
0.917969 -0.398438 -0.168945 1310682843.703086
0.917969 -0.398438 -0.168945 1310682843.746096
0.960938 -0.419922 -0.229492 1310682843.774113
0.927734 -0.415039 -0.181641 1310682843.818121
0.924805 -0.421875 -0.193359 1310682843.840124
0.932617 -0.426758 -0.174805 1310682843.864107
0.936523 -0.405273 -0.135742 1310682843.908155
0.936523 -0.417969 -0.172852 1310682843.930117
0.961914 -0.416992 -0.170898 1310682843.968098
0.977539 -0.410156 -0.211914 1310682844.014157
0.976562 -0.399414 -0.200195 1310682844.049121
0.940430 -0.376953 -0.183594 1310682844.115094
0.986328 -0.366211 -0.193359 1310682844.117091
0.956055 -0.409180 -0.166992 1310682844.140080
0.923828 -0.385742 -0.189453 1310682844.164101
0.941406 -0.402344 -0.171875 1310682844.189102
0.872070 -0.362305 -0.171875 1310682844.231119
0.956055 -0.398438 -0.176758 1310682844.276114
0.902344 -0.417969 -0.174805 1310682844.278118
0.987305 -0.417969 -0.203125 1310682844.323096
0.993164 -0.417969 -0.207031 1310682844.373134
0.871094 -0.417969 -0.156250 1310682844.395104
1.000977 -0.464844 -0.183594 1310682844.418084
0.962891 -0.423828 -0.160156 1310682844.444147
0.958008 -0.423828 -0.160156 1310682844.486097
1.013672 -0.375000 -0.162109 1310682844.510131
0.935547 -0.331055 -0.147461 1310682844.568106
0.934570 -0.343750 -0.202148 1310682844.569141
0.935547 -0.365234 -0.155273 1310682844.616110
0.904297 -0.340820 -0.171875 1310682844.640100
0.956055 -0.340820 -0.171875 1310682844.683094
0.920898 -0.361328 -0.140625 1310682844.708139
0.877930 -0.367188 -0.144531 1310682844.753138
0.865234 -0.358398 -0.154297 1310682844.779176
0.885742 -0.378906 -0.119141 1310682844.801121
0.921875 -0.393555 -0.121094 1310682844.846174
0.897461 -0.393555 -0.121094 1310682844.869179
0.897461 -0.393555 -0.121094 1310682844.895118
0.964844 -0.409180 -0.124023 1310682844.943159
0.960938 -0.443359 -0.100586 1310682844.965129
0.947266 -0.487305 -0.083008 1310682845.011180
0.945312 -0.458008 -0.105469 1310682845.033190
0.945312 -0.458008 -0.105469 1310682845.056124
0.953125 -0.384766 -0.157227 1310682845.100109
0.940430 -0.364258 -0.157227 1310682845.123123
0.929688 -0.361328 -0.179688 1310682845.166107
0.945312 -0.369141 -0.167969 1310682845.209145
0.900391 -0.382812 -0.125000 1310682845.210183
0.956055 -0.380859 -0.166016 1310682845.251124
0.936523 -0.373047 -0.131836 1310682845.295171
0.913086 -0.390625 -0.095703 1310682845.369128
0.951172 -0.390625 -0.136719 1310682845.370122
0.978516 -0.409180 -0.140625 1310682845.396130
0.989258 -0.388672 -0.085938 1310682845.419183
0.948242 -0.438477 -0.075195 1310682845.464202
0.940430 -0.433594 -0.121094 1310682845.485143
0.870117 -0.373047 -0.149414 1310682845.510143
0.949219 -0.386719 -0.183594 1310682845.556145
0.962891 -0.369141 -0.199219 1310682845.583152
0.950195 -0.385742 -0.175781 1310682845.599108
0.923828 -0.374023 -0.196289 1310682845.645121
0.971680 -0.396484 -0.176758 1310682845.679117
0.909180 -0.384766 -0.178711 1310682845.705153
0.926758 -0.361328 -0.192383 1310682845.748148
0.889648 -0.372070 -0.185547 1310682845.771121
0.921875 -0.372070 -0.185547 1310682845.796155
0.937500 -0.404297 -0.152344 1310682845.848140
0.927734 -0.422852 -0.196289 1310682845.869311
0.959961 -0.401367 -0.158203 1310682845.893112
0.969727 -0.450195 -0.155273 1310682845.931146
0.942383 -0.452148 -0.106445 1310682845.955183
0.921875 -0.456055 -0.140625 1310682845.999200
0.970703 -0.441406 -0.140625 1310682846.024152
0.947266 -0.402344 -0.166992 1310682846.069197
0.932617 -0.363281 -0.184570 1310682846.113136
0.939453 -0.408203 -0.203125 1310682846.134167
0.920898 -0.388672 -0.195312 1310682846.156137
0.970703 -0.412109 -0.192383 1310682846.205119
0.967773 -0.404297 -0.168945 1310682846.229211
0.936523 -0.392578 -0.197266 1310682846.250139
0.925781 -0.425781 -0.147461 1310682846.294121
0.925781 -0.386719 -0.163086 1310682846.316175
0.942383 -0.427734 -0.167969 1310682846.344142
0.913086 -0.435547 -0.129883 1310682846.388208
0.910156 -0.387695 -0.155273 1310682846.413215
0.938477 -0.471680 -0.181641 1310682846.463174
0.911133 -0.395508 -0.165039 1310682846.490218
0.939453 -0.396484 -0.194336 1310682846.515175
0.932617 -0.396484 -0.194336 1310682846.536190
0.960938 -0.383789 -0.182617 1310682846.580168
0.942383 -0.425781 -0.182617 1310682846.603218
0.908203 -0.439453 -0.192383 1310682846.680160
0.927734 -0.440430 -0.136719 1310682846.681136
0.924805 -0.433594 -0.171875 1310682846.701142
0.934570 -0.433594 -0.171875 1310682846.724192
0.919922 -0.437500 -0.173828 1310682846.768150
0.905273 -0.449219 -0.187500 1310682846.811200
0.939453 -0.402344 -0.207031 1310682846.834171
0.946289 -0.455078 -0.192383 1310682846.878229
0.979492 -0.419922 -0.185547 1310682846.900158
0.912109 -0.426758 -0.208984 1310682846.946159
0.912109 -0.426758 -0.208984 1310682846.948146
0.945312 -0.447266 -0.190430 1310682846.996163
0.924805 -0.432617 -0.194336 1310682847.024154
0.934570 -0.437500 -0.168945 1310682847.055164
0.949219 -0.425781 -0.181641 1310682847.079179
0.950195 -0.400391 -0.193359 1310682847.124184
0.948242 -0.402344 -0.193359 1310682847.151190
0.952148 -0.431641 -0.176758 1310682847.195138
0.946289 -0.396484 -0.191406 1310682847.216145
0.930664 -0.385742 -0.161133 1310682847.251165
0.958984 -0.412109 -0.149414 1310682847.273181
0.885742 -0.412109 -0.149414 1310682847.316192
0.929688 -0.406250 -0.188477 1310682847.363234
0.867188 -0.375977 -0.173828 1310682847.384184
0.923828 -0.402344 -0.171875 1310682847.409264
0.983398 -0.429688 -0.175781 1310682847.456157
0.926758 -0.373047 -0.175781 1310682847.478161
0.951172 -0.416016 -0.155273 1310682847.521132
0.955078 -0.429688 -0.186523 1310682847.543166
0.922852 -0.417969 -0.119141 1310682847.585229
0.990234 -0.381836 -0.166992 1310682847.607178
0.935547 -0.386719 -0.138672 1310682847.650143
0.983398 -0.402344 -0.162109 1310682847.671208
0.983398 -0.402344 -0.162109 1310682847.695198
0.949219 -0.373047 -0.123047 1310682847.741175
0.975586 -0.411133 -0.157227 1310682847.773167
0.908203 -0.398438 -0.144531 1310682847.795243
0.989258 -0.391602 -0.160156 1310682847.839189
0.989258 -0.391602 -0.160156 1310682847.861167
0.895508 -0.432617 -0.132812 1310682847.961249
0.897461 -0.404297 -0.137695 1310682847.963165
0.868164 -0.371094 -0.090820 1310682847.983181
0.907227 -0.375000 -0.149414 1310682848.004180
0.909180 -0.371094 -0.115234 1310682848.029197
0.909180 -0.410156 -0.125977 1310682848.061168
0.913086 -0.421875 -0.151367 1310682848.105249
0.919922 -0.371094 -0.135742 1310682848.126193
0.911133 -0.379883 -0.138672 1310682848.148184
0.929688 -0.395508 -0.146484 1310682848.193177
0.956055 -0.425781 -0.141602 1310682848.214195
0.938477 -0.393555 -0.148438 1310682848.270237
0.956055 -0.404297 -0.130859 1310682848.294218
0.958008 -0.402344 -0.113281 1310682848.316170
