0.865234 -0.526367 0.122070 1309540139.152048
0.857422 -0.523438 0.122070 1309540139.179044
0.870117 -0.430664 0.188477 1309540139.198037
0.924805 -0.430664 0.188477 1309540139.219041
0.944336 -0.345703 0.490234 1309540139.264050
1.016602 -0.310547 0.811523 1309540139.286045
1.054688 -0.334961 0.950195 1309540139.308060
1.112305 -0.535156 1.053711 1309540139.351049
1.264648 -0.416016 1.040039 1309540139.373043
1.327148 -0.525391 0.993164 1309540139.399062
1.452148 -0.634766 0.837891 1309540139.451052
1.355469 -0.759766 0.720703 1309540139.472044
1.313477 -0.740234 0.597656 1309540139.516055
1.147461 -0.847656 0.557617 1309540139.538047
0.993164 -0.875000 0.483398 1309540139.576057
0.895508 -0.892578 0.462891 1309540139.618051
0.766602 -0.967773 0.441406 1309540139.642052
0.619141 -0.872070 0.302734 1309540139.679051
0.342773 -0.871094 0.272461 1309540139.704051
0.333008 -0.997070 0.206055 1309540139.726055
0.138672 -0.771484 0.114258 1309540139.751055
0.060547 -0.685547 0.029297 1309540139.804066
-0.109375 -0.664062 0.026367 1309540139.829063
-0.189453 -0.738281 0.014648 1309540139.876058
-0.336914 -0.607422 -0.071289 1309540139.902062
-0.442383 -0.482422 -0.075195 1309540139.923061
-0.472656 -0.460938 -0.075195 1309540139.945058
-0.543945 -0.298828 -0.229492 1309540139.993080
-0.524414 -0.203125 -0.200195 1309540140.036083
-0.584961 0.017578 -0.209961 1309540140.058057
-0.620117 0.105469 -0.268555 1309540140.082062
-0.599609 0.292969 -0.326172 1309540140.131063
-0.724609 0.292969 -0.326172 1309540140.153066
-0.740234 0.414062 -0.490234 1309540140.179063
-0.792969 0.454102 -0.589844 1309540140.208062
-0.779297 0.475586 -0.643555 1309540140.257079
-0.811523 0.320312 -0.750977 1309540140.278064
-0.853516 0.226562 -0.742188 1309540140.306063
-0.801758 0.207031 -0.754883 1309540140.349067
-0.768555 0.133789 -0.708008 1309540140.373047
-0.681641 0.038086 -0.680664 1309540140.409070
-0.641602 0.002930 -0.574219 1309540140.469059
-0.517578 0.027344 -0.492188 1309540140.471062
-0.441406 0.066406 -0.399414 1309540140.517066
-0.285156 -0.028320 -0.338867 1309540140.539067
-0.171875 -0.077148 -0.233398 1309540140.576071
-0.054688 -0.109375 -0.177734 1309540140.603082
0.067383 -0.177734 -0.083008 1309540140.646072
0.247070 -0.324219 -0.009766 1309540140.667070
0.364258 -0.403320 0.123047 1309540140.696073
0.445312 -0.523438 0.148438 1309540140.732074
0.659180 -0.465820 0.173828 1309540140.776074
0.780273 -0.527344 0.263672 1309540140.797047
0.982422 -0.682617 0.412109 1309540140.829075
1.053711 -0.741211 0.555664 1309540140.873077
1.159180 -0.722656 0.767578 1309540140.894075
1.252930 -0.760742 0.898438 1309540140.938085
1.241211 -0.906250 0.956055 1309540140.962078
1.327148 -0.890625 0.992188 1309540140.983076
1.329102 -0.746094 0.950195 1309540141.027093
1.347656 -0.855469 0.907227 1309540141.048074
1.380859 -0.816406 0.815430 1309540141.093083
1.353516 -0.689453 0.722656 1309540141.116079
1.413086 -0.806641 0.621094 1309540141.159078
1.431641 -0.735352 0.603516 1309540141.184096
1.448242 -0.613281 0.635742 1309540141.208080
1.462891 -0.670898 0.577148 1309540141.253086
1.538086 -0.920898 0.577148 1309540141.276086
1.534180 -0.644531 1.007812 1309540141.306084
1.458984 -0.672852 0.840820 1309540141.352102
1.500977 -0.686523 0.655273 1309540141.394092
1.699219 -0.704102 0.837891 1309540141.417093
1.648438 -0.589844 0.908203 1309540141.447086
1.599609 -0.747070 0.908203 1309540141.459089
1.569336 -0.702148 0.908203 1309540141.505091
1.580078 -0.640625 0.774414 1309540141.550092
1.559570 -0.653320 0.728516 1309540141.573088
1.583008 -0.703125 0.702148 1309540141.596091
1.474609 -0.643555 0.662109 1309540141.619115
1.358398 -0.667969 0.650391 1309540141.671093
1.218750 -0.675781 0.624023 1309540141.744098
1.116211 -0.594727 0.603516 1309540141.761093
1.026367 -0.530273 0.461914 1309540141.762091
0.901367 -0.458008 0.382812 1309540141.800097
0.772461 -0.486328 0.331055 1309540141.837096
0.698242 -0.486328 0.331055 1309540141.867097
0.655273 -0.355469 0.191406 1309540141.889095
0.464844 -0.228516 0.069336 1309540141.933085
0.271484 -0.253906 0.005859 1309540141.954101
0.208008 -0.244141 -0.055664 1309540141.979096
0.112305 -0.111328 -0.055664 1309540142.025101
-0.122070 -0.022461 -0.258789 1309540142.054093
-0.366211 0.041016 -0.323242 1309540142.097116
-0.385742 0.006836 -0.391602 1309540142.118098
-0.498047 0.014648 -0.502930 1309540142.162102
-0.596680 0.112305 -0.589844 1309540142.205106
-0.741211 0.173828 -0.589844 1309540142.207099
-0.804688 0.135742 -0.833984 1309540142.248103
-0.955078 0.080078 -0.804688 1309540142.290077
-0.894531 0.019531 -0.790039 1309540142.312107
-0.959961 0.046875 -0.691406 1309540142.355106
-0.969727 0.000977 -0.619141 1309540142.379106
-0.955078 0.009766 -0.552734 1309540142.402106
-0.921875 0.054688 -0.531250 1309540142.445106
-0.894531 0.037109 -0.534180 1309540142.493109
-0.867188 0.056641 -0.579102 1309540142.494099
-0.815430 0.061523 -0.608398 1309540142.540133
-0.768555 0.033203 -0.524414 1309540142.563109
-0.696289 0.079102 -0.533203 1309540142.607106
-0.670898 0.112305 -0.561523 1309540142.632113
-0.570312 0.083984 -0.450195 1309540142.677112
-0.377930 0.080078 -0.427734 1309540142.699111
-0.194336 0.106445 -0.384766 1309540142.720110
-0.147461 0.015625 -0.364258 1309540142.767112
-0.042969 -0.072266 -0.364258 1309540142.792117
0.240234 -0.154297 -0.284180 1309540142.834112
0.438477 -0.286133 -0.221680 1309540142.857116
0.598633 -0.334961 -0.139648 1309540142.899112
0.767578 -0.483398 -0.025391 1309540142.922117
0.931641 -0.611328 0.120117 1309540142.945114
1.089844 -0.740234 0.416016 1309540143.037095
1.089844 -0.740234 0.416016 1309540143.058124
1.359375 -0.821289 0.908203 1309540143.080115
1.450195 -0.901367 1.081055 1309540143.081112
1.354492 -0.817383 1.110352 1309540143.110098
1.327148 -0.766602 1.122070 1309540143.140121
1.357422 -0.802734 1.010742 1309540143.185103
1.280273 -0.698242 0.895508 1309540143.208119
1.364258 -0.731445 0.806641 1309540143.252124
1.347656 -0.634766 0.788086 1309540143.274126
1.431641 -0.598633 0.689453 1309540143.318126
1.421875 -0.649414 0.689453 1309540143.340135
1.409180 -0.615234 0.666992 1309540143.384125
1.486328 -0.918945 -0.032227 1309540143.409136
1.637695 -0.686523 1.193359 1309540143.430126
1.238281 -0.525391 0.901367 1309540143.479119
1.236328 -0.750977 0.701172 1309540143.500131
1.185547 -0.693359 0.701172 1309540143.522128
1.433594 -0.693359 0.701172 1309540143.567135
1.433594 -0.693359 0.701172 1309540143.597129
1.553711 -0.703125 0.639648 1309540143.640130
1.385742 -0.698242 0.626953 1309540143.683129
1.298828 -0.678711 0.578125 1309540143.684130
1.348633 -0.679688 0.646484 1309540143.730111
1.346680 -0.588867 0.692383 1309540143.759131
1.265625 -0.602539 0.678711 1309540143.785136
1.256836 -0.695312 0.689453 1309540143.845131
1.215820 -0.675781 0.710938 1309540143.847133
1.203125 -0.713867 0.703125 1309540143.894137
1.098633 -0.663086 0.701172 1309540143.917149
0.985352 -0.617188 0.686523 1309540143.963134
0.956055 -0.588867 0.639648 1309540143.984137
0.852539 -0.565430 0.556641 1309540144.009094
0.721680 -0.516602 0.436523 1309540144.063141
0.642578 -0.399414 0.436523 1309540144.087140
0.546875 -0.339844 0.288086 1309540144.120139
0.431641 -0.308594 0.195312 1309540144.143138
0.304688 -0.208008 0.053711 1309540144.187144
0.157227 -0.205078 -0.020508 1309540144.212150
0.019531 -0.102539 -0.143555 1309540144.323147
-0.109375 0.147461 -0.143555 1309540144.324144
-0.229492 -0.009766 -0.386719 1309540144.346140
-0.279297 0.056641 -0.497070 1309540144.360144
-0.394531 0.098633 -0.634766 1309540144.383145
-0.586914 0.136719 -0.802734 1309540144.409126
-0.730469 0.183594 -0.908203 1309540144.449143
-0.980469 0.183594 -0.908203 1309540144.472144
-0.833008 0.206055 -0.960938 1309540144.515144
-0.872070 0.160156 -0.892578 1309540144.537147
-0.887695 0.200195 -0.808594 1309540144.559150
-0.873047 0.208008 -0.797852 1309540144.602148
-0.876953 0.121094 -0.750977 1309540144.623151
-0.876953 0.121094 -0.750977 1309540144.665149
-0.792969 0.097656 -0.769531 1309540144.712146
-0.648438 0.082031 -0.741211 1309540144.744151
-0.567383 0.086914 -0.743164 1309540144.767152
-0.473633 0.071289 -0.688477 1309540144.798155
-0.336914 -0.013672 -0.605469 1309540144.824153
-0.191406 -0.008789 -0.492188 1309540144.853156
-0.004883 -0.105469 -0.348633 1309540144.889156
0.216797 -0.217773 -0.256836 1309540144.915153
0.350586 -0.353516 -0.161133 1309540144.962158
0.499023 -0.435547 -0.035156 1309540144.987156
0.703125 -0.493164 0.077148 1309540145.008135
0.812500 -0.646484 0.265625 1309540145.052170
0.941406 -0.608398 0.381836 1309540145.094165
0.985352 -0.691406 0.556641 1309540145.117164
1.091797 -0.722656 0.681641 1309540145.160158
1.123047 -0.725586 0.817383 1309540145.183159
1.147461 -0.798828 0.868164 1309540145.207158
1.234375 -0.923828 0.937500 1309540145.250138
1.246094 -0.813477 0.989258 1309540145.273161
1.212891 -0.864258 0.963867 1309540145.317165
1.252930 -0.916016 0.963867 1309540145.340169
1.296875 -0.784180 0.927734 1309540145.387163
1.372070 -0.816406 0.927734 1309540145.408159
1.401367 -0.804688 0.895508 1309540145.453169
1.402344 -0.759766 0.811523 1309540145.475160
1.353516 -0.802734 0.689453 1309540145.500167
1.909180 -1.250977 1.482422 1309540145.533172
1.102539 -0.637695 0.876953 1309540145.608171
1.102539 -0.843750 0.876953 1309540145.610143
1.209961 -0.741211 0.890625 1309540145.632170
1.341797 -1.010742 0.772461 1309540145.672170
1.605469 -0.634766 0.492188 1309540145.698169
1.561523 -0.813477 0.709961 1309540145.742170
1.400391 -0.781250 0.618164 1309540145.743167
1.311523 -0.713867 0.633789 1309540145.785149
1.250977 -0.611328 0.721680 1309540145.834171
1.272461 -0.670898 0.725586 1309540145.857143
1.227539 -0.762695 0.732422 1309540145.880119
1.248047 -0.724609 0.763672 1309540145.925155
1.176758 -0.751953 0.724609 1309540145.948181
1.131836 -0.860352 0.666016 1309540145.992185
1.023438 -0.824219 0.671875 1309540146.015177
0.931641 -0.775391 0.600586 1309540146.062178
0.854492 -0.640625 0.610352 1309540146.083190
0.755859 -0.604492 0.562500 1309540146.104172
0.634766 -0.526367 0.312500 1309540146.131179
0.557617 -0.450195 0.389648 1309540146.180177
0.487305 -0.368164 0.282227 1309540146.205178
0.358398 -0.359375 0.183594 1309540146.250155
0.252930 -0.336914 0.034180 1309540146.285179
0.178711 -0.172852 -0.044922 1309540146.322178
0.067383 -0.172852 -0.044922 1309540146.344197
-0.109375 -0.066406 -0.235352 1309540146.368180
-0.170898 -0.029297 -0.404297 1309540146.410183
-0.325195 0.034180 -0.431641 1309540146.445184
-0.408203 0.067383 -0.546875 1309540146.468184
-0.565430 0.190430 -0.651367 1309540146.493190
-0.565430 0.190430 -0.651367 1309540146.542161
-0.712891 0.199219 -0.874023 1309540146.565188
-0.771484 0.216797 -0.861328 1309540146.609189
-0.835938 0.227539 -0.906250 1309540146.630191
-0.864258 0.245117 -0.902344 1309540146.653190
-0.887695 0.222656 -0.858398 1309540146.698192
-0.842773 0.172852 -0.785156 1309540146.727186
-0.819336 0.149414 -0.727539 1309540146.755189
-0.810547 0.156250 -0.702148 1309540146.802205
-0.725586 0.167969 -0.725586 1309540146.832197
-0.741211 0.175781 -0.694336 1309540146.878193
-0.708008 0.152344 -0.713867 1309540146.904184
-0.630859 0.171875 -0.668945 1309540146.927194
-0.545898 0.164062 -0.653320 1309540146.949191
-0.474609 0.112305 -0.607422 1309540146.993203
-0.392578 0.064453 -0.540039 1309540147.014197
-0.234375 0.034180 -0.447266 1309540147.039196
-0.110352 -0.057617 -0.429688 1309540147.066198
0.027344 -0.077148 -0.345703 1309540147.133201
0.253906 -0.203125 -0.250977 1309540147.157198
0.398438 -0.311523 -0.205078 1309540147.178194
0.492188 -0.471680 -0.116211 1309540147.200196
0.730469 -0.587891 -0.007812 1309540147.272197
0.884766 -0.708984 0.129883 1309540147.273207
0.997070 -0.958984 0.129883 1309540147.298218
1.225586 -0.990234 0.492188 1309540147.335208
1.291992 -1.045898 0.750977 1309540147.379199
1.365234 -0.956055 0.943359 1309540147.403202
1.421875 -1.024414 1.139648 1309540147.445203
1.413086 -0.951172 1.251953 1309540147.468201
1.459961 -0.898438 1.255859 1309540147.512207
1.417969 -0.886719 1.166992 1309540147.534207
1.310547 -0.871094 1.119141 1309540147.555199
1.352539 -0.800781 0.958008 1309540147.599211
1.352539 -0.782227 0.916016 1309540147.622210
1.382812 -0.787109 0.916016 1309540147.665209
1.218750 -0.803711 0.520508 1309540147.698208
1.718750 -1.411133 1.893555 1309540147.742211
1.050781 -0.853516 0.824219 1309540147.763208
1.155273 -0.795898 0.790039 1309540147.784211
1.272461 -0.882812 0.965820 1309540147.808208
1.350586 -0.756836 0.750977 1309540147.867214
1.798828 -0.789062 0.583984 1309540147.889190
1.594727 -0.631836 0.571289 1309540147.910188
1.377930 -0.760742 0.649414 1309540147.955215
1.272461 -0.721680 0.548828 1309540147.978223
1.180664 -0.634766 0.620117 1309540148.000212
1.224609 -0.668945 0.580078 1309540148.047231
1.139648 -0.717773 0.666992 1309540148.068216
1.170898 -0.741211 0.666992 1309540148.112225
1.052734 -0.773438 0.666992 1309540148.164226
0.994141 -0.780273 0.644531 1309540148.189217
0.866211 -0.731445 0.644531 1309540148.211223
0.777344 -0.694336 0.724609 1309540148.255223
0.771484 -0.650391 0.791016 1309540148.278220
0.688477 -0.571289 0.709961 1309540148.302223
0.578125 -0.518555 0.690430 1309540148.345193
0.608398 -0.522461 0.648438 1309540148.368222
0.541992 -0.342773 0.472656 1309540148.396225
0.365234 -0.306641 0.342773 1309540148.439221
0.351562 -0.356445 0.209961 1309540148.460223
0.263672 -0.243164 0.041016 1309540148.503225
0.180664 -0.205078 -0.095703 1309540148.547234
0.022461 -0.208008 -0.242188 1309540148.572229
-0.125000 -0.109375 -0.368164 1309540148.597228
-0.228516 0.025391 -0.531250 1309540148.635232
-0.325195 0.077148 -0.605469 1309540148.658232
-0.451172 0.064453 -0.760742 1309540148.700226
-0.561523 0.186523 -0.841797 1309540148.723226
-0.623047 0.215820 -0.904297 1309540148.748204
-0.623047 0.215820 -0.904297 1309540148.792234
-0.762695 0.286133 -1.000977 1309540148.818230
-0.824219 0.203125 -1.011719 1309540148.862226
-0.849609 0.218750 -0.947266 1309540148.884233
-0.812500 0.193359 -0.921875 1309540148.929241
-0.780273 0.164062 -0.821289 1309540148.947244
-0.800781 0.193359 -0.728516 1309540148.982225
-0.749023 0.181641 -0.691406 1309540149.027237
-0.766602 0.195312 -0.686523 1309540149.050233
-0.785156 0.153320 -0.740234 1309540149.073251
-0.750000 0.143555 -0.836914 1309540149.117237
-0.726562 0.125000 -0.875977 1309540149.138287
-0.653320 0.168945 -0.860352 1309540149.189238
-0.452148 0.117188 -0.825195 1309540149.224233
-0.396484 0.161133 -0.734375 1309540149.268234
-0.208008 0.087891 -0.645508 1309540149.269234
-0.040039 0.069336 -0.587891 1309540149.313235
0.048828 -0.036133 -0.526367 1309540149.334240
0.242188 -0.036133 -0.526367 1309540149.355240
0.492188 -0.036133 -0.526367 1309540149.399241
0.587891 -0.400391 -0.166992 1309540149.453254
0.680664 -0.593750 -0.108398 1309540149.482238
0.852539 -0.754883 0.008789 1309540149.504218
1.028320 -0.754883 0.008789 1309540149.527244
1.209961 -0.853516 0.425781 1309540149.572245
1.397461 -0.848633 0.708984 1309540149.597276
1.472656 -0.893555 0.978516 1309540149.619246
1.557617 -0.869141 1.173828 1309540149.667250
1.602539 -0.802734 1.222656 1309540149.688243
1.621094 -0.755859 1.170898 1309540149.721271
1.549805 -0.805664 1.125000 1309540149.770249
1.536133 -0.722656 1.032227 1309540149.793260
1.547852 -0.664062 0.991211 1309540149.835253
1.563477 -0.665039 0.958984 1309540149.858256
1.541992 -0.615234 0.954102 1309540149.879255
1.977539 -1.066406 1.642578 1309540149.923256
1.422852 -0.083984 1.541016 1309540149.945259
1.127930 -0.542969 0.641602 1309540149.990261
1.194336 -0.830078 0.975586 1309540150.013257
1.289062 -0.732422 1.060547 1309540150.037250
1.346680 -0.765625 0.930664 1309540150.068255
1.307617 -0.836914 0.666992 1309540150.113256
1.493164 -0.561523 0.316406 1309540150.135259
1.400391 -0.707031 0.533203 1309540150.180256
1.387695 -0.513672 0.537109 1309540150.197254
1.323242 -0.413086 0.540039 1309540150.238265
1.226562 -0.536133 0.540039 1309540150.262255
1.225586 -0.541016 0.622070 1309540150.308253
1.206055 -0.534180 0.665039 1309540150.344260
1.203125 -0.677734 0.710938 1309540150.377266
1.237305 -0.750977 0.720703 1309540150.398254
1.139648 -0.631836 0.693359 1309540150.422259
1.027344 -0.635742 0.741211 1309540150.452268
0.958984 -0.717773 0.741211 1309540150.496270
0.836914 -0.566406 0.683594 1309540150.540265
0.713867 -0.519531 0.683594 1309540150.566269
0.563477 -0.494141 0.562500 1309540150.588263
0.482422 -0.495117 0.478516 1309540150.632269
0.482422 -0.495117 0.478516 1309540150.653265
0.321289 -0.321289 0.222656 1309540150.724274
0.302734 -0.257812 0.130859 1309540150.763265
0.147461 -0.165039 0.002930 1309540150.764268
0.033203 -0.124023 -0.152344 1309540150.784260
-0.062500 -0.047852 -0.325195 1309540150.808270
-0.062500 -0.047852 -0.325195 1309540150.843271
-0.250000 0.157227 -0.545898 1309540150.887270
-0.315430 0.264648 -0.670898 1309540150.908271
-0.436523 0.419922 -0.711914 1309540150.952289
-0.491211 0.515625 -0.751953 1309540150.977269
-0.500977 0.647461 -0.742188 1309540150.999274
-0.510742 0.647461 -0.742188 1309540151.043272
-0.523438 0.565430 -0.634766 1309540151.089275
-0.465820 0.544922 -0.558594 1309540151.115278
-0.380859 0.439453 -0.477539 1309540151.137276
-0.422852 0.377930 -0.470703 1309540151.183279
-0.474609 0.255859 -0.418945 1309540151.204277
-0.333984 0.073242 -0.400391 1309540151.227276
-0.315430 -0.049805 -0.315430 1309540151.270279
-0.168945 -0.222656 -0.216797 1309540151.317276
0.077148 -0.455078 -0.097656 1309540151.342278
0.227539 -0.677734 0.049805 1309540151.385275
0.358398 -0.770508 0.229492 1309540151.387270
0.472656 -0.868164 0.374023 1309540151.439282
0.825195 -0.906250 0.533203 1309540151.460283
1.016602 -1.127930 0.678711 1309540151.508282
1.081055 -1.110352 0.592773 1309540151.533288
1.326172 -1.196289 0.940430 1309540151.554289
1.347656 -1.196289 0.940430 1309540151.577290
1.578125 -1.139648 0.971680 1309540151.622281
1.456055 -1.263672 0.983398 1309540151.667286
1.457031 -1.031250 0.835938 1309540151.689288
1.195312 -1.086914 0.971680 1309540151.733283
1.188477 -0.800781 0.635742 1309540151.754293
1.221680 -0.630859 0.537109 1309540151.780291
1.189453 -0.706055 0.528320 1309540151.823288
1.202148 -0.636719 0.424805 1309540151.845290
1.308594 -0.578125 0.201172 1309540151.888291
1.238281 -0.252930 0.195312 1309540151.909303
1.006836 -0.269531 0.225586 1309540151.952296
0.877930 -0.224609 0.244141 1309540151.977311
0.756836 -0.328125 0.160156 1309540152.028296
0.713867 -0.380859 0.146484 1309540152.053311
0.713867 -0.414062 0.105469 1309540152.075294
0.721680 -0.443359 0.102539 1309540152.119293
0.742188 -0.492188 0.071289 1309540152.144293
0.721680 -0.527344 0.106445 1309540152.187294
0.741211 -0.572266 0.083984 1309540152.208295
0.749023 -0.583984 0.095703 1309540152.229294
0.848633 -0.645508 0.040039 1309540152.272294
0.888672 -0.626953 0.057617 1309540152.293302
0.967773 -0.642578 0.093750 1309540152.318297
0.973633 -0.653320 0.065430 1309540152.365300
0.972656 -0.617188 0.081055 1309540152.409298
0.961914 -0.568359 0.080078 1309540152.432306
0.963867 -0.560547 0.090820 1309540152.454300
0.915039 -0.599609 0.081055 1309540152.489295
0.903320 -0.629883 0.102539 1309540152.512306
