0.949219 -0.417969 -0.080078 1310680746.164286
0.922852 -0.351562 -0.109375 1310680746.185277
0.931641 -0.424805 -0.101562 1310680746.233257
0.971680 -0.361328 -0.100586 1310680746.276298
0.884766 -0.383789 -0.002930 1310680746.298342
0.904297 -0.536133 0.136719 1310680746.323312
0.648438 -0.615234 0.444336 1310680746.349328
0.716797 -0.832031 0.754883 1310680746.383313
0.915039 -0.829102 0.927734 1310680746.425356
1.194336 -1.163086 1.175781 1310680746.449355
1.916016 -1.191406 1.369141 1310680746.476320
1.974609 -1.244141 1.214844 1310680746.514316
1.977539 -1.411133 0.822266 1310680746.539368
1.970703 -1.371094 0.539062 1310680746.581354
1.970703 -1.371094 0.539062 1310680746.610329
1.389648 -1.255859 0.184570 1310680746.681370
0.842773 -0.782227 0.009766 1310680746.683296
0.727539 -0.679688 -0.038086 1310680746.719362
0.891602 -0.630859 -0.147461 1310680746.784367
1.194336 -0.451172 -0.147461 1310680746.786354
1.272461 -0.451172 -0.147461 1310680746.818310
1.203125 -0.166992 -0.239258 1310680746.849367
1.084961 0.150391 -0.313477 1310680746.871338
0.769531 0.307617 -0.226562 1310680746.895321
0.640625 0.253906 -0.111328 1310680746.940370
0.154297 0.568359 0.053711 1310680746.963378
-0.464844 1.225586 0.119141 1310680747.005366
-1.973633 1.984375 0.389648 1310680747.048369
-1.734375 1.979492 0.380859 1310680747.076366
-1.973633 1.983398 -0.036133 1310680747.098310
-1.290039 1.675781 0.100586 1310680747.124325
-0.290039 1.675781 0.100586 1310680747.146369
0.591797 0.374023 -0.112305 1310680747.193306
1.275391 -0.066406 -0.253906 1310680747.254369
1.681641 -0.463867 -0.388672 1310680747.266300
1.754883 -0.478516 -0.664062 1310680747.311366
1.905273 0.041016 -0.858398 1310680747.313343
1.905273 0.041016 -0.858398 1310680747.356385
1.977539 0.213867 -0.333008 1310680747.405388
1.905273 -0.114258 -0.300781 1310680747.428328
1.916016 -0.156250 -0.283203 1310680747.450332
1.979492 -0.906250 -0.229492 1310680747.473334
1.971680 -1.983398 -0.093750 1310680747.515374
1.973633 -1.983398 0.285156 1310680747.541371
1.973633 -1.982422 1.498047 1310680747.590372
1.972656 -1.983398 1.778320 1310680747.611374
1.973633 -1.982422 1.483398 1310680747.654387
1.973633 -1.826172 0.837891 1310680747.675382
1.673828 -1.419922 0.555664 1310680747.704309
1.227539 -1.129883 0.269531 1310680747.754378
1.509766 -0.827148 -0.233398 1310680747.778390
1.807617 -0.542969 -0.399414 1310680747.820345
1.862305 -0.738281 -0.329102 1310680747.843326
1.974609 -0.620117 -0.415039 1310680747.865370
1.975586 -0.458984 -0.512695 1310680747.891335
1.981445 -0.244141 -0.598633 1310680747.934386
1.759766 -0.191406 -0.711914 1310680747.985381
1.277344 -0.262695 -0.518555 1310680748.031389
0.530273 -0.136719 -0.270508 1310680748.033383
-0.737305 0.581055 -0.116211 1310680748.078388
-1.978516 1.081055 -0.116211 1310680748.079383
-1.212891 1.358398 0.585938 1310680748.145390
-0.964844 1.873047 0.695312 1310680748.161386
-1.415039 1.980469 0.784180 1310680748.200359
-1.315430 1.981445 0.610352 1310680748.221354
-0.811523 1.481445 0.290039 1310680748.246346
-0.123047 0.835938 0.113281 1310680748.287369
0.722656 0.283203 0.041992 1310680748.335371
1.319336 -0.039062 -0.017578 1310680748.368395
1.433594 -0.564453 -0.250000 1310680748.391353
1.187500 -0.288086 -0.619141 1310680748.413388
1.254883 0.164062 -0.667969 1310680748.435403
1.254883 0.164062 -0.667969 1310680748.484359
1.879883 0.003906 -0.390625 1310680748.519350
1.683594 -0.158203 -0.384766 1310680748.541400
1.844727 -0.296875 -0.367188 1310680748.584406
1.866211 -0.166016 -0.317383 1310680748.605419
1.976562 -0.750000 -0.065430 1310680748.649355
1.977539 -1.984375 0.055664 1310680748.670399
1.971680 -1.982422 1.681641 1310680748.718410
1.971680 -1.983398 1.988281 1310680748.741400
1.972656 -1.983398 1.987305 1310680748.766397
1.973633 -1.982422 0.892578 1310680748.799304
1.733398 -1.547852 0.341797 1310680748.842328
0.988281 -1.416992 0.206055 1310680748.888413
1.312500 -1.302734 -0.045898 1310680748.909398
1.976562 -1.041992 -0.258789 1310680748.933414
1.981445 -0.699219 -0.524414 1310680748.961408
1.978516 -0.470703 -0.522461 1310680749.005401
1.981445 -0.720703 -0.522461 1310680749.031409
1.977539 -0.477539 -0.512695 1310680749.068407
1.980469 -0.348633 -0.665039 1310680749.096355
1.891602 -0.057617 -0.677734 1310680749.118351
1.300781 0.214844 -0.609375 1310680749.163345
-0.239258 1.629883 -0.806641 1310680749.185410
-1.989258 1.629883 -0.806641 1310680749.240397
-1.973633 1.980469 0.291992 1310680749.305397
-1.739258 1.979492 0.300781 1310680749.306397
-1.115234 1.980469 0.023438 1310680749.328423
-0.293945 1.283203 -0.083008 1310680749.350358
0.625000 0.490234 -0.079102 1310680749.390419
1.260742 0.490234 -0.079102 1310680749.413373
1.566406 -0.123047 -0.385742 1310680749.446414
1.424805 -0.061523 -0.649414 1310680749.491525
1.765625 0.367188 -0.583984 1310680749.515410
1.935547 0.029297 -0.389648 1310680749.540381
1.891602 -0.136719 -0.361328 1310680749.585475
1.858398 -0.132812 -0.303711 1310680749.615414
1.829102 -0.246094 -0.237305 1310680749.651423
1.978516 -0.389648 -0.066406 1310680749.674377
1.984375 -0.748047 0.118164 1310680749.698381
1.972656 -1.982422 0.499023 1310680749.745430
1.970703 -1.980469 1.224609 1310680749.766406
1.970703 -1.980469 1.224609 1310680749.790376
1.973633 -1.983398 1.988281 1310680749.834411
1.971680 -1.967773 0.906250 1310680749.875434
1.801758 -1.583984 0.095703 1310680749.921423
0.989258 -1.704102 0.286133 1310680749.943426
1.040039 -1.103516 0.106445 1310680749.966430
1.602539 -0.974609 -0.058594 1310680750.009415
1.975586 -0.651367 -0.290039 1310680750.031436
1.978516 -0.443359 -0.358398 1310680750.054428
1.975586 -0.487305 -0.408203 1310680750.101384
1.978516 -0.606445 -0.411133 1310680750.114386
1.975586 -0.492188 -0.469727 1310680750.159402
1.981445 -0.251953 -0.644531 1310680750.199390
1.724609 0.106445 -0.496094 1310680750.228437
0.609375 0.757812 -0.482422 1310680750.259431
-1.973633 1.874023 -0.583984 1310680750.283388
-1.582031 0.722656 0.086914 1310680750.328440
-1.907227 1.972656 0.086914 1310680750.350374
-1.083008 1.978516 0.685547 1310680750.403385
-0.989258 1.983398 0.416016 1310680750.425362
-0.698242 1.583008 0.334961 1310680750.449441
0.147461 0.691406 0.111328 1310680750.479435
1.011719 0.211914 -0.050781 1310680750.501390
1.511719 0.211914 -0.050781 1310680750.544450
1.530273 -0.680664 -0.298828 1310680750.584433
1.073242 -0.446289 -0.556641 1310680750.606360
1.092773 0.086914 -0.642578 1310680750.650441
1.581055 0.054688 -0.534180 1310680750.673447
1.977539 -0.094727 -0.500977 1310680750.695403
1.616211 -0.146484 -0.270508 1310680750.741462
1.683594 -0.273438 -0.344727 1310680750.784443
1.830078 -0.460938 -0.232422 1310680750.806374
1.974609 -0.923828 -0.540039 1310680750.850395
1.973633 -1.983398 -0.147461 1310680750.865443
1.971680 -1.983398 1.102539 1310680750.887457
1.973633 -1.983398 1.989258 1310680750.931462
1.973633 -1.983398 1.989258 1310680750.958447
1.972656 -1.983398 0.775391 1310680751.005407
1.882812 -1.982422 0.224609 1310680751.026448
1.380859 -1.404297 0.059570 1310680751.071398
1.534180 -0.911133 0.059570 1310680751.079455
1.974609 -0.741211 -0.331055 1310680751.121373
1.979492 -0.725586 -0.519531 1310680751.164449
1.975586 -0.833008 -0.547852 1310680751.189449
1.979492 -0.632812 -0.563477 1310680751.234454
1.981445 -0.336914 -0.615234 1310680751.258423
1.981445 -0.336914 -0.615234 1310680751.280412
1.575195 0.146484 -0.594727 1310680751.324458
1.284180 0.145508 -0.448242 1310680751.369421
0.068359 1.125977 -0.664062 1310680751.391424
-1.976562 1.305664 -0.412109 1310680751.409452
-1.973633 1.985352 0.415039 1310680751.453390
-1.645508 1.985352 0.415039 1310680751.475406
-1.500977 1.980469 0.373047 1310680751.520401
-1.064453 1.980469 0.372070 1310680751.544387
-0.307617 0.809570 0.271484 1310680751.586391
0.491211 0.190430 0.087891 1310680751.609415
1.062500 -0.048828 -0.048828 1310680751.630397
1.301758 -0.252930 -0.254883 1310680751.679408
1.242188 -0.274414 -0.522461 1310680751.708466
1.168945 0.189453 -0.427734 1310680751.733394
1.380859 0.023438 -0.309570 1310680751.779465
1.340820 -0.274414 -0.239258 1310680751.796428
1.313477 -0.185547 -0.360352 1310680751.849379
1.630859 -0.379883 -0.249023 1310680751.874461
1.410156 -0.867188 -0.002930 1310680751.896408
1.973633 -1.556641 0.530273 1310680751.940396
1.973633 -1.983398 0.177734 1310680751.961391
1.973633 -1.983398 1.021484 1310680751.984395
1.972656 -1.982422 0.927734 1310680752.031464
1.981445 -1.767578 0.624023 1310680752.061376
1.371094 -1.767578 0.510742 1310680752.093402
0.891602 -1.507812 0.496094 1310680752.136406
0.538086 -1.243164 0.074219 1310680752.159471
0.216797 -1.212891 -0.343750 1310680752.204407
0.287109 -1.212891 -0.343750 1310680752.205384
0.522461 -0.607422 -0.302734 1310680752.271385
0.834961 -0.374023 -0.327148 1310680752.295429
1.451172 -0.345703 -0.277344 1310680752.318426
1.266602 -0.213867 -0.127930 1310680752.346416
0.864258 -0.330078 -0.062500 1310680752.389460
0.939453 -0.480469 -0.156250 1310680752.412415
1.149414 -0.507812 -0.231445 1310680752.476402
1.084961 -0.375000 -0.270508 1310680752.478395
0.956055 -0.359375 -0.241211 1310680752.521426
0.853516 -0.365234 -0.132812 1310680752.558436
0.863281 -0.385742 -0.145508 1310680752.559403
0.882812 -0.389648 -0.175781 1310680752.620452
0.901367 -0.380859 -0.150391 1310680752.640420
0.808594 -0.445312 -0.113281 1310680752.663404
0.781250 -0.453125 -0.086914 1310680752.706437
0.845703 -0.440430 -0.029297 1310680752.728402
0.865234 -0.455078 -0.071289 1310680752.773482
0.926758 -0.458008 -0.076172 1310680752.798474
1.002930 -0.468750 -0.074219 1310680752.845422
1.062500 -0.496094 -0.058594 1310680752.868480
1.030273 -0.574219 -0.029297 1310680752.891408
1.017578 -0.507812 -0.052734 1310680752.936481
