1.017578 -0.401367 0.273438 1309563199.066618
1.173828 -0.401367 0.273438 1309563199.107627
1.169922 -0.599609 0.454102 1309563199.154626
1.100586 -0.915039 0.949219 1309563199.176619
0.882812 -0.896484 1.409180 1309563199.199618
0.694336 -1.263672 1.666992 1309563199.232646
0.643555 -1.546875 1.666992 1309563199.270632
0.696289 -1.523438 1.848633 1309563199.314631
0.553711 -1.741211 1.694336 1309563199.442624
0.406250 -1.979492 1.515625 1309563199.443621
0.401367 -1.737305 1.170898 1309563199.487619
0.337891 -1.467773 0.841797 1309563199.508630
0.402344 -1.214844 0.591797 1309563199.510629
0.532227 -0.961914 0.401367 1309563199.512615
0.736328 -0.587891 0.250977 1309563199.532633
0.657227 -0.485352 0.100586 1309563199.553636
0.522461 -0.208984 -0.071289 1309563199.597631
0.359375 0.023438 -0.199219 1309563199.618642
0.359375 0.023438 -0.199219 1309563199.641640
-0.273438 0.168945 -0.433594 1309563199.684625
-0.555664 -0.160156 -0.430664 1309563199.729645
-0.742188 -0.479492 -0.203125 1309563199.751641
-0.883789 -0.273438 -0.176758 1309563199.775640
-0.913086 -0.136719 -0.228516 1309563199.839661
-0.777344 -0.164062 -0.296875 1309563199.841628
-0.774414 -0.202148 -0.289062 1309563199.922630
-0.742188 -0.195312 -0.429688 1309563199.923635
-0.713867 0.027344 -0.542969 1309563199.997639
-0.881836 -0.059570 -0.591797 1309563199.998632
-1.010742 -0.037109 -0.467773 1309563200.123642
-1.010742 -0.037109 -0.467773 1309563200.124611
-0.986328 0.107422 -0.427734 1309563200.147641
-0.874023 0.043945 -0.378906 1309563200.148638
-0.872070 -0.007812 -0.413086 1309563200.169645
-0.898438 -0.071289 -0.371094 1309563200.191650
-0.948242 -0.036133 -0.340820 1309563200.192633
-0.955078 -0.051758 -0.340820 1309563200.235645
-0.955078 -0.051758 -0.340820 1309563200.256652
-0.857422 0.009766 -0.294922 1309563200.367741
-0.855469 0.061523 -0.358398 1309563200.392651
-0.899414 0.031250 -0.423828 1309563200.411627
-0.818359 0.081055 -0.476562 1309563200.413646
-0.772461 0.129883 -0.594727 1309563200.436644
-0.780273 0.125000 -0.678711 1309563200.523651
-0.743164 0.059570 -0.671875 1309563200.524646
-0.565430 -0.007812 -0.587891 1309563200.547650
-0.354492 -0.055664 -0.542969 1309563200.567646
-0.132812 -0.138672 -0.496094 1309563200.611647
0.034180 -0.139648 -0.454102 1309563200.631679
0.319336 -0.190430 -0.411133 1309563200.654661
0.401367 -0.196289 -0.430664 1309563200.699650
0.517578 -0.305664 -0.477539 1309563200.721643
0.719727 -0.547852 -0.218750 1309563200.743652
1.362305 -0.707031 0.531250 1309563200.767652
1.416016 0.089844 0.573242 1309563200.871648
1.439453 -0.455078 0.479492 1309563200.893647
1.984375 -0.147461 0.746094 1309563200.894642
1.976562 -0.499023 0.768555 1309563200.915655
1.844727 -0.912109 1.220703 1309563200.959671
1.817383 -0.313477 1.055664 1309563201.003658
1.758789 -0.382812 0.746094 1309563201.004657
1.770508 -0.344727 1.187500 1309563201.049658
1.582031 -0.076172 0.728516 1309563201.071648
1.835938 -0.172852 0.356445 1309563201.109661
1.567383 -0.096680 0.501953 1309563201.132669
1.401367 -0.212891 0.539062 1309563201.176668
1.271484 -0.424805 0.323242 1309563201.198666
1.492188 -0.278320 0.105469 1309563201.304681
1.651367 -0.514648 0.203125 1309563201.337664
1.534180 -0.388672 0.096680 1309563201.338657
1.421875 -0.418945 0.096680 1309563201.342659
1.371094 -0.389648 -0.046875 1309563201.454658
1.120117 -0.268555 -0.172852 1309563201.456653
0.969727 -0.291016 -0.272461 1309563201.491666
0.936523 -0.437500 -0.369141 1309563201.512673
0.908203 -0.214844 -0.347656 1309563201.532660
0.947266 -0.152344 -0.280273 1309563201.533657
1.153320 -0.432617 -0.101562 1309563201.555666
1.153320 -0.432617 -0.101562 1309563201.586644
1.284180 -0.297852 0.036133 1309563201.631671
1.328125 -0.326172 0.149414 1309563201.673671
1.331055 -0.243164 0.193359 1309563201.697640
1.331055 -0.243164 0.193359 1309563201.719678
1.430664 -0.391602 0.320312 1309563201.756691
1.485352 -0.431641 0.350586 1309563201.823685
1.500977 -0.560547 0.530273 1309563201.843683
1.608398 -0.521484 0.567383 1309563201.844676
1.714844 -0.433594 0.530273 1309563201.866684
1.677734 -0.484375 0.586914 1309563201.929680
1.596680 -0.416016 0.640625 1309563201.932680
1.502930 -0.379883 0.640625 1309563201.975683
1.428711 -0.513672 0.583984 1309563202.019688
1.332031 -0.510742 0.667969 1309563202.106683
1.213867 -0.341797 0.543945 1309563202.107677
1.119141 -0.307617 0.460938 1309563202.154678
1.014648 -0.379883 0.388672 1309563202.156682
0.837891 -0.230469 0.345703 1309563202.242685
0.667969 -0.202148 0.299805 1309563202.266699
0.397461 -0.163086 0.248047 1309563202.288708
0.280273 -0.232422 0.248047 1309563202.290676
0.108398 -0.076172 0.161133 1309563202.332692
-0.012695 -0.074219 0.181641 1309563202.333653
-0.216797 -0.025391 0.207031 1309563202.377661
-0.175781 -0.012695 0.103516 1309563202.403696
-0.231445 0.065430 -0.062500 1309563202.449693
-0.291992 0.087891 -0.141602 1309563202.451687
-0.381836 0.101562 -0.208984 1309563202.494686
-0.527344 -0.041992 -0.317383 1309563202.633691
-0.703125 -0.309570 -0.348633 1309563202.634683
-0.766602 -0.374023 -0.275391 1309563202.656689
-0.794922 -0.266602 -0.342773 1309563202.723665
-0.794922 -0.266602 -0.342773 1309563202.746691
-0.793945 0.146484 -0.532227 1309563202.748665
-0.796875 -0.041016 -0.583984 1309563202.768686
-0.852539 -0.225586 -0.628906 1309563202.789695
-0.898438 -0.165039 -0.721680 1309563202.791687
-0.955078 -0.080078 -0.789062 1309563202.813691
-0.928711 -0.080078 -0.789062 1309563202.837697
-0.911133 -0.044922 -0.745117 1309563202.879665
-0.921875 -0.017578 -0.694336 1309563202.946673
-0.904297 0.010742 -0.660156 1309563202.947677
-0.864258 0.026367 -0.602539 1309563203.059702
-0.840820 0.007812 -0.535156 1309563203.061693
-0.838867 -0.069336 -0.545898 1309563203.102701
-0.829102 -0.078125 -0.510742 1309563203.124696
-0.798828 -0.083984 -0.454102 1309563203.128699
-0.798828 -0.095703 -0.458008 1309563203.148700
-0.737305 -0.099609 -0.515625 1309563203.172705
-0.766602 -0.198242 -0.528320 1309563203.193701
-0.676758 -0.143555 -0.462891 1309563203.238706
-0.519531 -0.085938 -0.464844 1309563203.283700
-0.399414 -0.172852 -0.352539 1309563203.306702
-0.216797 -0.250000 -0.342773 1309563203.326495
-0.035156 -0.211914 -0.289062 1309563203.369701
0.133789 -0.250977 -0.208008 1309563203.504677
0.276367 -0.293945 -0.091797 1309563203.506697
0.518555 -0.219727 0.000977 1309563203.528721
0.615234 -0.195312 0.052734 1309563203.551710
0.870117 -0.037109 0.076172 1309563203.552697
1.046875 0.135742 0.173828 1309563203.573701
1.216797 0.179688 0.325195 1309563203.575705
1.384766 0.286133 0.368164 1309563203.638715
1.616211 0.573242 0.344727 1309563203.661711
1.718750 0.521484 0.537109 1309563203.683695
1.758789 0.530273 0.462891 1309563203.707709
1.979492 0.271484 0.697266 1309563203.748710
1.979492 0.271484 0.697266 1309563203.771705
1.759766 0.373047 0.770508 1309563203.858732
1.779297 0.374023 0.427734 1309563203.859709
1.876953 -0.208008 0.699219 1309563203.879665
1.724609 -0.344727 0.746094 1309563203.901712
1.609375 -0.158203 0.591797 1309563203.948718
1.468750 -0.333008 0.591797 1309563204.025724
1.462891 -0.272461 0.616211 1309563204.074723
1.480469 -0.083008 0.377930 1309563204.139716
1.358398 -0.212891 0.184570 1309563204.188718
1.171875 -0.286133 0.210938 1309563204.232715
1.186523 -0.123047 0.061523 1309563204.234714
1.091797 -0.134766 -0.129883 1309563204.328723
1.027344 -0.125000 -0.210938 1309563204.329720
1.045898 -0.208008 -0.129883 1309563204.448724
1.068359 -0.212891 -0.107422 1309563204.468740
1.150391 -0.193359 -0.106445 1309563204.524749
1.208984 -0.215820 -0.000977 1309563204.526723
1.315430 -0.259766 0.055664 1309563204.547701
1.366211 -0.199219 0.094727 1309563204.567706
1.381836 -0.216797 0.171875 1309563204.568725
1.334961 -0.295898 0.130859 1309563204.569723
1.413086 -0.508789 0.219727 1309563204.591738
1.532227 -0.331055 0.187500 1309563204.611752
1.524414 -0.196289 0.270508 1309563204.612729
1.490234 -0.085938 0.288086 1309563204.636745
1.459961 -0.187500 0.358398 1309563204.656742
1.269531 -0.177734 0.445312 1309563204.657729
1.140625 -0.126953 0.511719 1309563204.678716
1.140625 -0.126953 0.511719 1309563204.699730
1.187500 -0.125977 0.568359 1309563204.743743
1.190430 -0.131836 0.607422 1309563204.789735
1.217773 -0.155273 0.626953 1309563204.816731
1.111328 -0.128906 0.660156 1309563204.861708
1.133789 -0.124023 0.644531 1309563204.903718
0.995117 -0.115234 0.613281 1309563204.905719
0.876953 -0.150391 0.625977 1309563204.973759
0.765625 -0.086914 0.562500 1309563204.994740
0.658203 -0.113281 0.444336 1309563205.014737
0.526367 0.001953 0.351562 1309563205.037742
0.466797 0.146484 0.170898 1309563205.059727
0.281250 0.125000 0.100586 1309563205.147736
0.020508 -0.250000 0.174805 1309563205.148739
-0.156250 -0.237305 0.204102 1309563205.194741
-0.325195 -0.119141 0.121094 1309563205.216751
-0.432617 -0.125977 0.058594 1309563205.237739
-0.406250 -0.185547 0.007812 1309563205.278748
-0.479492 -0.174805 -0.107422 1309563205.301745
-0.586914 -0.200195 -0.174805 1309563205.343741
-0.606445 -0.220703 -0.286133 1309563205.366740
-0.703125 -0.172852 -0.383789 1309563205.389743
-0.823242 -0.178711 -0.475586 1309563205.432742
-0.821289 -0.287109 -0.391602 1309563205.453741
-0.792969 -0.243164 -0.468750 1309563205.477754
-0.807617 -0.163086 -0.585938 1309563205.526745
-0.761719 0.111328 -0.837891 1309563205.547746
-0.782227 -0.257812 -0.856445 1309563205.591756
-0.799805 -0.156250 -0.928711 1309563205.612746
-0.897461 -0.258789 -0.904297 1309563205.661755
-0.910156 -0.294922 -0.884766 1309563205.752755
-0.912109 -0.267578 -0.805664 1309563205.753748
-0.883789 -0.202148 -0.670898 1309563205.754746
-0.898438 -0.214844 -0.616211 1309563205.779774
-0.853516 -0.096680 -0.579102 1309563205.823753
-0.853516 -0.096680 -0.579102 1309563205.866760
-0.860352 -0.191406 -0.513672 1309563205.888748
-0.877930 -0.196289 -0.501953 1309563205.932751
-0.874023 -0.271484 -0.500000 1309563205.934751
-0.820312 -0.285156 -0.476562 1309563205.979755
-0.755859 -0.314453 -0.465820 1309563206.026750
-0.666992 -0.306641 -0.465820 1309563206.047758
-0.577148 -0.337891 -0.421875 1309563206.119753
-0.540039 -0.308594 -0.425781 1309563206.121726
-0.446289 -0.277344 -0.400391 1309563206.143753
-0.341797 -0.220703 -0.394531 1309563206.166762
-0.183594 -0.256836 -0.312500 1309563206.187788
0.028320 -0.250977 -0.277344 1309563206.254727
0.219727 -0.330078 -0.250977 1309563206.274762
0.501953 -0.330078 -0.263672 1309563206.297754
0.741211 -0.304688 -0.276367 1309563206.338766
1.081055 -0.190430 -0.020508 1309563206.361764
1.264648 0.087891 0.231445 1309563206.437764
1.432617 0.278320 0.301758 1309563206.458776
1.565430 0.126953 0.476562 1309563206.459791
1.671875 0.193359 0.617188 1309563206.526758
1.758789 0.126953 0.668945 1309563206.527755
1.904297 0.076172 0.588867 1309563206.549786
1.975586 0.076172 0.588867 1309563206.571768
1.908203 0.162109 0.639648 1309563206.617790
1.984375 0.069336 0.665039 1309563206.638774
1.950195 0.138672 0.818359 1309563206.674772
1.840820 0.268555 0.496094 1309563206.717770
1.909180 -0.176758 0.604492 1309563206.742764
1.682617 0.072266 0.483398 1309563206.770777
1.609375 -0.028320 0.267578 1309563206.818766
1.610352 -0.372070 0.257812 1309563206.843781
1.615234 -0.472656 0.291992 1309563206.866751
1.509766 -0.254883 0.198242 1309563206.912777
1.431641 -0.300781 0.116211 1309563206.938741
1.318359 -0.303711 0.049805 1309563206.967896
1.254883 -0.192383 0.164062 1309563207.000780
1.156250 -0.298828 0.011719 1309563207.049771
1.013672 -0.402344 -0.091797 1309563207.133780
0.992188 -0.303711 -0.208984 1309563207.154779
1.063477 -0.351562 -0.171875 1309563207.155775
1.094727 -0.213867 -0.138672 1309563207.183773
1.244141 -0.278320 -0.116211 1309563207.207789
1.258789 -0.335938 -0.069336 1309563207.284774
1.327148 -0.353516 0.033203 1309563207.301795
1.448242 -0.548828 0.172852 1309563207.306780
1.298828 -0.357422 0.373047 1309563207.326792
1.289062 -0.298828 0.324219 1309563207.369791
1.289062 -0.424805 0.353516 1309563207.392776
1.260742 -0.406250 0.468750 1309563207.427780
1.346680 -0.061523 0.500000 1309563207.447764
1.414062 -0.096680 0.583008 1309563207.492788
1.444336 -0.173828 0.583008 1309563207.513789
1.365234 -0.182617 0.524414 1309563207.558779
1.309570 -0.152344 0.566406 1309563207.581788
1.175781 -0.208008 0.596680 1309563207.626787
1.164062 -0.165039 0.630859 1309563207.648783
1.057617 -0.148438 0.604492 1309563207.754799
0.973633 -0.083984 0.591797 1309563207.756762
0.830078 -0.114258 0.645508 1309563207.776790
0.750977 -0.104492 0.666992 1309563207.841793
0.616211 -0.107422 0.587891 1309563207.884782
0.532227 -0.141602 0.519531 1309563207.885777
0.483398 -0.103516 0.435547 1309563207.913845
0.483398 -0.103516 0.435547 1309563207.932799
0.157227 -0.111328 0.252930 1309563207.979791
0.018555 -0.131836 0.234375 1309563208.000793
-0.084961 -0.141602 0.228516 1309563208.045796
-0.196289 -0.083984 0.092773 1309563208.047789
-0.297852 -0.093750 -0.022461 1309563208.067789
-0.334961 -0.140625 -0.112305 1309563208.110813
-0.412109 0.090820 -0.207031 1309563208.133795
-0.509766 0.004883 -0.314453 1309563208.177802
-0.546875 -0.121094 -0.370117 1309563208.198792
-0.645508 -0.190430 -0.439453 1309563208.220802
-0.745117 -0.186523 -0.493164 1309563208.265817
-0.832031 -0.329102 -0.515625 1309563208.315792
-0.913086 -0.146484 -0.614258 1309563208.340801
-0.910156 -0.037109 -0.794922 1309563208.360801
-0.831055 -0.080078 -0.767578 1309563208.400800
-0.838867 -0.103516 -0.760742 1309563208.425808
-0.871094 -0.083008 -0.764648 1309563208.489810
-0.849609 -0.070312 -0.740234 1309563208.534767
-0.865234 -0.035156 -0.686523 1309563208.537802
-0.886719 -0.031250 -0.677734 1309563208.557809
-0.893555 -0.029297 -0.676758 1309563208.604824
-0.846680 -0.048828 -0.676758 1309563208.607812
-0.889648 -0.048828 -0.676758 1309563208.628823
-0.868164 -0.107422 -0.641602 1309563208.694810
-0.889648 -0.081055 -0.606445 1309563208.718808
-0.878906 -0.097656 -0.610352 1309563208.742819
-0.892578 -0.154297 -0.615234 1309563208.799860
-0.814453 -0.158203 -0.576172 1309563208.820784
-0.760742 -0.158203 -0.576172 1309563208.822809
-0.706055 -0.218750 -0.576172 1309563208.887956
-0.710938 -0.216797 -0.557617 1309563208.912815
-0.683594 -0.220703 -0.551758 1309563209.008812
-0.569336 -0.108398 -0.489258 1309563209.030812
-0.411133 -0.175781 -0.398438 1309563209.052813
-0.247070 -0.147461 -0.346680 1309563209.072822
-0.109375 -0.151367 -0.278320 1309563209.094812
0.033203 -0.151367 -0.278320 1309563209.117801
0.208984 -0.207031 -0.180664 1309563209.163815
0.419922 -0.222656 -0.030273 1309563209.184816
0.562500 -0.276367 0.072266 1309563209.208830
0.811523 -0.415039 0.211914 1309563209.252816
0.958008 -0.082031 0.265625 1309563209.273826
1.036133 -0.101562 0.377930 1309563209.294827
1.169922 0.074219 0.487305 1309563209.337841
1.278320 0.101562 0.554688 1309563209.358821
1.423828 0.124023 0.686523 1309563209.408822
1.643555 0.263672 0.686523 1309563209.410820
1.708984 0.159180 0.491211 1309563209.450821
1.750977 -0.077148 0.659180 1309563209.494834
1.979492 -0.028320 0.541992 1309563209.559813
1.984375 0.201172 0.470703 1309563209.560825
1.760742 0.123047 0.470703 1309563209.585823
1.689453 0.353516 0.719727 1309563209.604797
1.706055 -0.105469 0.720703 1309563209.652828
1.587891 -0.187500 0.737305 1309563209.673830
1.454102 0.013672 0.450195 1309563209.723824
1.437500 -0.186523 0.302734 1309563209.745826
1.388672 -0.313477 0.227539 1309563209.767805
1.327148 -0.376953 0.188477 1309563209.804801
1.394531 -0.356445 -0.019531 1309563209.854832
1.329102 -0.202148 -0.145508 1309563209.882799
1.341797 -0.326172 -0.135742 1309563209.907828
1.264648 -0.166992 -0.064453 1309563209.959804
1.264648 -0.166992 -0.064453 1309563210.008826
1.196289 -0.242188 -0.109375 1309563210.044810
1.258789 -0.364258 -0.174805 1309563210.082834
1.258789 -0.296875 -0.125977 1309563210.117825
1.281250 -0.217773 -0.060547 1309563210.118803
1.262695 -0.278320 -0.022461 1309563210.153831
1.224609 -0.335938 0.112305 1309563210.160849
1.169922 -0.476562 0.234375 1309563210.203836
1.103516 -0.214844 0.311523 1309563210.223807
1.257812 -0.281250 0.449219 1309563210.277850
1.268555 -0.208008 0.475586 1309563210.308831
1.387695 -0.164062 0.384766 1309563210.310862
1.385742 -0.208008 0.360352 1309563210.354895
1.411133 -0.271484 0.492188 1309563210.398838
1.438477 -0.248047 0.530273 1309563210.419842
1.448242 -0.044922 0.448242 1309563210.467858
1.310547 -0.117188 0.447266 1309563210.488851
1.131836 -0.119141 0.476562 1309563210.510840
0.999023 -0.080078 0.514648 1309563210.555837
1.049805 -0.125000 0.655273 1309563210.579811
1.120117 -0.110352 0.711914 1309563210.622845
0.986328 0.132812 0.602539 1309563210.667832
0.842773 0.081055 0.544922 1309563210.668813
0.789062 0.081055 0.544922 1309563210.710851
0.580078 0.079102 0.558594 1309563210.827852
0.478516 0.036133 0.466797 1309563210.848843
0.334961 0.003906 0.406250 1309563210.892837
0.201172 -0.033203 0.291016 1309563210.912876
-0.059570 0.036133 0.098633 1309563210.934865
-0.063477 -0.277344 0.181641 1309563210.936852
-0.095703 -0.063477 0.050781 1309563210.957837
-0.165039 -0.017578 -0.177734 1309563210.958834
-0.296875 -0.185547 -0.217773 1309563211.005860
-0.458984 -0.228516 -0.231445 1309563211.027856
-0.570312 -0.324219 -0.190430 1309563211.050855
-0.654297 -0.213867 -0.230469 1309563211.094861
-0.654297 -0.213867 -0.230469 1309563211.137871
-0.825195 -0.117188 -0.395508 1309563211.160832
-0.930664 -0.107422 -0.369141 1309563211.184862
-0.976562 0.001953 -0.375977 1309563211.228863
-0.953125 -0.055664 -0.415039 1309563211.253860
-0.921875 -0.174805 -0.393555 1309563211.294861
-0.911133 -0.158203 -0.441406 1309563211.339857
-0.921875 -0.159180 -0.553711 1309563211.360861
-0.914062 -0.147461 -0.510742 1309563211.385856
-0.863281 -0.111328 -0.539062 1309563211.407862
-0.945312 -0.076172 -0.567383 1309563211.449850
-0.931641 -0.093750 -0.567383 1309563211.472844
-0.939453 -0.090820 -0.603516 1309563211.517875
-0.892578 -0.059570 -0.588867 1309563211.584874
-0.914062 -0.092773 -0.565430 1309563211.607841
-0.877930 -0.046875 -0.525391 1309563211.628867
-0.864258 -0.010742 -0.525391 1309563211.650869
-0.860352 0.014648 -0.519531 1309563211.677874
-0.864258 0.017578 -0.477539 1309563211.719865
-0.821289 -0.012695 -0.450195 1309563211.742872
-0.844727 0.038086 -0.430664 1309563211.787957
-0.813477 0.006836 -0.403320 1309563211.809886
-0.769531 0.010742 -0.465820 1309563211.830868
-0.746094 -0.082031 -0.368164 1309563211.939882
-0.682617 -0.079102 -0.375977 1309563211.960964
-0.622070 -0.115234 -0.336914 1309563211.962871
-0.488281 -0.212891 -0.290039 1309563211.963853
-0.343750 -0.174805 -0.284180 1309563211.997888
-0.343750 -0.174805 -0.284180 1309563212.017870
-0.343750 -0.174805 -0.284180 1309563212.060850
0.107422 -0.168945 -0.234375 1309563212.132879
0.334961 -0.149414 -0.161133 1309563212.175869
0.522461 -0.264648 -0.074219 1309563212.178875
0.556641 0.003906 -0.000977 1309563212.179872
0.776367 0.080078 0.140625 1309563212.225870
1.000977 0.269531 0.254883 1309563212.290882
0.995117 0.134766 0.323242 1309563212.295880
1.285156 0.337891 0.464844 1309563212.339883
1.331055 0.327148 0.530273 1309563212.340874
1.356445 0.153320 0.508789 1309563212.409882
1.505859 0.317383 0.536133 1309563212.430878
1.639648 0.152344 0.650391 1309563212.482875
1.572266 0.054688 0.662109 1309563212.483872
1.745117 -0.111328 0.708008 1309563212.514880
1.825195 -0.056641 0.693359 1309563212.535852
1.609375 0.208008 0.493164 1309563212.580868
1.799805 0.333984 0.494141 1309563212.623882
1.838867 0.102539 0.534180 1309563212.650882
1.638672 0.062500 0.435547 1309563212.679885
1.612305 -0.230469 0.304688 1309563212.729887
1.646484 -0.231445 0.285156 1309563212.880874
1.594727 -0.231445 0.285156 1309563212.882840
1.441406 -0.213867 0.319336 1309563212.924898
1.344727 -0.115234 0.233398 1309563212.944867
1.327148 -0.022461 0.310547 1309563212.967892
1.226562 -0.068359 0.289062 1309563212.968888
1.182617 -0.117188 0.248047 1309563212.988909
1.138672 -0.041016 0.279297 1309563212.990890
1.147461 -0.058594 0.265625 1309563213.010892
1.348633 -0.096680 0.198242 1309563213.033872
1.328125 -0.211914 0.194336 1309563213.055884
1.393555 -0.146484 0.276367 1309563213.099890
1.426758 -0.204102 0.274414 1309563213.122892
1.403320 -0.103516 0.250000 1309563213.167878
1.396484 0.005859 0.304688 1309563213.189904
1.403320 -0.143555 0.379883 1309563213.227905
1.374023 -0.023438 0.388672 1309563213.248897
1.346680 0.001953 0.478516 1309563213.293921
1.330078 0.136719 0.660156 1309563213.315891
1.330078 0.136719 0.660156 1309563213.338914
1.242188 0.230469 0.464844 1309563213.384902
1.215820 0.189453 0.609375 1309563213.427918
1.125000 0.214844 0.599609 1309563213.449902
1.056641 0.059570 0.632812 1309563213.472908
0.987305 0.187500 0.677734 1309563213.538900
0.949219 0.162109 0.577148 1309563213.539889
0.839844 0.151367 0.395508 1309563213.582905
0.664062 0.054688 0.284180 1309563213.607906
0.539062 0.016602 0.256836 1309563213.679909
0.267578 0.038086 0.114258 1309563213.720903
0.042969 -0.047852 0.114258 1309563213.722904
0.008789 -0.099609 0.205078 1309563213.743902
-0.083008 -0.083008 0.187500 1309563213.765901
-0.211914 -0.090820 0.110352 1309563213.812875
-0.229492 -0.090820 0.022461 1309563213.834903
-0.265625 -0.033203 0.045898 1309563213.878878
-0.448242 -0.092773 0.045898 1309563213.900914
-0.504883 0.012695 -0.088867 1309563213.938919
-0.646484 -0.066406 -0.171875 1309563213.962908
-0.716797 -0.127930 -0.184570 1309563214.032911
-0.826172 -0.001953 -0.257812 1309563214.033898
-0.860352 -0.005859 -0.320312 1309563214.075912
-0.860352 -0.005859 -0.320312 1309563214.098912
-0.963867 -0.079102 -0.341797 1309563214.152931
-0.952148 -0.132812 -0.321289 1309563214.180912
-0.882812 -0.039062 -0.334961 1309563214.182914
-0.875977 -0.057617 -0.327148 1309563214.228941
-0.914062 -0.046875 -0.308594 1309563214.252891
-0.919922 -0.037109 -0.340820 1309563214.275938
-0.942383 0.017578 -0.393555 1309563214.340931
-0.929688 0.078125 -0.391602 1309563214.362915
-0.843750 0.190430 -0.356445 1309563214.384917
-0.822266 0.183594 -0.401367 1309563214.407924
-0.782227 0.260742 -0.356445 1309563214.453918
-0.740234 0.354492 -0.341797 1309563214.474911
-0.756836 0.324219 -0.383789 1309563214.518905
-0.730469 0.265625 -0.443359 1309563214.560924
-0.619141 0.148438 -0.470703 1309563214.582918
-0.514648 -0.011719 -0.387695 1309563214.627916
-0.345703 -0.072266 -0.331055 1309563214.628916
-0.107422 -0.063477 -0.259766 1309563214.669922
0.097656 -0.151367 -0.259766 1309563214.692925
0.360352 -0.304688 -0.103516 1309563214.738930
0.555664 -0.483398 -0.070312 1309563214.782900
0.728516 -0.505859 0.038086 1309563214.803930
1.252930 -0.505859 0.038086 1309563214.824947
1.510742 -0.822266 0.662109 1309563214.890953
1.622070 -0.736328 0.452148 1309563214.892920
1.982422 -0.041992 0.862305 1309563214.933934
1.878906 0.750000 1.026367 1309563214.975939
1.984375 0.527344 1.080078 1309563215.000935
1.766602 0.474609 1.080078 1309563215.022926
1.858398 0.411133 1.090820 1309563215.060909
1.550781 0.126953 1.226562 1309563215.148943
1.280273 0.162109 1.115234 1309563215.149932
1.221680 -0.162109 1.213867 1309563215.172946
1.176758 -0.667969 1.983398 1309563215.259929
1.178711 0.386719 1.141602 1309563215.303931
0.895508 -0.140625 0.335938 1309563215.368941
0.918945 -0.348633 0.212891 1309563215.389942
0.967773 0.083008 0.224609 1309563215.514938
1.006836 -0.046875 0.174805 1309563215.515931
0.963867 -0.240234 0.106445 1309563215.580953
0.898438 -0.309570 0.124023 1309563215.602940
0.848633 -0.339844 0.113281 1309563215.625942
0.778320 -0.344727 0.049805 1309563215.627930
0.749023 -0.331055 0.083008 1309563215.645943
0.746094 -0.291016 0.104492 1309563215.647940
0.828125 -0.344727 0.120117 1309563215.648940
0.837891 -0.357422 0.131836 1309563215.763956
0.916992 -0.210938 0.172852 1309563215.764943
0.786133 -0.221680 0.078125 1309563215.780935
0.826172 -0.472656 0.160156 1309563215.802948
0.847656 -0.470703 0.265625 1309563215.803921
0.865234 -0.329102 0.265625 1309563215.816952
0.923828 -0.392578 0.337891 1309563215.838951
0.954102 -0.364258 0.325195 1309563215.858947
0.948242 -0.359375 0.324219 1309563215.859943
0.943359 -0.342773 0.285156 1309563215.907948
0.918945 -0.245117 0.267578 1309563215.953960
0.905273 -0.283203 0.211914 1309563215.973489
0.910156 -0.367188 0.224609 1309563215.995955
0.913086 -0.324219 0.291016 1309563216.018950
0.960938 -0.225586 0.250977 1309563216.062936
0.945312 -0.206055 0.231445 1309563216.083925
0.967773 -0.207031 0.250000 1309563216.172954
0.967773 -0.207031 0.250000 1309563216.173950
0.942383 -0.230469 0.192383 1309563216.218985
0.923828 -0.238281 0.196289 1309563216.238948
