0.913086 -0.426758 -0.103516 1310680005.934949
0.914062 -0.445312 -0.169922 1310680005.957949
0.851562 -0.449219 -0.132812 1310680005.999875
0.848633 -0.451172 -0.144531 1310680006.023851
0.786133 -0.376953 -0.118164 1310680006.064898
0.761719 -0.384766 -0.138672 1310680006.085843
0.691406 -0.336914 -0.114258 1310680006.128916
0.593750 -0.329102 -0.112305 1310680006.151934
0.594727 -0.304688 -0.110352 1310680006.195862
0.751953 -0.344727 -0.113281 1310680006.238896
0.933594 -0.402344 -0.189453 1310680006.259895
1.120117 -0.425781 -0.189453 1310680006.303963
1.362305 -0.443359 -0.200195 1310680006.325952
1.598633 -0.439453 -0.195312 1310680006.395896
1.832031 -0.504883 -0.161133 1310680006.416963
1.977539 -0.523438 -0.175781 1310680006.417949
1.978516 -0.660156 -0.174805 1310680006.450947
1.977539 -0.800781 -0.170898 1310680006.494905
1.418945 -0.704102 -0.128906 1310680006.517967
0.603516 -0.544922 -0.090820 1310680006.540960
0.003906 -0.447266 -0.068359 1310680006.598945
-0.317383 -0.142578 -0.044922 1310680006.620936
-0.202148 -0.118164 -0.180664 1310680006.642897
0.006836 -0.094727 -0.233398 1310680006.664891
0.070312 -0.160156 -0.248047 1310680006.709962
0.041992 -0.236328 -0.248047 1310680006.731967
0.080078 -0.264648 -0.242188 1310680006.778966
0.088867 -0.265625 -0.198242 1310680006.820883
0.296875 -0.385742 -0.194336 1310680006.845891
0.850586 -0.486328 -0.276367 1310680006.866858
1.978516 -0.557617 -0.331055 1310680006.913870
1.979492 -0.534180 -0.439453 1310680006.935891
1.518555 -0.480469 -0.078125 1310680006.978880
1.979492 -0.757812 -0.010742 1310680006.999901
1.977539 -1.166016 0.006836 1310680007.022870
1.975586 -0.488281 -0.236328 1310680007.067905
1.607422 0.079102 -0.191406 1310680007.088971
0.954102 -0.587891 -0.020508 1310680007.133967
0.038086 -1.261719 -0.167969 1310680007.154985
-0.340820 -1.064453 -0.136719 1310680007.200924
-0.321289 -0.458008 -0.218750 1310680007.235970
-0.099609 -0.175781 -0.335938 1310680007.257889
0.017578 -0.280273 -0.325195 1310680007.285873
0.037109 -0.399414 -0.325195 1310680007.318979
0.016602 -0.320312 -0.293945 1310680007.364978
0.076172 -0.216797 -0.300781 1310680007.387947
0.389648 -0.208984 -0.285156 1310680007.409954
1.423828 -0.480469 -0.256836 1310680007.454904
1.980469 -0.146484 -0.467773 1310680007.476901
1.982422 0.117188 -0.281250 1310680007.520915
1.982422 0.117188 -0.281250 1310680007.542916
1.979492 -1.001953 0.277344 1310680007.588915
1.974609 -0.896484 -0.071289 1310680007.607984
1.334961 -0.633789 -0.144531 1310680007.659980
0.446289 -0.387695 0.072266 1310680007.660926
-0.043945 -0.487305 0.291992 1310680007.709983
-0.198242 -0.201172 0.372070 1310680007.753997
-0.076172 -0.291992 0.028320 1310680007.774966
-0.042969 -0.191406 -0.170898 1310680007.818992
0.000000 -0.280273 -0.152344 1310680007.840983
0.000000 -0.280273 -0.152344 1310680007.862988
0.065430 -0.211914 -0.240234 1310680007.907914
0.236328 -0.216797 -0.234375 1310680007.929955
0.592773 -0.337891 -0.226562 1310680007.975995
1.978516 -0.495117 -0.291016 1310680007.993991
1.980469 -0.089844 -0.385742 1310680008.038990
1.780273 -0.307617 -0.167969 1310680008.060993
1.976562 -0.605469 -0.046875 1310680008.084960
1.971680 -1.242188 -0.071289 1310680008.132991
1.980469 -0.579102 -0.332031 1310680008.153991
1.598633 -0.214844 0.202148 1310680008.197991
0.638672 -0.906250 0.469727 1310680008.223006
0.052734 -1.146484 -0.110352 1310680008.265939
-0.323242 -0.881836 -0.171875 1310680008.288938
-0.269531 -0.056641 -0.159180 1310680008.332996
0.022461 0.032227 -0.279297 1310680008.354961
0.057617 -0.090820 -0.283203 1310680008.378961
0.019531 -0.176758 -0.276367 1310680008.415945
0.040039 -0.426758 -0.276367 1310680008.438919
0.053711 -0.277344 -0.218750 1310680008.480930
0.151367 -0.236328 -0.239258 1310680008.504959
0.498047 -0.458008 -0.282227 1310680008.535942
1.978516 -0.807617 -0.316406 1310680008.570938
1.980469 -0.335938 -0.816406 1310680008.613942
1.893555 -0.463867 -0.071289 1310680008.645995
1.976562 -0.849609 0.306641 1310680008.668931
1.975586 -1.167969 0.039062 1310680008.710944
1.398438 -0.516602 -0.320312 1310680008.733924
0.525391 -0.430664 -0.095703 1310680008.778936
-0.086914 -0.430664 -0.095703 1310680008.800932
-0.569336 -1.028320 0.466797 1310680008.844931
-0.118164 -0.807617 -0.030273 1310680008.869951
-0.034180 -0.463867 -0.135742 1310680008.965939
0.125977 -0.378906 -0.181641 1310680008.967935
0.099609 -0.201172 -0.217773 1310680008.987927
0.073242 -0.138672 -0.270508 1310680009.005901
0.283203 -0.188477 -0.311523 1310680009.028931
1.017578 -0.429688 -0.383789 1310680009.073948
1.979492 -0.433594 -0.508789 1310680009.095975
1.978516 -0.325195 -0.416016 1310680009.119019
1.374023 -0.377930 -0.116211 1310680009.163011
1.311523 -0.523438 0.049805 1310680009.229014
1.571289 -0.497070 -0.054688 1310680009.230008
1.292969 -0.382812 -0.147461 1310680009.255973
0.952148 -0.597656 -0.332031 1310680009.299911
0.875977 -0.488281 0.538086 1310680009.323974
0.678711 -0.228516 0.321289 1310680009.346991
0.490234 -0.615234 -0.055664 1310680009.391020
0.539062 -0.585938 -0.219727 1310680009.414980
0.661133 -0.345703 -0.238281 1310680009.455022
0.897461 -0.326172 -0.294922 1310680009.477970
1.077148 -0.273438 -0.282227 1310680009.520953
1.225586 -0.246094 -0.282227 1310680009.547022
1.026367 -0.269531 -0.190430 1310680009.591955
0.933594 -0.345703 -0.171875 1310680009.612971
0.970703 -0.422852 -0.149414 1310680009.691019
0.947266 -0.396484 -0.175781 1310680009.693013
0.912109 -0.323242 -0.223633 1310680009.715003
0.841797 -0.304688 -0.198242 1310680009.737956
0.953125 -0.369141 -0.183594 1310680009.783945
0.944336 -0.374023 -0.151367 1310680009.800969
