1.030273 -0.283203 -0.066406 1311113160.336201
1.036133 -0.343750 -0.134766 1311113160.359147
0.962891 -0.580078 -0.233398 1311113160.404210
0.842773 -0.879883 -0.285156 1311113160.428206
0.842773 -0.879883 -0.285156 1311113160.450178
0.775391 -0.816406 -0.072266 1311113160.495202
0.852539 -0.693359 0.059570 1311113160.519195
0.904297 -0.509766 0.094727 1311113160.555203
0.903320 -0.431641 0.078125 1311113160.579215
0.955078 -0.349609 0.058594 1311113160.625176
0.914062 -0.364258 0.089844 1311113160.646209
0.916016 -0.431641 0.079102 1311113160.704223
0.850586 -0.458984 0.088867 1311113160.764176
0.862305 -0.546875 0.081055 1311113160.766200
0.872070 -0.544922 0.144531 1311113160.776168
0.897461 -0.442383 0.165039 1311113160.810216
0.868164 -0.453125 0.128906 1311113160.853215
0.845703 -0.461914 0.311523 1311113160.886162
0.850586 -0.624023 0.430664 1311113160.933208
0.924805 -0.689453 0.545898 1311113160.958165
1.163086 -0.634766 0.668945 1311113160.998210
1.111328 -0.655273 0.712891 1311113161.011219
1.100586 -0.618164 0.757812 1311113161.035161
1.083008 -0.600586 0.719727 1311113161.080167
1.172852 -1.089844 0.659180 1311113161.103216
1.276367 -1.229492 0.535156 1311113161.131221
1.288086 -1.250977 0.458008 1311113161.174214
1.283203 -1.128906 0.458008 1311113161.197222
1.246094 -0.986328 0.377930 1311113161.226218
1.104492 -1.003906 0.294922 1311113161.269223
1.003906 -0.875000 0.230469 1311113161.294223
0.833984 -0.785156 0.139648 1311113161.336225
0.596680 -0.678711 0.118164 1311113161.361155
0.442383 -0.631836 0.118164 1311113161.386158
0.225586 -0.602539 0.024414 1311113161.430228
-0.010742 -0.708008 0.015625 1311113161.478228
-0.019531 -0.581055 -0.002930 1311113161.500218
-0.183594 -0.559570 0.002930 1311113161.523231
-0.289062 -0.444336 0.049805 1311113161.545215
-0.449219 -0.363281 0.069336 1311113161.609175
-0.606445 -0.339844 0.074219 1311113161.631231
-0.613281 -0.345703 0.094727 1311113161.655234
-0.622070 -0.312500 0.141602 1311113161.676225
-0.674805 -0.171875 0.122070 1311113161.721237
-0.688477 -0.048828 0.123047 1311113161.744192
-0.719727 -0.072266 0.122070 1311113161.788229
-0.744141 -0.032227 0.058594 1311113161.834234
-0.829102 -0.029297 0.039062 1311113161.856227
-0.822266 0.023438 0.035156 1311113161.879227
-0.851562 0.064453 0.052734 1311113161.924233
-0.888672 -0.021484 0.080078 1311113161.926233
-0.845703 0.002930 0.114258 1311113161.977246
-0.893555 0.024414 0.189453 1311113162.025206
-0.879883 0.016602 0.203125 1311113162.045226
-0.864258 0.049805 0.172852 1311113162.063170
-0.872070 0.065430 0.140625 1311113162.099176
-0.843750 0.050781 0.112305 1311113162.122237
-0.854492 0.080078 0.104492 1311113162.165175
-0.854492 0.080078 0.104492 1311113162.208245
-0.858398 0.015625 0.074219 1311113162.231234
-0.838867 -0.001953 0.083984 1311113162.275225
-0.878906 0.011719 0.097656 1311113162.296242
-0.937500 -0.052734 0.097656 1311113162.320232
-0.884766 -0.052734 0.097656 1311113162.364216
-0.875977 -0.076172 0.076172 1311113162.386173
-0.894531 -0.060547 0.039062 1311113162.438245
-0.852539 -0.042969 0.022461 1311113162.460241
-0.898438 -0.057617 -0.052734 1311113162.504190
-0.898438 -0.057617 -0.052734 1311113162.505158
-0.959961 -0.055664 -0.077148 1311113162.556234
-0.937500 -0.074219 -0.086914 1311113162.579241
-0.913086 -0.038086 -0.143555 1311113162.624254
-0.911133 -0.019531 -0.135742 1311113162.646254
-0.887695 -0.017578 -0.123047 1311113162.669198
-0.896484 0.011719 -0.123047 1311113162.713244
-0.878906 0.000977 -0.118164 1311113162.758202
-0.836914 0.031250 -0.095703 1311113162.779235
-0.779297 0.010742 -0.118164 1311113162.804253
-0.788086 -0.023438 -0.125977 1311113162.848257
-0.726562 -0.085938 -0.145508 1311113162.878173
-0.682617 -0.140625 -0.144531 1311113162.903243
-0.558594 -0.130859 -0.111328 1311113162.949266
-0.440430 -0.103516 -0.144531 1311113162.971179
-0.335938 -0.091797 -0.069336 1311113163.015256
-0.230469 -0.128906 -0.065430 1311113163.038258
-0.111328 -0.139648 -0.019531 1311113163.061258
0.064453 -0.179688 0.022461 1311113163.109260
0.229492 -0.243164 0.069336 1311113163.133261
0.436523 -0.324219 0.140625 1311113163.175248
0.620117 -0.345703 0.175781 1311113163.196249
0.754883 -0.340820 0.250977 1311113163.295256
1.002930 -0.340820 0.250977 1311113163.325233
1.112305 -0.265625 0.318359 1311113163.328260
1.347656 -0.274414 0.263672 1311113163.329261
1.472656 -0.414062 0.208984 1311113163.365204
1.675781 -0.632812 0.208984 1311113163.387226
1.973633 -0.603516 0.085938 1311113163.430266
1.977539 -0.728516 -0.037109 1311113163.453271
1.980469 -0.649414 0.267578 1311113163.496226
1.977539 -0.575195 0.250000 1311113163.519222
1.981445 -0.372070 0.398438 1311113163.563266
1.822266 -0.492188 0.463867 1311113163.585268
1.758789 -0.541016 0.450195 1311113163.610269
1.758789 -0.541016 0.450195 1311113163.655275
1.535156 -0.529297 0.304688 1311113163.691212
1.505859 -0.531250 0.283203 1311113163.713263
1.512695 -0.560547 0.202148 1311113163.759269
1.544922 -0.466797 0.167969 1311113163.780268
1.567383 -0.463867 0.081055 1311113163.803269
1.586914 -0.480469 0.083984 1311113163.848273
1.667969 -0.546875 0.073242 1311113163.873204
1.825195 -0.515625 0.081055 1311113163.916205
1.918945 -0.472656 0.127930 1311113163.939266
1.859375 -0.496094 0.166992 1311113163.983269
1.836914 -0.511719 0.244141 1311113164.005271
1.837891 -0.454102 0.204102 1311113164.048222
1.768555 -0.429688 0.263672 1311113164.069219
1.619141 -0.415039 0.245117 1311113164.113263
1.504883 -0.429688 0.217773 1311113164.134221
1.357422 -0.421875 0.224609 1311113164.161276
1.267578 -0.423828 0.183594 1311113164.183268
1.128906 -0.406250 0.196289 1311113164.228837
1.027344 -0.359375 0.166016 1311113164.274225
0.884766 -0.341797 0.138672 1311113164.295202
0.751953 -0.302734 0.137695 1311113164.321283
0.562500 -0.255859 0.127930 1311113164.361280
0.400391 -0.255859 0.127930 1311113164.406283
0.222656 -0.105469 0.050781 1311113164.429285
0.085938 -0.044922 0.024414 1311113164.458284
-0.165039 -0.085938 -0.088867 1311113164.484234
-0.406250 -0.109375 -0.173828 1311113164.528295
-0.583008 -0.100586 -0.217773 1311113164.581242
-0.583008 -0.100586 -0.217773 1311113164.608209
-0.733398 0.046875 -0.200195 1311113164.629209
-0.699219 0.166016 -0.219727 1311113164.651212
-0.708984 0.156250 -0.211914 1311113164.720292
-0.746094 0.198242 -0.225586 1311113164.721289
-0.750000 0.210938 -0.208984 1311113164.746287
-0.858398 0.227539 -0.214844 1311113164.790277
-0.829102 0.236328 -0.183594 1311113164.813255
-0.837891 0.201172 -0.073242 1311113164.840283
-0.853516 0.218750 -0.051758 1311113164.889233
-0.839844 0.197266 -0.010742 1311113164.910288
-0.859375 0.232422 0.004883 1311113164.933226
-0.848633 0.225586 -0.011719 1311113164.979211
-0.876953 0.234375 0.014648 1311113165.023256
-0.880859 0.204102 0.006836 1311113165.048290
-0.882812 0.195312 -0.041992 1311113165.070304
-0.862305 0.185547 -0.047852 1311113165.091290
-0.841797 0.180664 -0.092773 1311113165.135295
-0.829102 0.112305 -0.166016 1311113165.205302
-0.838867 0.204102 -0.135742 1311113165.206257
-0.835938 0.239258 -0.143555 1311113165.240228
-0.822266 0.234375 -0.179688 1311113165.263299
-0.813477 0.208984 -0.145508 1311113165.291308
-0.790039 0.208984 -0.145508 1311113165.323301
-0.721680 0.191406 -0.181641 1311113165.369305
-0.687500 0.115234 -0.187500 1311113165.391722
-0.573242 0.099609 -0.117188 1311113165.414306
-0.528320 0.123047 -0.155273 1311113165.453245
-0.380859 0.091797 -0.126953 1311113165.475304
-0.253906 0.091797 -0.126953 1311113165.520238
-0.126953 -0.077148 -0.062500 1311113165.556305
0.046875 -0.152344 -0.021484 1311113165.588290
0.170898 -0.212891 0.052734 1311113165.631250
0.273438 -0.176758 0.070312 1311113165.653317
0.529297 -0.328125 0.162109 1311113165.676309
0.529297 -0.328125 0.162109 1311113165.703310
0.834961 -0.398438 0.375000 1311113165.749310
1.017578 -0.458984 0.359375 1311113165.770316
1.101562 -0.553711 0.361328 1311113165.813305
1.224609 -0.603516 0.324219 1311113165.886311
1.415039 -0.625977 0.287109 1311113165.888238
1.658203 -0.684570 0.386719 1311113165.908294
1.646484 -0.661133 0.325195 1311113165.950251
1.768555 -0.674805 0.340820 1311113165.973314
1.778320 -0.727539 0.343750 1311113165.996246
1.685547 -0.644531 0.363281 1311113166.040316
1.733398 -0.576172 0.319336 1311113166.062316
1.719727 -0.641602 0.294922 1311113166.106319
1.764648 -0.634766 0.245117 1311113166.128316
1.823242 -0.438477 0.226562 1311113166.171317
1.747070 -0.421875 0.161133 1311113166.193315
1.602539 -0.387695 0.173828 1311113166.219321
1.487305 -0.499023 0.145508 1311113166.261322
1.389648 -0.472656 0.186523 1311113166.286319
1.399414 -0.373047 0.242188 1311113166.326320
1.418945 -0.408203 0.208984 1311113166.370322
1.491211 -0.369141 0.231445 1311113166.393249
1.543945 -0.376953 0.176758 1311113166.438322
1.635742 -0.376953 0.176758 1311113166.439257
1.749023 -0.458008 0.149414 1311113166.494258
1.790039 -0.429688 0.131836 1311113166.519326
1.769531 -0.375977 0.092773 1311113166.565318
1.783203 -0.414062 0.150391 1311113166.590278
1.693359 -0.404297 0.124023 1311113166.613251
1.653320 -0.404297 0.124023 1311113166.635322
1.523438 -0.404297 0.124023 1311113166.681329
1.381836 -0.363281 0.238281 1311113166.726332
1.202148 -0.355469 0.240234 1311113166.748326
1.035156 -0.352539 0.276367 1311113166.769270
0.887695 -0.349609 0.340820 1311113166.794322
0.852539 -0.335938 0.344727 1311113166.844276
0.766602 -0.261719 0.356445 1311113166.889331
0.665039 -0.240234 0.402344 1311113166.923336
0.571289 -0.236328 0.291992 1311113166.944245
0.400391 -0.174805 0.324219 1311113166.989297
0.261719 -0.131836 0.245117 1311113166.991255
0.104492 -0.140625 0.157227 1311113167.036336
-0.049805 -0.189453 0.097656 1311113167.059281
-0.209961 -0.144531 0.048828 1311113167.103330
-0.345703 -0.052734 -0.076172 1311113167.181331
-0.421875 -0.035156 -0.171875 1311113167.182343
-0.513672 -0.001953 -0.197266 1311113167.203330
-0.633789 -0.027344 -0.212891 1311113167.250341
-0.740234 0.041992 -0.218750 1311113167.251336
-0.788086 0.015625 -0.219727 1311113167.296334
-0.854492 -0.055664 -0.171875 1311113167.318338
-0.833008 -0.014648 -0.114258 1311113167.363339
-0.873047 0.005859 -0.104492 1311113167.386284
-0.919922 -0.021484 -0.071289 1311113167.409330
-0.951172 0.002930 -0.041992 1311113167.453826
-0.932617 0.036133 0.016602 1311113167.499334
-0.890625 0.047852 0.052734 1311113167.521376
-0.899414 0.011719 0.048828 1311113167.545313
-0.928711 0.005859 0.029297 1311113167.567334
-0.897461 -0.032227 -0.220703 1311113167.613341
-2.000000 -0.032227 -0.220703 1311113167.614340
-0.903320 -0.029297 -0.002930 1311113167.688296
-0.860352 -0.050781 -0.006836 1311113167.710353
-0.875000 -0.035156 -0.079102 1311113167.753349
-0.906250 -0.069336 -0.090820 1311113167.775338
-0.877930 -0.047852 -0.120117 1311113167.819352
-0.862305 -0.052734 -0.181641 1311113167.840339
-0.810547 -0.027344 -0.219727 1311113167.884289
-0.779297 -0.009766 -0.258789 1311113167.905353
-0.663086 -0.057617 -0.253906 1311113167.929355
-0.602539 -0.068359 -0.303711 1311113167.991293
-0.555664 -0.085938 -0.287109 1311113168.015354
-0.344727 -0.134766 -0.267578 1311113168.035283
-0.120117 -0.187500 -0.227539 1311113168.061344
0.090820 -0.305664 -0.128906 1311113168.089292
0.250000 -0.278320 -0.003906 1311113168.132284
0.520508 -0.275391 0.000977 1311113168.196301
0.701172 -0.304688 0.109375 1311113168.197862
0.849609 -0.326172 0.127930 1311113168.238356
0.972656 -0.343750 0.164062 1311113168.259354
1.124023 -0.432617 0.155273 1311113168.283361
1.219727 -0.468750 0.169922 1311113168.327381
1.359375 -0.428711 0.115234 1311113168.350358
1.738281 -0.639648 0.062500 1311113168.395079
1.827148 -0.759766 0.061523 1311113168.445350
1.977539 -0.711914 0.096680 1311113168.471358
1.977539 -0.691406 0.181641 1311113168.473363
1.973633 -0.691406 0.181641 1311113168.516373
1.981445 -0.608398 0.339844 1311113168.560362
1.975586 -0.485352 0.393555 1311113168.581366
1.978516 -0.564453 0.440430 1311113168.616355
1.745117 -0.612305 0.464844 1311113168.638362
1.638672 -0.538086 0.436523 1311113168.684372
1.484375 -0.538086 0.436523 1311113168.705307
1.391602 -0.439453 0.392578 1311113168.750305
1.401367 -0.426758 0.311523 1311113168.771311
1.441406 -0.462891 0.289062 1311113168.808370
1.594727 -0.478516 0.195312 1311113168.856377
1.729492 -0.467773 0.213867 1311113168.868369
1.868164 -0.527344 0.186523 1311113168.895309
1.976562 -0.549805 0.184570 1311113168.937393
1.977539 -0.514648 0.125000 1311113168.961370
1.967773 -0.547852 0.148438 1311113169.000377
1.951172 -0.506836 0.178711 1311113169.043374
1.815430 -0.423828 0.207031 1311113169.064376
1.694336 -0.396484 0.190430 1311113169.109367
1.637695 -0.414062 0.252930 1311113169.133316
1.490234 -0.354492 0.259766 1311113169.158377
1.371094 -0.388672 0.276367 1311113169.201305
1.213867 -0.345703 0.295898 1311113169.224370
1.083984 -0.314453 0.246094 1311113169.246341
0.914062 -0.277344 0.260742 1311113169.289307
0.790039 -0.261719 0.178711 1311113169.316372
0.705078 -0.233398 0.102539 1311113169.364377
0.541016 -0.216797 0.005859 1311113169.385385
0.271484 -0.248047 -0.026367 1311113169.409377
0.009766 -0.248047 -0.026367 1311113169.451325
-0.210938 -0.117188 -0.208008 1311113169.481304
-0.397461 -0.046875 -0.293945 1311113169.535378
-0.581055 -0.046875 -0.344727 1311113169.560374
-0.619141 -0.029297 -0.341797 1311113169.581380
-0.696289 0.076172 -0.388672 1311113169.606380
-0.755859 0.104492 -0.420898 1311113169.631387
-0.764648 0.115234 -0.395508 1311113169.674377
-0.850586 0.115234 -0.395508 1311113169.749398
-0.894531 0.094727 -0.341797 1311113169.770388
-0.899414 0.115234 -0.271484 1311113169.771386
-0.903320 0.107422 -0.169922 1311113169.813382
-0.922852 0.119141 -0.089844 1311113169.840321
-0.918945 0.131836 -0.034180 1311113169.883389
-0.893555 0.096680 -0.057617 1311113169.908391
-0.937500 0.102539 -0.077148 1311113169.933389
-0.926758 0.068359 -0.194336 1311113169.975389
-0.952148 0.042969 -0.181641 1311113170.000346
-0.913086 0.037109 -0.181641 1311113170.021399
-0.846680 0.027344 -0.308594 1311113170.066330
-0.910156 0.049805 -0.371094 1311113170.089355
-0.938477 0.013672 -0.432617 1311113170.133395
-0.882812 -0.071289 -0.392578 1311113170.154396
-0.827148 -0.046875 -0.356445 1311113170.179397
-0.753906 -0.046875 -0.356445 1311113170.223392
-0.640625 -0.030273 -0.247070 1311113170.268360
-0.565430 -0.014648 -0.201172 1311113170.293362
-0.442383 -0.048828 -0.200195 1311113170.333408
-0.330078 -0.076172 -0.163086 1311113170.361392
-0.182617 -0.070312 -0.169922 1311113170.384405
-0.182617 -0.070312 -0.169922 1311113170.426394
0.229492 -0.149414 -0.210938 1311113170.450331
0.503906 -0.249023 -0.222656 1311113170.518397
0.775391 -0.305664 -0.236328 1311113170.520395
1.102539 -0.380859 -0.221680 1311113170.553404
1.357422 -0.380859 -0.221680 1311113170.568402
1.568359 -0.432617 -0.159180 1311113170.618360
1.844727 -0.593750 -0.111328 1311113170.641411
1.978516 -0.658203 0.043945 1311113170.685353
1.977539 -0.675781 0.146484 1311113170.709405
1.979492 -0.773438 0.300781 1311113170.730357
1.977539 -0.773438 0.300781 1311113170.756412
1.977539 -0.841797 0.263672 1311113170.821402
1.980469 -0.885742 0.249023 1311113170.846340
1.974609 -0.609375 0.390625 1311113170.890411
1.979492 -0.573242 0.570312 1311113170.914408
1.754883 -0.599609 0.526367 1311113170.938405
1.523438 -0.544922 0.388672 1311113170.960404
1.397461 -0.431641 0.256836 1311113171.005369
1.274414 -0.471680 0.130859 1311113171.043412
1.316406 -0.429688 0.067383 1311113171.065415
1.387695 -0.429688 0.022461 1311113171.110374
1.575195 -0.305664 0.000977 1311113171.111398
1.604492 -0.310547 0.041992 1311113171.154416
1.613281 -0.370117 0.058594 1311113171.196410
1.613281 -0.447266 0.038086 1311113171.220346
1.698242 -0.602539 0.022461 1311113171.264370
1.813477 -0.464844 0.151367 1311113171.290390
1.850586 -0.342773 0.160156 1311113171.311372
1.959961 -0.341797 0.167969 1311113171.355418
1.869141 -0.357422 0.166992 1311113171.378421
1.728516 -0.351562 0.219727 1311113171.425408
1.565430 -0.453125 0.256836 1311113171.447365
1.416992 -0.448242 0.317383 1311113171.470367
1.283203 -0.448242 0.317383 1311113171.500419
1.203125 -0.370117 0.317383 1311113171.545416
1.040039 -0.306641 0.398438 1311113171.589390
0.940430 -0.261719 0.339844 1311113171.601413
0.851562 -0.209961 0.223633 1311113171.646425
0.681641 -0.222656 0.151367 1311113171.670349
0.494141 -0.230469 0.111328 1311113171.714421
0.285156 -0.268555 0.066406 1311113171.749419
-0.014648 -0.179688 -0.039062 1311113171.776428
-0.184570 -0.117188 -0.047852 1311113171.800431
-0.169922 -0.087891 -0.073242 1311113171.844416
-0.231445 -0.037109 -0.156250 1311113171.865429
-0.382812 0.002930 -0.281250 1311113171.926374
-0.613281 -0.007812 -0.435547 1311113171.940417
-0.758789 0.021484 -0.478516 1311113171.964434
-0.752930 0.090820 -0.438477 1311113172.009376
-0.817383 0.125000 -0.421875 1311113172.032370
-0.916016 0.053711 -0.368164 1311113172.061433
-0.897461 0.066406 -0.266602 1311113172.105440
-0.949219 0.017578 -0.242188 1311113172.129428
-0.951172 0.042969 -0.171875 1311113172.162363
-0.957031 -0.001953 -0.150391 1311113172.205377
-0.922852 -0.049805 -0.138672 1311113172.226349
-0.898438 -0.031250 -0.021484 1311113172.249433
-0.894531 -0.020508 -0.001953 1311113172.292442
-0.876953 -0.009766 0.000977 1311113172.330367
-0.906250 0.006836 -0.009766 1311113172.351381
-0.911133 0.017578 -0.034180 1311113172.372427
-0.938477 0.004883 -0.112305 1311113172.419429
-0.926758 0.025391 -0.141602 1311113172.439446
-0.932617 0.021484 -0.184570 1311113172.482408
-0.933594 0.002930 -0.237305 1311113172.506375
-0.916992 -0.060547 -0.258789 1311113172.555451
-0.848633 0.009766 -0.281250 1311113172.576379
-0.762695 -0.007812 -0.270508 1311113172.599411
-0.683594 -0.007812 -0.270508 1311113172.643409
-0.570312 -0.071289 -0.373047 1311113172.687444
-0.486328 -0.079102 -0.353516 1311113172.719432
-0.243164 -0.110352 -0.376953 1311113172.740443
-0.093750 -0.140625 -0.400391 1311113172.762444
0.116211 -0.187500 -0.404297 1311113172.805438
0.409180 -0.187500 -0.404297 1311113172.828440
0.731445 -0.314453 -0.275391 1311113172.880448
1.044922 -0.368164 -0.166016 1311113172.905390
1.212891 -0.246094 -0.061523 1311113172.927438
1.437500 -0.412109 -0.114258 1311113172.971444
1.717773 -0.519531 -0.009766 1311113172.992386
1.935547 -0.549805 0.155273 1311113173.036454
1.979492 -0.523438 0.152344 1311113173.081445
1.979492 -0.613281 0.245117 1311113173.082450
1.978516 -0.680664 0.308594 1311113173.124385
1.977539 -0.588867 0.315430 1311113173.166454
1.979492 -0.636719 0.362305 1311113173.188460
1.979492 -0.636719 0.362305 1311113173.210457
1.979492 -0.598633 0.409180 1311113173.254456
1.978516 -0.512695 0.473633 1311113173.297458
1.916016 -0.525391 0.417969 1311113173.320416
1.867188 -0.484375 0.401367 1311113173.341383
1.785156 -0.487305 0.459961 1311113173.384405
1.596680 -0.416016 0.439453 1311113173.409430
1.600586 -0.503906 0.334961 1311113173.454396
1.624023 -0.456055 0.322266 1311113173.476445
1.834961 -0.494141 0.277344 1311113173.520451
1.978516 -0.374023 0.238281 1311113173.540417
1.980469 -0.374023 0.238281 1311113173.594470
1.979492 -0.420898 0.112305 1311113173.620375
1.978516 -0.439453 0.090820 1311113173.641379
1.980469 -0.390625 0.101562 1311113173.685469
1.975586 -0.333008 0.107422 1311113173.709436
1.827148 -0.353516 0.108398 1311113173.731454
1.699219 -0.341797 0.097656 1311113173.760462
1.537109 -0.262695 0.130859 1311113173.802464
1.317383 -0.255859 0.119141 1311113173.846399
1.083008 -0.287109 0.106445 1311113173.869466
0.955078 -0.300781 0.090820 1311113173.891415
0.777344 -0.289062 0.061523 1311113173.937398
0.588867 -0.261719 0.034180 1311113173.960426
0.429688 -0.160156 -0.215820 1311113173.983468
0.219727 -0.160156 -0.215820 1311113174.030474
-0.054688 -0.124023 -0.143555 1311113174.054472
-0.182617 -0.049805 -0.183594 1311113174.092461
-0.364258 -0.011719 -0.231445 1311113174.117472
-0.487305 0.013672 -0.290039 1311113174.162473
-0.581055 0.056641 -0.356445 1311113174.205469
-0.587891 0.111328 -0.458984 1311113174.229402
-0.689453 0.120117 -0.537109 1311113174.252485
-0.792969 0.146484 -0.542969 1311113174.296475
-0.854492 0.149414 -0.519531 1311113174.317444
-0.891602 0.132812 -0.417969 1311113174.362474
-0.916992 0.162109 -0.328125 1311113174.385481
-0.890625 0.210938 -0.261719 1311113174.427479
-0.899414 0.218750 -0.222656 1311113174.450473
-0.893555 0.177734 -0.191406 1311113174.492402
-0.900391 0.183594 -0.139648 1311113174.494427
-0.894531 0.166016 -0.098633 1311113174.565411
-0.853516 0.083984 -0.090820 1311113174.569476
-0.896484 0.074219 -0.049805 1311113174.612463
-0.873047 0.082031 -0.041016 1311113174.654483
-0.818359 0.077148 -0.008789 1311113174.676482
-0.876953 0.077148 -0.008789 1311113174.720486
-0.864258 0.078125 -0.036133 1311113174.744416
-0.871094 0.115234 0.023438 1311113174.770484
-0.838867 0.155273 0.047852 1311113174.794484
-0.837891 0.203125 0.034180 1311113174.925404
-0.842773 0.239258 -0.017578 1311113174.927425
-0.777344 0.239258 -0.017578 1311113174.944443
-0.653320 0.322266 -0.037109 1311113174.947408
-0.651367 0.359375 -0.141602 1311113174.969482
-0.583984 0.336914 -0.054688 1311113174.991495
-0.478516 0.210938 -0.074219 1311113175.019488
-0.420898 0.083984 -0.125977 1311113175.061493
-0.260742 0.072266 -0.118164 1311113175.104493
-0.133789 0.080078 -0.036133 1311113175.129486
-0.048828 -0.000977 -0.014648 1311113175.149482
-0.011719 -0.083008 0.020508 1311113175.192483
-0.030273 -0.201172 0.127930 1311113175.214493
-0.125977 -0.300781 0.269531 1311113175.260457
-0.177734 -0.352539 0.531250 1311113175.281497
-0.185547 -0.562500 0.531250 1311113175.307500
0.254883 -0.838867 0.558594 1311113175.349487
0.602539 -0.888672 0.579102 1311113175.372662
1.070312 -0.756836 0.379883 1311113175.417420
1.978516 -0.929688 0.379883 1311113175.442509
1.976562 -1.067383 0.666016 1311113175.486412
1.980469 -0.669922 0.603516 1311113175.509501
1.983398 0.187500 0.384766 1311113175.552491
1.927734 -0.254883 0.489258 1311113175.576499
1.580078 -0.887695 0.626953 1311113175.597492
1.128906 -1.328125 0.626953 1311113175.642444
0.779297 -0.979492 0.842773 1311113175.664514
1.135742 -1.208008 1.465820 1311113175.716501
1.081055 -0.629883 0.765625 1311113175.744497
1.050781 -0.421875 0.329102 1311113175.772503
