0.883789 -0.699219 0.222656 1310078263.901977
0.914062 -0.668945 0.278320 1310078263.924976
0.938477 -0.642578 0.268555 1310078263.947977
0.946289 -0.660156 0.236328 1310078263.991980
0.955078 -0.682617 0.214844 1310078264.044981
0.931641 -0.683594 0.194336 1310078264.071967
0.910156 -0.673828 0.203125 1310078264.094984
0.852539 -0.720703 0.202148 1310078264.116982
0.908203 -0.755859 0.189453 1310078264.139982
0.990234 -0.822266 0.248047 1310078264.183983
0.999023 -0.856445 0.311523 1310078264.207979
1.006836 -0.865234 0.382812 1310078264.252982
0.931641 -0.876953 0.427734 1310078264.274985
0.862305 -0.921875 0.452148 1310078264.317989
0.761719 -0.920898 0.471680 1310078264.342981
0.599609 -0.784180 0.506836 1310078264.364984
0.349609 -0.784180 0.506836 1310078264.407989
0.330078 -0.693359 0.491211 1310078264.454979
0.240234 -0.673828 0.472656 1310078264.475988
0.182617 -0.563477 0.457031 1310078264.499986
0.099609 -0.488281 0.559570 1310078264.547988
0.016602 -0.400391 0.586914 1310078264.569996
-0.084961 -0.449219 0.545898 1310078264.614993
-0.112305 -0.419922 0.530273 1310078264.636994
-0.213867 -0.384766 0.562500 1310078264.661995
-0.162109 -0.382812 0.610352 1310078264.709994
-0.166016 -0.395508 0.599609 1310078264.731998
-0.164062 -0.395508 0.599609 1310078264.757991
-0.173828 -0.330078 0.614258 1310078264.801994
-0.214844 -0.271484 0.654297 1310078264.824998
-0.234375 -0.323242 0.622070 1310078264.870000
-0.302734 -0.224609 0.679688 1310078264.897002
-0.347656 -0.235352 0.637695 1310078264.919972
-0.336914 -0.250977 0.668945 1310078264.962003
-0.328125 -0.175781 0.648438 1310078265.005997
-0.284180 -0.131836 0.572266 1310078265.027006
-0.291016 -0.091797 0.575195 1310078265.049996
-0.276367 -0.118164 0.589844 1310078265.094993
-0.270508 -0.123047 0.620117 1310078265.118005
-0.233398 -0.097656 0.576172 1310078265.172012
-0.171875 -0.145508 0.696289 1310078265.172998
-0.145508 -0.169922 0.728516 1310078265.221003
-0.121094 -0.253906 0.811523 1310078265.242002
-0.073242 -0.382812 0.728516 1310078265.267004
-0.097656 -0.573242 0.584961 1310078265.301010
-0.160156 -0.607422 0.581055 1310078265.347007
-0.223633 -0.685547 0.496094 1310078265.387011
-0.217773 -0.816406 0.384766 1310078265.413004
-0.289062 -0.921875 0.365234 1310078265.458013
-0.330078 -1.065430 0.436523 1310078265.482001
-0.354492 -1.065430 0.436523 1310078265.505004
-0.418945 -1.074219 0.461914 1310078265.550069
-0.478516 -0.958984 0.461914 1310078265.571011
-0.466797 -0.752930 0.440430 1310078265.592020
-0.353516 -0.598633 0.363281 1310078265.635016
-0.270508 -0.552734 0.351562 1310078265.680012
-0.181641 -0.465820 0.336914 1310078265.680977
0.015625 -0.446289 0.288086 1310078265.726011
0.192383 -0.557617 0.276367 1310078265.770006
0.226562 -0.792969 0.250000 1310078265.792014
0.266602 -1.104492 0.320312 1310078265.848017
0.370117 -1.225586 0.444336 1310078265.850011
0.497070 -1.101562 0.358398 1310078265.902013
0.639648 -0.906250 0.456055 1310078265.947013
0.918945 -1.079102 0.448242 1310078265.971053
0.946289 -1.011719 0.325195 1310078265.991994
0.986328 -0.958984 0.367188 1310078266.036022
1.075195 -0.840820 0.349609 1310078266.052017
1.004883 -0.686523 0.317383 1310078266.080988
0.987305 -0.625977 0.260742 1310078266.125021
0.956055 -0.585938 0.235352 1310078266.166023
0.970703 -0.493164 0.236328 1310078266.191025
0.896484 -0.433594 0.174805 1310078266.243024
0.899414 -0.396484 0.174805 1310078266.245017
0.915039 -0.378906 0.162109 1310078266.303018
0.931641 -0.395508 0.193359 1310078266.336023
0.956055 -0.287109 0.177734 1310078266.342023
0.960938 -0.210938 0.166992 1310078266.371054
1.008789 -0.220703 0.143555 1310078266.403020
1.025391 -0.190430 0.144531 1310078266.446024
1.039062 -0.171875 0.104492 1310078266.470022
1.014648 -0.186523 0.104492 1310078266.496029
0.997070 -0.213867 0.087891 1310078266.553025
0.956055 -0.218750 0.099609 1310078266.653036
0.882812 -0.257812 0.100586 1310078266.655026
0.834961 -0.257812 0.100586 1310078266.667104
0.821289 -0.287109 0.073242 1310078266.677024
0.837891 -0.291016 0.102539 1310078266.698029
0.825195 -0.302734 0.113281 1310078266.720028
0.879883 -0.311523 0.129883 1310078266.765030
0.905273 -0.299805 0.125977 1310078266.801032
0.872070 -0.365234 0.157227 1310078266.821036
0.944336 -0.423828 0.146484 1310078266.890042
0.975586 -0.416016 0.154297 1310078266.898043
0.958984 -0.249023 0.134766 1310078266.921047
0.944336 -0.220703 0.144531 1310078266.950038
0.961914 -0.265625 0.130859 1310078266.972038
0.956055 -0.334961 0.130859 1310078267.019043
