0.894531 -0.423828 -0.026367 1310583843.876461
0.887695 -0.273438 0.092773 1310583843.920482
0.917969 -0.273438 0.093750 1310583843.942482
0.870117 -0.145508 0.129883 1310583843.997514
0.848633 -0.218750 0.059570 1310583843.998480
0.876953 -0.160156 0.011719 1310583844.045554
0.719727 -0.488281 -0.079102 1310583844.067552
0.719727 -0.488281 -0.079102 1310583844.090521
0.725586 0.078125 -0.041016 1310583844.142587
0.689453 -0.072266 -0.002930 1310583844.167542
0.593750 0.204102 -0.117188 1310583844.193507
0.700195 -0.004883 -0.150391 1310583844.240517
0.960938 -0.191406 -0.196289 1310583844.265515
1.042969 -0.534180 -0.298828 1310583844.310550
1.092773 -0.269531 -0.180664 1310583844.332488
0.945312 -0.428711 -0.337891 1310583844.375465
1.181641 -0.515625 -0.154297 1310583844.396473
1.208984 0.045898 -0.327148 1310583844.420593
1.118164 -0.510742 -0.213867 1310583844.475552
1.187500 -0.150391 -0.253906 1310583844.497506
1.073242 -0.298828 -0.382812 1310583844.518492
1.086914 -0.490234 -0.315430 1310583844.562476
1.040039 -0.297852 -0.360352 1310583844.585481
0.928711 -0.460938 -0.313477 1310583844.608499
0.909180 -0.447266 -0.272461 1310583844.652468
0.889648 -0.607422 -0.250000 1310583844.696498
0.915039 -0.423828 -0.213867 1310583844.718476
0.925781 -0.348633 -0.259766 1310583844.741472
1.118164 -0.381836 -0.243164 1310583844.785606
1.333984 -0.276367 -0.098633 1310583844.807558
0.980469 -0.572266 -0.003906 1310583844.851495
0.894531 -0.522461 -0.092773 1310583844.896474
0.814453 -0.544922 -0.106445 1310583844.917499
0.842773 -0.617188 -0.046875 1310583844.941530
0.855469 -0.626953 0.028320 1310583844.973511
1.036133 -0.626953 0.028320 1310583845.003673
1.061523 -0.623047 0.197266 1310583845.040571
0.952148 -0.500977 0.197266 1310583845.061608
0.818359 -0.386719 0.139648 1310583845.105560
0.758789 -0.398438 0.157227 1310583845.127566
0.834961 -0.309570 0.259766 1310583845.172608
0.901367 -0.309570 0.259766 1310583845.195538
0.921875 -0.335938 0.299805 1310583845.307522
0.882812 -0.280273 0.271484 1310583845.325521
0.854492 -0.431641 0.327148 1310583845.348487
0.823242 -0.473633 0.412109 1310583845.350482
0.715820 -0.452148 0.336914 1310583845.370493
0.750977 -0.350586 0.336914 1310583845.391564
0.760742 -0.396484 0.315430 1310583845.436536
0.750977 -0.517578 0.271484 1310583845.478515
0.824219 -0.517578 0.228516 1310583845.480540
0.872070 -0.504883 0.239258 1310583845.524486
0.867188 -0.512695 0.279297 1310583845.545486
0.825195 -0.501953 0.281250 1310583845.590517
0.793945 -0.423828 0.219727 1310583845.631516
0.862305 -0.503906 0.203125 1310583845.655511
0.816406 -0.500000 0.152344 1310583845.700619
0.832031 -0.472656 0.245117 1310583845.722584
0.854492 -0.501953 0.197266 1310583845.746583
0.898438 -0.502930 0.197266 1310583845.769572
0.879883 -0.519531 0.249023 1310583845.811516
0.868164 -0.484375 0.233398 1310583845.850495
0.854492 -0.476562 0.220703 1310583845.872550
0.880859 -0.467773 0.214844 1310583845.899496
0.819336 -0.467773 0.214844 1310583845.933498
0.827148 -0.500977 0.201172 1310583845.970607
0.815430 -0.492188 0.214844 1310583846.012586
0.837891 -0.510742 0.211914 1310583846.033577
0.842773 -0.458008 0.212891 1310583846.077532
0.859375 -0.507812 0.220703 1310583846.102593
0.852539 -0.498047 0.216797 1310583846.136570
0.840820 -0.505859 0.240234 1310583846.178634
0.863281 -0.478516 0.197266 1310583846.202608
0.822266 -0.490234 0.194336 1310583846.222626
0.837891 -0.497070 0.220703 1310583846.271542
0.825195 -0.493164 0.238281 1310583846.292510
0.809570 -0.495117 0.204102 1310583846.337562
0.832031 -0.488281 0.221680 1310583846.361588
