0.990234 -0.406250 -0.053711 1310508600.408116
0.907227 -0.208984 0.015625 1310508600.453090
0.934570 -0.197266 0.054688 1310508600.468097
0.990234 -0.239258 0.003906 1310508600.507192
0.995117 -0.304688 0.001953 1310508600.535190
0.959961 -0.283203 -0.048828 1310508600.558150
0.954102 -0.308594 -0.077148 1310508600.581195
1.013672 -0.285156 -0.085938 1310508600.623100
0.969727 -0.185547 -0.034180 1310508600.668177
1.003906 -0.268555 -0.006836 1310508600.689118
0.938477 -0.250977 -0.053711 1310508600.732387
0.987305 -0.293945 -0.047852 1310508600.778201
0.987305 -0.293945 -0.047852 1310508600.779190
0.863281 -0.334961 -0.081055 1310508600.820190
0.874023 -0.280273 -0.092773 1310508600.865191
0.811523 -0.262695 -0.106445 1310508600.894119
0.809570 -0.241211 -0.197266 1310508600.916103
0.618164 -0.162109 -0.145508 1310508600.937145
0.620117 -0.213867 -0.145508 1310508600.987158
0.578125 -0.147461 -0.019531 1310508601.024115
0.457031 -0.183594 -0.064453 1310508601.047191
0.592773 -0.351562 -0.046875 1310508601.089192
1.141602 -0.550781 0.096680 1310508601.112107
1.975586 -0.716797 -0.291992 1310508601.135132
1.980469 -0.343750 -0.617188 1310508601.178114
1.979492 -0.049805 -0.507812 1310508601.224123
1.979492 -0.242188 -0.642578 1310508601.247210
1.725586 -0.273438 -0.445312 1310508601.269118
1.332031 -0.497070 -0.165039 1310508601.293206
0.692383 0.238281 0.460938 1310508601.323211
-0.504883 0.291992 -0.156250 1310508601.370155
-1.183594 -0.085938 -0.311523 1310508601.403145
-0.231445 0.002930 -0.353516 1310508601.455143
0.228516 -0.236328 -0.321289 1310508601.482115
0.416992 -0.503906 -0.405273 1310508601.503131
0.388672 -0.503906 -0.405273 1310508601.525139
0.226562 -0.082031 -0.070312 1310508601.570219
0.053711 -0.111328 -0.147461 1310508601.593178
-0.196289 0.041992 -0.177734 1310508601.658175
-0.024414 0.056641 -0.069336 1310508601.659154
0.785156 -0.250977 -0.162109 1310508601.679143
1.980469 -0.250977 -0.162109 1310508601.724202
1.976562 -0.980469 -0.508789 1310508601.772133
1.914062 0.042969 0.244141 1310508601.793126
1.669922 -0.572266 -0.250000 1310508601.814195
0.622070 -0.242188 -0.273438 1310508601.858213
0.155273 -0.099609 -0.074219 1310508601.880229
0.083984 0.029297 -0.278320 1310508601.903128
0.112305 -0.313477 -0.404297 1310508601.950212
0.331055 -0.429688 -0.463867 1310508601.989188
0.443359 -0.285156 -0.385742 1310508602.010226
0.503906 -0.154297 -0.177734 1310508602.054214
0.663086 -0.032227 0.003906 1310508602.077212
1.136719 0.035156 -0.024414 1310508602.099146
1.983398 -0.040039 -0.205078 1310508602.144150
1.979492 -0.314453 0.028320 1310508602.189215
1.978516 -0.584961 -0.683594 1310508602.214206
1.978516 -0.928711 -0.619141 1310508602.237143
1.706055 -0.146484 -0.224609 1310508602.259107
0.778320 0.044922 0.275391 1310508602.303153
0.056641 -0.025391 0.215820 1310508602.328220
-0.963867 0.306641 -0.585938 1310508602.370114
-1.238281 -0.322266 -0.390625 1310508602.393165
0.199219 0.064453 -0.226562 1310508602.435212
0.658203 -0.185547 -0.226562 1310508602.460222
0.330078 -0.612305 -0.051758 1310508602.490230
0.499023 0.054688 0.135742 1310508602.533213
0.308594 -0.017578 -0.037109 1310508602.554193
0.005859 0.080078 -0.161133 1310508602.604149
-0.174805 0.123047 -0.285156 1310508602.614169
-0.152344 -0.120117 -0.285156 1310508602.656153
-0.152344 -0.120117 -0.285156 1310508602.679236
1.344727 -0.759766 -0.007812 1310508602.779197
1.978516 -0.788086 -0.738281 1310508602.780157
1.978516 -0.568359 -0.030273 1310508602.793232
1.980469 -0.353516 0.145508 1310508602.818230
1.555664 -1.049805 -0.145508 1310508602.849225
0.456055 1.540039 -0.145508 1310508602.868238
-0.174805 -0.104492 0.040039 1310508602.915182
0.087891 -0.406250 -0.151367 1310508602.978241
0.202148 -0.358398 -0.275391 1310508602.979231
0.447266 -0.219727 -0.230469 1310508603.008165
0.412109 -0.384766 -0.480469 1310508603.046227
0.040039 -0.367188 -0.069336 1310508603.090150
0.054688 -0.285156 0.146484 1310508603.112208
1.209961 -0.174805 0.299805 1310508603.134152
1.983398 -0.050781 -0.419922 1310508603.177154
1.978516 -0.517578 -0.517578 1310508603.198161
1.980469 0.280273 -0.569336 1310508603.243241
1.770508 0.095703 -0.327148 1310508603.267238
0.616211 -0.566406 -0.444336 1310508603.317179
-0.504883 -0.339844 -0.079102 1310508603.339238
-1.719727 0.216797 -0.364258 1310508603.361233
-0.142578 -0.388672 -0.394531 1310508603.404248
-0.142578 -0.388672 -0.394531 1310508603.427194
0.433594 -0.462891 -0.072266 1310508603.470243
0.444336 -0.421875 -0.009766 1310508603.493215
0.368164 0.145508 -0.111328 1310508603.535202
0.198242 0.174805 -0.090820 1310508603.557160
-0.085938 0.174805 -0.090820 1310508603.580184
-0.164062 0.284180 -0.152344 1310508603.625194
0.006836 0.025391 -0.125977 1310508603.668227
0.626953 -0.313477 -0.078125 1310508603.689193
1.975586 -0.794922 -0.374023 1310508603.732246
1.977539 -1.387695 -0.188477 1310508603.753246
1.981445 0.112305 -0.188477 1310508603.774197
1.596680 0.900391 0.143555 1310508603.818242
1.131836 0.103516 0.003906 1310508603.860247
0.468750 -0.146484 -0.016602 1310508603.882198
0.025391 -0.153320 0.073242 1310508603.904253
0.103516 -0.419922 -0.093750 1310508603.948196
0.598633 -0.587891 -0.300781 1310508604.004263
1.166016 -0.424805 -0.320312 1310508604.069169
1.039062 -0.286133 -0.292969 1310508604.070168
0.875000 -0.240234 -0.365234 1310508604.109255
0.804688 -0.253906 -0.272461 1310508604.110173
0.696289 -0.214844 -0.139648 1310508604.133225
0.413086 -0.251953 -0.071289 1310508604.168255
0.169922 -0.256836 0.077148 1310508604.212196
0.165039 0.029297 0.196289 1310508604.244228
0.884766 0.130859 0.152344 1310508604.269182
1.979492 0.007812 -0.215820 1310508604.294161
1.978516 -0.972656 -0.247070 1310508604.337214
1.979492 -0.514648 -0.305664 1310508604.359258
1.979492 0.148438 -0.007812 1310508604.394258
1.436523 -0.258789 -0.096680 1310508604.443225
0.169922 -0.330078 -0.200195 1310508604.464196
-0.857422 -0.058594 -0.270508 1310508604.509269
-1.347656 0.191406 -0.270508 1310508604.530259
-0.074219 -0.052734 -0.254883 1310508604.554233
0.092773 -0.387695 -0.276367 1310508604.602207
0.234375 -0.464844 -0.255859 1310508604.623222
0.295898 -0.335938 -0.267578 1310508604.645217
0.174805 -0.234375 -0.228516 1310508604.694274
-0.033203 0.093750 -0.233398 1310508604.715194
-0.033203 0.093750 -0.233398 1310508604.739203
0.096680 0.065430 -0.191406 1310508604.784193
0.489258 -0.019531 -0.127930 1310508604.808241
1.981445 -0.259766 -0.324219 1310508604.852267
1.979492 -0.933594 0.102539 1310508604.869266
1.980469 -0.933594 0.102539 1310508604.915188
1.982422 -0.063477 -0.143555 1310508604.939272
1.077148 -0.925781 -0.656250 1310508604.977192
0.011719 -0.195312 -0.162109 1310508605.008275
-0.064453 -0.083008 0.125000 1310508605.053192
-0.299805 0.072266 -0.061523 1310508605.077213
0.255859 -0.299805 -0.349609 1310508605.100227
1.100586 -0.476562 -0.501953 1310508605.137216
1.919922 -0.415039 -0.449219 1310508605.163285
0.992188 -0.421875 -0.171875 1310508605.207223
0.830078 -0.214844 -0.087891 1310508605.229190
0.800781 -0.105469 -0.048828 1310508605.275270
0.904297 0.171875 0.451172 1310508605.327230
0.488281 0.443359 0.053711 1310508605.354231
0.270508 0.041016 -0.041016 1310508605.355191
0.427734 -0.039062 -0.095703 1310508605.400274
0.699219 -0.466797 -0.116211 1310508605.423199
1.255859 -0.063477 0.085938 1310508605.445211
1.980469 -0.015625 -0.226562 1310508605.509213
1.983398 0.040039 -0.439453 1310508605.532194
1.978516 -0.246094 -0.524414 1310508605.554229
1.974609 -0.144531 -0.230469 1310508605.598287
1.509766 -0.909180 -0.509766 1310508605.620210
0.690430 -0.909180 -0.509766 1310508605.643197
-0.417969 0.204102 0.145508 1310508605.688291
-1.134766 0.395508 -0.049805 1310508605.732204
-0.162109 -0.256836 -0.145508 1310508605.757244
0.378906 -0.661133 -0.091797 1310508605.779285
0.586914 -0.672852 0.029297 1310508605.823236
0.586914 -0.672852 0.029297 1310508605.845225
0.352539 0.100586 -0.051758 1310508605.882292
0.198242 0.158203 -0.147461 1310508605.904296
-0.013672 0.142578 -0.325195 1310508605.942252
-0.150391 -0.081055 -0.338867 1310508605.967220
0.174805 -0.380859 -0.072266 1310508606.013205
1.955078 -0.707031 -0.269531 1310508606.035294
1.979492 -0.567383 -0.669922 1310508606.080296
1.979492 -0.674805 0.456055 1310508606.127235
1.983398 0.574219 1.785156 1310508606.128188
1.550781 -0.272461 -0.468750 1310508606.169294
0.562500 0.047852 -0.000977 1310508606.192288
0.328125 0.047852 -0.000977 1310508606.237207
0.149414 -0.186523 0.010742 1310508606.260201
0.208008 -0.210938 0.028320 1310508606.303315
0.283203 -0.055664 0.079102 1310508606.325293
0.655273 -0.171875 0.091797 1310508606.368297
1.925781 -0.225586 0.013672 1310508606.390235
1.882812 -0.261719 -0.125000 1310508606.434248
1.106445 -0.353516 -0.263672 1310508606.457251
0.554688 -0.285156 -0.012695 1310508606.485271
0.730469 -0.375000 0.002930 1310508606.534294
0.834961 -0.141602 -0.127930 1310508606.559251
1.088867 -0.342773 -0.127930 1310508606.615273
1.261719 -0.548828 -0.090820 1310508606.642307
1.034180 -0.268555 0.001953 1310508606.660216
0.806641 -0.144531 0.032227 1310508606.683307
0.713867 -0.184570 -0.025391 1310508606.725234
0.798828 -0.282227 -0.041992 1310508606.758212
1.040039 -0.317383 -0.041992 1310508606.781224
1.040039 -0.317383 -0.041992 1310508606.804206
1.090820 0.021484 0.029297 1310508606.854263
