0.320312 -1.236328 -0.241211 1310685369.891230
0.232422 -0.890625 -0.289062 1310685369.933233
0.275391 -0.984375 -0.325195 1310685369.957225
0.297852 -1.109375 -0.310547 1310685370.002231
0.290039 -1.079102 -0.324219 1310685370.024242
0.307617 -1.020508 -0.322266 1310685370.047234
0.317383 -1.046875 -0.302734 1310685370.092236
0.291016 -1.053711 -0.300781 1310685370.163240
0.285156 -1.047852 -0.307617 1310685370.223240
0.313477 -1.052734 -0.320312 1310685370.243247
0.326172 -1.041992 -0.283203 1310685370.244208
0.326172 -1.041992 -0.283203 1310685370.253239
0.288086 -1.045898 -0.314453 1310685370.285238
0.285156 -1.057617 -0.312500 1310685370.310234
0.291016 -1.074219 -0.338867 1310685370.357239
0.314453 -1.043945 -0.315430 1310685370.380205
0.271484 -1.080078 -0.309570 1310685370.415243
0.289062 -1.071289 -0.309570 1310685370.425276
0.312500 -1.024414 -0.311523 1310685370.504241
0.305664 -1.049805 -0.330078 1310685370.505244
0.309570 -1.069336 -0.335938 1310685370.539245
0.286133 -1.041992 -0.284180 1310685370.582243
0.296875 -1.033203 -0.270508 1310685370.605247
0.285156 -1.115234 -0.317383 1310685370.648214
0.275391 -1.073242 -0.215820 1310685370.669239
0.283203 -1.064453 -0.245117 1310685370.712250
0.288086 -1.041016 -0.254883 1310685370.733240
0.285156 -1.063477 -0.263672 1310685370.757253
0.286133 -1.038086 -0.273438 1310685370.782245
0.320312 -1.082031 -0.259766 1310685370.828247
0.304688 -1.026367 -0.248047 1310685370.875253
0.295898 -1.028320 -0.146484 1310685370.884252
0.299805 -1.055664 -0.184570 1310685370.927252
0.311523 -1.004883 -0.200195 1310685370.952249
0.334961 -0.945312 -0.248047 1310685370.974254
0.485352 -1.038086 -0.221680 1310685371.027250
0.469727 -1.077148 -0.340820 1310685371.050248
0.474609 -0.933594 -0.446289 1310685371.098249
0.542969 -0.691406 -0.440430 1310685371.120264
0.583008 -0.908203 -0.313477 1310685371.142255
0.583008 -0.908203 -0.313477 1310685371.167269
0.356445 -0.841797 -0.596680 1310685371.212259
0.625977 -1.017578 -0.698242 1310685371.258256
0.477539 -0.813477 -0.701172 1310685371.272273
0.844727 -0.786133 -0.708984 1310685371.314240
0.716797 -0.712891 -0.746094 1310685371.338261
0.491211 -0.819336 -0.696289 1310685371.361258
0.415039 -0.797852 -0.635742 1310685371.412257
0.492188 -0.834961 -0.672852 1310685371.465269
0.602539 -0.837891 -0.661133 1310685371.489258
0.631836 -0.755859 -0.625977 1310685371.510263
0.698242 -0.695312 -0.623047 1310685371.533254
0.684570 -0.641602 -0.585938 1310685371.579268
0.773438 -0.656250 -0.622070 1310685371.617267
0.878906 -0.666016 -0.615234 1310685371.639263
0.853516 -0.659180 -0.608398 1310685371.660268
0.977539 -0.598633 -0.632812 1310685371.704251
1.000000 -0.437500 -0.535156 1310685371.727266
1.028320 -0.341797 -0.535156 1310685371.753267
1.009766 -0.314453 -0.468750 1310685371.795278
0.964844 -0.301758 -0.349609 1310685371.839266
0.920898 -0.296875 -0.335938 1310685371.862270
0.885742 -0.426758 -0.378906 1310685371.904273
0.924805 -0.452148 -0.378906 1310685371.907260
0.958008 -0.423828 -0.326172 1310685371.949270
0.875000 -0.391602 -0.431641 1310685371.992269
0.891602 -0.418945 -0.405273 1310685372.014268
0.882812 -0.391602 -0.338867 1310685372.063275
0.854492 -0.425781 -0.288086 1310685372.079271
0.819336 -0.408203 -0.284180 1310685372.128276
0.825195 -0.462891 -0.239258 1310685372.150275
0.807617 -0.515625 -0.206055 1310685372.178271
0.788086 -0.500000 -0.251953 1310685372.220279
0.746094 -0.392578 -0.238281 1310685372.264278
0.749023 -0.263672 -0.212891 1310685372.285278
0.749023 -0.263672 -0.212891 1310685372.307283
0.792969 -0.189453 -0.238281 1310685372.352260
0.869141 -0.244141 -0.232422 1310685372.374276
0.932617 -0.314453 -0.279297 1310685372.417281
0.920898 -0.357422 -0.265625 1310685372.440294
0.915039 -0.404297 -0.247070 1310685372.463282
0.998047 -0.419922 -0.278320 1310685372.505288
1.049805 -0.431641 -0.242188 1310685372.550286
0.982422 -0.382812 -0.166016 1310685372.574287
0.898438 -0.420898 -0.192383 1310685372.595280
0.837891 -0.382812 -0.150391 1310685372.639283
0.874023 -0.443359 0.068359 1310685372.664287
1.066406 -0.566406 0.175781 1310685372.685285
0.974609 -0.481445 -0.133789 1310685372.722278
0.941406 -0.614258 -0.209961 1310685372.784286
0.953125 -0.443359 -0.214844 1310685372.785279
0.907227 -0.343750 -0.180664 1310685372.829291
0.917969 -0.298828 -0.217773 1310685372.851293
0.968750 -0.320312 -0.189453 1310685372.894294
0.945312 -0.351562 -0.213867 1310685372.922289
0.927734 -0.330078 -0.220703 1310685372.945290
0.931641 -0.347656 -0.214844 1310685372.989288
0.917969 -0.355469 -0.196289 1310685373.022275
