0.909180 -0.867188 0.435547 1311189739.684763
0.861328 -0.532227 0.256836 1311189739.706774
0.876953 -0.532227 0.256836 1311189739.750768
0.931641 -0.472656 0.002930 1311189739.784772
0.851562 -0.433594 -0.074219 1311189739.805774
0.763672 -0.535156 -0.131836 1311189739.849787
0.744141 -0.503906 -0.129883 1311189739.893759
0.746094 -0.188477 -0.040039 1311189739.915796
0.978516 -0.012695 -0.011719 1311189739.936793
0.978516 -0.012695 -0.011719 1311189739.980777
0.806641 -0.162109 -0.013672 1311189740.003774
0.748047 -0.285156 -0.029297 1311189740.028784
0.734375 -0.440430 -0.103516 1311189740.073788
0.706055 -0.421875 -0.137695 1311189740.095781
0.693359 -0.443359 -0.222656 1311189740.143776
0.883789 -0.693359 -0.220703 1311189740.165777
0.946289 -0.661133 -0.313477 1311189740.210774
0.957031 -0.104492 -0.391602 1311189740.233788
0.794922 -0.560547 -0.577148 1311189740.275781
0.918945 -0.414062 -0.456055 1311189740.276774
0.990234 -0.750000 -0.213867 1311189740.320792
0.760742 -0.848633 -0.165039 1311189740.365781
0.605469 -0.630859 -0.256836 1311189740.386790
0.660156 -0.927734 -0.227539 1311189740.434807
0.638672 -0.757812 -0.323242 1311189740.456795
0.557617 -0.835938 -0.283203 1311189740.499788
0.626953 -0.913086 -0.256836 1311189740.524803
0.995117 -0.777344 -0.327148 1311189740.545792
1.498047 -0.911133 -0.535156 1311189740.589787
0.628906 -0.792969 -0.533203 1311189740.611786
0.677734 -0.914062 -0.251953 1311189740.655810
0.491211 -0.769531 -0.250000 1311189740.678800
0.991211 -0.769531 -0.250000 1311189740.699785
0.569336 -0.743164 -0.189453 1311189740.744780
0.854492 -0.792969 -0.066406 1311189740.792119
0.649414 -0.723633 -0.131836 1311189740.846819
0.627930 -0.712891 -0.166016 1311189740.870789
0.826172 -0.712891 -0.166016 1311189740.871788
0.626953 -0.939453 -0.261719 1311189740.918810
0.799805 -1.238281 -0.306641 1311189740.961795
0.590820 -0.998047 -0.378906 1311189740.979797
0.659180 -0.931641 -0.182617 1311189741.006805
0.568359 -0.841797 -0.138672 1311189741.029795
0.693359 -0.841797 -0.138672 1311189741.073807
0.747070 -0.740234 -0.062500 1311189741.100831
0.765625 -0.724609 0.058594 1311189741.135807
0.858398 -0.728516 0.151367 1311189741.156795
0.868164 -0.679688 0.181641 1311189741.203892
0.887695 -0.725586 0.134766 1311189741.226802
0.974609 -0.722656 0.158203 1311189741.249803
0.877930 -0.645508 0.146484 1311189741.293794
0.740234 -0.395508 0.146484 1311189741.320826
0.787109 -0.312500 0.184570 1311189741.368821
0.725586 -0.334961 0.058594 1311189741.391818
0.916016 -0.406250 0.217773 1311189741.416833
0.997070 -0.459961 0.194336 1311189741.460814
0.907227 -0.439453 0.197266 1311189741.490827
0.928711 -0.408203 0.288086 1311189741.513800
0.889648 -0.281250 0.130859 1311189741.556980
0.897461 -0.285156 0.120117 1311189741.589868
0.903320 -0.228516 0.120117 1311189741.611809
0.875000 -0.308594 0.210938 1311189741.661804
0.793945 -0.355469 0.333984 1311189741.683806
0.829102 -0.253906 0.337891 1311189741.705806
0.710938 -0.254883 0.282227 1311189741.750832
0.760742 -0.244141 0.363281 1311189741.775833
0.870117 -0.244141 0.363281 1311189741.797810
0.639648 -0.429688 0.330078 1311189741.841816
0.763672 -0.427734 0.457031 1311189741.869811
0.732422 -0.385742 0.388672 1311189741.905826
0.572266 -0.500977 0.303711 1311189741.929836
0.583008 -0.484375 0.468750 1311189741.967808
0.604492 -0.555664 0.565430 1311189742.009831
0.576172 -0.625000 0.631836 1311189742.033833
0.560547 -0.625000 0.631836 1311189742.059808
0.549805 -0.529297 0.614258 1311189742.150830
0.517578 -0.527344 0.609375 1311189742.196817
0.483398 -0.625977 0.536133 1311189742.198825
0.563477 -0.677734 0.462891 1311189742.214830
0.577148 -0.533203 0.444336 1311189742.271834
0.612305 -0.593750 0.467773 1311189742.293828
0.666016 -0.619141 0.463867 1311189742.314829
0.591797 -0.596680 0.441406 1311189742.338837
0.596680 -0.647461 0.438477 1311189742.379851
0.588867 -0.630859 0.466797 1311189742.380802
0.629883 -0.623047 0.427734 1311189742.424820
0.596680 -0.621094 0.442383 1311189742.468832
0.651367 -0.596680 0.396484 1311189742.510818
0.611328 -0.613281 0.450195 1311189742.511813
0.608398 -0.625977 0.455078 1311189742.577823
0.592773 -0.614258 0.464844 1311189742.579815
