0.735352 -0.650391 0.144531 1309979100.796970
0.754883 -0.644531 0.153320 1309979100.838970
0.782227 -0.605469 0.152344 1309979100.865978
0.880859 -0.565430 0.091797 1309979100.960971
0.877930 -0.489258 0.105469 1309979100.961937
0.845703 -0.501953 0.130859 1309979100.981970
0.830078 -0.513672 0.157227 1309979101.002947
0.840820 -0.523438 0.193359 1309979101.025946
0.801758 -0.570312 0.218750 1309979101.058964
0.814453 -0.525391 0.357422 1309979101.103978
0.823242 -0.330078 0.631836 1309979101.127964
0.593750 -0.444336 0.657227 1309979101.151964
0.721680 -1.196289 0.932617 1309979101.196009
1.122070 -1.976562 1.345703 1309979101.238987
1.219727 -1.976562 0.880859 1309979101.263973
1.543945 -1.982422 0.600586 1309979101.285987
1.927734 -1.980469 0.432617 1309979101.312056
1.912109 -1.981445 0.450195 1309979101.356025
1.658203 -1.974609 0.411133 1309979101.378974
1.282227 -1.931641 0.259766 1309979101.424016
1.185547 -1.416016 -0.109375 1309979101.471013
1.307617 -0.491211 -0.807617 1309979101.493013
0.573242 -0.398438 -0.705078 1309979101.515987
1.014648 -0.655273 -0.574219 1309979101.537992
1.178711 0.001953 -0.359375 1309979101.588001
1.166992 -0.128906 -0.056641 1309979101.631021
0.967773 -0.154297 0.179688 1309979101.677017
0.937500 -0.391602 0.547852 1309979101.699029
0.615234 0.390625 0.876953 1309979101.732027
1.542969 1.982422 1.985352 1309979101.754014
-0.338867 -0.049805 1.985352 1309979101.777025
-1.172852 0.303711 1.155273 1309979101.801022
-0.643555 0.082031 1.665039 1309979101.847009
-0.114258 -0.050781 1.742188 1309979101.881041
0.148438 -0.631836 1.705078 1309979101.903027
0.468750 -0.368164 1.216797 1309979101.924019
0.740234 -0.134766 1.216797 1309979101.969037
1.257812 -0.296875 -0.203125 1309979101.999011
1.835938 -0.444336 -0.511719 1309979102.046021
1.979492 -0.674805 -0.710938 1309979102.054089
1.889648 -0.452148 -0.772461 1309979102.087044
1.977539 -0.801758 -0.559570 1309979102.128995
1.494141 -0.965820 -0.299805 1309979102.152022
1.585938 -1.235352 -0.288086 1309979102.248040
1.598633 -1.980469 -0.050781 1309979102.249007
0.857422 -1.983398 0.405273 1309979102.266030
1.970703 -1.983398 0.345703 1309979102.309021
0.851562 -1.983398 0.447266 1309979102.311024
1.631836 -1.981445 0.471680 1309979102.354040
1.971680 -1.983398 0.569336 1309979102.401009
1.971680 -1.983398 0.368164 1309979102.422026
1.971680 -1.984375 0.344727 1309979102.448035
1.668945 -1.924805 0.110352 1309979102.471030
1.681641 -1.333984 -0.271484 1309979102.513024
1.190430 -0.835938 -0.653320 1309979102.557049
1.511719 -0.705078 -0.860352 1309979102.581035
1.901367 -0.391602 -0.932617 1309979102.627032
1.553711 -0.258789 -0.784180 1309979102.649039
1.541016 -0.217773 -0.464844 1309979102.672021
1.679688 0.050781 0.035156 1309979102.695031
1.026367 0.177734 0.487305 1309979102.739033
0.292969 0.535156 1.034180 1309979102.764034
1.449219 1.981445 1.986328 1309979102.807037
-1.672852 0.500977 0.928711 1309979102.831061
0.423828 -0.435547 1.583008 1309979102.873037
0.173828 -0.435547 1.583008 1309979102.896041
0.500000 0.218750 1.830078 1309979102.946036
0.654297 -0.488281 1.072266 1309979102.967040
0.853516 -0.355469 0.608398 1309979102.988040
1.285156 -0.490234 -0.036133 1309979103.034042
1.977539 -0.423828 -0.165039 1309979103.061057
1.979492 -1.128906 -0.930664 1309979103.099043
1.975586 -0.782227 -1.029297 1309979103.143057
1.979492 -0.791992 -0.835938 1309979103.166022
1.979492 -0.751953 -0.476562 1309979103.187044
1.091797 -1.551758 -0.743164 1309979103.231059
0.750000 -1.983398 -0.250977 1309979103.253051
0.875000 -1.985352 -0.021484 1309979103.276069
1.008789 -1.982422 0.171875 1309979103.319044
1.554688 -1.983398 0.258789 1309979103.363047
1.973633 -1.982422 0.481445 1309979103.386055
1.970703 -1.981445 0.384766 1309979103.422038
1.971680 -1.984375 0.425781 1309979103.445079
1.972656 -1.984375 0.321289 1309979103.506076
1.851562 -1.825195 0.120117 1309979103.543030
1.978516 -0.738281 -0.631836 1309979103.563057
0.851562 -0.060547 -0.773438 1309979103.564044
0.833984 -0.662109 -0.534180 1309979103.602065
1.289062 -0.438477 -0.500000 1309979103.632056
1.351562 -0.461914 -0.462891 1309979103.673047
1.546875 -0.427734 -0.442383 1309979103.719065
1.224609 0.023438 -0.176758 1309979103.742060
0.727539 0.466797 0.408203 1309979103.784053
0.049805 1.982422 1.979492 1309979103.807069
-1.001953 1.982422 1.979492 1309979103.831054
-0.246094 -0.173828 1.437500 1309979103.877032
-0.381836 0.862305 1.928711 1309979103.903055
0.026367 0.289062 1.975586 1309979103.938059
0.034180 -0.539062 1.781250 1309979103.972055
0.426758 -0.524414 1.203125 1309979104.015062
0.912109 -0.329102 0.703125 1309979104.020060
1.333008 -0.361328 -0.412109 1309979104.067059
1.980469 -0.375977 -0.632812 1309979104.089057
1.711914 -0.704102 -0.916016 1309979104.132068
1.553711 -0.466797 -0.900391 1309979104.154057
1.477539 -0.417969 -0.771484 1309979104.176061
1.897461 -0.525391 -0.601562 1309979104.221062
1.291992 -0.904297 -0.747070 1309979104.253039
1.324219 -1.984375 -0.105469 1309979104.295088
1.855469 -1.984375 0.205078 1309979104.318068
1.966797 -1.982422 0.722656 1309979104.364080
1.475586 -1.983398 0.997070 1309979104.387033
1.974609 -1.981445 0.365234 1309979104.410043
1.971680 -1.984375 0.291016 1309979104.469080
1.974609 -1.982422 0.260742 1309979104.470067
1.875000 -1.904297 -0.036133 1309979104.503070
1.754883 -1.493164 -0.608398 1309979104.532044
1.513672 -0.937500 -0.858398 1309979104.576067
1.346680 -0.876953 -0.508789 1309979104.624097
1.977539 -0.939453 -0.626953 1309979104.645064
1.977539 -0.339844 -0.568359 1309979104.693070
1.904297 0.389648 -0.228516 1309979104.708072
0.780273 0.041992 -0.241211 1309979104.739078
0.328125 0.023438 0.300781 1309979104.776099
0.283203 0.806641 0.469727 1309979104.840078
-0.049805 0.876953 0.955078 1309979104.855055
1.739258 1.979492 1.988281 1309979104.857078
-1.985352 -1.289062 0.809570 1309979104.913078
0.060547 -0.003906 1.712891 1309979104.935075
-0.189453 -0.003906 1.712891 1309979104.957094
0.266602 -0.003906 1.712891 1309979104.981098
-0.223633 -0.003906 1.712891 1309979105.024084
-0.126953 -0.194336 0.964844 1309979105.087081
0.389648 -0.318359 0.331055 1309979105.102121
1.041016 0.066406 -0.290039 1309979105.124064
1.842773 0.444336 -0.290039 1309979105.147055
1.978516 -0.333008 -0.596680 1309979105.233080
1.981445 -0.349609 -0.690430 1309979105.250081
1.817383 -0.524414 -0.744141 1309979105.255083
1.669922 -0.724609 -0.318359 1309979105.274087
1.565430 -1.560547 -0.144531 1309979105.319100
1.678711 -1.983398 0.120117 1309979105.362087
1.383789 -1.983398 0.287109 1309979105.383095
1.218750 -1.983398 0.706055 1309979105.408096
1.768555 -1.982422 0.384766 1309979105.453090
1.967773 -1.985352 0.222656 1309979105.477090
1.840820 -1.984375 0.245117 1309979105.499088
1.595703 -1.982422 0.183594 1309979105.545082
1.670898 -1.754883 -0.818359 1309979105.589090
1.397461 -1.102539 -1.142578 1309979105.612104
1.732422 -0.821289 -0.730469 1309979105.642062
1.977539 -0.483398 -0.760742 1309979105.664095
1.968750 -0.507812 -0.772461 1309979105.715106
1.666992 -0.487305 -0.455078 1309979105.738113
1.600586 -0.516602 0.218750 1309979105.787093
1.384766 -0.301758 0.549805 1309979105.809106
0.627930 -0.115234 0.478516 1309979105.852091
-0.257812 0.607422 0.893555 1309979105.853096
-0.077148 0.657227 0.219727 1309979105.895095
-0.236328 1.982422 1.978516 1309979105.919112
-1.051758 -1.480469 0.105469 1309979105.960099
0.403320 -0.078125 0.972656 1309979106.064091
0.421875 0.010742 0.348633 1309979106.127094
0.511719 -0.635742 0.036133 1309979106.128096
0.510742 -0.744141 0.036133 1309979106.130096
0.649414 -0.361328 0.146484 1309979106.143100
0.683594 -0.697266 -0.080078 1309979106.158081
0.791016 -1.012695 -0.105469 1309979106.190103
1.104492 -0.956055 0.124023 1309979106.218105
1.419922 -1.134766 0.150391 1309979106.240103
1.368164 -1.118164 0.118164 1309979106.284111
1.332031 -1.287109 0.296875 1309979106.308116
1.860352 -1.210938 0.352539 1309979106.352104
1.694336 -0.799805 0.438477 1309979106.373076
1.514648 -0.873047 0.455078 1309979106.419108
1.336914 -1.126953 0.517578 1309979106.440083
1.268555 -1.112305 0.622070 1309979106.488106
0.879883 -1.243164 0.598633 1309979106.512111
0.827148 -1.263672 0.608398 1309979106.549123
0.760742 -1.146484 0.577148 1309979106.572087
0.905273 -0.874023 0.435547 1309979106.597169
0.999023 -0.628906 0.435547 1309979106.641117
