1.233398 0.277344 0.032227 1311029341.064796
1.147461 0.325195 0.000977 1311029341.086815
1.242188 0.152344 0.054688 1311029341.109847
1.277344 0.375000 -0.154297 1311029341.155916
1.075195 0.291992 -0.355469 1311029341.178796
0.870117 0.002930 -0.295898 1311029341.224797
0.698242 -0.195312 -0.293945 1311029341.249973
0.427734 -0.224609 -0.416992 1311029341.271821
0.282227 -0.254883 -0.416992 1311029341.316796
0.306641 -0.437500 -0.383789 1311029341.403855
0.305664 -0.487305 -0.370117 1311029341.404864
0.301758 -0.739258 -0.204102 1311029341.424925
0.352539 -0.912109 0.083984 1311029341.445824
0.739258 -0.915039 0.238281 1311029341.466798
1.196289 -0.537109 0.080078 1311029341.509830
1.974609 -0.580078 0.620117 1311029341.553909
1.981445 -0.389648 1.146484 1311029341.575928
1.978516 -0.755859 0.494141 1311029341.598924
1.980469 -0.049805 0.204102 1311029341.645924
1.983398 0.891602 0.224609 1311029341.669837
1.986328 0.891602 0.224609 1311029341.691803
1.841797 0.140625 -1.235352 1311029341.733831
0.238281 0.392578 -1.137695 1311029341.761810
-0.705078 0.675781 -0.967773 1311029341.804854
-0.509766 -0.103516 -0.872070 1311029341.828829
-0.080078 -0.708984 -1.053711 1311029341.852073
0.201172 -0.958984 -1.053711 1311029341.883888
0.156250 -0.711914 -0.422852 1311029341.929934
-0.049805 -0.648438 -0.373047 1311029341.951934
-0.239258 -0.889648 -0.414062 1311029342.000934
-0.260742 -0.771484 -0.167969 1311029342.021834
-0.363281 -0.544922 -0.050781 1311029342.043810
-0.639648 -0.666016 -0.156250 1311029342.088813
-0.451172 -0.823242 -0.069336 1311029342.131929
-0.211914 -0.632812 0.125977 1311029342.154815
-0.266602 -0.478516 0.445312 1311029342.176836
0.508789 -0.670898 0.811523 1311029342.205830
1.974609 -1.887695 1.488281 1311029342.254839
1.980469 0.119141 0.909180 1311029342.296837
1.983398 0.078125 0.439453 1311029342.318877
1.972656 -1.440430 0.780273 1311029342.362939
1.982422 0.641602 0.056641 1311029342.384923
1.384766 -0.203125 -0.166992 1311029342.406843
0.218750 0.068359 -0.166992 1311029342.428817
0.218750 0.068359 -0.166992 1311029342.471842
-0.080078 -0.333984 -0.115234 1311029342.516941
-0.276367 -0.486328 -0.238281 1311029342.541940
-0.226562 -0.780273 -0.274414 1311029342.566943
-0.040039 -0.565430 -0.183594 1311029342.610945
-0.156250 -0.565430 -0.183594 1311029342.644886
-0.250977 -0.790039 -0.119141 1311029342.726934
-0.438477 -0.734375 -0.190430 1311029342.728892
-0.538086 -0.637695 -0.107422 1311029342.729845
-0.381836 -0.651367 -0.050781 1311029342.751823
-0.325195 -0.469727 -0.102539 1311029342.788847
-0.294922 -0.258789 -0.085938 1311029342.811951
0.066406 -0.517578 0.149414 1311029342.873949
1.471680 -0.744141 0.321289 1311029342.895935
1.983398 0.478516 0.034180 1311029342.920945
1.981445 0.521484 -0.068359 1311029342.965944
1.980469 -0.174805 -0.047852 1311029342.988832
1.983398 0.664062 -0.268555 1311029343.009829
1.839844 -0.177734 -0.018555 1311029343.053903
0.537109 -0.388672 0.010742 1311029343.096828
0.066406 -0.208984 -0.113281 1311029343.119859
-0.708008 -0.177734 -0.135742 1311029343.140853
-0.254883 -0.285156 -0.151367 1311029343.184890
-0.219727 -0.380859 -0.368164 1311029343.228856
-0.181641 -0.532227 -0.398438 1311029343.250862
-0.077148 -0.514648 -0.311523 1311029343.270854
-0.029297 -0.430664 -0.284180 1311029343.314956
-0.190430 -0.681641 -0.260742 1311029343.335954
-0.090820 -0.618164 -0.010742 1311029343.378839
-0.018555 -0.423828 -0.066406 1311029343.405857
-0.068359 -0.392578 -0.077148 1311029343.449890
-0.094727 -0.279297 0.158203 1311029343.474955
0.042969 -0.207031 0.516602 1311029343.498965
0.310547 -0.024414 0.595703 1311029343.540931
1.621094 -0.471680 1.287109 1311029343.562956
1.976562 -1.205078 0.953125 1311029343.605882
1.985352 0.357422 0.059570 1311029343.634859
1.974609 -1.236328 -0.244141 1311029343.656956
1.980469 -0.271484 -0.814453 1311029343.699839
1.978516 -0.079102 -0.779297 1311029343.721856
0.728516 -0.079102 -0.779297 1311029343.764883
-0.910156 -0.382812 -0.710938 1311029343.786904
-0.072266 -0.189453 -0.375000 1311029343.830960
-0.143555 -0.132812 -0.427734 1311029343.853962
-0.332031 -0.355469 -0.518555 1311029343.896962
-0.162109 -0.394531 -0.232422 1311029343.919962
-0.059570 -0.220703 -0.105469 1311029343.986871
-0.083008 -0.250000 -0.136719 1311029344.006869
-0.130859 -0.381836 -0.130859 1311029344.028878
-0.086914 -0.440430 0.000977 1311029344.052040
-0.090820 -0.398438 0.087891 1311029344.076847
-0.207031 -0.333984 0.031250 1311029344.120911
-0.460938 -0.341797 0.007812 1311029344.147971
-0.175781 -0.303711 0.140625 1311029344.181854
-0.000977 -0.042969 0.309570 1311029344.225878
0.665039 -0.364258 0.763672 1311029344.248909
1.978516 -0.650391 0.422852 1311029344.269973
1.992188 1.977539 -0.133789 1311029344.313937
1.981445 0.378906 -0.274414 1311029344.335856
1.984375 0.767578 -1.254883 1311029344.381858
1.975586 -0.228516 -1.431641 1311029344.425977
-0.047852 0.224609 -0.981445 1311029344.446978
-1.146484 -0.582031 -0.715820 1311029344.472003
-0.612305 -0.250977 -0.715820 1311029344.493984
-0.458984 -0.390625 -0.531250 1311029344.538897
-0.390625 -0.546875 -0.375977 1311029344.581880
0.007812 -0.339844 -0.420898 1311029344.605883
0.039062 -0.378906 -0.420898 1311029344.626915
0.145508 -0.451172 -0.207031 1311029344.651993
0.213867 -0.290039 -0.207031 1311029344.687984
0.252930 -0.316406 -0.366211 1311029344.733917
0.156250 -0.285156 -0.187500 1311029344.764916
-0.041016 -0.373047 -0.214844 1311029344.786984
-0.006836 -0.458008 -0.254883 1311029344.830984
-0.073242 -0.385742 -0.015625 1311029344.874986
-0.073242 -0.385742 -0.015625 1311029344.875992
-0.343750 -0.816406 0.451172 1311029344.927979
0.865234 -0.937500 1.592773 1311029344.954990
1.971680 -1.712891 1.989258 1311029344.996985
1.976562 -0.718750 1.477539 1311029345.019979
1.976562 -0.817383 1.000000 1311029345.041933
1.982422 -0.261719 -0.628906 1311029345.084912
1.982422 -0.009766 -1.150391 1311029345.108983
1.035156 1.308594 -1.406250 1311029345.140981
-1.224609 0.509766 -1.413086 1311029345.181984
-1.321289 -0.348633 -1.036133 1311029345.205993
-0.841797 -0.176758 -0.997070 1311029345.275993
-0.285156 -0.236328 -0.610352 1311029345.276991
0.186523 -0.755859 -0.612305 1311029345.317927
0.484375 -0.757812 -0.534180 1311029345.340997
0.467773 -0.744141 -0.274414 1311029345.362967
0.374023 -0.492188 -0.073242 1311029345.410997
0.190430 -0.640625 -0.118164 1311029345.436005
0.077148 -0.429688 -0.109375 1311029345.456998
0.124023 -0.243164 -0.083984 1311029345.502009
-0.070312 -0.203125 -0.083984 1311029345.529992
-0.177734 -0.275391 0.025391 1311029345.572924
-0.222656 -0.222656 -0.028320 1311029345.595990
-0.040039 -0.238281 0.150391 1311029345.620003
0.373047 -0.205078 0.191406 1311029345.662997
1.984375 -0.295898 -0.122070 1311029345.730010
1.976562 -0.597656 0.064453 1311029345.731003
1.981445 0.093750 0.102539 1311029345.775005
1.980469 -0.017578 -0.041016 1311029345.797004
1.980469 -0.017578 -0.041016 1311029345.818017
1.491211 0.892578 -0.412109 1311029345.864994
0.842773 -0.731445 0.169922 1311029345.886007
0.408203 -0.241211 -0.159180 1311029345.912006
0.488281 -0.104492 -0.292969 1311029345.956005
0.773438 -0.041016 -0.380859 1311029345.997970
0.808594 -0.083008 -0.380859 1311029346.020006
0.833984 -0.138672 -0.390625 1311029346.050985
0.861328 -0.218750 -0.262695 1311029346.074964
0.901367 -0.302734 -0.137695 1311029346.111011
0.924805 -0.274414 -0.028320 1311029346.156015
0.798828 -0.266602 0.012695 1311029346.180011
0.808594 -0.375000 0.050781 1311029346.202993
0.812500 -0.333008 0.071289 1311029346.246963
0.770508 -0.368164 0.131836 1311029346.290010
0.797852 -0.383789 0.141602 1311029346.311016
0.878906 -0.361328 0.127930 1311029346.337017
0.942383 -0.400391 0.068359 1311029346.358008
0.970703 -0.350586 0.098633 1311029346.408017
1.028320 -0.364258 0.100586 1311029346.430015
1.038086 -0.325195 0.054688 1311029346.474985
1.038086 -0.318359 0.073242 1311029346.564016
1.003906 -0.282227 0.047852 1311029346.565013
1.015625 -0.298828 0.047852 1311029346.584021
1.014648 -0.287109 0.053711 1311029346.606021
0.996094 -0.326172 0.018555 1311029346.649985
