1.010742 -0.268555 0.033203 1311031993.135434
1.036133 -0.257812 0.046875 1311031993.174968
1.086914 -0.210938 0.304688 1311031993.220409
1.151367 -0.187500 0.514648 1311031993.241396
1.377930 -0.421875 0.781250 1311031993.284413
1.421875 -0.468750 0.697266 1311031993.309423
1.441406 -0.830078 0.816406 1311031993.335409
1.355469 -1.066406 0.833008 1311031993.378399
1.149414 -0.965820 0.727539 1311031993.401554
0.923828 -1.076172 0.611328 1311031993.423436
0.831055 -1.078125 0.559570 1311031993.469405
0.568359 -0.823242 0.326172 1311031993.500528
0.328125 -0.505859 0.234375 1311031993.566423
0.168945 -0.433594 0.217773 1311031993.569396
-0.068359 -0.222656 0.069336 1311031993.620434
-0.221680 -0.096680 0.079102 1311031993.621410
-0.278320 -0.103516 0.087891 1311031993.671405
-0.384766 -0.021484 0.070312 1311031993.694430
-0.489258 -0.033203 -0.045898 1311031993.715406
-0.618164 -0.023438 -0.087891 1311031993.759400
-0.644531 0.000977 -0.117188 1311031993.804416
-0.722656 -0.249023 -0.117188 1311031993.805406
-0.785156 -0.069336 -0.141602 1311031993.849386
-0.800781 -0.055664 -0.221680 1311031993.893657
-0.858398 -0.074219 -0.188477 1311031993.918418
-0.840820 -0.146484 -0.221680 1311031993.944412
-0.855469 -0.163086 -0.301758 1311031993.995440
-0.893555 -0.413086 -0.301758 1311031994.010430
-0.959961 -0.402344 -0.403320 1311031994.054473
-0.987305 -0.488281 -0.466797 1311031994.096424
-1.025391 -0.597656 -0.441406 1311031994.119412
-1.075195 -0.684570 -0.369141 1311031994.140425
-1.090820 -0.983398 -0.383789 1311031994.186421
-1.247070 -0.945312 -0.383789 1311031994.209401
-1.401367 -1.373047 -0.363281 1311031994.254456
-0.852539 -1.436523 0.034180 1311031994.268429
1.972656 -1.983398 1.989258 1311031994.298416
-1.983398 -0.105469 1.125000 1311031994.341843
-1.299805 -0.970703 0.058594 1311031994.364438
-0.803711 0.175781 0.385742 1311031994.410424
-0.367188 -0.095703 0.723633 1311031994.433421
-0.143555 -0.130859 0.908203 1311031994.475423
-0.108398 -0.049805 1.157227 1311031994.498418
-0.215820 -0.148438 1.232422 1311031994.520439
-0.412109 -0.364258 0.957031 1311031994.564439
-0.521484 -0.260742 0.844727 1311031994.608429
-0.598633 -0.313477 0.627930 1311031994.629406
-0.703125 -0.426758 0.324219 1311031994.654429
-0.859375 -0.456055 0.038086 1311031994.703425
-0.927734 -0.464844 -0.047852 1311031994.726418
-1.003906 -0.390625 -0.047852 1311031994.748435
-1.152344 -0.269531 -0.254883 1311031994.794432
-1.255859 -0.301758 -0.183594 1311031994.815428
-1.147461 -0.305664 -0.221680 1311031994.859461
-1.066406 -0.228516 -0.176758 1311031994.911441
-1.010742 -0.246094 -0.110352 1311031994.913412
-0.963867 -0.248047 -0.059570 1311031994.938445
-0.963867 -0.248047 -0.059570 1311031994.981437
-1.006836 -0.142578 0.145508 1311031995.028448
-1.060547 -0.187500 0.003906 1311031995.049427
-1.059570 -0.456055 0.039062 1311031995.070449
-0.950195 -0.599609 -0.033203 1311031995.118464
-0.950195 -0.599609 -0.033203 1311031995.139505
-0.780273 -1.222656 -0.109375 1311031995.183425
0.712891 1.984375 1.986328 1311031995.204437
-1.983398 -0.400391 1.245117 1311031995.246432
0.894531 -0.031250 0.611328 1311031995.289433
-0.975586 0.760742 0.258789 1311031995.290428
-0.442383 -0.070312 0.907227 1311031995.331431
-0.206055 0.263672 1.137695 1311031995.379443
0.071289 0.162109 1.222656 1311031995.400460
-0.109375 -0.193359 1.234375 1311031995.443440
-0.220703 -0.255859 1.068359 1311031995.465461
-0.465820 -0.320312 0.795898 1311031995.488463
-0.656250 -0.397461 0.405273 1311031995.534441
-0.979492 -0.437500 0.048828 1311031995.576435
-0.889648 -0.285156 0.000977 1311031995.598449
-1.029297 -0.266602 -0.175781 1311031995.620456
-0.966797 -0.251953 -0.179688 1311031995.663463
-0.968750 -0.197266 -0.166016 1311031995.684445
-1.017578 -0.110352 -0.267578 1311031995.733434
-0.989258 -0.195312 -0.171875 1311031995.775455
-0.964844 -0.264648 -0.205078 1311031995.796462
-1.085938 -0.197266 -0.238281 1311031995.818465
-1.129883 -0.328125 -0.148438 1311031995.840460
-1.215820 -0.328125 -0.148438 1311031995.885458
-1.058594 -0.527344 0.022461 1311031995.929482
-0.858398 -0.573242 0.182617 1311031995.954473
-0.966797 -0.750977 -0.236328 1311031995.976442
-1.160156 -0.953125 -0.099609 1311031996.003489
-0.122070 1.980469 1.977539 1311031996.052772
-1.981445 0.392578 1.977539 1311031996.073445
-0.130859 -0.708984 0.382812 1311031996.119456
-1.000977 0.511719 0.157227 1311031996.187141
-0.673828 0.087891 0.561523 1311031996.224457
-0.515625 -0.174805 0.647461 1311031996.225452
-0.123047 0.053711 0.865234 1311031996.245453
0.060547 0.245117 0.947266 1311031996.289456
0.060547 0.245117 0.947266 1311031996.290453
-0.168945 -0.140625 0.970703 1311031996.336481
-0.219727 -0.164062 0.963867 1311031996.359470
-0.499023 -0.198242 0.733398 1311031996.394461
-0.615234 -0.320312 0.479492 1311031996.419438
-0.887695 -0.402344 0.194336 1311031996.469460
-0.864258 -0.371094 0.139648 1311031996.518486
-0.997070 -0.249023 -0.060547 1311031996.519471
-1.026367 -0.197266 -0.138672 1311031996.570496
-1.039062 -0.218750 -0.141602 1311031996.593466
-1.048828 -0.169922 -0.188477 1311031996.615465
-1.074219 -0.019531 -0.204102 1311031996.661492
-1.056641 -0.034180 -0.126953 1311031996.685478
-1.028320 -0.056641 -0.201172 1311031996.729466
-1.041016 -0.056641 -0.316406 1311031996.750468
-1.127930 -0.126953 -0.299805 1311031996.793486
-1.146484 -0.417969 -0.314453 1311031996.814457
-1.339844 -0.713867 -0.478516 1311031996.856522
-1.186523 -1.124023 -0.465820 1311031996.879494
-0.850586 -1.770508 -0.309570 1311031996.925490
-0.702148 0.176758 1.984375 1311031996.948484
-1.975586 1.881836 1.968750 1311031996.970464
1.982422 -0.047852 1.464844 1311031997.014499
-1.015625 1.044922 0.464844 1311031997.038487
-0.359375 -0.072266 0.750977 1311031997.084529
-0.228516 0.056641 0.872070 1311031997.107703
-0.150391 0.003906 0.944336 1311031997.131489
-0.137695 -0.084961 1.013672 1311031997.168482
-0.137695 -0.084961 1.013672 1311031997.190456
-0.340820 -0.341797 1.011719 1311031997.259461
-0.500000 -0.335938 0.821289 1311031997.282517
-0.678711 -0.314453 0.502930 1311031997.306484
-0.759766 -0.269531 0.371094 1311031997.340464
-0.829102 -0.345703 0.239258 1311031997.362477
-0.897461 -0.310547 0.049805 1311031997.386479
-0.924805 -0.221680 0.015625 1311031997.431480
-0.935547 -0.094727 0.082031 1311031997.506514
-0.970703 0.044922 -0.020508 1311031997.507492
-0.979492 0.078125 -0.083984 1311031997.526487
-0.933594 0.033203 -0.067383 1311031997.549486
-0.897461 0.032227 -0.047852 1311031997.595488
-0.907227 -0.028320 -0.043945 1311031997.617482
-0.879883 -0.030273 -0.010742 1311031997.660485
-0.903320 -0.082031 0.079102 1311031997.682463
-1.061523 -0.215820 -0.107422 1311031997.711493
-0.935547 -0.400391 -0.027344 1311031997.755484
-1.087891 -0.461914 0.064453 1311031997.782500
-1.539062 -0.897461 -0.699219 1311031997.829491
-1.090820 -1.521484 -0.379883 1311031997.850486
1.986328 1.982422 1.989258 1311031997.894493
-1.981445 0.199219 0.281250 1311031997.904533
0.728516 0.199219 0.281250 1311031997.939512
-0.602539 1.232422 0.789062 1311031997.981504
-0.625000 -0.035156 0.572266 1311031998.002473
-0.449219 -0.019531 0.787109 1311031998.045485
-0.159180 -0.046875 1.043945 1311031998.067591
-0.078125 -0.051758 1.134766 1311031998.110495
-0.355469 -0.071289 1.134766 1311031998.132471
-0.352539 -0.272461 0.825195 1311031998.180495
-0.477539 -0.147461 0.464844 1311031998.202494
-0.659180 -0.291016 0.266602 1311031998.227498
-0.753906 -0.133789 0.205078 1311031998.276500
-0.883789 -0.056641 0.119141 1311031998.299492
-0.866211 -0.039062 0.130859 1311031998.342491
-0.847656 -0.071289 0.120117 1311031998.365504
-0.918945 -0.098633 0.044922 1311031998.410513
-0.840820 -0.045898 0.033203 1311031998.431523
-0.803711 -0.090820 0.015625 1311031998.475487
-0.839844 -0.015625 -0.026367 1311031998.476486
-0.800781 -0.028320 0.005859 1311031998.520501
-0.706055 -0.108398 0.053711 1311031998.562503
-0.623047 -0.121094 0.094727 1311031998.585502
-0.540039 -0.141602 0.108398 1311031998.630533
-0.360352 -0.155273 0.169922 1311031998.654507
-0.196289 -0.373047 0.230469 1311031998.675503
-0.446289 -0.373047 0.230469 1311031998.720487
-0.247070 -0.270508 0.323242 1311031998.767541
0.123047 -0.431641 0.372070 1311031998.805494
0.533203 -0.688477 0.660156 1311031998.806493
0.614258 -0.673828 0.535156 1311031998.847519
0.862305 -0.691406 0.535156 1311031998.870521
1.185547 -0.518555 0.596680 1311031998.917519
1.303711 -0.534180 0.490234 1311031998.940526
1.455078 -0.659180 0.455078 1311031998.985513
1.423828 -0.411133 0.362305 1311031999.010520
1.263672 0.003906 0.358398 1311031999.052540
1.301758 -0.125000 0.268555 1311031999.076519
1.269531 -0.229492 0.183594 1311031999.105518
1.169922 -0.277344 0.152344 1311031999.155534
1.041992 -0.439453 0.112305 1311031999.169514
0.961914 -0.503906 0.110352 1311031999.197523
0.957031 -0.470703 0.080078 1311031999.242535
0.957031 -0.470703 0.080078 1311031999.264519
1.024414 -0.395508 0.144531 1311031999.307518
