0.859375 -0.535156 0.110352 1311186594.286622
0.866211 -0.297852 0.221680 1311186594.308649
0.696289 -0.317383 0.155273 1311186594.353626
0.716797 -0.191406 0.294922 1311186594.376639
0.413086 0.185547 0.223633 1311186594.400645
0.447266 0.085938 0.427734 1311186594.446631
0.859375 0.226562 0.848633 1311186594.469628
1.700195 0.226562 0.848633 1311186594.490632
1.700195 0.226562 0.848633 1311186594.533605
1.976562 -1.189453 1.988281 1311186594.577636
1.975586 -1.919922 1.988281 1311186594.598637
1.971680 -1.983398 1.779297 1311186594.642636
1.973633 -1.981445 1.193359 1311186594.667633
1.380859 -1.981445 1.193359 1311186594.691632
1.054688 -1.416016 -0.104492 1311186594.735614
0.963867 -0.983398 -0.293945 1311186594.768634
1.250977 -1.114258 -0.439453 1311186594.797642
1.650391 -0.942383 -0.580078 1311186594.821640
1.976562 -0.211914 -0.553711 1311186594.863632
1.498047 0.086914 -0.689453 1311186594.885634
1.413086 -0.096680 -0.438477 1311186594.930638
1.145508 0.947266 0.028320 1311186594.963638
1.235352 1.071289 -0.047852 1311186594.986641
1.631836 1.980469 0.269531 1311186595.012675
0.798828 1.980469 0.684570 1311186595.042634
0.032227 0.723633 -0.382812 1311186595.110619
-1.803711 1.411133 0.455078 1311186595.132636
-1.972656 1.981445 0.139648 1311186595.155645
-0.987305 0.600586 0.274414 1311186595.186647
0.495117 0.138672 0.438477 1311186595.217644
1.980469 -0.278320 0.304688 1311186595.238633
1.921875 -1.347656 -0.818359 1311186595.287648
1.978516 -1.021484 -0.731445 1311186595.321642
1.972656 -0.746094 -0.390625 1311186595.347640
1.973633 -1.408203 -0.021484 1311186595.370650
1.979492 -1.021484 -0.078125 1311186595.431647
1.685547 -0.954102 -0.078125 1311186595.433665
1.698242 -0.523438 0.334961 1311186595.477655
1.366211 0.036133 1.333008 1311186595.500668
1.442383 0.019531 1.410156 1311186595.543640
1.991211 1.980469 1.990234 1311186595.567650
1.975586 -1.527344 1.428711 1311186595.600652
1.978516 -0.382812 1.666992 1311186595.630653
1.979492 -0.209961 1.606445 1311186595.673667
1.977539 -1.210938 1.703125 1311186595.696651
1.801758 -0.617188 0.992188 1311186595.719656
1.038086 -0.629883 0.272461 1311186595.763652
1.973633 -0.963867 0.149414 1311186595.786651
1.973633 -0.963867 0.149414 1311186595.820666
1.686523 -0.867188 -0.338867 1311186595.858656
1.801758 -1.066406 -0.538086 1311186595.916677
1.977539 -0.822266 -0.498047 1311186595.923658
1.978516 -0.380859 -0.762695 1311186595.945661
1.630859 -0.579102 -0.777344 1311186596.011660
1.512695 -0.579102 -0.777344 1311186596.012658
1.507812 0.153320 -0.500000 1311186596.060667
1.069336 0.915039 -0.135742 1311186596.102664
1.441406 1.980469 0.030273 1311186596.125668
-0.435547 1.981445 0.564453 1311186596.147664
-0.931641 1.982422 1.016602 1311186596.169661
-1.791992 1.980469 0.709961 1311186596.222661
-0.852539 1.723633 0.505859 1311186596.243662
0.433594 0.849609 0.147461 1311186596.288668
1.741211 -0.351562 0.027344 1311186596.311664
1.975586 -1.453125 -0.723633 1311186596.388668
1.979492 -0.428711 -0.609375 1311186596.390667
1.979492 -0.428711 -0.609375 1311186596.392669
1.976562 -1.383789 -0.304688 1311186596.455655
1.879883 -1.166016 -0.250977 1311186596.480669
1.772461 -1.595703 -0.134766 1311186596.525673
1.629883 -1.154297 0.019531 1311186596.526669
1.495117 -1.154297 0.019531 1311186596.557670
1.553711 -0.421875 0.683594 1311186596.600672
1.112305 -0.609375 1.296875 1311186596.625675
1.986328 1.248047 1.989258 1311186596.672674
1.987305 1.981445 1.989258 1311186596.697676
1.975586 -1.982422 1.199219 1311186596.721675
1.980469 0.017578 1.199219 1311186596.763674
1.978516 -0.773438 1.870117 1311186596.788685
1.977539 -1.196289 0.923828 1311186596.817677
1.394531 -1.045898 -0.079102 1311186596.860676
1.276367 -1.091797 -0.352539 1311186596.885676
1.851562 -1.170898 -0.362305 1311186596.930684
1.613281 -0.810547 -0.445312 1311186596.952690
1.441406 -1.483398 -0.468750 1311186596.998678
1.979492 -0.668945 -0.468750 1311186597.021679
1.693359 -0.575195 -0.699219 1311186597.042655
1.846680 -0.607422 -0.570312 1311186597.088683
1.694336 -0.062500 -0.617188 1311186597.110676
1.264648 -0.102539 -0.626953 1311186597.145678
1.285156 0.229492 -0.169922 1311186597.190685
0.757812 1.340820 0.466797 1311186597.215685
1.986328 1.979492 1.003906 1311186597.258690
-1.649414 1.978516 0.851562 1311186597.282686
-1.973633 1.984375 0.413086 1311186597.305687
-1.668945 1.980469 0.685547 1311186597.348667
-0.099609 1.203125 0.875000 1311186597.377715
0.713867 -0.315430 0.291016 1311186597.397689
1.605469 -0.665039 -0.227539 1311186597.442690
1.980469 -1.150391 -0.550781 1311186597.476700
1.898438 -0.887695 -0.550781 1311186597.498691
1.892578 -1.328125 -0.414062 1311186597.547698
1.856445 -1.395508 -0.145508 1311186597.568693
1.896484 -1.080078 -0.195312 1311186597.591689
1.904297 -1.332031 0.081055 1311186597.666695
1.533203 -0.736328 0.319336 1311186597.667688
1.321289 -0.783203 0.042969 1311186597.687692
1.128906 -0.023438 0.861328 1311186597.732828
1.228516 0.320312 1.535156 1311186597.756693
-0.906250 1.982422 1.978516 1311186597.790696
1.982422 0.201172 1.988281 1311186597.833695
1.976562 -0.747070 1.776367 1311186597.855702
1.976562 -0.747070 1.776367 1311186597.877697
1.981445 -0.640625 1.803711 1311186597.921686
1.969727 -1.719727 1.124023 1311186597.946699
1.666992 -0.975586 0.651367 1311186597.990698
1.516602 -0.921875 -0.020508 1311186598.012681
1.977539 -1.195312 -0.333984 1311186598.043696
1.810547 -1.028320 -0.368164 1311186598.087692
1.976562 -0.923828 -0.353516 1311186598.131703
1.979492 -0.184570 -0.708008 1311186598.152715
1.976562 -0.533203 -0.490234 1311186598.175695
1.982422 0.021484 -0.329102 1311186598.219701
1.273438 0.386719 -0.761719 1311186598.241705
1.499023 0.401367 -0.389648 1311186598.263684
1.499023 0.401367 -0.389648 1311186598.310699
1.071289 1.949219 -0.775391 1311186598.338705
0.629883 1.980469 -0.376953 1311186598.381708
-1.264648 0.677734 -0.107422 1311186598.425717
-1.972656 1.982422 -0.516602 1311186598.426703
-1.976562 1.316406 0.424805 1311186598.467729
-0.990234 0.546875 0.424805 1311186598.490705
-0.129883 -0.482422 0.405273 1311186598.532709
1.109375 -0.188477 -0.024414 1311186598.561726
1.758789 -1.181641 -0.379883 1311186598.605710
1.625000 -0.931641 -0.379883 1311186598.626710
1.436523 -0.777344 -0.555664 1311186598.675714
1.357422 -0.931641 -0.274414 1311186598.696714
1.272461 -0.956055 -0.196289 1311186598.742711
1.210938 -0.853516 -0.185547 1311186598.763714
1.282227 -0.861328 -0.187500 1311186598.785714
1.439453 -0.532227 -0.187500 1311186598.813717
1.350586 -0.599609 0.218750 1311186598.858723
1.099609 -0.348633 0.374023 1311186598.881735
1.275391 0.907227 0.935547 1311186598.955724
1.985352 -0.752930 1.990234 1311186598.973717
1.984375 1.626953 1.987305 1311186598.990720
1.974609 -0.977539 1.795898 1311186599.012717
1.978516 -0.794922 1.988281 1311186599.055714
1.978516 -1.054688 1.591797 1311186599.080723
1.975586 -0.859375 0.968750 1311186599.145724
1.516602 -0.761719 0.398438 1311186599.150721
1.505859 -1.257812 0.002930 1311186599.178714
1.898438 -0.990234 -0.267578 1311186599.221719
1.980469 -0.767578 -0.306641 1311186599.242705
1.975586 -0.638672 -0.414062 1311186599.267715
1.978516 -0.546875 -0.510742 1311186599.313726
1.976562 -0.375000 -0.556641 1311186599.335722
1.852539 -0.225586 -0.406250 1311186599.356733
1.516602 -0.225586 -0.406250 1311186599.400717
1.183594 0.217773 -0.332031 1311186599.450731
1.506836 1.013672 -0.110352 1311186599.471728
1.096680 1.983398 -0.186523 1311186599.516728
1.991211 1.980469 1.237305 1311186599.561731
-1.328125 1.949219 1.237305 1311186599.563728
-1.973633 1.949219 1.237305 1311186599.595729
-1.975586 1.685547 0.183594 1311186599.642733
-0.748047 0.716797 -0.106445 1311186599.671705
0.519531 -0.230469 -0.032227 1311186599.711738
1.219727 -0.633789 -0.051758 1311186599.712732
1.151367 -0.679688 -0.551758 1311186599.763733
1.114258 -0.731445 -0.684570 1311186599.802709
1.310547 -0.663086 -0.373047 1311186599.825717
1.359375 -0.681641 -0.177734 1311186599.856739
1.301758 -1.012695 -0.137695 1311186599.877715
1.294922 -0.859375 -0.178711 1311186599.922736
1.225586 -0.859375 -0.178711 1311186599.955732
1.241211 -0.792969 -0.013672 1311186599.987736
1.223633 -0.515625 0.297852 1311186600.011745
1.293945 -0.677734 0.427734 1311186600.055740
1.976562 -0.891602 1.184570 1311186600.078741
1.985352 0.243164 1.347656 1311186600.101763
1.982422 0.573242 1.996094 1311186600.146739
1.079102 -1.277344 0.115234 1311186600.241764
0.638672 -0.597656 -0.567383 1311186600.242745
0.215820 0.263672 -0.582031 1311186600.262742
0.102539 0.117188 -0.409180 1311186600.263738
0.177734 -0.263672 -0.398438 1311186600.295745
0.372070 -0.343750 -0.349609 1311186600.338744
0.865234 -0.636719 -0.215820 1311186600.382745
1.978516 -1.013672 -0.008789 1311186600.403735
0.750000 -0.109375 0.089844 1311186600.447745
0.538086 -0.170898 0.195312 1311186600.470752
0.779297 -0.543945 0.212891 1311186600.492721
1.048828 -0.401367 0.132812 1311186600.537744
1.238281 -0.205078 0.148438 1311186600.560746
0.957031 -0.175781 0.104492 1311186600.606752
0.831055 -0.303711 0.113281 1311186600.627748
0.892578 -0.349609 0.133789 1311186600.650746
