0.968750 -0.380859 0.259766 1311188629.381198
0.963867 -0.396484 0.572266 1311188629.403230
1.104492 -0.193359 0.857422 1311188629.429218
1.171875 -0.538086 0.761719 1311188629.473219
1.182617 -0.569336 0.708984 1311188629.496214
1.125000 -0.663086 0.622070 1311188629.577222
1.033203 -0.771484 0.558594 1311188629.578193
0.927734 -0.915039 0.394531 1311188629.594217
0.610352 -1.279297 0.244141 1311188629.638216
0.499023 -1.302734 0.176758 1311188629.684219
0.314453 -1.283203 0.065430 1311188629.686218
0.299805 -1.367188 0.087891 1311188629.729228
0.151367 -1.146484 -0.122070 1311188629.752223
0.102539 -0.926758 -0.130859 1311188629.796220
0.085938 -0.963867 -0.208008 1311188629.841230
0.052734 -0.910156 -0.192383 1311188629.863226
0.054688 -0.771484 0.170898 1311188629.887236
-0.170898 -0.891602 -0.394531 1311188629.931201
1.628906 1.789062 -1.330078 1311188629.952231
0.039062 1.789062 -1.330078 1311188629.976224
-0.128906 -0.529297 0.393555 1311188630.024230
-0.125000 -0.616211 0.233398 1311188630.071225
0.050781 -0.683594 0.586914 1311188630.092221
0.189453 -0.601562 0.779297 1311188630.116232
0.107422 -0.693359 0.779297 1311188630.139234
0.035156 -0.821289 0.552734 1311188630.182230
0.200195 -1.049805 0.498047 1311188630.226241
0.416016 -0.806641 0.764648 1311188630.248228
0.590820 -0.472656 1.027344 1311188630.291230
0.562500 -0.864258 0.996094 1311188630.313235
0.426758 -0.957031 0.996094 1311188630.335237
0.456055 -1.003906 1.026367 1311188630.378234
0.302734 -0.900391 0.901367 1311188630.401237
0.249023 -1.096680 0.855469 1311188630.452249
0.124023 -1.045898 0.663086 1311188630.466237
-0.308594 -1.298828 0.288086 1311188630.507244
-0.318359 -1.318359 0.242188 1311188630.531230
-0.273438 -1.049805 0.210938 1311188630.573249
-0.297852 -1.046875 0.135742 1311188630.596238
-0.310547 -1.125977 0.164062 1311188630.622232
-0.293945 -0.996094 0.025391 1311188630.662225
-0.235352 -0.995117 0.075195 1311188630.682244
-0.217773 -0.818359 0.015625 1311188630.726249
-0.179688 -0.822266 -0.081055 1311188630.747238
-0.033203 -0.795898 0.032227 1311188630.791243
-0.317383 -0.952148 -0.138672 1311188630.871230
1.982422 1.984375 1.989258 1311188630.872246
-1.990234 -1.984375 0.275391 1311188630.892240
-0.445312 -0.078125 0.182617 1311188630.914218
-0.530273 -0.825195 0.351562 1311188630.969263
-0.096680 -0.643555 0.467773 1311188630.991247
0.091797 -0.711914 0.714844 1311188631.012247
0.100586 -0.821289 0.766602 1311188631.056246
-0.052734 -0.894531 0.766602 1311188631.082252
0.021484 -0.902344 0.755859 1311188631.128245
0.050781 -0.822266 0.660156 1311188631.162252
0.071289 -0.961914 0.647461 1311188631.201252
0.144531 -0.939453 0.603516 1311188631.218247
0.175781 -0.892578 0.708984 1311188631.251250
0.208984 -0.851562 0.804688 1311188631.276235
0.218750 -0.946289 0.815430 1311188631.322248
0.087891 -0.997070 0.758789 1311188631.348257
-0.051758 -1.004883 0.695312 1311188631.369241
-0.152344 -1.060547 0.476562 1311188631.393275
-0.385742 -1.356445 0.192383 1311188631.437255
-0.385742 -1.356445 0.192383 1311188631.463255
-0.519531 -1.147461 0.013672 1311188631.507252
-0.508789 -1.136719 -0.051758 1311188631.529258
-0.405273 -1.050781 -0.023438 1311188631.574265
-0.296875 -0.941406 -0.071289 1311188631.598259
-0.291016 -0.928711 -0.063477 1311188631.622255
-0.270508 -0.783203 -0.084961 1311188631.666264
-0.372070 -0.782227 -0.241211 1311188631.708270
-0.056641 -0.883789 -0.008789 1311188631.731257
-0.299805 -1.131836 -0.275391 1311188631.754260
1.979492 0.092773 -1.972656 1311188631.798268
-0.382812 -0.490234 0.644531 1311188631.823278
0.071289 -1.052734 0.531250 1311188631.855224
-0.380859 -0.734375 0.297852 1311188631.881270
-0.110352 -0.554688 0.491211 1311188631.923257
0.015625 -0.598633 0.681641 1311188631.945235
-0.015625 -0.748047 0.666016 1311188631.998265
-0.079102 -0.864258 0.626953 1311188632.000262
0.071289 -0.790039 0.750000 1311188632.047260
0.134766 -0.761719 0.703125 1311188632.102256
0.195312 -1.026367 0.662109 1311188632.169266
0.255859 -1.047852 0.733398 1311188632.170229
0.226562 -0.930664 0.821289 1311188632.184256
0.198242 -0.877930 0.821289 1311188632.202278
0.125977 -0.992188 0.828125 1311188632.250269
0.011719 -1.066406 0.834961 1311188632.273254
-0.051758 -1.099609 0.732422 1311188632.297270
-0.258789 -1.103516 0.541992 1311188632.337235
-0.282227 -1.134766 0.311523 1311188632.367305
-0.479492 -1.048828 0.113281 1311188632.410226
-0.559570 -1.080078 0.014648 1311188632.434223
-0.518555 -1.048828 0.066406 1311188632.478265
-0.441406 -0.937500 0.110352 1311188632.505281
-0.486328 -1.033203 0.061523 1311188632.542272
-0.290039 -0.909180 0.131836 1311188632.579279
-0.349609 -0.863281 0.071289 1311188632.605284
-0.394531 -0.881836 -0.074219 1311188632.627269
-0.255859 -0.962891 -0.012695 1311188632.672293
-0.185547 -1.029297 0.028320 1311188632.698275
-0.183594 -0.283203 1.980469 1311188632.723287
-1.980469 0.750977 1.970703 1311188632.803275
-0.250977 0.099609 1.970703 1311188632.805283
-0.704102 -0.718750 0.166016 1311188632.828265
-0.235352 -0.834961 0.396484 1311188632.854265
0.053711 -0.716797 0.598633 1311188632.888278
0.005859 -0.710938 0.572266 1311188632.910282
-0.065430 -0.744141 0.645508 1311188632.954289
-0.043945 -0.769531 0.697266 1311188632.983284
0.025391 -0.706055 0.657227 1311188633.027294
0.031250 -0.841797 0.693359 1311188633.049286
0.142578 -0.722656 0.583984 1311188633.092294
0.186523 -0.826172 0.514648 1311188633.104288
0.323242 -0.916992 0.654297 1311188633.147283
0.348633 -0.758789 0.671875 1311188633.182286
0.264648 -0.740234 0.805664 1311188633.204287
0.265625 -0.820312 0.914062 1311188633.248287
0.258789 -0.869141 0.937500 1311188633.292294
0.179688 -0.913086 0.975586 1311188633.294288
0.138672 -0.913086 0.975586 1311188633.341274
-0.028320 -1.140625 0.742188 1311188633.405308
-0.149414 -1.171875 0.481445 1311188633.406295
-0.306641 -1.145508 0.250000 1311188633.442294
-0.434570 -1.175781 0.058594 1311188633.485279
-0.448242 -1.282227 0.073242 1311188633.489271
-0.448242 -1.282227 0.073242 1311188633.513291
-0.405273 -1.105469 0.103516 1311188633.555269
-0.319336 -1.141602 0.085938 1311188633.607299
-0.222656 -0.916016 0.065430 1311188633.648307
-0.275391 -0.924805 -0.136719 1311188633.669264
-0.217773 -0.864258 -0.085938 1311188633.692291
-0.131836 -1.121094 -0.199219 1311188633.712271
-0.100586 -0.310547 -0.052734 1311188633.755268
-1.979492 0.374023 1.969727 1311188633.885254
-0.376953 -0.138672 0.554688 1311188633.899273
-0.803711 -0.550781 0.233398 1311188633.900252
-0.364258 -0.830078 0.364258 1311188633.911327
-0.060547 -0.715820 0.663086 1311188633.933292
-0.188477 -0.813477 0.639648 1311188633.954299
-0.477539 -0.633789 0.631836 1311188633.977304
-0.293945 -0.675781 0.625977 1311188634.019273
-0.118164 -0.644531 0.701172 1311188634.047308
-0.117188 -0.565430 0.670898 1311188634.069287
-0.111328 -0.538086 0.574219 1311188634.113285
-0.059570 -0.526367 0.479492 1311188634.137278
-0.049805 -0.523438 0.456055 1311188634.180295
0.025391 -0.558594 0.380859 1311188634.205312
0.164062 -0.804688 0.332031 1311188634.232325
0.276367 -0.891602 0.409180 1311188634.270305
0.263672 -0.565430 0.408203 1311188634.314312
0.376953 -0.725586 0.456055 1311188634.337306
0.521484 -0.715820 0.527344 1311188634.362316
0.643555 -0.509766 0.604492 1311188634.427313
0.706055 -0.604492 0.575195 1311188634.428309
0.770508 -0.640625 0.548828 1311188634.450304
0.833008 -0.643555 0.450195 1311188634.497313
0.875977 -0.640625 0.342773 1311188634.539314
0.916016 -0.549805 0.322266 1311188634.562314
0.943359 -0.541016 0.282227 1311188634.605346
0.948242 -0.492188 0.249023 1311188634.628319
0.948242 -0.492188 0.249023 1311188634.650316
1.025391 -0.411133 0.230469 1311188634.692331
0.989258 -0.428711 0.187500 1311188634.729328
0.982422 -0.425781 0.180664 1311188634.752317
0.951172 -0.478516 0.197266 1311188634.782322
0.912109 -0.423828 0.191406 1311188634.825323
0.894531 -0.434570 0.191406 1311188634.848304
0.874023 -0.406250 0.164062 1311188634.885323
0.934570 -0.429688 0.178711 1311188634.910341
0.942383 -0.387695 0.210938 1311188634.953324
0.917969 -0.401367 0.204102 1311188634.978336
1.041016 -0.223633 0.233398 1311188635.001352
0.968750 -0.223633 0.233398 1311188635.044325
0.979492 -0.363281 0.123047 1311188635.073311
0.964844 -0.428711 0.014648 1311188635.115328
0.887695 -0.291016 -0.057617 1311188635.138331
