0.427734 -0.919922 0.341797 1311032208.200689
0.383789 -1.023438 0.457031 1311032208.221618
0.287109 -1.070312 0.539062 1311032208.266566
0.217773 -1.025391 0.650391 1311032208.288589
0.264648 -1.012695 0.729492 1311032208.312633
0.306641 -0.945312 0.846680 1311032208.353567
0.332031 -0.804688 0.993164 1311032208.397583
0.312500 -0.758789 1.099609 1311032208.420691
0.302734 -0.824219 0.945312 1311032208.442632
0.404297 -0.630859 0.843750 1311032208.467676
0.404297 -0.630859 0.843750 1311032208.512696
0.484375 -0.410156 0.724609 1311032208.535633
0.484375 -0.371094 0.681641 1311032208.580654
0.592773 -0.166016 0.541016 1311032208.625699
0.634766 0.095703 0.469727 1311032208.626695
0.818359 0.088867 0.462891 1311032208.672701
0.876953 0.088867 0.462891 1311032208.695599
0.694336 0.508789 0.270508 1311032208.738575
0.566406 0.631836 0.240234 1311032208.762637
0.702148 0.623047 0.250000 1311032208.816701
0.510742 0.707031 -0.041016 1311032208.837626
0.794922 0.955078 0.141602 1311032208.865578
0.382812 0.874023 -0.283203 1311032208.903580
0.686523 0.794922 -0.076172 1311032208.926669
0.174805 0.845703 -0.441406 1311032208.971709
0.403320 0.526367 -0.229492 1311032208.992616
0.074219 0.423828 -0.189453 1311032209.067643
-0.121094 0.281250 -0.161133 1311032209.068605
-0.221680 0.187500 -0.260742 1311032209.088581
-0.293945 0.405273 -0.327148 1311032209.131586
-0.254883 0.381836 -0.220703 1311032209.153653
-0.298828 0.405273 -0.322266 1311032209.200588
-0.257812 0.579102 -0.460938 1311032209.227598
-0.090820 0.123047 -0.376953 1311032209.250605
0.030273 -0.183594 -0.126953 1311032209.274608
0.408203 -0.264648 0.023438 1311032209.326611
0.645508 -0.154297 0.122070 1311032209.350587
0.623047 -0.605469 0.224609 1311032209.372612
0.510742 -0.515625 0.473633 1311032209.416647
0.478516 -1.015625 0.473633 1311032209.438713
0.808594 -1.004883 0.834961 1311032209.495712
0.408203 -0.666016 0.608398 1311032209.517707
-0.057617 -1.311523 0.564453 1311032209.538709
0.533203 -1.957031 1.135742 1311032209.582711
0.066406 -1.239258 0.742188 1311032209.605714
-0.038086 -1.982422 0.686523 1311032209.628655
0.340820 -1.983398 0.342773 1311032209.673596
-0.131836 -1.750977 0.179688 1311032209.696594
-0.284180 -1.806641 0.155273 1311032209.738679
-0.252930 -1.421875 0.146484 1311032209.760711
-0.417969 -1.056641 0.029297 1311032209.802730
-0.293945 -0.977539 -0.079102 1311032209.846599
-0.276367 -1.079102 -0.062500 1311032209.890605
-0.114258 -1.166992 -0.049805 1311032209.912646
0.151367 -1.135742 -0.060547 1311032209.932718
0.147461 -0.908203 -0.113281 1311032209.955719
0.176758 -1.128906 -0.070312 1311032209.978644
0.394531 -1.478516 0.012695 1311032210.022600
0.641602 -1.304688 -0.008789 1311032210.067709
0.427734 -0.899414 -0.080078 1311032210.091734
0.275391 -1.125000 -0.056641 1311032210.112726
0.265625 -1.165039 -0.036133 1311032210.156626
0.169922 -1.020508 0.213867 1311032210.179601
0.158203 -0.988281 0.116211 1311032210.222605
0.155273 -0.995117 0.123047 1311032210.246658
0.147461 -1.031250 0.165039 1311032210.290643
0.202148 -1.075195 0.196289 1311032210.341653
0.187500 -0.997070 0.156250 1311032210.370669
0.271484 -0.996094 0.100586 1311032210.371682
0.271484 -0.996094 0.100586 1311032210.395662
0.293945 -0.961914 0.079102 1311032210.441655
0.343750 -1.041016 0.097656 1311032210.507733
0.323242 -1.018555 0.103516 1311032210.508728
0.380859 -1.028320 0.069336 1311032210.545658
0.380859 -1.028320 0.069336 1311032210.567662
0.401367 -1.084961 -0.027344 1311032210.612611
0.372070 -1.011719 0.014648 1311032210.633612
0.384766 -1.052734 0.009766 1311032210.662669
0.411133 -0.968750 0.062500 1311032210.710727
0.374023 -1.009766 0.093750 1311032210.732725
0.358398 -1.009766 0.093750 1311032210.775626
0.329102 -1.061523 0.095703 1311032210.797614
0.284180 -1.064453 0.117188 1311032210.822680
0.228516 -1.070312 0.149414 1311032210.865738
0.170898 -1.084961 0.187500 1311032210.887747
0.108398 -1.102539 0.170898 1311032210.931621
0.042969 -1.080078 0.130859 1311032210.965619
0.037109 -1.166992 0.127930 1311032211.011633
0.098633 -1.172852 0.028320 1311032211.034622
0.117188 -1.195312 -0.015625 1311032211.057622
0.158203 -1.167969 -0.113281 1311032211.096742
0.144531 -1.148438 -0.244141 1311032211.117744
0.144531 -1.148438 -0.244141 1311032211.148624
0.202148 -1.274414 -0.359375 1311032211.192679
0.171875 -1.171875 -0.334961 1311032211.216648
0.162109 -1.154297 -0.359375 1311032211.243624
0.143555 -1.159180 -0.339844 1311032211.286656
0.122070 -1.039062 -0.339844 1311032211.309706
0.146484 -0.958984 -0.194336 1311032211.341747
0.169922 -0.914062 -0.172852 1311032211.384745
0.219727 -0.858398 -0.107422 1311032211.407750
0.305664 -0.801758 -0.134766 1311032211.452750
0.454102 -0.858398 0.049805 1311032211.478756
0.489258 -0.870117 0.131836 1311032211.500751
0.534180 -0.956055 0.155273 1311032211.544752
0.673828 -0.825195 0.253906 1311032211.599641
0.748047 -0.666016 0.324219 1311032211.646694
0.837891 -0.693359 0.264648 1311032211.647693
0.851562 -0.584961 0.302734 1311032211.664751
0.933594 -0.417969 0.288086 1311032211.687674
0.925781 -0.220703 0.169922 1311032211.732665
1.087891 -0.240234 0.104492 1311032211.776758
1.166992 -0.191406 0.090820 1311032211.799739
1.124023 -0.154297 -0.017578 1311032211.824755
1.108398 -0.183594 -0.021484 1311032211.868759
1.108398 -0.183594 -0.021484 1311032211.890746
1.040039 -0.193359 0.058594 1311032211.944637
0.996094 -0.161133 0.081055 1311032211.966696
0.931641 -0.133789 0.068359 1311032211.989753
0.907227 -0.101562 0.066406 1311032212.032763
0.887695 -0.160156 0.000977 1311032212.056721
0.967773 -0.139648 0.021484 1311032212.098756
1.018555 -0.150391 0.038086 1311032212.121634
1.033203 -0.212891 0.015625 1311032212.144651
0.997070 -0.295898 0.021484 1311032212.182773
0.921875 -0.280273 0.016602 1311032212.205004
0.933594 -0.316406 0.057617 1311032212.249643
