0.943359 -0.270508 0.267578 1310159077.042999
0.938477 -0.224609 0.176758 1310159077.068002
1.107422 -0.184570 0.187500 1310159077.098002
0.983398 -0.196289 0.134766 1310159077.142003
0.945312 -0.232422 0.070312 1310159077.163000
0.964844 -0.294922 0.028320 1310159077.180981
0.827148 -0.347656 0.014648 1310159077.209013
0.809570 -0.379883 0.017578 1310159077.238005
0.809570 -0.379883 0.017578 1310159077.282007
0.609375 -0.277344 0.122070 1310159077.353011
0.387695 -0.328125 0.057617 1310159077.357023
0.160156 -0.180664 0.010742 1310159077.382019
0.120117 -0.251953 0.134766 1310159077.409003
0.120117 -0.251953 0.134766 1310159077.452980
0.682617 -0.376953 0.770508 1310159077.477005
1.873047 -0.507812 1.186523 1310159077.521011
1.979492 -0.532227 1.700195 1310159077.542011
1.978516 -1.299805 1.536133 1310159077.567009
1.976562 -1.682617 0.596680 1310159077.599007
1.982422 -0.382812 -0.176758 1310159077.643012
1.080078 0.011719 -0.599609 1310159077.665996
0.274414 -0.026367 -0.898438 1310159077.708013
-0.838867 0.118164 -0.546875 1310159077.736017
-0.390625 -0.147461 -0.070312 1310159077.760994
-0.044922 -0.138672 -0.015625 1310159077.813024
0.008789 -0.114258 -0.205078 1310159077.837021
0.312500 -0.479492 0.070312 1310159077.862024
0.703125 -0.289062 0.088867 1310159077.884032
0.711914 0.210938 0.088867 1310159077.931021
0.594727 -0.120117 -0.102539 1310159077.953013
0.248047 -0.375000 -0.051758 1310159078.001020
-0.259766 -0.443359 -0.075195 1310159078.023021
-1.142578 -0.119141 -0.007812 1310159078.078023
-0.837891 -0.412109 -0.116211 1310159078.088019
-0.467773 -0.532227 0.001953 1310159078.110021
0.539062 -0.289062 0.622070 1310159078.157005
1.972656 -1.172852 0.817383 1310159078.204133
1.981445 -0.743164 1.162109 1310159078.226006
1.972656 -1.121094 1.708984 1310159078.247999
1.973633 -1.489258 1.724609 1310159078.271008
1.974609 -1.241211 1.399414 1310159078.308015
1.979492 -1.138672 0.337891 1310159078.361039
0.524414 0.134766 -0.701172 1310159078.382013
-0.913086 0.039062 -0.981445 1310159078.404024
-0.549805 -0.015625 -0.590820 1310159078.451029
-0.048828 0.090820 -0.431641 1310159078.479024
0.396484 -0.608398 -0.318359 1310159078.526043
0.187500 -0.597656 -0.291016 1310159078.570069
0.214844 -0.447266 -0.141602 1310159078.607010
0.439453 -0.131836 -0.080078 1310159078.608001
0.542969 -0.195312 -0.174805 1310159078.628005
0.495117 -0.443359 -0.270508 1310159078.671033
0.235352 -0.431641 -0.213867 1310159078.717999
-0.386719 -0.615234 -0.388672 1310159078.746015
-1.179688 -0.354492 -0.317383 1310159078.779038
-1.302734 -1.554688 -0.813477 1310159078.802037
-0.227539 -0.786133 0.413086 1310159078.826018
1.767578 -1.137695 0.916992 1310159078.852021
1.976562 -1.574219 1.184570 1310159078.888046
1.980469 0.004883 1.985352 1310159078.931010
1.980469 -1.982422 1.990234 1310159078.954016
1.971680 -1.983398 1.987305 1310159078.998011
1.976562 -1.887695 1.048828 1310159079.022043
0.641602 -1.887695 1.048828 1310159079.043048
-0.176758 0.539062 -1.981445 1310159079.109048
-0.270508 0.270508 -1.952148 1310159079.133016
-0.262695 0.324219 -1.371094 1310159079.158019
0.328125 -0.922852 -0.786133 1310159079.181010
0.364258 -0.635742 -0.103516 1310159079.223997
1.084961 -0.292969 0.570312 1310159079.247020
1.082031 0.016602 0.239258 1310159079.278009
1.218750 -0.134766 0.315430 1310159079.308049
0.627930 -0.134766 0.034180 1310159079.351006
0.338867 -0.010742 0.052734 1310159079.373024
-0.168945 0.145508 -0.166992 1310159079.396013
-0.918945 0.145508 -0.166992 1310159079.443039
-0.995117 0.195312 0.250000 1310159079.491034
-1.200195 -1.260742 -0.004883 1310159079.513041
1.104492 -0.898438 1.726562 1310159079.536043
1.971680 -1.983398 1.643555 1310159079.579035
1.979492 -1.105469 1.988281 1310159079.601045
1.970703 -1.982422 1.988281 1310159079.639039
1.972656 -1.958984 0.707031 1310159079.687042
1.973633 -1.487305 -0.136719 1310159079.726026
1.160156 -0.317383 -0.822266 1310159079.727010
-1.316406 1.198242 -1.986328 1310159079.771021
-0.670898 0.051758 -1.085938 1310159079.793046
-0.309570 0.193359 -1.085938 1310159079.816054
0.307617 -0.146484 -0.188477 1310159079.894040
0.344727 -0.326172 0.194336 1310159079.896015
0.180664 -0.337891 0.236328 1310159079.932034
0.528320 -0.273438 0.041016 1310159079.954012
0.848633 -0.273438 0.041016 1310159079.976025
0.868164 -0.353516 -0.145508 1310159080.058072
0.368164 -0.287109 -0.226562 1310159080.066055
-0.122070 -0.212891 -0.329102 1310159080.088060
-0.760742 -0.096680 -0.156250 1310159080.124058
-0.732422 -0.416016 -0.166016 1310159080.147056
-0.166016 -0.246094 0.436523 1310159080.169060
1.526367 -1.071289 1.102539 1310159080.213039
1.974609 -1.878906 1.988281 1310159080.257088
1.976562 -1.289062 1.991211 1310159080.279062
1.970703 -1.982422 1.989258 1310159080.323061
1.967773 -1.982422 1.593750 1310159080.346067
1.967773 -1.982422 1.593750 1310159080.368063
0.790039 0.559570 -1.978516 1310159080.413060
-0.421875 1.028320 -1.982422 1310159080.441076
-0.163086 -0.033203 -1.605469 1310159080.466071
0.442383 0.101562 -0.933594 1310159080.513043
0.359375 -0.558594 -0.353516 1310159080.534071
0.541992 -0.600586 -0.353516 1310159080.579072
0.431641 -0.600586 -0.353516 1310159080.601055
0.930664 -0.329102 0.562500 1310159080.647072
0.834961 -0.242188 0.332031 1310159080.668061
0.419922 -0.666992 0.086914 1310159080.713068
0.003906 0.253906 0.160156 1310159080.736075
-0.900391 -0.251953 0.010742 1310159080.778084
-0.609375 -0.035156 0.083008 1310159080.803074
-0.349609 -0.025391 0.045898 1310159080.831079
0.912109 -0.696289 0.411133 1310159080.878080
1.975586 -1.053711 0.307617 1310159080.891080
1.680664 -0.712891 0.148438 1310159080.929077
1.975586 -1.270508 0.504883 1310159080.951067
1.900391 -1.072266 0.340820 1310159080.994080
1.581055 -0.723633 0.293945 1310159081.039084
1.389648 -0.415039 0.711914 1310159081.054079
0.857422 -0.229492 0.395508 1310159081.086089
0.793945 -0.229492 0.395508 1310159081.108082
0.558594 -0.622070 0.253906 1310159081.187077
0.321289 -0.416016 0.213867 1310159081.208081
0.291016 -0.313477 0.172852 1310159081.209077
0.446289 -0.324219 0.217773 1310159081.247083
0.599609 -0.289062 0.159180 1310159081.272121
0.794922 -0.289062 0.159180 1310159081.313087
0.946289 -0.423828 -0.005859 1310159081.337086
0.972656 -0.379883 -0.030273 1310159081.382097
1.070312 -0.414062 -0.013672 1310159081.404089
1.345703 -0.453125 0.057617 1310159081.448061
0.983398 -0.387695 0.085938 1310159081.462090
0.644531 -0.386719 0.042969 1310159081.504053
0.647461 -0.386719 0.050781 1310159081.529098
0.681641 -0.444336 0.098633 1310159081.577092
0.804688 -0.429688 0.086914 1310159081.616090
1.016602 -0.405273 0.120117 1310159081.638087
0.985352 -0.379883 0.147461 1310159081.661093
0.878906 -0.337891 0.168945 1310159081.708092
0.876953 -0.361328 0.189453 1310159081.737095
0.854492 -0.338867 0.232422 1310159081.766089
0.920898 -0.385742 0.283203 1310159081.787090
0.996094 -0.372070 0.292969 1310159081.847097
1.044922 -0.060547 0.395508 1310159081.871094
0.952148 -0.300781 0.341797 1310159081.884093
0.865234 -0.564453 0.239258 1310159081.928097
0.921875 -0.491211 0.182617 1310159081.951097
