0.824219 -0.515625 0.130859 1309541211.341876
0.858398 -0.515625 0.125977 1309541211.375901
0.865234 -0.501953 0.127930 1309541211.403906
0.882812 -0.531250 0.125977 1309541211.445906
0.855469 -0.519531 0.122070 1309541211.467901
0.853516 -0.535156 0.122070 1309541211.490904
0.856445 -0.545898 0.125000 1309541211.534916
0.870117 -0.551758 0.153320 1309541211.579906
0.830078 -0.529297 0.143555 1309541211.637909
0.846680 -0.545898 0.119141 1309541211.663906
0.832031 -0.541016 0.134766 1309541211.664903
0.841797 -0.551758 0.130859 1309541211.685907
0.856445 -0.543945 0.122070 1309541211.732905
0.855469 -0.541992 0.103516 1309541211.754905
0.882812 -0.555664 0.098633 1309541211.801911
0.831055 -0.546875 0.079102 1309541211.823913
0.872070 -0.521484 0.080078 1309541211.844900
0.872070 -0.521484 0.080078 1309541211.870918
0.846680 -0.547852 0.073242 1309541211.927911
0.848633 -0.554688 0.099609 1309541211.954898
0.860352 -0.555664 0.091797 1309541211.978910
0.859375 -0.523438 0.084961 1309541212.023913
0.859375 -0.524414 0.108398 1309541212.044911
0.842773 -0.539062 0.108398 1309541212.067919
0.864258 -0.539062 0.108398 1309541212.110913
0.853516 -0.569336 0.133789 1309541212.145890
0.892578 -0.525391 0.117188 1309541212.189913
0.862305 -0.518555 0.134766 1309541212.202917
0.842773 -0.517578 0.124023 1309541212.245919
0.849609 -0.513672 0.109375 1309541212.274918
0.865234 -0.549805 0.114258 1309541212.318918
0.916992 -0.542969 0.110352 1309541212.344918
0.846680 -0.515625 0.119141 1309541212.365980
0.904297 -0.516602 0.088867 1309541212.409919
0.828125 -0.514648 0.096680 1309541212.430926
0.828125 -0.514648 0.096680 1309541212.457909
0.857422 -0.505859 0.122070 1309541212.499919
0.831055 -0.509766 0.108398 1309541212.523923
0.843750 -0.545898 0.127930 1309541212.554926
0.832031 -0.520508 0.135742 1309541212.598924
0.833984 -0.520508 0.135742 1309541212.623928
0.861328 -0.546875 0.112305 1309541212.668929
0.872070 -0.553711 0.120117 1309541212.689923
0.860352 -0.573242 0.112305 1309541212.738922
0.843750 -0.585938 0.082031 1309541212.760926
0.862305 -0.560547 0.126953 1309541212.783929
0.862305 -0.560547 0.126953 1309541212.807929
0.880859 -0.587891 0.126953 1309541212.851923
0.866211 -0.566406 0.080078 1309541212.948928
0.850586 -0.566406 0.089844 1309541212.949930
0.866211 -0.587891 0.055664 1309541212.969929
0.888672 -0.556641 0.101562 1309541212.970927
0.864258 -0.556641 0.101562 1309541213.013932
0.871094 -0.574219 0.119141 1309541213.051922
0.868164 -0.553711 0.111328 1309541213.093936
0.877930 -0.522461 0.099609 1309541213.114932
0.882812 -0.544922 0.125977 1309541213.135933
0.846680 -0.520508 0.133789 1309541213.179935
0.887695 -0.544922 0.141602 1309541213.222951
0.857422 -0.500977 0.174805 1309541213.243937
0.846680 -0.519531 0.126953 1309541213.265938
0.826172 -0.541992 0.124023 1309541213.309940
0.838867 -0.496094 0.126953 1309541213.332942
0.831055 -0.505859 0.119141 1309541213.374938
0.854492 -0.518555 0.120117 1309541213.397939
0.868164 -0.513672 0.088867 1309541213.440936
0.842773 -0.525391 0.094727 1309541213.463962
0.865234 -0.529297 0.059570 1309541213.505939
0.824219 -0.521484 0.108398 1309541213.530953
0.806641 -0.578125 0.106445 1309541213.564943
0.834961 -0.549805 0.073242 1309541213.588940
0.846680 -0.541992 0.091797 1309541213.630943
0.865234 -0.539062 0.116211 1309541213.677953
0.865234 -0.519531 0.103516 1309541213.699944
0.849609 -0.550781 0.130859 1309541213.722949
0.835938 -0.565430 0.141602 1309541213.745942
0.850586 -0.519531 0.113281 1309541213.789945
0.822266 -0.528320 0.138672 1309541213.813946
0.851562 -0.527344 0.166992 1309541213.845939
0.869141 -0.535156 0.136719 1309541213.892949
0.854492 -0.576172 0.155273 1309541213.917944
0.854492 -0.576172 0.155273 1309541213.939965
0.843750 -0.525391 0.142578 1309541213.982954
0.862305 -0.508789 0.150391 1309541214.024965
0.842773 -0.573242 0.119141 1309541214.045950
0.867188 -0.537109 0.161133 1309541214.069953
0.843750 -0.541016 0.132812 1309541214.114953
0.862305 -0.559570 0.100586 1309541214.137954
0.860352 -0.561523 0.104492 1309541214.182967
0.866211 -0.500000 0.133789 1309541214.228963
0.859375 -0.522461 0.111328 1309541214.247958
0.856445 -0.547852 0.088867 1309541214.269958
0.865234 -0.573242 0.109375 1309541214.312957
0.858398 -0.550781 0.109375 1309541214.335963
0.830078 -0.559570 0.062500 1309541214.369955
0.879883 -0.549805 0.111328 1309541214.412956
0.828125 -0.530273 0.083008 1309541214.434961
0.832031 -0.550781 0.103516 1309541214.458957
0.860352 -0.566406 0.092773 1309541214.487961
0.827148 -0.569336 0.095703 1309541214.530963
0.875977 -0.609375 0.072266 1309541214.554964
0.868164 -0.570312 0.136719 1309541214.600963
0.860352 -0.573242 0.149414 1309541214.622965
0.853516 -0.593750 0.139648 1309541214.665967
0.835938 -0.527344 0.182617 1309541214.688963
0.874023 -0.533203 0.182617 1309541214.711967
0.828125 -0.533203 0.182617 1309541214.742966
0.842773 -0.505859 0.173828 1309541214.793966
0.829102 -0.523438 0.131836 1309541214.815963
0.794922 -0.511719 0.173828 1309541214.858959
0.854492 -0.511719 0.173828 1309541214.879965
0.870117 -0.503906 0.125000 1309541214.928969
0.851562 -0.511719 0.089844 1309541214.970975
0.843750 -0.539062 0.093750 1309541214.972961
0.820312 -0.510742 0.079102 1309541215.017971
0.835938 -0.527344 0.084961 1309541215.038980
0.833984 -0.555664 0.083008 1309541215.082972
0.848633 -0.554688 0.090820 1309541215.112976
0.853516 -0.519531 0.100586 1309541215.142975
0.865234 -0.550781 0.099609 1309541215.185976
0.867188 -0.518555 0.104492 1309541215.207975
0.850586 -0.555664 0.164062 1309541215.249980
0.876953 -0.555664 0.114258 1309541215.270974
0.860352 -0.537109 0.143555 1309541215.313976
0.829102 -0.518555 0.162109 1309541215.334973
0.855469 -0.532227 0.176758 1309541215.358980
0.829102 -0.513672 0.185547 1309541215.404987
0.849609 -0.483398 0.142578 1309541215.426977
0.839844 -0.483398 0.142578 1309541215.453988
0.844727 -0.513672 0.149414 1309541215.521978
0.868164 -0.516602 0.133789 1309541215.540956
0.840820 -0.509766 0.099609 1309541215.562980
0.846680 -0.523438 0.135742 1309541215.587981
0.851562 -0.548828 0.135742 1309541215.610985
0.862305 -0.552734 0.122070 1309541215.654981
0.869141 -0.547852 0.109375 1309541215.702982
0.849609 -0.544922 0.103516 1309541215.723988
0.840820 -0.563477 0.092773 1309541215.744985
0.857422 -0.567383 0.068359 1309541215.788984
0.847656 -0.536133 0.078125 1309541215.810987
0.823242 -0.545898 0.074219 1309541215.875988
0.866211 -0.578125 0.077148 1309541215.877987
0.860352 -0.593750 0.105469 1309541215.920960
0.849609 -0.556641 0.117188 1309541215.945970
0.887695 -0.580078 0.091797 1309541215.990984
0.887695 -0.580078 0.091797 1309541216.012991
0.872070 -0.568359 0.106445 1309541216.037959
0.889648 -0.550781 0.128906 1309541216.079987
0.888672 -0.541992 0.162109 1309541216.100967
0.850586 -0.529297 0.144531 1309541216.149993
0.809570 -0.552734 0.166992 1309541216.172996
0.801758 -0.541992 0.199219 1309541216.193988
0.830078 -0.488281 0.155273 1309541216.239993
0.833008 -0.489258 0.156250 1309541216.263998
0.873047 -0.524414 0.130859 1309541216.309997
0.892578 -0.504883 0.121094 1309541216.337987
0.866211 -0.536133 0.089844 1309541216.364001
0.840820 -0.550781 0.072266 1309541216.397999
0.848633 -0.522461 0.060547 1309541216.424002
0.837891 -0.522461 0.060547 1309541216.460968
0.853516 -0.543945 0.078125 1309541216.505999
0.855469 -0.568359 0.072266 1309541216.528001
0.856445 -0.586914 0.055664 1309541216.569999
0.847656 -0.542969 0.123047 1309541216.593001
0.848633 -0.538086 0.105469 1309541216.618999
0.816406 -0.551758 0.107422 1309541216.656004
0.818359 -0.544922 0.101562 1309541216.700971
0.816406 -0.532227 0.101562 1309541216.724007
0.847656 -0.532227 0.101562 1309541216.758013
0.833008 -0.500000 0.141602 1309541216.826006
0.838867 -0.545898 0.135742 1309541216.828005
0.861328 -0.523438 0.153320 1309541216.860979
0.894531 -0.494141 0.172852 1309541216.883005
0.858398 -0.489258 0.167969 1309541216.906011
0.854492 -0.500977 0.167969 1309541216.930012
0.876953 -0.515625 0.146484 1309541216.976016
0.871094 -0.569336 0.149414 1309541217.020005
0.878906 -0.563477 0.102539 1309541217.045020
0.889648 -0.534180 0.097656 1309541217.089008
0.869141 -0.555664 0.100586 1309541217.111012
0.862305 -0.551758 0.100586 1309541217.139011
0.862305 -0.551758 0.100586 1309541217.161012
0.866211 -0.578125 0.048828 1309541217.205020
0.848633 -0.579102 0.084961 1309541217.243017
0.828125 -0.567383 0.086914 1309541217.266019
0.887695 -0.587891 0.059570 1309541217.295029
0.863281 -0.560547 0.101562 1309541217.339018
0.849609 -0.585938 0.095703 1309541217.363020
0.832031 -0.546875 0.127930 1309541217.405017
0.870117 -0.551758 0.136719 1309541217.449018
0.825195 -0.559570 0.148438 1309541217.472016
0.821289 -0.500000 0.158203 1309541217.495017
0.842773 -0.496094 0.142578 1309541217.538997
0.824219 -0.500977 0.129883 1309541217.562021
0.853516 -0.512695 0.152344 1309541217.586025
0.855469 -0.531250 0.125000 1309541217.629023
0.853516 -0.503906 0.112305 1309541217.654028
0.879883 -0.561523 0.103516 1309541217.677035
0.842773 -0.546875 0.085938 1309541217.735020
0.879883 -0.517578 0.084961 1309541217.757024
0.837891 -0.520508 0.076172 1309541217.779023
0.840820 -0.525391 0.083984 1309541217.826027
0.831055 -0.555664 0.075195 1309541217.850017
0.814453 -0.555664 0.085938 1309541217.871002
0.843750 -0.527344 0.082031 1309541217.915028
0.837891 -0.562500 0.112305 1309541217.941029
0.833984 -0.566406 0.094727 1309541217.984037
0.844727 -0.553711 0.096680 1309541218.006059
0.849609 -0.562500 0.097656 1309541218.094032
0.835938 -0.562500 0.097656 1309541218.095030
0.853516 -0.533203 0.173828 1309541218.116030
0.876953 -0.559570 0.148438 1309541218.145036
0.812500 -0.506836 0.193359 1309541218.176491
0.841797 -0.509766 0.184570 1309541218.199033
0.864258 -0.526367 0.165039 1309541218.221006
0.865234 -0.550781 0.187500 1309541218.267038
0.842773 -0.531250 0.170898 1309541218.310035
0.870117 -0.558594 0.153320 1309541218.332035
0.858398 -0.558594 0.153320 1309541218.355035
0.850586 -0.562500 0.129883 1309541218.400037
0.814453 -0.518555 0.099609 1309541218.421011
0.833984 -0.542969 0.090820 1309541218.464042
0.867188 -0.539062 0.076172 1309541218.486043
0.859375 -0.550781 0.102539 1309541218.534038
0.819336 -0.575195 0.100586 1309541218.556036
0.851562 -0.551758 0.072266 1309541218.600041
0.843750 -0.536133 0.083984 1309541218.623045
0.864258 -0.584961 0.100586 1309541218.669048
0.874023 -0.562500 0.103516 1309541218.694042
0.882812 -0.549805 0.096680 1309541218.716044
0.851562 -0.554688 0.108398 1309541218.742019
0.881836 -0.545898 0.143555 1309541218.792044
0.885742 -0.520508 0.158203 1309541218.815046
0.872070 -0.522461 0.161133 1309541218.859042
0.837891 -0.506836 0.153320 1309541218.881031
0.864258 -0.519531 0.149414 1309541218.906037
0.805664 -0.500977 0.145508 1309541218.952073
0.840820 -0.500977 0.158203 1309541218.974044
0.817383 -0.250977 0.158203 1309541219.004055
0.843750 -0.480469 0.143555 1309541219.036052
0.856445 -0.515625 0.073242 1309541219.079052
0.840820 -0.507812 0.098633 1309541219.123050
0.844727 -0.517578 0.145508 1309541219.145060
0.849609 -0.504883 0.119141 1309541219.167051
0.862305 -0.505859 0.125977 1309541219.212053
0.849609 -0.545898 0.143555 1309541219.235073
0.854492 -0.529297 0.112305 1309541219.260054
0.861328 -0.544922 0.137695 1309541219.304059
0.877930 -0.547852 0.148438 1309541219.381037
0.870117 -0.556641 0.135742 1309541219.382029
0.864258 -0.531250 0.155273 1309541219.401054
0.860352 -0.517578 0.174805 1309541219.422059
0.842773 -0.519531 0.135742 1309541219.470061
0.874023 -0.534180 0.146484 1309541219.491056
0.861328 -0.527344 0.108398 1309541219.514059
0.842773 -0.549805 0.128906 1309541219.562062
0.858398 -0.501953 0.088867 1309541219.589059
0.858398 -0.524414 0.130859 1309541219.631061
0.812500 -0.485352 0.115234 1309541219.654060
