0.961914 -0.306641 0.105469 1310582519.950737
0.970703 -0.248047 0.105469 1310582519.972708
0.930664 -0.037109 0.018555 1310582520.009704
1.057617 0.002930 0.275391 1310582520.060759
1.063477 -0.632812 0.391602 1310582520.082742
1.218750 -1.306641 0.700195 1310582520.107757
0.885742 -1.479492 0.671875 1310582520.130756
0.627930 -1.606445 0.431641 1310582520.175730
0.558594 -1.294922 0.153320 1310582520.210705
0.294922 -1.081055 -0.180664 1310582520.232716
0.202148 -0.884766 -0.348633 1310582520.289764
0.112305 -0.846680 -0.428711 1310582520.310760
0.117188 -0.852539 -0.383789 1310582520.333761
0.038086 -0.813477 -0.263672 1310582520.357771
-0.007812 -0.857422 -0.124023 1310582520.407768
-0.089844 -0.838867 -0.073242 1310582520.473747
-0.213867 -0.787109 -0.020508 1310582520.474721
-0.268555 -0.771484 -0.060547 1310582520.500711
-0.406250 -0.821289 -0.135742 1310582520.530741
-0.368164 -0.867188 -0.194336 1310582520.554919
-0.474609 -0.863281 -0.367188 1310582520.595730
-0.194336 -0.875977 0.087891 1310582520.620714
1.982422 -0.507812 1.988281 1310582520.643716
-0.807617 0.054688 1.137695 1310582520.687716
-0.420898 -1.668945 1.137695 1310582520.718742
-0.084961 -0.892578 0.593750 1310582520.748770
-0.561523 -1.271484 0.336914 1310582520.790719
-0.614258 -1.112305 0.146484 1310582520.813716
-0.619141 -0.979492 0.102539 1310582520.838775
-0.584961 -0.944336 -0.060547 1310582520.908770
-0.589844 -0.910156 -0.277344 1310582520.910765
-0.654297 -0.910156 -0.277344 1310582520.930771
-0.717773 -0.766602 -0.404297 1310582520.972719
-0.739258 -0.716797 -0.415039 1310582521.014722
-0.708008 -0.729492 -0.384766 1310582521.055779
-0.738281 -0.800781 -0.398438 1310582521.072755
-0.672852 -0.912109 -0.455078 1310582521.105783
-0.586914 -0.971680 -0.437500 1310582521.149746
-0.461914 -1.004883 -0.320312 1310582521.172725
-0.299805 -1.028320 0.102539 1310582521.218885
0.867188 -1.907227 0.079102 1310582521.240760
-1.299805 -0.822266 0.424805 1310582521.262765
-0.242188 -0.994141 0.636719 1310582521.285785
-0.494141 -1.042969 0.636719 1310582521.328782
-0.744141 -1.042969 0.636719 1310582521.352759
-0.540039 -0.984375 0.097656 1310582521.398785
-0.531250 -0.890625 0.035156 1310582521.422732
-0.540039 -0.884766 -0.090820 1310582521.452730
-0.577148 -0.796875 -0.204102 1310582521.493775
-0.679688 -0.726562 -0.250000 1310582521.526790
-0.691406 -0.857422 -0.297852 1310582521.572731
-0.745117 -0.837891 -0.284180 1310582521.593732
-0.772461 -0.789062 -0.268555 1310582521.615774
-0.811523 -0.775391 -0.331055 1310582521.640758
-0.814453 -0.819336 -0.331055 1310582521.710787
-0.690430 -0.860352 -0.360352 1310582521.749747
-0.547852 -0.901367 -0.253906 1310582521.769777
-0.425781 -1.026367 -0.220703 1310582521.790769
1.263672 -1.782227 -0.426758 1310582521.812808
-1.244141 -0.579102 0.073242 1310582521.853772
-0.140625 -0.579102 0.073242 1310582521.877799
-0.449219 -1.047852 0.082031 1310582521.919752
-0.536133 -1.251953 0.030273 1310582521.962763
-0.584961 -1.062500 0.027344 1310582521.963733
-0.559570 -0.868164 -0.005859 1310582522.007784
-0.581055 -0.902344 -0.142578 1310582522.030779
-0.704102 -0.784180 -0.190430 1310582522.095795
-0.818359 -0.764648 -0.295898 1310582522.162758
-0.800781 -0.752930 -0.344727 1310582522.185773
-0.764648 -0.804688 -0.357422 1310582522.199784
-0.703125 -0.860352 -0.385742 1310582522.215778
-0.699219 -0.904297 -0.458008 1310582522.239785
-0.678711 -0.953125 -0.443359 1310582522.260798
-0.591797 -0.951172 -0.337891 1310582522.305802
-0.532227 -0.996094 -0.271484 1310582522.328770
-0.363281 -0.963867 0.070312 1310582522.393775
1.290039 -1.704102 1.131836 1310582522.395767
-1.147461 -0.009766 0.682617 1310582522.437748
-0.359375 -1.192383 0.412109 1310582522.460789
-0.468750 -1.204102 0.250977 1310582522.504783
-0.450195 -0.933594 0.192383 1310582522.528767
-0.544922 -0.884766 0.162109 1310582522.552750
-0.593750 -0.842773 0.022461 1310582522.573751
-0.571289 -0.842773 0.022461 1310582522.617758
-0.614258 -0.874023 -0.193359 1310582522.662815
-0.706055 -0.832031 -0.249023 1310582522.678780
-0.763672 -0.823242 -0.361328 1310582522.753789
-0.809570 -0.781250 -0.382812 1310582522.777789
-0.756836 -0.847656 -0.366211 1310582522.788796
-0.753906 -0.852539 -0.440430 1310582522.854817
-0.700195 -0.935547 -0.454102 1310582522.857811
-0.684570 -0.972656 -0.459961 1310582522.878764
-0.510742 -1.062500 -0.392578 1310582522.901750
-0.438477 -0.974609 -0.088867 1310582522.943807
1.970703 -0.974609 -0.088867 1310582522.964818
-1.863281 -0.416016 -0.031250 1310582523.034807
-0.383789 -0.913086 0.373047 1310582523.055812
-0.268555 -0.659180 0.300781 1310582523.075819
-0.585938 -0.704102 -0.065430 1310582523.120785
-0.487305 -0.767578 -0.021484 1310582523.154766
-0.487305 -0.767578 -0.021484 1310582523.178795
-0.535156 -0.843750 -0.064453 1310582523.197821
-0.514648 -0.849609 -0.073242 1310582523.240818
-0.524414 -0.899414 -0.060547 1310582523.283821
-0.523438 -0.904297 -0.074219 1310582523.304794
-0.467773 -0.909180 0.008789 1310582523.328819
-0.430664 -0.833984 0.003906 1310582523.350765
-0.371094 -1.024414 0.010742 1310582523.394808
-0.244141 -1.193359 0.106445 1310582523.437825
-0.238281 -1.108398 0.080078 1310582523.459839
-0.231445 -1.043945 0.127930 1310582523.493792
-0.227539 -0.951172 0.179688 1310582523.515781
-0.229492 -0.824219 0.115234 1310582523.560806
-0.162109 -0.810547 0.122070 1310582523.640787
-0.009766 -0.863281 0.151367 1310582523.703774
0.134766 -1.007812 0.273438 1310582523.704775
0.346680 -1.000000 0.370117 1310582523.724827
0.298828 -1.260742 0.268555 1310582523.725820
0.303711 -1.222656 0.328125 1310582523.748827
0.347656 -1.060547 0.206055 1310582523.792806
0.342773 -0.992188 0.237305 1310582523.814797
0.423828 -0.897461 0.250000 1310582523.837776
0.502930 -0.864258 0.213867 1310582523.880807
0.690430 -0.881836 0.258789 1310582523.905850
0.776367 -0.912109 0.280273 1310582523.928832
0.782227 -0.908203 0.297852 1310582523.972841
0.783203 -0.829102 0.229492 1310582524.014829
0.725586 -0.702148 0.220703 1310582524.037815
0.750000 -0.682617 0.172852 1310582524.059779
0.755859 -0.709961 0.144531 1310582524.086783
0.753906 -0.638672 0.059570 1310582524.140836
0.844727 -0.689453 0.016602 1310582524.163843
0.920898 -0.443359 0.033203 1310582524.208844
1.020508 -0.248047 0.189453 1310582524.229837
0.943359 -0.310547 0.251953 1310582524.252837
0.943359 -0.310547 0.251953 1310582524.319785
0.933594 -0.522461 0.259766 1310582524.340800
0.903320 -0.611328 0.170898 1310582524.360787
0.842773 -0.579102 0.160156 1310582524.383840
0.802734 -0.529297 0.141602 1310582524.427846
0.861328 -0.510742 0.166016 1310582524.448817
