0.890625 -0.357422 0.030273 1311188081.018552
0.916016 -0.371094 0.026367 1311188081.091554
0.965820 -0.379883 0.023438 1311188081.093547
0.945312 -0.360352 0.028320 1311188081.112547
0.971680 -0.374023 0.034180 1311188081.156499
0.943359 -0.338867 0.041992 1311188081.179494
0.932617 -0.336914 0.033203 1311188081.222501
0.930664 -0.353516 0.033203 1311188081.243498
0.920898 -0.355469 0.025391 1311188081.266550
0.949219 -0.383789 0.044922 1311188081.309542
0.912109 -0.396484 0.044922 1311188081.333560
0.967773 -0.383789 0.022461 1311188081.368558
0.926758 -0.369141 0.022461 1311188081.417543
0.962891 -0.383789 0.003906 1311188081.438555
0.928711 -0.350586 0.001953 1311188081.459547
0.927734 -0.375000 0.005859 1311188081.514562
0.936523 -0.416016 -0.005859 1311188081.524563
0.941406 -0.391602 0.001953 1311188081.569512
0.924805 -0.404297 -0.013672 1311188081.593505
0.975586 -0.390625 0.028320 1311188081.641557
0.971680 -0.393555 0.031250 1311188081.663561
0.925781 -0.436523 -0.009766 1311188081.686558
0.925781 -0.436523 -0.009766 1311188081.713564
0.929688 -0.437500 0.052734 1311188081.762566
0.902344 -0.429688 0.057617 1311188081.806514
0.850586 -0.379883 0.034180 1311188081.832513
0.888672 -0.382812 -0.009766 1311188081.854538
0.903320 -0.379883 0.040039 1311188081.876512
0.901367 -0.379883 0.040039 1311188081.917513
0.869141 -0.425781 0.073242 1311188081.959554
0.950195 -0.439453 0.098633 1311188081.983560
0.943359 -0.394531 0.072266 1311188082.029561
0.951172 -0.349609 0.144531 1311188082.052569
0.967773 -0.321289 0.106445 1311188082.077569
0.972656 -0.390625 0.090820 1311188082.109517
0.968750 -0.418945 0.108398 1311188082.157554
0.926758 -0.410156 0.087891 1311188082.178519
0.862305 -0.382812 0.116211 1311188082.201526
0.881836 -0.341797 0.070312 1311188082.246573
0.873047 -0.362305 0.054688 1311188082.269574
0.889648 -0.330078 0.012695 1311188082.327577
0.911133 -0.410156 0.061523 1311188082.392565
0.978516 -0.401367 0.026367 1311188082.393566
0.958008 -0.371094 0.011719 1311188082.394564
0.945312 -0.372070 0.000977 1311188082.452568
0.909180 -0.349609 0.000977 1311188082.475567
0.909180 -0.349609 0.000977 1311188082.497577
0.909180 -0.349609 0.000977 1311188082.531525
0.939453 -0.350586 -0.008789 1311188082.574587
0.974609 -0.375000 -0.023438 1311188082.596579
0.904297 -0.336914 -0.008789 1311188082.639583
0.963867 -0.336914 -0.008789 1311188082.661554
0.896484 -0.357422 -0.041992 1311188082.707606
0.905273 -0.343750 0.023438 1311188082.729557
0.934570 -0.351562 0.016602 1311188082.752584
0.886719 -0.345703 0.001953 1311188082.794529
0.929688 -0.344727 0.025391 1311188082.816532
0.968750 -0.305664 -0.022461 1311188082.842558
0.968750 -0.305664 -0.022461 1311188082.888530
1.028320 -0.313477 0.051758 1311188082.916588
0.949219 -0.284180 0.035156 1311188082.961592
0.916016 -0.361328 0.108398 1311188082.983586
0.924805 -0.340820 0.151367 1311188083.009588
0.882812 -0.251953 0.096680 1311188083.053589
0.898438 -0.235352 0.053711 1311188083.077535
0.867188 -0.292969 0.038086 1311188083.131547
0.912109 -0.378906 0.071289 1311188083.152559
0.929688 -0.349609 0.047852 1311188083.178550
0.907227 -0.425781 0.083984 1311188083.203559
0.906250 -0.363281 0.033203 1311188083.247588
0.942383 -0.379883 -0.009766 1311188083.268595
0.978516 -0.377930 -0.020508 1311188083.313594
0.971680 -0.396484 0.018555 1311188083.341587
1.006836 -0.402344 -0.005859 1311188083.362631
1.009766 -0.345703 -0.005859 1311188083.409598
0.985352 -0.320312 -0.003906 1311188083.433597
0.929688 -0.401367 0.034180 1311188083.463597
0.938477 -0.339844 0.011719 1311188083.509545
0.929688 -0.362305 0.000000 1311188083.531536
0.851562 -0.365234 0.015625 1311188083.573593
0.833008 -0.341797 -0.234375 1311188083.614602
0.866211 -0.379883 -0.004883 1311188083.651596
0.886719 -0.372070 0.017578 1311188083.676604
0.937500 -0.379883 0.000977 1311188083.698598
0.969727 -0.375977 0.059570 1311188083.721592
0.985352 -0.312500 0.043945 1311188083.764550
0.969727 -0.311523 0.034180 1311188083.787551
0.952148 -0.367188 0.034180 1311188083.810593
0.951172 -0.410156 0.065430 1311188083.856551
0.928711 -0.375977 0.126953 1311188083.879543
0.873047 -0.301758 0.154297 1311188083.909619
0.921875 -0.408203 0.158203 1311188083.953608
0.888672 -0.365234 0.182617 1311188083.996609
0.904297 -0.421875 0.178711 1311188084.019611
0.907227 -0.388672 0.152344 1311188084.039553
0.930664 -0.388672 0.071289 1311188084.084567
0.936523 -0.369141 0.030273 1311188084.106558
0.984375 -0.389648 0.012695 1311188084.149556
0.964844 -0.367188 0.037109 1311188084.183614
0.927734 -0.346680 0.013672 1311188084.206651
0.883789 -0.351562 0.016602 1311188084.249612
0.880859 -0.357422 -0.001953 1311188084.271610
0.908203 -0.373047 0.016602 1311188084.318594
0.891602 -0.371094 0.065430 1311188084.341608
0.890625 -0.323242 0.010742 1311188084.384606
0.916016 -0.340820 0.009766 1311188084.406613
0.961914 -0.331055 0.005859 1311188084.428614
0.993164 -0.330078 0.016602 1311188084.477564
0.979492 -0.366211 0.000000 1311188084.503563
0.960938 -0.376953 0.000000 1311188084.526612
1.001953 -0.366211 -0.005859 1311188084.572616
1.018555 -0.335938 -0.009766 1311188084.614618
0.959961 -0.325195 -0.006836 1311188084.636615
0.971680 -0.312500 0.002930 1311188084.659616
0.956055 -0.343750 0.001953 1311188084.684609
0.962891 -0.390625 0.001953 1311188084.730572
0.958984 -0.316406 0.096680 1311188084.754571
0.971680 -0.298828 0.157227 1311188084.781608
0.931641 -0.310547 0.189453 1311188084.827576
0.798828 -0.273438 0.147461 1311188084.849572
0.766602 -0.208008 0.054688 1311188084.903634
0.877930 -0.300781 0.040039 1311188084.967628
0.897461 -0.333984 0.023438 1311188084.969617
0.883789 -0.391602 0.025391 1311188084.992573
0.945312 -0.425781 0.061523 1311188085.014574
0.950195 -0.353516 0.014648 1311188085.039615
0.958008 -0.340820 -0.041016 1311188085.064616
0.961914 -0.332031 -0.014648 1311188085.128645
0.920898 -0.349609 0.006836 1311188085.149635
0.916992 -0.322266 -0.023438 1311188085.176664
0.925781 -0.350586 0.011719 1311188085.199626
0.899414 -0.376953 0.016602 1311188085.243628
0.927734 -0.344727 0.008789 1311188085.266635
0.931641 -0.357422 -0.002930 1311188085.311627
0.940430 -0.404297 0.004883 1311188085.354604
0.970703 -0.391602 0.014648 1311188085.378634
0.982422 -0.375977 0.028320 1311188085.412634
0.917969 -0.378906 0.046875 1311188085.433588
0.898438 -0.402344 0.046875 1311188085.455572
0.934570 -0.404297 0.064453 1311188085.499610
0.931641 -0.444336 0.092773 1311188085.543638
0.990234 -0.421875 0.084961 1311188085.566616
0.967773 -0.388672 0.150391 1311188085.587636
0.957031 -0.385742 0.074219 1311188085.631643
0.882812 -0.376953 0.058594 1311188085.653644
0.882812 -0.376953 0.058594 1311188085.677616
0.937500 -0.409180 0.027344 1311188085.722590
0.925781 -0.455078 0.033203 1311188085.748635
0.913086 -0.425781 0.064453 1311188085.784586
0.952148 -0.395508 0.050781 1311188085.809661
0.952148 -0.395508 0.050781 1311188085.852662
0.963867 -0.429688 0.084961 1311188085.883642
0.986328 -0.407227 0.071289 1311188085.928608
0.944336 -0.379883 0.087891 1311188085.951631
0.899414 -0.332031 0.075195 1311188085.974591
0.910156 -0.338867 0.039062 1311188086.001593
0.924805 -0.355469 0.039062 1311188086.035622
0.869141 -0.311523 0.027344 1311188086.079593
0.838867 -0.363281 0.027344 1311188086.102637
0.885742 -0.404297 -0.004883 1311188086.147645
0.949219 -0.381836 0.019531 1311188086.172677
0.971680 -0.377930 0.021484 1311188086.247644
0.911133 -0.387695 0.033203 1311188086.268674
0.927734 -0.355469 0.033203 1311188086.269647
0.932617 -0.325195 0.018555 1311188086.294627
0.938477 -0.336914 0.041992 1311188086.338650
0.963867 -0.371094 0.043945 1311188086.361655
0.965820 -0.330078 0.029297 1311188086.384646
0.942383 -0.353516 0.026367 1311188086.439640
0.905273 -0.355469 0.066406 1311188086.466654
0.890625 -0.375000 0.109375 1311188086.509664
0.920898 -0.366211 0.105469 1311188086.533735
0.919922 -0.324219 0.086914 1311188086.556654
0.920898 -0.312500 0.086914 1311188086.579659
0.896484 -0.312500 0.086914 1311188086.612658
0.897461 -0.312500 0.086914 1311188086.656606
0.913086 -0.318359 0.079102 1311188086.702605
0.912109 -0.314453 0.070312 1311188086.727638
0.920898 -0.326172 0.044922 1311188086.749604
0.946289 -0.378906 0.044922 1311188086.796619
0.964844 -0.398438 0.065430 1311188086.805670
0.914062 -0.355469 -0.007812 1311188086.852665
0.951172 -0.378906 0.007812 1311188086.894662
0.986328 -0.354492 0.033203 1311188086.916680
0.914062 -0.332031 0.006836 1311188086.959611
0.914062 -0.332031 0.006836 1311188086.983613
0.960938 -0.397461 0.024414 1311188087.031615
0.932617 -0.380859 0.008789 1311188087.052610
0.905273 -0.409180 0.022461 1311188087.073645
0.941406 -0.352539 -0.001953 1311188087.118667
0.958008 -0.355469 0.007812 1311188087.141661
0.916016 -0.359375 -0.003906 1311188087.163663
0.963867 -0.376953 -0.024414 1311188087.207686
0.974609 -0.380859 0.025391 1311188087.251662
0.920898 -0.384766 0.029297 1311188087.272671
0.871094 -0.377930 0.023438 1311188087.296669
0.887695 -0.358398 0.019531 1311188087.322675
0.857422 -0.365234 0.027344 1311188087.368627
0.947266 -0.376953 0.063477 1311188087.392643
0.971680 -0.363281 0.041992 1311188087.442687
1.013672 -0.343750 0.049805 1311188087.477676
0.940430 -0.304688 0.085938 1311188087.541664
0.892578 -0.328125 0.085938 1311188087.542666
0.931641 -0.359375 0.189453 1311188087.566670
0.895508 -0.302734 0.099609 1311188087.588635
0.931641 -0.353516 0.026367 1311188087.633622
0.951172 -0.362305 0.047852 1311188087.656651
0.949219 -0.396484 0.033203 1311188087.699625
0.964844 -0.371094 0.010742 1311188087.725665
0.920898 -0.351562 0.045898 1311188087.748686
0.914062 -0.381836 0.060547 1311188087.782717
0.919922 -0.383789 0.064453 1311188087.832682
0.902344 -0.325195 0.008789 1311188087.853678
0.879883 -0.361328 0.038086 1311188087.877675
0.879883 -0.361328 0.038086 1311188087.899640
0.928711 -0.371094 0.014648 1311188087.942631
0.931641 -0.330078 -0.012695 1311188087.984635
0.969727 -0.369141 -0.018555 1311188088.006630
0.902344 -0.338867 -0.009766 1311188088.049691
0.915039 -0.313477 0.010742 1311188088.072703
0.948242 -0.330078 0.010742 1311188088.094686
0.939453 -0.332031 0.037109 1311188088.137711
0.939453 -0.332031 0.037109 1311188088.166687
0.969727 -0.396484 0.089844 1311188088.231685
0.926758 -0.384766 0.121094 1311188088.232686
0.886719 -0.270508 0.060547 1311188088.254689
0.953125 -0.291016 0.088867 1311188088.297689
0.939453 -0.357422 0.089844 1311188088.341648
0.893555 -0.342773 0.177734 1311188088.367639
0.819336 -0.250000 0.096680 1311188088.389726
0.909180 -0.269531 0.033203 1311188088.423691
0.980469 -0.301758 0.006836 1311188088.447694
0.965820 -0.356445 0.017578 1311188088.498695
0.923828 -0.361328 0.067383 1311188088.521704
0.929688 -0.363281 0.039062 1311188088.571642
0.939453 -0.340820 0.007812 1311188088.593646
0.950195 -0.333984 0.014648 1311188088.614671
0.932617 -0.334961 0.014648 1311188088.659644
0.922852 -0.373047 0.022461 1311188088.682681
0.959961 -0.365234 0.005859 1311188088.716677
0.965820 -0.361328 0.039062 1311188088.764700
0.904297 -0.367188 0.015625 1311188088.814695
0.928711 -0.360352 0.017578 1311188088.816712
0.913086 -0.363281 0.017578 1311188088.835693
0.916016 -0.370117 0.036133 1311188088.879647
0.916016 -0.370117 0.036133 1311188088.901687
0.941406 -0.398438 0.011719 1311188088.943645
0.893555 -0.365234 -0.007812 1311188088.986657
0.844727 -0.374023 0.006836 1311188089.021692
0.844727 -0.374023 0.006836 1311188089.042683
0.912109 -0.402344 0.048828 1311188089.089693
1.005859 -0.394531 0.032227 1311188089.112709
1.053711 -0.396484 0.037109 1311188089.136707
1.000977 -0.431641 0.064453 1311188089.178705
0.955078 -0.402344 0.143555 1311188089.199707
0.931641 -0.402344 0.143555 1311188089.222733
0.931641 -0.402344 0.143555 1311188089.266654
0.933594 -0.346680 0.179688 1311188089.311659
0.958008 -0.339844 0.105469 1311188089.333717
0.943359 -0.371094 0.057617 1311188089.358704
0.965820 -0.414062 0.046875 1311188089.402708
0.968750 -0.406250 0.030273 1311188089.426714
0.952148 -0.375000 0.041992 1311188089.473713
0.980469 -0.381836 0.044922 1311188089.496695
0.957031 -0.401367 0.083008 1311188089.539658
0.918945 -0.334961 0.067383 1311188089.561697
0.933594 -0.365234 0.067383 1311188089.582707
0.933594 -0.357422 0.083984 1311188089.626663
0.915039 -0.343750 0.093750 1311188089.647662
0.951172 -0.341797 0.061523 1311188089.689709
0.897461 -0.330078 0.083008 1311188089.712727
0.947266 -0.351562 0.038086 1311188089.759721
0.936523 -0.325195 0.052734 1311188089.781716
0.924805 -0.325195 0.052734 1311188089.812724
0.913086 -0.310547 0.021484 1311188089.856661
0.925781 -0.375977 0.046875 1311188089.881677
0.910156 -0.349609 0.035156 1311188089.904736
0.899414 -0.364258 0.038086 1311188089.947673
0.899414 -0.364258 0.038086 1311188089.968679
0.955078 -0.363281 0.026367 1311188090.011735
0.952148 -0.360352 0.070312 1311188090.086727
0.952148 -0.376953 0.090820 1311188090.111675
0.878906 -0.344727 0.102539 1311188090.112666
0.858398 -0.329102 0.069336 1311188090.123672
0.879883 -0.344727 0.069336 1311188090.157716
0.913086 -0.352539 0.069336 1311188090.202716
0.988281 -0.338867 0.124023 1311188090.248676
0.969727 -0.292969 0.138672 1311188090.272676
0.904297 -0.277344 0.208008 1311188090.293710
