0.919922 -0.298828 0.093750 1310510600.747030
0.931641 -0.262695 0.093750 1310510600.775011
0.953125 -0.282227 0.097656 1310510600.820066
0.936523 -0.251953 0.123047 1310510600.849088
0.963867 -0.208008 0.101562 1310510600.896063
0.955078 -0.230469 0.120117 1310510600.917094
0.939453 -0.265625 0.111328 1310510600.985001
0.901367 -0.265625 0.111328 1310510600.986003
0.895508 -0.273438 0.106445 1310510601.025046
0.879883 -0.231445 0.074219 1310510601.047082
0.906250 -0.246094 0.059570 1310510601.070020
0.905273 -0.341797 0.061523 1310510601.114030
0.899414 -0.344727 0.061523 1310510601.136049
0.916016 -0.371094 0.034180 1310510601.162116
0.964844 -0.345703 0.057617 1310510601.220057
0.984375 -0.292969 0.067383 1310510601.241025
0.976562 -0.263672 0.048828 1310510601.286064
0.938477 -0.283203 0.071289 1310510601.310099
0.934570 -0.354492 0.051758 1310510601.335057
0.965820 -0.330078 0.046875 1310510601.379113
0.925781 -0.309570 0.050781 1310510601.400114
0.908203 -0.294922 0.096680 1310510601.444067
0.944336 -0.298828 0.125000 1310510601.474075
0.956055 -0.328125 0.122070 1310510601.496070
0.940430 -0.328125 0.194336 1310510601.517063
0.942383 -0.366211 0.169922 1310510601.562111
0.940430 -0.368164 0.122070 1310510601.587074
0.905273 -0.389648 0.115234 1310510601.630051
0.904297 -0.368164 0.118164 1310510601.652038
0.802734 -0.355469 0.089844 1310510601.696054
0.835938 -0.391602 0.088867 1310510601.718125
0.867188 -0.414062 0.147461 1310510601.761053
0.914062 -0.357422 0.164062 1310510601.807081
0.934570 -0.318359 0.191406 1310510601.830116
0.902344 -0.368164 0.186523 1310510601.851012
0.905273 -0.447266 0.186523 1310510601.874021
0.874023 -0.434570 0.176758 1310510601.917063
0.924805 -0.461914 0.164062 1310510601.955239
0.941406 -0.419922 0.112305 1310510601.976103
0.948242 -0.389648 0.088867 1310510602.020122
0.941406 -0.370117 0.100586 1310510602.043107
0.956055 -0.362305 0.098633 1310510602.086044
0.984375 -0.359375 0.075195 1310510602.107038
0.905273 -0.292969 0.043945 1310510602.132082
0.941406 -0.289062 0.110352 1310510602.204088
0.976562 -0.232422 0.079102 1310510602.205072
0.961914 -0.273438 0.065430 1310510602.256136
0.951172 -0.276367 0.015625 1310510602.281066
0.940430 -0.276367 0.015625 1310510602.302114
0.938477 -0.355469 0.010742 1310510602.349091
0.924805 -0.291016 0.042969 1310510602.370057
0.996094 -0.309570 0.027344 1310510602.391078
1.041016 -0.337891 0.048828 1310510602.436037
0.998047 -0.294922 0.052734 1310510602.459080
1.011719 -0.356445 0.060547 1310510602.502067
0.915039 -0.312500 0.096680 1310510602.527145
0.881836 -0.235352 0.184570 1310510602.572093
0.844727 -0.134766 0.250977 1310510602.595039
0.857422 -0.189453 0.156250 1310510602.619086
0.916016 -0.270508 0.156250 1310510602.661123
0.848633 -0.238281 0.125000 1310510602.685058
0.889648 -0.226562 0.098633 1310510602.726095
0.899414 -0.269531 0.049805 1310510602.749135
0.927734 -0.372070 0.033203 1310510602.791091
1.004883 -0.427734 0.053711 1310510602.812087
1.047852 -0.436523 0.053711 1310510602.837096
1.082031 -0.436523 0.053711 1310510602.880144
1.039062 -0.130859 0.158203 1310510602.915144
0.919922 -0.191406 0.121094 1310510602.957096
0.833008 -0.251953 0.105469 1310510602.980147
0.920898 -0.404297 0.103516 1310510603.002311
0.842773 -0.335938 0.103516 1310510603.045107
0.842773 -0.326172 0.087891 1310510603.091077
0.843750 -0.267578 0.123047 1310510603.114375
0.841797 -0.277344 0.083008 1310510603.135139
0.860352 -0.309570 0.145508 1310510603.176074
0.827148 -0.283203 0.138672 1310510603.197117
0.708008 -0.281250 0.158203 1310510603.240134
0.749023 -0.328125 0.216797 1310510603.284070
0.783203 -0.372070 0.257812 1310510603.306065
0.859375 -0.385742 0.268555 1310510603.350134
1.015625 -0.333008 0.281250 1310510603.371042
1.028320 -0.246094 0.331055 1310510603.396152
1.028320 -0.246094 0.331055 1310510603.417156
1.028320 -0.246094 0.331055 1310510603.462157
0.948242 -0.282227 0.252930 1310510603.530122
0.959961 -0.329102 0.217773 1310510603.568148
1.023438 -0.345703 0.163086 1310510603.569065
0.957031 -0.285156 0.205078 1310510603.590146
0.919922 -0.301758 0.207031 1310510603.631162
0.906250 -0.312500 0.163086 1310510603.652113
0.863281 -0.303711 0.154297 1310510603.695161
0.873047 -0.325195 0.148438 1310510603.716109
0.863281 -0.336914 0.098633 1310510603.760126
0.870117 -0.331055 0.102539 1310510603.783090
0.877930 -0.346680 0.070312 1310510603.817163
0.946289 -0.232422 0.111328 1310510603.860151
0.926758 -0.162109 0.084961 1310510603.882153
0.939453 -0.208008 0.037109 1310510603.925071
0.828125 -0.195312 0.049805 1310510603.947200
0.881836 -0.318359 0.085938 1310510603.971097
0.852539 -0.272461 0.151367 1310510604.012110
1.012695 -0.315430 0.058594 1310510604.057119
1.015625 -0.338867 0.060547 1310510604.081152
0.905273 -0.275391 0.082031 1310510604.101166
0.898438 -0.410156 0.084961 1310510604.144111
0.843750 -0.410156 0.084961 1310510604.165133
0.936523 -0.474609 0.096680 1310510604.209172
1.125000 -0.461914 0.132812 1310510604.230103
0.946289 -0.195312 0.106445 1310510604.274136
0.907227 0.009766 0.044922 1310510604.294097
0.928711 0.091797 0.045898 1310510604.339081
0.936523 -0.037109 0.159180 1310510604.361156
0.937500 -0.216797 0.228516 1310510604.405110
0.957031 -0.179688 0.146484 1310510604.427163
0.971680 -0.223633 0.076172 1310510604.472098
0.972656 -0.248047 0.061523 1310510604.492132
0.935547 -0.351562 0.007812 1310510604.515116
0.849609 -0.395508 0.037109 1310510604.558194
0.849609 -0.395508 0.037109 1310510604.581177
0.889648 -0.563477 0.068359 1310510604.627139
0.898438 -0.428711 0.011719 1310510604.672134
0.906250 -0.043945 0.142578 1310510604.695107
0.825195 -0.028320 0.125977 1310510604.717094
0.897461 -0.028320 0.125977 1310510604.761081
0.897461 -0.028320 0.125977 1310510604.781089
0.851562 -0.148438 0.147461 1310510604.861117
0.941406 -0.058594 0.277344 1310510604.862147
1.000977 -0.243164 0.293945 1310510604.882148
0.970703 -0.328125 0.293945 1310510604.905181
0.917969 -0.269531 0.250000 1310510604.950187
0.856445 -0.262695 0.223633 1310510604.972125
0.869141 -0.290039 0.187500 1310510605.016137
0.913086 -0.258789 0.224609 1310510605.038178
0.893555 -0.268555 0.252930 1310510605.081171
0.905273 -0.278320 0.245117 1310510605.103184
0.914062 -0.302734 0.246094 1310510605.148099
0.891602 -0.300781 0.216797 1310510605.171116
0.914062 -0.282227 0.166992 1310510605.215071
0.951172 -0.251953 0.158203 1310510605.237102
0.938477 -0.324219 0.120117 1310510605.260100
0.938477 -0.324219 0.120117 1310510605.304156
0.898438 -0.188477 0.087891 1310510605.325097
0.932617 -0.210938 0.071289 1310510605.367182
0.946289 -0.199219 0.031250 1310510605.391201
0.962891 -0.234375 0.048828 1310510605.432181
0.977539 -0.222656 0.047852 1310510605.477133
0.948242 -0.219727 0.047852 1310510605.500131
0.963867 -0.218750 -0.034180 1310510605.523109
0.940430 -0.212891 -0.074219 1310510605.566097
0.939453 -0.277344 -0.033203 1310510605.590102
0.960938 -0.247070 -0.031250 1310510605.618073
0.994141 -0.246094 -0.029297 1310510605.662071
0.994141 -0.246094 -0.029297 1310510605.685154
0.929688 -0.283203 0.096680 1310510605.713102
0.936523 -0.087891 0.151367 1310510605.743107
0.896484 -0.101562 0.151367 1310510605.788074
0.925781 -0.214844 0.136719 1310510605.832120
0.900391 -0.288086 0.088867 1310510605.834084
0.802734 -0.157227 -0.161133 1310510605.879092
0.802734 -0.157227 -0.161133 1310510605.901071
0.905273 -0.309570 0.018555 1310510605.946110
0.954102 -0.396484 0.081055 1310510605.968141
1.000977 -0.275391 0.153320 1310510606.016151
0.939453 -0.288086 0.147461 1310510606.038124
0.954102 -0.288086 0.147461 1310510606.060208
0.955078 -0.352539 0.085938 1310510606.158163
0.983398 -0.300781 0.102539 1310510606.160111
0.961914 -0.279297 0.052734 1310510606.182200
0.955078 -0.326172 0.010742 1310510606.203198
0.961914 -0.326172 0.010742 1310510606.226134
0.929688 -0.425781 0.035156 1310510606.271200
0.927734 -0.454102 0.060547 1310510606.293196
0.924805 -0.367188 0.116211 1310510606.337163
0.915039 -0.277344 0.200195 1310510606.362145
0.946289 -0.211914 0.259766 1310510606.405132
0.920898 -0.211914 0.259766 1310510606.427128
0.890625 -0.200195 0.119141 1310510606.461109
0.886719 -0.195312 0.069336 1310510606.505149
0.892578 -0.208008 0.048828 1310510606.528197
0.915039 -0.287109 0.083008 1310510606.573136
1.010742 -0.329102 0.034180 1310510606.575120
0.919922 -0.249023 0.096680 1310510606.618153
0.925781 -0.249023 0.096680 1310510606.644134
0.891602 -0.352539 0.149414 1310510606.688223
0.896484 -0.477539 0.120117 1310510606.710219
0.903320 -0.479492 0.158203 1310510606.753156
0.842773 -0.435547 0.175781 1310510606.776212
0.859375 -0.355469 0.167969 1310510606.821220
0.924805 -0.325195 0.186523 1310510606.865224
0.908203 -0.367188 0.224609 1310510606.886176
0.940430 -0.408203 0.136719 1310510606.908217
0.958984 -0.399414 0.074219 1310510606.932159
0.953125 -0.318359 0.074219 1310510606.978130
0.894531 -0.279297 0.103516 1310510607.021190
0.899414 -0.270508 0.077148 1310510607.042177
0.876953 -0.327148 0.023438 1310510607.086194
0.916016 -0.305664 0.021484 1310510607.107205
0.936523 -0.231445 0.034180 1310510607.151153
1.075195 -0.228516 0.071289 1310510607.153124
0.965820 -0.221680 -0.004883 1310510607.212227
0.955078 -0.376953 0.030273 1310510607.235142
1.002930 -0.363281 0.047852 1310510607.257169
0.998047 -0.353516 0.076172 1310510607.301148
0.953125 -0.304688 0.041992 1310510607.326162
1.203125 -0.304688 0.041992 1310510607.348184
1.203125 -0.304688 0.041992 1310510607.437231
1.036133 -0.210938 0.032227 1310510607.458175
0.954102 -0.257812 0.041016 1310510607.460147
0.900391 -0.259766 0.036133 1310510607.501164
0.871094 -0.242188 0.058594 1310510607.525192
0.871094 -0.242188 0.058594 1310510607.556133
0.891602 -0.230469 0.016602 1310510607.600157
0.990234 -0.271484 0.074219 1310510607.635154
1.123047 -0.276367 0.117188 1310510607.657138
0.979492 -0.178711 0.112305 1310510607.678226
0.890625 -0.123047 0.058594 1310510607.722187
0.855469 -0.155273 0.058594 1310510607.746153
0.849609 -0.241211 0.048828 1310510607.791239
0.888672 -0.287109 0.066406 1310510607.818199
0.870117 -0.372070 0.109375 1310510607.861172
0.889648 -0.546875 0.105469 1310510607.886200
0.905273 -0.572266 0.100586 1310510607.913197
0.958984 -0.469727 0.122070 1310510607.957189
0.926758 -0.379883 0.106445 1310510607.977184
0.923828 -0.398438 0.127930 1310510608.003181
0.850586 -0.402344 0.112305 1310510608.042195
0.821289 -0.455078 0.132812 1310510608.065181
0.793945 -0.473633 0.103516 1310510608.107176
0.801758 -0.457031 0.127930 1310510608.148140
0.916016 -0.177734 0.495117 1310510608.172224
0.908203 -0.169922 0.737305 1310510608.208254
0.797852 -0.351562 0.256836 1310510608.230196
0.826172 -0.486328 0.163086 1310510608.254139
0.820312 -0.486328 0.163086 1310510608.291153
0.828125 -0.433594 0.117188 1310510608.336241
0.821289 -0.445312 0.144531 1310510608.358183
0.911133 -0.455078 0.134766 1310510608.401160
0.970703 -0.264648 0.321289 1310510608.423188
0.901367 -0.391602 0.302734 1310510608.467245
0.875977 -0.391602 0.302734 1310510608.488169
0.841797 -0.447266 0.182617 1310510608.533198
0.804688 -0.459961 0.214844 1310510608.555179
0.836914 -0.388672 0.209961 1310510608.578190
0.874023 -0.375977 0.233398 1310510608.616169
0.894531 -0.411133 0.224609 1310510608.638209
0.933594 -0.392578 0.174805 1310510608.728241
0.924805 -0.330078 0.151367 1310510608.730218
0.909180 -0.259766 0.142578 1310510608.750190
0.917969 -0.292969 0.100586 1310510608.771257
0.906250 -0.293945 0.144531 1310510608.814160
0.867188 -0.250977 0.097656 1310510608.836261
0.898438 -0.272461 0.129883 1310510608.880204
0.838867 -0.286133 0.109375 1310510608.922193
0.836914 -0.301758 0.132812 1310510608.945210
0.932617 -0.277344 0.105469 1310510608.967163
0.943359 -0.244141 0.095703 1310510609.012269
0.945312 -0.242188 0.106445 1310510609.033264
0.929688 -0.289062 0.097656 1310510609.070177
0.902344 -0.322266 0.056641 1310510609.116172
0.938477 -0.351562 0.041016 1310510609.137179
0.990234 -0.416016 0.056641 1310510609.158225
1.036133 -0.431641 0.092773 1310510609.218193
1.030273 -0.380859 0.096680 1310510609.220230
0.983398 -0.316406 0.096680 1310510609.263334
1.019531 -0.316406 0.096680 1310510609.285177
0.997070 -0.175781 0.062500 1310510609.328271
0.935547 -0.138672 0.088867 1310510609.371270
0.893555 -0.184570 0.057617 1310510609.395272
0.893555 -0.184570 0.057617 1310510609.422268
0.872070 -0.298828 0.043945 1310510609.460216
0.863281 -0.330078 0.093750 1310510609.483188
0.875000 -0.285156 0.113281 1310510609.527263
0.907227 -0.257812 0.064453 1310510609.571266
0.930664 -0.265625 0.066406 1310510609.596263
0.924805 -0.245117 0.061523 1310510609.621201
0.925781 -0.217773 0.130859 1310510609.657176
