1.011719 -0.363281 0.015625 1311032616.687512
0.946289 -0.245117 0.024414 1311032616.749565
0.902344 -0.278320 -0.056641 1311032616.750562
0.937500 -0.210938 -0.087891 1311032616.771567
0.896484 -0.220703 -0.101562 1311032616.814516
0.853516 -0.296875 -0.166992 1311032616.835515
0.853516 -0.296875 -0.166992 1311032616.880540
0.846680 -0.165039 -0.172852 1311032616.925514
0.837891 -0.193359 -0.168945 1311032616.948542
0.810547 -0.194336 -0.148438 1311032616.970585
0.691406 -0.183594 -0.166016 1311032616.994568
0.585938 -0.192383 -0.159180 1311032617.038563
0.585938 -0.192383 -0.159180 1311032617.059565
0.583008 -0.370117 -0.140625 1311032617.113576
0.596680 -0.392578 -0.070312 1311032617.138570
0.688477 -0.448242 0.018555 1311032617.159573
0.751953 -0.646484 0.095703 1311032617.204576
0.911133 -0.683594 0.193359 1311032617.225571
1.094727 -0.646484 0.183594 1311032617.273572
0.986328 -0.851562 0.137695 1311032617.294576
1.012695 -1.180664 0.278320 1311032617.339581
0.942383 -1.067383 0.262695 1311032617.360578
0.822266 -0.941406 0.203125 1311032617.381576
0.767578 -0.995117 0.278320 1311032617.410524
0.880859 -1.009766 0.655273 1311032617.453525
0.524414 -0.530273 0.594727 1311032617.496583
0.373047 -0.704102 0.374023 1311032617.518527
0.417969 -0.773438 0.480469 1311032617.565572
0.625977 -0.746094 0.806641 1311032617.586569
0.562500 -0.809570 0.774414 1311032617.630580
0.454102 -0.879883 0.597656 1311032617.653548
0.328125 -0.732422 0.640625 1311032617.675529
0.190430 -0.368164 0.626953 1311032617.720569
0.253906 -0.269531 0.520508 1311032617.741531
0.396484 -0.499023 0.615234 1311032617.831555
0.516602 -0.776367 0.685547 1311032617.835554
0.502930 -0.699219 0.751953 1311032617.836532
0.357422 -0.623047 0.717773 1311032617.886532
0.367188 -0.539062 0.794922 1311032617.908594
0.379883 -0.464844 0.656250 1311032617.930589
0.408203 -0.374023 0.521484 1311032617.978589
0.479492 -0.334961 0.521484 1311032618.016596
0.523438 -0.390625 0.517578 1311032618.038588
0.629883 -0.477539 0.547852 1311032618.081585
0.647461 -0.479492 0.515625 1311032618.108594
0.571289 -0.430664 0.547852 1311032618.150591
0.545898 -0.441406 0.489258 1311032618.173586
0.527344 -0.406250 0.619141 1311032618.196593
0.525391 -0.439453 0.613281 1311032618.228594
0.514648 -0.520508 0.613281 1311032618.272594
0.406250 -0.474609 0.561523 1311032618.300592
0.419922 -0.469727 0.601562 1311032618.321613
0.500000 -0.613281 0.625977 1311032618.344587
0.500000 -0.613281 0.625977 1311032618.386545
0.483398 -0.626953 0.407227 1311032618.431585
0.517578 -0.661133 0.609375 1311032618.454591
0.439453 -0.880859 0.852539 1311032618.496546
0.379883 -0.993164 0.577148 1311032618.518545
0.390625 -0.764648 0.577148 1311032618.541590
0.312500 -0.760742 0.482422 1311032618.584588
0.433594 -1.022461 0.287109 1311032618.626599
0.703125 -1.142578 0.494141 1311032618.649576
0.775391 -0.797852 0.394531 1311032618.685549
0.941406 -0.916016 0.189453 1311032618.709584
1.387695 -0.849609 0.090820 1311032618.731573
1.867188 -0.597656 -0.099609 1311032618.774551
1.617188 -0.597656 -0.099609 1311032618.799607
1.175781 -0.014648 -0.105469 1311032618.843553
0.892578 -0.109375 -0.100586 1311032618.890579
0.726562 -0.414062 -0.048828 1311032618.914606
0.571289 -0.251953 -0.100586 1311032618.937605
0.451172 -0.001953 -0.100586 1311032618.960603
0.436523 -0.228516 -0.042969 1311032619.006605
0.421875 -0.328125 -0.031250 1311032619.028609
0.456055 -0.361328 -0.020508 1311032619.091604
0.489258 -0.412109 0.015625 1311032619.093606
0.489258 -0.412109 0.015625 1311032619.114607
0.823242 -0.461914 -0.000977 1311032619.171614
0.978516 -0.418945 -0.052734 1311032619.193613
1.001953 -0.405273 -0.072266 1311032619.251616
0.971680 -0.376953 -0.059570 1311032619.314614
0.917969 -0.370117 -0.042969 1311032619.329586
0.832031 -0.348633 -0.019531 1311032619.330586
0.697266 -0.319336 0.000977 1311032619.351561
0.531250 -0.318359 0.005859 1311032619.395605
0.342773 -0.257812 0.006836 1311032619.425618
0.263672 -0.287109 -0.002930 1311032619.449564
0.323242 -0.187500 0.053711 1311032619.485565
0.514648 -0.297852 0.027344 1311032619.510595
0.809570 -0.459961 0.053711 1311032619.558595
1.215820 -0.389648 0.082031 1311032619.579580
1.250000 -0.496094 0.047852 1311032619.614567
1.250977 -0.865234 0.060547 1311032619.638598
1.263672 -1.013672 0.198242 1311032619.675567
1.083008 -0.782227 0.364258 1311032619.719603
0.824219 -0.806641 0.349609 1311032619.763569
0.814453 -0.979492 0.568359 1311032619.786571
0.711914 -0.896484 0.755859 1311032619.809573
0.619141 -0.879883 0.625000 1311032619.833573
0.475586 -0.879883 0.625000 1311032619.856617
0.616211 -0.642578 0.872070 1311032619.920605
0.397461 -0.651367 0.603516 1311032619.943605
0.350586 -0.806641 0.434570 1311032619.965605
0.449219 -0.723633 0.501953 1311032620.009629
0.527344 -0.446289 0.506836 1311032620.031631
0.577148 -0.468750 0.411133 1311032620.053614
0.671875 -0.653320 0.409180 1311032620.097628
0.921875 -0.653320 0.409180 1311032620.120625
0.685547 -0.521484 0.543945 1311032620.186639
0.606445 -0.520508 0.485352 1311032620.188629
0.625000 -0.403320 0.479492 1311032620.213631
0.627930 -0.393555 0.537109 1311032620.260633
0.593750 -0.368164 0.494141 1311032620.289635
0.578125 -0.352539 0.562500 1311032620.331585
0.542969 -0.439453 0.604492 1311032620.355581
0.494141 -0.448242 0.648438 1311032620.376613
0.490234 -0.431641 0.631836 1311032620.420597
0.539062 -0.473633 0.571289 1311032620.468617
0.634766 -0.506836 0.505859 1311032620.490614
0.662109 -0.519531 0.476562 1311032620.513616
0.670898 -0.520508 0.437500 1311032620.556587
0.572266 -0.432617 0.430664 1311032620.595611
0.495117 -0.450195 0.430664 1311032620.597630
0.509766 -0.412109 0.599609 1311032620.639644
0.472656 -0.519531 0.578125 1311032620.688587
0.489258 -0.697266 0.592773 1311032620.710589
0.519531 -0.728516 0.680664 1311032620.735597
0.491211 -0.669922 0.765625 1311032620.778590
0.443359 -0.742188 0.636719 1311032620.803619
0.443359 -0.742188 0.636719 1311032620.846649
0.443359 -0.742188 0.636719 1311032620.855647
0.599609 -1.078125 0.808594 1311032620.920642
0.660156 -0.799805 0.533203 1311032620.941648
0.808594 -0.559570 0.291016 1311032620.985634
1.058594 -0.559570 0.291016 1311032620.986645
1.584961 -0.407227 0.140625 1311032621.034647
1.449219 -0.362305 -0.036133 1311032621.058687
1.216797 -0.398438 -0.133789 1311032621.100649
1.042969 -0.511719 -0.125977 1311032621.123652
0.846680 -0.300781 -0.100586 1311032621.166647
0.597656 -0.187500 -0.100586 1311032621.211665
0.574219 -0.129883 -0.143555 1311032621.239654
0.454102 -0.128906 -0.085938 1311032621.263659
0.398438 -0.237305 -0.009766 1311032621.295598
0.423828 -0.347656 0.021484 1311032621.351657
0.450195 -0.496094 0.063477 1311032621.354676
0.551758 -0.504883 0.015625 1311032621.383600
0.719727 -0.489258 -0.013672 1311032621.430646
0.945312 -0.188477 0.160156 1311032621.474650
1.079102 -0.354492 0.071289 1311032621.475619
1.053711 -0.641602 0.041016 1311032621.519604
1.009766 -0.430664 -0.021484 1311032621.542642
0.935547 -0.402344 -0.079102 1311032621.586604
0.858398 -0.373047 -0.058594 1311032621.630673
0.802734 -0.271484 -0.089844 1311032621.674646
0.738281 -0.278320 -0.024414 1311032621.675623
0.742188 -0.376953 -0.051758 1311032621.708607
0.668945 -0.316406 -0.077148 1311032621.750666
0.534180 -0.250000 -0.095703 1311032621.773610
0.398438 -0.206055 -0.174805 1311032621.794609
0.317383 -0.248047 -0.163086 1311032621.883660
0.508789 -0.281250 -0.095703 1311032621.905663
0.840820 -0.413086 0.070312 1311032621.906663
1.107422 -0.413086 0.070312 1311032621.924664
1.220703 -0.357422 0.165039 1311032621.968667
1.073242 -0.749023 0.244141 1311032622.010669
0.885742 -1.048828 0.289062 1311032622.031669
0.919922 -1.067383 0.367188 1311032622.075662
0.809570 -1.054688 0.284180 1311032622.096661
0.823242 -1.100586 0.271484 1311032622.121671
0.916992 -0.982422 0.420898 1311032622.166672
0.864258 -0.875000 0.646484 1311032622.209668
0.355469 -0.858398 0.436523 1311032622.231618
0.234375 -0.931641 0.507812 1311032622.254630
0.525391 -0.939453 0.720703 1311032622.276619
0.575195 -1.009766 0.692383 1311032622.321646
0.499023 -0.509766 0.692383 1311032622.345620
0.451172 -0.274414 0.431641 1311032622.384683
0.501953 -0.282227 0.446289 1311032622.428667
0.630859 -0.521484 0.529297 1311032622.449643
0.626953 -0.622070 0.569336 1311032622.470636
0.655273 -0.693359 0.513672 1311032622.514665
0.661133 -0.625000 0.544922 1311032622.536669
0.602539 -0.490234 0.554688 1311032622.581625
0.494141 -0.404297 0.503906 1311032622.604624
0.494141 -0.398438 0.464844 1311032622.646629
0.622070 -0.372070 0.524414 1311032622.668626
0.558594 -0.368164 0.552734 1311032622.705629
0.572266 -0.496094 0.571289 1311032622.758674
0.547852 -0.481445 0.634766 1311032622.780682
0.531250 -0.501953 0.610352 1311032622.803685
0.538086 -0.513672 0.563477 1311032622.826695
0.522461 -0.263672 0.563477 1311032622.869684
0.548828 -0.483398 0.500000 1311032622.904684
0.579102 -0.458008 0.515625 1311032622.934681
0.574219 -0.539062 0.554688 1311032622.973686
0.505859 -0.609375 0.467773 1311032622.994685
0.540039 -0.539062 0.525391 1311032623.041691
0.540039 -0.539062 0.525391 1311032623.063715
0.513672 -0.541016 0.471680 1311032623.136702
0.538086 -0.667969 0.446289 1311032623.174691
0.479492 -0.661133 0.506836 1311032623.175685
0.498047 -0.645508 0.493164 1311032623.195691
0.537109 -0.733398 0.573242 1311032623.216661
0.543945 -0.733398 0.573242 1311032623.241638
0.501953 -0.799805 0.666016 1311032623.295665
0.483398 -0.880859 0.645508 1311032623.318646
0.399414 -0.875000 0.444336 1311032623.361671
0.502930 -1.019531 0.468750 1311032623.384684
0.630859 -1.054688 0.383789 1311032623.406693
0.794922 -0.867188 0.264648 1311032623.471653
0.903320 -0.776367 0.131836 1311032623.473642
1.141602 -0.899414 0.033203 1311032623.505696
1.225586 -0.709961 -0.062500 1311032623.546700
1.543945 -0.509766 -0.191406 1311032623.569673
1.569336 -0.388672 -0.245117 1311032623.613644
1.183594 -0.033203 -0.266602 1311032623.636658
0.898438 -0.139648 -0.126953 1311032623.683655
0.743164 -0.262695 -0.081055 1311032623.705647
0.636719 -0.235352 -0.109375 1311032623.730682
0.542969 -0.184570 -0.057617 1311032623.778703
0.448242 -0.224609 -0.084961 1311032623.823721
0.378906 -0.261719 -0.084961 1311032623.824700
0.403320 -0.184570 -0.054688 1311032623.870708
0.552734 -0.346680 -0.039062 1311032623.918704
0.807617 -0.447266 -0.136719 1311032623.940708
0.986328 -0.420898 -0.089844 1311032623.961702
0.994141 -0.420898 -0.089844 1311032623.986707
0.998047 -0.236328 -0.039062 1311032624.031707
1.029297 -0.291016 -0.082031 1311032624.054691
1.009766 -0.322266 -0.095703 1311032624.085698
0.992188 -0.340820 -0.094727 1311032624.128709
0.958984 -0.301758 -0.073242 1311032624.176658
0.959961 -0.335938 -0.089844 1311032624.202654
0.959961 -0.335938 -0.089844 1311032624.225729
0.947266 -0.288086 -0.120117 1311032624.270657
0.924805 -0.247070 -0.137695 1311032624.291668
0.864258 -0.262695 -0.111328 1311032624.314655
0.818359 -0.343750 -0.109375 1311032624.336714
0.774414 -0.296875 -0.114258 1311032624.386655
0.644531 -0.273438 -0.037109 1311032624.428701
0.537109 -0.264648 -0.067383 1311032624.490733
0.443359 -0.225586 -0.036133 1311032624.541663
0.415039 -0.180664 -0.057617 1311032624.558704
0.345703 -0.156250 -0.080078 1311032624.559690
0.516602 -0.384766 -0.021484 1311032624.581664
0.883789 -0.615234 0.061523 1311032624.604665
1.345703 -0.652344 -0.076172 1311032624.648696
1.416016 -0.751953 -0.071289 1311032624.673665
1.215820 -0.901367 0.048828 1311032624.696667
1.000000 -0.894531 0.048828 1311032624.734711
0.842773 -1.018555 0.106445 1311032624.779721
0.756836 -1.121094 0.146484 1311032624.824709
1.190430 -1.306641 1.014648 1311032624.826710
0.507812 -0.408203 0.359375 1311032624.881723
0.557617 -1.090820 0.495117 1311032624.904724
0.487305 -1.067383 0.578125 1311032624.925725
0.377930 -1.031250 0.585938 1311032624.968728
0.375977 -0.934570 0.547852 1311032624.991729
0.327148 -0.603516 0.541016 1311032625.045726
0.340820 -0.368164 0.501953 1311032625.069723
0.440430 -0.485352 0.444336 1311032625.091735
0.690430 -0.485352 0.444336 1311032625.113729
0.698242 -0.686523 0.385742 1311032625.158683
0.713867 -0.672852 0.397461 1311032625.186708
0.600586 -0.584961 0.530273 1311032625.254684
0.425781 -0.406250 0.583984 1311032625.264733
0.443359 -0.480469 0.560547 1311032625.315732
0.514648 -0.480469 0.560547 1311032625.316731
0.541016 -0.516602 0.583984 1311032625.348725
0.550781 -0.582031 0.530273 1311032625.391672
0.539062 -0.568359 0.532227 1311032625.419744
0.560547 -0.608398 0.518555 1311032625.451682
0.500000 -0.621094 0.508789 1311032625.474685
0.474609 -0.475586 0.500000 1311032625.508718
0.560547 -0.494141 0.522461 1311032625.551747
0.580078 -0.530273 0.537109 1311032625.574683
0.580078 -0.517578 0.529297 1311032625.633711
0.590820 -0.500977 0.500000 1311032625.634738
0.588867 -0.577148 0.504883 1311032625.675738
0.588867 -0.577148 0.504883 1311032625.749746
0.564453 -0.575195 0.505859 1311032625.766739
0.490234 -0.632812 0.480469 1311032625.768737
0.391602 -0.613281 0.466797 1311032625.811743
0.437500 -0.705078 0.459961 1311032625.835753
0.488281 -0.816406 0.459961 1311032625.858745
0.553711 -0.763672 0.640625 1311032625.903743
0.531250 -0.762695 0.668945 1311032625.924739
0.485352 -0.820312 0.503906 1311032625.968743
0.352539 -0.950195 0.402344 1311032625.990743
0.411133 -1.128906 0.438477 1311032626.034737
0.514648 -0.878906 0.438477 1311032626.055758
0.660156 -0.879883 0.197266 1311032626.090745
0.824219 -0.762695 0.101562 1311032626.136693
1.021484 -0.889648 0.171875 1311032626.158728
1.311523 -0.788086 0.035156 1311032626.180696
1.478516 -0.726562 -0.145508 1311032626.224695
1.504883 -0.535156 -0.195312 1311032626.246749
1.333984 -0.333984 -0.156250 1311032626.290752
1.041992 -0.289062 -0.125000 1311032626.313750
0.813477 -0.250000 -0.121094 1311032626.358701
0.721680 -0.266602 -0.074219 1311032626.380706
0.568359 -0.083984 -0.108398 1311032626.419741
0.515625 -0.103516 -0.111328 1311032626.461700
0.436523 -0.188477 -0.125000 1311032626.486701
0.509766 -0.182617 -0.114258 1311032626.509703
0.575195 -0.253906 -0.088867 1311032626.553737
0.650391 -0.284180 -0.053711 1311032626.575710
0.890625 -0.261719 -0.093750 1311032626.598705
1.008789 -0.382812 -0.091797 1311032626.644750
1.045898 -0.291992 -0.064453 1311032626.665755
0.952148 -0.227539 -0.072266 1311032626.714757
0.921875 -0.203125 -0.121094 1311032626.735756
0.916992 -0.160156 -0.047852 1311032626.758751
0.956055 -0.205078 -0.047852 1311032626.803763
0.970703 -0.193359 -0.020508 1311032626.833754
0.952148 -0.239258 -0.047852 1311032626.876761
0.969727 -0.202148 -0.051758 1311032626.901760
0.952148 -0.215820 -0.035156 1311032626.925762
0.969727 -0.227539 -0.058594 1311032626.969766
0.944336 -0.245117 -0.041992 1311032627.046762
0.881836 -0.302734 -0.051758 1311032627.068762
0.810547 -0.364258 -0.048828 1311032627.069755
0.725586 -0.345703 -0.050781 1311032627.096714
0.560547 -0.287109 -0.060547 1311032627.126713
0.545898 -0.198242 -0.035156 1311032627.149747
0.440430 -0.198242 -0.035156 1311032627.193714
0.459961 -0.196289 -0.057617 1311032627.228764
0.593750 -0.157227 -0.075195 1311032627.271759
0.916992 -0.293945 -0.096680 1311032627.273749
1.012695 -0.300781 0.005859 1311032627.310716
1.036133 -0.498047 0.029297 1311032627.354754
0.931641 -0.748047 0.029297 1311032627.376770
1.133789 -1.019531 0.130859 1311032627.420718
1.011719 -0.923828 0.081055 1311032627.443718
1.386719 -1.107422 0.642578 1311032627.486722
0.717773 -1.006836 0.196289 1311032627.509720
0.783203 -1.079102 0.257812 1311032627.531752
0.563477 -0.689453 0.394531 1311032627.578721
0.669922 -1.057617 0.439453 1311032627.611743
0.694336 -0.962891 0.608398 1311032627.634766
0.575195 -0.815430 0.448242 1311032627.679767
0.553711 -0.679688 0.458984 1311032627.701765
0.500977 -0.499023 0.504883 1311032627.724745
0.500977 -0.499023 0.504883 1311032627.769780
0.651367 -0.542969 0.397461 1311032627.793777
0.742188 -0.646484 0.435547 1311032627.836774
0.739258 -0.632812 0.410156 1311032627.858782
0.726562 -0.598633 0.434570 1311032627.903782
0.660156 -0.534180 0.434570 1311032627.925781
0.526367 -0.421875 0.459961 1311032627.969789
0.585938 -0.421875 0.459961 1311032627.993785
0.577148 -0.330078 0.540039 1311032628.030778
0.581055 -0.384766 0.543945 1311032628.074734
0.589844 -0.509766 0.562500 1311032628.096731
0.630859 -0.451172 0.562500 1311032628.119736
0.615234 -0.451172 0.540039 1311032628.151734
0.622070 -0.396484 0.522461 1311032628.195792
0.625000 -0.389648 0.481445 1311032628.217787
0.675781 -0.374023 0.481445 1311032628.261735
0.666016 -0.351562 0.473633 1311032628.312778
0.665039 -0.390625 0.496094 1311032628.339755
0.668945 -0.392578 0.495117 1311032628.362794
0.648438 -0.399414 0.512695 1311032628.385791
0.635742 -0.397461 0.483398 1311032628.409788
0.644531 -0.380859 0.516602 1311032628.451738
0.613281 -0.431641 0.550781 1311032628.474740
0.623047 -0.431641 0.550781 1311032628.496771
0.590820 -0.526367 0.428711 1311032628.541740
0.541992 -0.591797 0.434570 1311032628.586785
0.590820 -0.605469 0.458008 1311032628.600787
0.589844 -0.693359 0.458984 1311032628.650798
0.582031 -0.692383 0.485352 1311032628.672799
0.700195 -0.750000 0.648438 1311032628.716796
0.588867 -0.839844 0.490234 1311032628.739799
0.415039 -0.902344 0.375000 1311032628.760796
0.625000 -1.162109 0.573242 1311032628.822801
0.550781 -0.975586 0.415039 1311032628.824777
0.770508 -0.839844 0.415039 1311032628.848805
0.809570 -0.756836 0.208984 1311032628.895800
0.912109 -0.989258 0.125000 1311032628.937801
1.099609 -1.010742 0.033203 1311032628.960805
1.156250 -0.654297 -0.087891 1311032629.004775
1.240234 -0.609375 -0.166016 1311032629.026752
1.324219 -0.314453 -0.147461 1311032629.070799
1.074219 -0.314453 -0.147461 1311032629.091774
1.018555 -0.201172 -0.247070 1311032629.114751
0.856445 -0.289062 -0.227539 1311032629.155811
0.666016 -0.274414 -0.229492 1311032629.176784
0.549805 -0.211914 -0.208008 1311032629.221779
0.549805 -0.211914 -0.208008 1311032629.243754
0.503906 -0.287109 -0.110352 1311032629.292750
0.499023 -0.337891 -0.114258 1311032629.315813
0.562500 -0.248047 -0.101562 1311032629.337809
0.625000 -0.306641 -0.104492 1311032629.375756
0.821289 -0.349609 -0.086914 1311032629.405764
0.959961 -0.359375 -0.086914 1311032629.449773
1.013672 -0.309570 -0.037109 1311032629.475759
0.959961 -0.257812 -0.032227 1311032629.519801
0.980469 -0.273438 -0.020508 1311032629.542808
0.999023 -0.302734 0.021484 1311032629.587834
0.999023 -0.277344 -0.019531 1311032629.629813
0.993164 -0.207031 0.042969 1311032629.650812
1.002930 -0.211914 0.013672 1311032629.694811
0.973633 -0.266602 0.007812 1311032629.707816
0.944336 -0.259766 -0.040039 1311032629.737811
