0.895508 -0.323242 0.159180 1309565600.194333
0.913086 -0.301758 0.146484 1309565600.230307
0.943359 -0.296875 0.180664 1309565600.266357
0.944336 -0.292969 0.125000 1309565600.306330
0.923828 -0.315430 0.167969 1309565600.353362
0.932617 -0.324219 0.167969 1309565600.373339
0.921875 -0.324219 0.153320 1309565600.398362
0.908203 -0.334961 0.186523 1309565600.460283
0.916992 -0.344727 0.105469 1309565600.463336
0.920898 -0.330078 0.150391 1309565600.483349
0.942383 -0.313477 0.112305 1309565600.505311
0.921875 -0.302734 0.159180 1309565600.571455
0.939453 -0.328125 0.097656 1309565600.643334
0.910156 -0.330078 0.096680 1309565600.709316
0.901367 -0.343750 0.084961 1309565600.731344
0.882812 -0.351562 0.119141 1309565600.751326
0.904297 -0.328125 0.116211 1309565600.753366
0.908203 -0.293945 0.092773 1309565600.773315
0.909180 -0.300781 0.057617 1309565600.774297
0.883789 -0.282227 0.043945 1309565600.796311
0.843750 -0.308594 0.029297 1309565600.836350
0.804688 -0.273438 -0.002930 1309565600.875322
0.816406 -0.248047 -0.002930 1309565600.897365
0.730469 -0.209961 -0.068359 1309565600.940318
0.741211 -0.247070 -0.113281 1309565600.963332
0.815430 -0.327148 -0.117188 1309565601.005368
0.886719 -0.366211 -0.104492 1309565601.026347
0.959961 -0.408203 -0.125977 1309565601.063314
0.944336 -0.515625 -0.057617 1309565601.160348
0.863281 -0.496094 0.000977 1309565601.233339
0.872070 -0.479492 0.027344 1309565601.253374
0.900391 -0.555664 0.017578 1309565601.254404
0.965820 -0.551758 0.235352 1309565601.270357
0.874023 -0.422852 0.376953 1309565601.271312
0.645508 -0.422852 0.376953 1309565601.294359
0.645508 -0.422852 0.376953 1309565601.318389
0.693359 -0.769531 0.149414 1309565601.364357
0.617188 -0.820312 0.080078 1309565601.386355
0.765625 -1.046875 0.096680 1309565601.408352
0.725586 -0.827148 0.084961 1309565601.453393
0.785156 -0.956055 0.096680 1309565601.474357
0.890625 -0.880859 0.326172 1309565601.531358
0.755859 -0.650391 0.248047 1309565601.554387
0.675781 -0.841797 0.373047 1309565601.590363
0.530273 -0.780273 0.441406 1309565601.611351
0.348633 -0.806641 0.436523 1309565601.634380
0.304688 -0.846680 0.485352 1309565601.683379
0.364258 -0.853516 0.520508 1309565601.710354
0.431641 -0.875977 0.482422 1309565601.736335
0.400391 -0.902344 0.492188 1309565601.779346
0.373047 -0.947266 0.692383 1309565601.800359
0.101562 -1.165039 0.720703 1309565601.844384
0.193359 -1.372070 0.740234 1309565601.866372
0.132812 -0.798828 0.568359 1309565601.933353
0.147461 -0.364258 0.493164 1309565601.934358
0.195312 -0.446289 0.599609 1309565601.980375
0.197266 -0.445312 0.637695 1309565602.028377
0.263672 -0.606445 0.651367 1309565602.048368
0.388672 -0.847656 0.730469 1309565602.069333
0.393555 -0.764648 0.730469 1309565602.092359
0.361328 -0.653320 0.606445 1309565602.126377
0.332031 -0.635742 0.531250 1309565602.150406
0.360352 -0.649414 0.533203 1309565602.194360
0.393555 -0.602539 0.533203 1309565602.216353
0.443359 -0.593750 0.541992 1309565602.263372
0.467773 -0.542969 0.572266 1309565602.286374
0.493164 -0.504883 0.580078 1309565602.329370
0.383789 -0.707031 0.569336 1309565602.352388
0.337891 -0.761719 0.557617 1309565602.374345
0.337891 -0.761719 0.557617 1309565602.399389
0.333008 -0.681641 0.571289 1309565602.444363
0.331055 -0.751953 0.651367 1309565602.485418
0.326172 -0.762695 0.702148 1309565602.524349
0.291992 -0.630859 0.633789 1309565602.545382
0.244141 -0.594727 0.534180 1309565602.578407
0.240234 -0.589844 0.482422 1309565602.623373
0.225586 -0.547852 0.477539 1309565602.645416
0.189453 -0.543945 0.563477 1309565602.691379
0.185547 -0.639648 0.722656 1309565602.693385
0.268555 -0.736328 0.874023 1309565602.734356
0.182617 -0.722656 0.682617 1309565602.756411
0.130859 -0.707031 0.499023 1309565602.802388
0.218750 -0.823242 0.508789 1309565602.844381
0.337891 -0.835938 0.665039 1309565602.866371
0.313477 -0.740234 0.637695 1309565602.909365
0.283203 -0.707031 0.532227 1309565602.934388
0.242188 -0.682617 0.533203 1309565602.981371
0.265625 -0.792969 0.546875 1309565603.005403
0.271484 -0.743164 0.577148 1309565603.028361
0.339844 -0.728516 0.573242 1309565603.053415
0.294922 -0.699219 0.562500 1309565603.093404
0.288086 -0.702148 0.578125 1309565603.136368
0.290039 -0.728516 0.606445 1309565603.138382
0.290039 -0.714844 0.592773 1309565603.183381
0.271484 -0.704102 0.604492 1309565603.238402
0.319336 -0.722656 0.585938 1309565603.259390
0.351562 -0.731445 0.566406 1309565603.280367
0.264648 -0.714844 0.556641 1309565603.323386
0.264648 -0.714844 0.556641 1309565603.344389
0.294922 -0.730469 0.547852 1309565603.393424
0.269531 -0.716797 0.576172 1309565603.416397
0.300781 -0.722656 0.548828 1309565603.438384
