0.680664 -0.621094 -0.066406 1310584145.170341
1.011719 -0.665039 0.276367 1310584145.173332
0.683594 -0.494141 0.096680 1310584145.217366
0.542969 -0.719727 0.271484 1310584145.307399
0.615234 -0.744141 0.252930 1310584145.327338
0.794922 -0.226562 0.291016 1310584145.328331
0.692383 -0.567383 0.155273 1310584145.348313
0.730469 -0.608398 0.253906 1310584145.390349
0.715820 -0.692383 0.123047 1310584145.414422
0.770508 -0.701172 0.090820 1310584145.458377
0.752930 -0.698242 0.064453 1310584145.482506
0.694336 -0.746094 0.081055 1310584145.507450
0.887695 -0.708984 0.250000 1310584145.533383
0.897461 -0.519531 0.256836 1310584145.577455
1.084961 -0.500000 0.188477 1310584145.620446
1.348633 -0.457031 0.085938 1310584145.644378
1.331055 -0.469727 -0.029297 1310584145.665388
1.523438 -0.560547 -0.031250 1310584145.709411
1.289062 -0.353516 -0.020508 1310584145.732456
1.228516 -0.275391 0.122070 1310584145.777374
1.206055 -0.101562 0.096680 1310584145.799409
1.197266 -0.245117 0.045898 1310584145.842461
1.214844 -0.375000 0.008789 1310584145.864456
1.177734 -0.422852 0.044922 1310584145.907421
1.172852 -0.392578 0.075195 1310584145.928399
1.172852 -0.392578 0.075195 1310584145.968375
1.107422 -0.212891 0.111328 1310584146.002463
0.744141 -0.007812 0.048828 1310584146.023453
0.473633 -0.073242 -0.105469 1310584146.067340
0.226562 -0.284180 -0.208984 1310584146.089333
0.250977 -0.284180 -0.208984 1310584146.132336
0.284180 -0.163086 -0.006836 1310584146.157358
0.403320 -0.240234 0.097656 1310584146.183335
0.548828 -0.326172 0.155273 1310584146.230344
0.718750 -0.375000 0.110352 1310584146.253369
0.899414 -0.442383 0.154297 1310584146.277381
1.130859 -0.442383 0.154297 1310584146.328363
1.006836 -0.720703 0.108398 1310584146.354356
0.902344 -0.302734 0.256836 1310584146.378355
0.885742 -0.205078 0.336914 1310584146.422426
0.885742 -0.341797 0.264648 1310584146.443340
0.898438 -0.480469 0.283203 1310584146.468378
0.846680 -0.730469 0.283203 1310584146.509390
0.811523 -0.429688 0.150391 1310584146.589392
0.856445 -0.435547 0.137695 1310584146.608471
0.875977 -0.479492 0.160156 1310584146.609724
0.895508 -0.465820 0.189453 1310584146.630439
0.881836 -0.426758 0.206055 1310584146.674441
0.803711 -0.434570 0.210938 1310584146.704431
0.803711 -0.510742 0.212891 1310584146.748420
