0.781250 -0.547852 0.132812 1309541694.960313
0.851562 -0.566406 0.163086 1309541694.981304
0.871094 -0.505859 0.160156 1309541695.026302
0.893555 -0.447266 0.226562 1309541695.049307
0.919922 -0.328125 0.341797 1309541695.071278
0.899414 -0.548828 0.320312 1309541695.116313
0.848633 -0.847656 0.342773 1309541695.139308
0.797852 -0.958008 0.319336 1309541695.186312
0.761719 -1.050781 0.223633 1309541695.208308
0.732422 -1.222656 0.183594 1309541695.230310
0.707031 -1.221680 0.083984 1309541695.275316
0.629883 -1.255859 -0.042969 1309541695.318313
0.550781 -1.333008 -0.185547 1309541695.341315
0.515625 -1.418945 -0.282227 1309541695.389316
0.446289 -1.181641 -0.393555 1309541695.400312
0.446289 -1.181641 -0.393555 1309541695.446317
0.105469 -1.054688 -0.515625 1309541695.471309
-0.061523 -0.920898 -0.480469 1309541695.520319
-0.067383 -0.774414 -0.416992 1309541695.543316
-0.211914 -0.746094 -0.619141 1309541695.566325
-0.259766 -0.645508 -0.595703 1309541695.588319
-0.289062 -0.552734 -0.595703 1309541695.632325
-0.377930 -0.528320 -0.634766 1309541695.669319
-0.364258 -0.773438 -0.662109 1309541695.738318
-0.390625 -0.746094 -0.835938 1309541695.764323
-0.465820 -0.981445 -0.935547 1309541695.765320
-0.180664 -1.181641 -0.695312 1309541695.789325
1.457031 -0.300781 -1.216797 1309541695.834319
0.477539 -0.278320 0.658203 1309541695.856331
-0.606445 -1.447266 0.317383 1309541695.901323
-0.551758 -0.248047 0.101562 1309541695.923325
-0.628906 -0.754883 0.068359 1309541695.948358
-0.552734 -0.766602 0.217773 1309541695.971310
-0.516602 -0.766602 0.217773 1309541696.016353
-0.502930 -1.010742 0.341797 1309541696.048332
-0.532227 -0.998047 0.433594 1309541696.094327
-0.575195 -0.986328 0.369141 1309541696.116353
-0.674805 -0.891602 0.176758 1309541696.139335
-0.688477 -0.846680 -0.073242 1309541696.182331
-0.710938 -0.876953 -0.262695 1309541696.224310
-0.781250 -0.838867 -0.527344 1309541696.245331
-0.774414 -0.805664 -0.792969 1309541696.266331
-0.834961 -0.812500 -0.935547 1309541696.313337
-0.863281 -0.698242 -0.989258 1309541696.335332
-0.846680 -0.687500 -0.976562 1309541696.357347
-0.788086 -0.765625 -1.027344 1309541696.399332
-0.666992 -0.775391 -1.067383 1309541696.443330
-0.496094 -0.984375 -1.041992 1309541696.464354
-0.190430 -1.291992 -0.661133 1309541696.508359
-0.174805 -1.465820 -1.500977 1309541696.529334
-0.174805 -1.465820 -1.500977 1309541696.551321
-1.106445 -1.534180 0.180664 1309541696.601338
-0.435547 -0.102539 0.180664 1309541696.649341
-0.678711 -0.871094 0.166992 1309541696.674349
-0.563477 -0.829102 0.343750 1309541696.685353
-0.558594 -0.997070 0.397461 1309541696.710315
-0.517578 -0.951172 0.397461 1309541696.747349
-0.545898 -0.948242 0.353516 1309541696.790298
-0.609375 -0.983398 0.159180 1309541696.814345
-0.656250 -0.890625 -0.057617 1309541696.863344
-0.680664 -0.876953 -0.237305 1309541696.884353
-0.723633 -0.855469 -0.481445 1309541696.928354
-0.761719 -0.821289 -0.481445 1309541696.936380
-0.819336 -0.744141 -0.775391 1309541696.994346
-0.808594 -0.705078 -0.805664 1309541697.054347
-0.835938 -0.684570 -0.908203 1309541697.055348
-0.839844 -0.698242 -0.923828 1309541697.079353
-0.759766 -0.822266 -0.889648 1309541697.101347
-0.655273 -0.867188 -0.860352 1309541697.144349
-0.467773 -1.002930 -0.828125 1309541697.170350
-0.168945 -1.305664 -0.584961 1309541697.200360
-0.556641 -1.303711 -1.433594 1309541697.244381
0.008789 -0.445312 0.312500 1309541697.266351
-0.959961 -1.292969 0.186523 1309541697.312493
-0.354492 -0.293945 0.212891 1309541697.336373
-0.519531 -0.856445 0.208008 1309541697.383355
-0.464844 -0.749023 0.291016 1309541697.405350
-0.541016 -1.085938 0.325195 1309541697.435360
-0.452148 -0.994141 0.369141 1309541697.476358
-0.452148 -0.994141 0.369141 1309541697.483362
-0.604492 -1.033203 0.176758 1309541697.541353
-0.702148 -0.998047 -0.047852 1309541697.574362
-0.733398 -0.992188 -0.259766 1309541697.595363
-0.738281 -0.976562 -0.472656 1309541697.639358
-0.754883 -0.955078 -0.645508 1309541697.670357
-0.774414 -0.955078 -0.645508 1309541697.691333
-0.792969 -0.783203 -0.826172 1309541697.716366
-0.837891 -0.761719 -0.858398 1309541697.764364
-0.797852 -0.832031 -0.836914 1309541697.785370
-0.700195 -0.855469 -0.886719 1309541697.828362
-0.562500 -0.984375 -0.859375 1309541697.838362
-0.309570 -1.060547 -0.709961 1309541697.889363
1.973633 -1.981445 1.986328 1309541697.910360
-1.980469 0.420898 -0.317383 1309541697.954366
-0.205078 -1.905273 0.274414 1309541697.976365
-0.823242 -0.760742 -0.028320 1309541698.020353
-0.526367 -0.577148 0.181641 1309541698.041369
-0.549805 -0.807617 0.431641 1309541698.087371
-0.549805 -0.807617 0.431641 1309541698.110337
-0.556641 -1.038086 0.446289 1309541698.149367
-0.491211 -1.004883 0.412109 1309541698.184370
-0.575195 -1.106445 0.170898 1309541698.205364
-0.627930 -1.027344 -0.079102 1309541698.228370
-0.672852 -0.930664 -0.189453 1309541698.296397
-0.690430 -0.910156 -0.382812 1309541698.355381
-0.757812 -0.793945 -0.597656 1309541698.356389
-0.755859 -0.736328 -0.712891 1309541698.376377
-0.790039 -0.710938 -0.879883 1309541698.399378
-0.797852 -0.688477 -0.912109 1309541698.422376
-0.823242 -0.682617 -0.938477 1309541698.466375
-0.779297 -0.743164 -0.974609 1309541698.489373
-0.605469 -0.840820 -0.920898 1309541698.524381
-0.394531 -1.051758 -0.810547 1309541698.574383
-0.047852 -1.268555 -0.519531 1309541698.596374
-0.047852 -1.268555 -0.519531 1309541698.619392
0.037109 -0.846680 -0.102539 1309541698.668368
-0.959961 -0.986328 0.093750 1309541698.693378
-0.336914 -0.221680 0.169922 1309541698.715385
-0.444336 -0.708008 0.016602 1309541698.758377
-0.362305 -0.583984 -0.009766 1309541698.784386
-0.216797 -0.693359 0.044922 1309541698.826382
-0.060547 -0.873047 0.071289 1309541698.853387
0.134766 -0.966797 0.094727 1309541698.890381
0.177734 -1.014648 0.124023 1309541698.927383
0.291992 -1.155273 0.052734 1309541698.952383
0.438477 -1.127930 0.084961 1309541698.980380
0.511719 -1.218750 0.009766 1309541699.019389
0.687500 -1.123047 0.010742 1309541699.041385
0.861328 -1.066406 0.023438 1309541699.085386
0.967773 -1.025391 0.075195 1309541699.107384
1.141602 -0.897461 0.054688 1309541699.150384
1.258789 -0.950195 0.029297 1309541699.171384
1.169922 -0.879883 0.042969 1309541699.224387
0.987305 -0.764648 0.035156 1309541699.231387
0.907227 -0.748047 0.012695 1309541699.274355
0.867188 -0.759766 0.010742 1309541699.296404
0.842773 -0.774414 0.003906 1309541699.341396
0.852539 -0.524414 0.003906 1309541699.363395
0.804688 -0.666016 0.020508 1309541699.406392
0.767578 -0.652344 0.018555 1309541699.429390
0.814453 -0.661133 0.052734 1309541699.459394
0.866211 -0.634766 0.094727 1309541699.502392
0.939453 -0.585938 0.080078 1309541699.537404
0.960938 -0.576172 0.113281 1309541699.584405
