0.745117 -0.611328 0.615234 1310581770.774146
0.659180 -1.122070 0.554688 1310581770.794126
0.951172 -1.983398 1.166016 1310581770.820279
1.532227 -1.437500 1.450195 1310581770.857129
1.516602 -1.226562 1.203125 1310581770.881128
1.722656 -1.666016 0.949219 1310581770.925155
1.576172 -1.983398 0.331055 1310581770.947135
1.770508 -1.808594 0.116211 1310581770.997648
1.677734 -1.645508 0.044922 1310581771.019184
1.428711 -1.476562 -0.238281 1310581771.040193
1.419922 -1.102539 -0.192383 1310581771.132163
1.084961 -0.760742 -0.335938 1310581771.156209
0.955078 -0.427734 -0.445312 1310581771.157157
0.643555 -0.193359 -0.375000 1310581771.195166
0.283203 -0.182617 -0.285156 1310581771.217214
0.176758 -0.204102 -0.255859 1310581771.240210
0.065430 -0.138672 -0.229492 1310581771.304185
0.217773 0.416992 -0.227539 1310581771.305161
-0.015625 1.052734 -0.386719 1310581771.328209
-0.208984 1.040039 -0.435547 1310581771.371208
0.034180 1.394531 -0.609375 1310581771.396227
0.057617 1.820312 -0.672852 1310581771.445186
0.198242 1.656250 -0.735352 1310581771.466202
0.317383 1.541016 -0.735352 1310581771.489168
0.199219 1.331055 -0.731445 1310581771.534191
0.113281 1.028320 -0.539062 1310581771.556174
0.125977 0.520508 -0.436523 1310581771.601197
0.003906 0.109375 -0.297852 1310581771.624199
-0.054688 -0.008789 -0.254883 1310581771.691184
-0.349609 0.127930 -0.267578 1310581771.714186
-0.166016 0.127930 -0.267578 1310581771.715155
-0.473633 -0.148438 -0.088867 1310581771.785188
-0.217773 -0.355469 0.136719 1310581771.800197
-0.126953 -0.459961 0.362305 1310581771.822166
-0.279297 -1.320312 0.391602 1310581771.845169
-0.521484 -1.982422 0.708008 1310581771.890143
-0.723633 -1.982422 0.787109 1310581771.911177
-0.825195 -1.984375 0.722656 1310581771.957160
-0.810547 -1.982422 0.564453 1310581771.979176
-0.577148 -1.981445 0.421875 1310581772.005216
-0.328125 -1.528320 0.421875 1310581772.035289
-0.147461 -1.062500 0.177734 1310581772.072242
-0.133789 -0.709961 0.088867 1310581772.116230
-0.067383 -0.496094 -0.034180 1310581772.145191
-0.116211 -0.240234 -0.023438 1310581772.170287
0.061523 -0.067383 0.062500 1310581772.210188
0.064453 0.099609 -0.143555 1310581772.232254
0.192383 -0.030273 -0.119141 1310581772.289285
0.103516 0.910156 -0.289062 1310581772.315232
0.176758 1.002930 -0.616211 1310581772.336260
0.217773 1.974609 -0.790039 1310581772.371221
0.168945 1.753906 -0.851562 1310581772.420181
0.168945 1.753906 -0.851562 1310581772.440198
0.265625 1.301758 -0.825195 1310581772.460187
0.201172 1.101562 -0.815430 1310581772.502191
0.079102 0.991211 -0.750977 1310581772.528193
-0.030273 0.923828 -0.651367 1310581772.570226
0.192383 0.669922 -0.208008 1310581772.595162
0.229492 0.146484 -0.208008 1310581772.618182
0.029297 -0.382812 -0.014648 1310581772.661224
0.002930 -0.380859 0.229492 1310581772.685248
-0.166992 -0.576172 0.351562 1310581772.730213
-0.127930 -0.836914 0.456055 1310581772.745264
-0.103516 -1.247070 0.626953 1310581772.791174
-0.059570 -1.884766 0.345703 1310581772.815166
-0.618164 -1.980469 -0.583984 1310581772.849222
-0.816406 -1.984375 -1.005859 1310581772.877171
-0.748047 -1.983398 -0.678711 1310581772.931171
-0.613281 -1.982422 -0.200195 1310581772.954226
-0.488281 -1.800781 -0.091797 1310581772.975311
-0.345703 -1.625000 -0.207031 1310581773.026238
-0.130859 -1.126953 -0.270508 1310581773.047250
0.076172 -0.619141 -0.236328 1310581773.095303
0.169922 -0.362305 -0.180664 1310581773.117218
0.023438 -0.351562 -0.208984 1310581773.141301
0.001953 -0.156250 -0.195312 1310581773.164251
-0.102539 0.251953 -0.195312 1310581773.200243
-0.153320 0.572266 -0.208984 1310581773.246313
-0.173828 1.457031 -0.249023 1310581773.269226
-0.637695 1.185547 -0.498047 1310581773.314314
0.115234 0.758789 -0.626953 1310581773.337206
-0.134766 0.758789 -0.626953 1310581773.364187
0.246094 1.332031 -0.701172 1310581773.411221
-0.000977 1.229492 -0.730469 1310581773.456196
-0.030273 1.019531 -0.696289 1310581773.469178
-0.190430 0.888672 -0.513672 1310581773.492209
-0.375000 0.521484 -0.414062 1310581773.524203
-0.148438 0.126953 -0.110352 1310581773.554186
-0.109375 -0.202148 -0.096680 1310581773.602205
-0.085938 -0.359375 0.124023 1310581773.624176
0.016602 -0.425781 0.271484 1310581773.706291
-0.099609 -0.781250 0.123047 1310581773.729274
-0.557617 -0.779297 0.177734 1310581773.731316
-0.493164 -1.458984 0.197266 1310581773.769186
-0.767578 -1.984375 0.184570 1310581773.791192
-0.696289 -1.982422 0.100586 1310581773.814243
-0.711914 -1.982422 0.266602 1310581773.856194
-0.787109 -1.983398 0.354492 1310581773.881207
-0.611328 -1.547852 0.269531 1310581773.905249
-0.522461 -1.072266 0.019531 1310581773.949316
-0.396484 -0.854492 -0.013672 1310581773.995254
-0.331055 -0.652344 -0.070312 1310581774.016314
-0.292969 -0.373047 -0.112305 1310581774.039321
-0.307617 -0.320312 -0.173828 1310581774.082249
-0.253906 -0.139648 -0.189453 1310581774.117265
-0.154297 -0.000977 -0.209961 1310581774.150722
-0.057617 0.114258 -0.214844 1310581774.175246
-0.466797 0.738281 -0.525391 1310581774.219325
-0.140625 1.037109 -0.480469 1310581774.241264
-0.673828 1.467773 -1.047852 1310581774.267301
-0.423828 1.148438 -0.748047 1310581774.289230
-0.206055 1.639648 -0.772461 1310581774.334197
-0.206055 1.639648 -0.772461 1310581774.355251
-0.206055 1.639648 -0.772461 1310581774.399200
-0.294922 1.015625 -0.760742 1310581774.446203
-0.601562 0.911133 -0.562500 1310581774.475326
-0.601562 0.911133 -0.562500 1310581774.506206
-0.225586 0.085938 -0.074219 1310581774.530200
-0.171875 -0.179688 -0.099609 1310581774.574219
-0.082031 -0.154297 0.008789 1310581774.600209
-0.162109 -0.401367 0.088867 1310581774.621240
-0.497070 -0.188477 -0.169922 1310581774.644236
-0.462891 -0.773438 -0.232422 1310581774.687261
-0.645508 -0.908203 -0.157227 1310581774.709202
-0.535156 -1.556641 0.592773 1310581774.754227
-0.760742 -1.642578 1.126953 1310581774.796216
-0.810547 -1.981445 0.693359 1310581774.817220
-0.745117 -1.984375 0.673828 1310581774.842234
-0.624023 -1.746094 0.761719 1310581774.912325
-0.438477 -1.112305 0.541992 1310581774.919337
-0.322266 -0.779297 0.277344 1310581774.995346
-0.309570 -0.604492 0.074219 1310581775.016263
-0.239258 -0.480469 0.040039 1310581775.026278
-0.394531 -0.244141 -0.191406 1310581775.047316
-0.247070 -0.155273 -0.091797 1310581775.090310
-0.265625 0.142578 -0.274414 1310581775.112298
-0.117188 0.303711 -0.304688 1310581775.157277
-0.185547 0.490234 -0.724609 1310581775.180404
-0.979492 1.143555 -0.962891 1310581775.201280
0.382812 0.143555 -0.962891 1310581775.224346
-0.347656 1.373047 -0.938477 1310581775.269216
-0.149414 1.036133 -0.994141 1310581775.290215
-0.295898 1.267578 -1.140625 1310581775.367243
-0.279297 1.251953 -1.031250 1310581775.369237
-0.249023 0.949219 -0.923828 1310581775.391217
-0.430664 0.949219 -0.923828 1310581775.435246
-0.348633 0.679688 -0.689453 1310581775.456238
-0.573242 0.614258 -0.695312 1310581775.500243
-0.413086 0.472656 -0.496094 1310581775.524241
-0.250000 0.217773 -0.263672 1310581775.551287
-0.717773 0.274414 -0.457031 1310581775.600293
-0.049805 0.274414 -0.457031 1310581775.622259
-0.049805 0.274414 -0.457031 1310581775.666259
-0.581055 -0.424805 -0.123047 1310581775.690223
-0.437500 -0.547852 -0.052734 1310581775.732276
-0.412109 0.069336 -0.043945 1310581775.756223
-0.147461 -0.273438 -0.125000 1310581775.801244
0.291016 -0.475586 0.166992 1310581775.839350
0.358398 -0.387695 0.148438 1310581775.844297
0.044922 -0.894531 0.187500 1310581775.886276
-0.196289 -0.662109 0.427734 1310581775.909428
-0.352539 -0.746094 0.617188 1310581775.951273
-0.498047 -0.923828 0.545898 1310581775.975351
-0.050781 -0.781250 0.849609 1310581776.019310
-0.327148 -1.099609 0.810547 1310581776.040315
0.244141 -0.995117 0.742188 1310581776.087302
0.617188 -1.200195 0.998047 1310581776.109324
0.662109 -0.946289 0.668945 1310581776.153285
1.137695 -0.755859 0.668945 1310581776.155275
1.045898 -0.763672 0.603516 1310581776.201319
1.708984 -0.705078 0.720703 1310581776.248247
1.404297 -0.535156 0.520508 1310581776.286292
1.355469 -0.615234 0.816406 1310581776.307276
1.061523 -0.522461 0.805664 1310581776.330267
0.979492 -0.677734 1.183594 1310581776.353239
0.911133 -0.359375 1.476562 1310581776.400275
1.045898 -0.427734 0.875000 1310581776.424286
