-0.531250 -0.808594 0.007812 1310163263.172453
-0.463867 -0.857422 -0.075195 1310163263.194406
-0.453125 -0.931641 -0.095703 1310163263.217396
-0.329102 -0.853516 -0.099609 1310163263.259415
-0.316406 -0.922852 -0.100586 1310163263.298418
-0.337891 -0.968750 -0.183594 1310163263.340437
-0.202148 -0.956055 -0.173828 1310163263.362432
-0.083984 -0.947266 -0.196289 1310163263.384446
-0.011719 -0.947266 -0.196289 1310163263.408452
0.091797 -0.859375 -0.183594 1310163263.447404
0.160156 -0.910156 -0.164062 1310163263.483428
0.310547 -0.911133 -0.198242 1310163263.529467
0.433594 -0.944336 -0.229492 1310163263.553490
0.664062 -1.042969 -0.229492 1310163263.576495
0.903320 -0.968750 -0.120117 1310163263.622510
0.988281 -0.934570 -0.106445 1310163263.665494
0.990234 -0.865234 0.005859 1310163263.689480
0.967773 -0.977539 0.024414 1310163263.710471
0.847656 -0.993164 -0.021484 1310163263.733508
0.763672 -0.929688 -0.021484 1310163263.760531
0.752930 -0.784180 0.031250 1310163263.808519
0.728516 -0.728516 0.032227 1310163263.833524
0.793945 -0.780273 0.046875 1310163263.879525
0.899414 -0.917969 0.232422 1310163263.900468
0.885742 -0.820312 0.225586 1310163263.925458
0.804688 -0.708008 -0.024414 1310163263.968522
0.808594 -0.386719 -0.272461 1310163264.014516
0.917969 -0.700195 0.080078 1310163264.038473
0.735352 -0.962891 -0.022461 1310163264.059519
0.819336 -0.479492 0.062500 1310163264.102524
0.791992 -0.668945 0.083008 1310163264.127520
0.845703 -0.668945 0.083008 1310163264.149498
0.693359 -0.978516 -0.090820 1310163264.193535
0.502930 -0.901367 0.069336 1310163264.235495
0.706055 -0.916992 0.077148 1310163264.258487
0.727539 -0.837891 0.183594 1310163264.300464
0.807617 -0.964844 0.092773 1310163264.323432
0.678711 -0.920898 0.201172 1310163264.367528
0.716797 -0.908203 0.167969 1310163264.388481
0.696289 -1.060547 0.204102 1310163264.410528
0.617188 -1.063477 0.221680 1310163264.453494
0.514648 -0.938477 0.163086 1310163264.475537
0.403320 -1.062500 0.222656 1310163264.520495
0.402344 -0.878906 0.249023 1310163264.553449
0.418945 -0.775391 0.305664 1310163264.575538
0.415039 -0.727539 0.419922 1310163264.637543
0.346680 -0.943359 0.487305 1310163264.638452
0.340820 -0.849609 0.434570 1310163264.682542
0.378906 -0.919922 0.430664 1310163264.704502
0.370117 -0.919922 0.430664 1310163264.751549
0.320312 -0.914062 0.329102 1310163264.788470
0.395508 -0.827148 0.393555 1310163264.809516
0.288086 -0.773438 0.421875 1310163264.830509
0.276367 -0.817383 0.501953 1310163264.874538
0.276367 -0.817383 0.501953 1310163264.895538
0.264648 -0.828125 0.515625 1310163264.939470
0.315430 -0.796875 0.558594 1310163264.982518
0.387695 -0.723633 0.568359 1310163265.020528
0.375977 -0.742188 0.500000 1310163265.022494
0.390625 -0.852539 0.455078 1310163265.065526
0.383789 -0.787109 0.455078 1310163265.088525
0.408203 -0.855469 0.468750 1310163265.133551
0.396484 -0.810547 0.457031 1310163265.156497
0.425781 -0.814453 0.443359 1310163265.200453
0.401367 -0.858398 0.489258 1310163265.222423
0.378906 -0.761719 0.522461 1310163265.243416
0.356445 -0.759766 0.541992 1310163265.287473
0.356445 -0.759766 0.541992 1310163265.309466
0.303711 -0.781250 0.498047 1310163265.354475
0.321289 -0.750000 0.522461 1310163265.379466
0.273438 -0.712891 0.500977 1310163265.414474
0.308594 -0.664062 0.578125 1310163265.437510
0.293945 -0.627930 0.574219 1310163265.482519
0.268555 -0.690430 0.574219 1310163265.503560
0.282227 -0.618164 0.615234 1310163265.548516
0.304688 -0.628906 0.654297 1310163265.590613
0.297852 -0.693359 0.612305 1310163265.614555
0.298828 -0.403320 0.612305 1310163265.636559
0.319336 -0.132812 0.791992 1310163265.678524
0.165039 -0.630859 0.678711 1310163265.700546
0.173828 -0.772461 0.616211 1310163265.743561
0.193359 -0.758789 0.570312 1310163265.765542
0.180664 -0.679688 0.646484 1310163265.809530
0.250000 -0.649414 0.646484 1310163265.832487
0.231445 -0.664062 0.612305 1310163265.877519
0.242188 -0.643555 0.609375 1310163265.899518
0.236328 -0.704102 0.615234 1310163265.943525
0.238281 -0.675781 0.565430 1310163265.964451
0.210938 -0.714844 0.617188 1310163265.990472
0.210938 -0.714844 0.617188 1310163266.087499
0.201172 -0.755859 0.599609 1310163266.089488
0.203125 -0.705078 0.610352 1310163266.112478
0.195312 -0.675781 0.592773 1310163266.134579
0.221680 -0.739258 0.581055 1310163266.157485
0.158203 -0.703125 0.614258 1310163266.190568
0.190430 -0.703125 0.614258 1310163266.234489
0.217773 -0.713867 0.602539 1310163266.259459
0.205078 -0.746094 0.630859 1310163266.283463
0.143555 -0.697266 0.596680 1310163266.324485
0.190430 -0.745117 0.558594 1310163266.347574
0.199219 -0.757812 0.619141 1310163266.389577
0.189453 -0.725586 0.580078 1310163266.412560
0.178711 -0.714844 0.609375 1310163266.457505
0.219727 -0.718750 0.561523 1310163266.480492
0.193359 -0.718750 0.597656 1310163266.522530
0.205078 -0.741211 0.610352 1310163266.544505
0.203125 -0.753906 0.610352 1310163266.567568
