0.872070 -0.427734 0.148438 1310161167.276657
0.875977 -0.455078 0.193359 1310161167.297668
0.916992 -0.448242 0.182617 1310161167.321665
0.956055 -0.364258 0.161133 1310161167.365666
1.026367 -0.364258 0.161133 1310161167.386664
1.100586 -0.255859 0.094727 1310161167.435666
0.918945 -0.054688 0.036133 1310161167.460667
0.799805 -0.162109 0.144531 1310161167.482707
0.901367 -0.128906 0.413086 1310161167.525668
0.991211 -0.349609 0.509766 1310161167.551667
1.304688 -0.694336 0.626953 1310161167.597669
1.396484 -0.630859 0.802734 1310161167.620666
1.499023 -1.439453 1.251953 1310161167.665662
1.418945 -1.289062 1.182617 1310161167.685668
1.635742 -1.440430 0.806641 1310161167.710668
1.750977 -1.734375 0.549805 1310161167.735763
1.846680 -1.543945 0.228516 1310161167.772666
1.841797 -1.587891 0.173828 1310161167.817669
1.697266 -1.528320 0.116211 1310161167.845679
1.394531 -1.538086 0.110352 1310161167.867672
1.154297 -1.206055 0.012695 1310161167.891672
0.868164 -1.041016 0.027344 1310161167.935675
0.805664 -0.797852 0.047852 1310161167.985675
0.426758 -0.494141 -0.009766 1310161168.007675
0.468750 -0.210938 -0.019531 1310161168.033664
0.308594 0.025391 -0.090820 1310161168.171673
0.185547 0.073242 -0.212891 1310161168.177668
0.243164 0.471680 -0.352539 1310161168.179645
0.155273 0.531250 -0.455078 1310161168.185636
0.067383 0.869141 -0.482422 1310161168.200660
0.196289 1.084961 -0.545898 1310161168.221678
0.059570 1.415039 -0.622070 1310161168.265663
-0.075195 1.677734 -0.774414 1310161168.287662
-0.023438 1.974609 -0.793945 1310161168.311686
0.018555 1.974609 -0.793945 1310161168.340696
0.259766 1.528320 -0.427734 1310161168.386681
0.230469 1.074219 -0.411133 1310161168.443656
0.312500 0.625000 -0.324219 1310161168.445666
0.530273 0.107422 -0.222656 1310161168.520697
0.530273 0.107422 -0.222656 1310161168.542670
0.370117 -0.041992 -0.121094 1310161168.563674
0.708984 -0.376953 -0.203125 1310161168.588693
0.468750 -0.512695 -0.045898 1310161168.626672
1.135742 -0.639648 -0.154297 1310161168.648662
1.557617 -0.768555 -0.431641 1310161168.680690
1.545898 -1.171875 -0.326172 1310161168.702695
1.977539 -0.679688 0.357422 1310161168.746689
1.974609 -0.595703 -0.066406 1310161168.788692
1.981445 -0.767578 0.811523 1310161168.811691
1.971680 -1.300781 0.333984 1310161168.833692
1.975586 -1.284180 1.278320 1310161168.855692
1.976562 -1.674805 1.332031 1310161168.897684
1.974609 -1.704102 1.505859 1310161168.940688
1.213867 -1.711914 1.987305 1310161168.963698
1.019531 -1.102539 1.979492 1310161169.007648
0.907227 -1.357422 1.756836 1310161169.028642
1.131836 -1.397461 1.360352 1310161169.077674
1.674805 -1.059570 1.339844 1310161169.078670
1.773438 -1.469727 0.927734 1310161169.127699
1.974609 -1.569336 0.906250 1310161169.151705
1.975586 -1.669922 0.620117 1310161169.195713
1.971680 -1.585938 0.528320 1310161169.215696
1.978516 -1.335938 0.528320 1310161169.258706
1.971680 -1.308594 0.264648 1310161169.292699
1.871094 -1.083008 0.003906 1310161169.315700
1.420898 -0.721680 -0.072266 1310161169.358700
1.066406 -0.494141 -0.179688 1310161169.383701
0.303711 -0.247070 -0.328125 1310161169.416703
0.115234 -0.337891 -0.254883 1310161169.439706
0.196289 -0.140625 -0.106445 1310161169.476676
0.287109 0.103516 0.037109 1310161169.520700
0.260742 0.301758 -0.047852 1310161169.542703
0.384766 0.472656 -0.122070 1310161169.586709
0.224609 0.910156 -0.185547 1310161169.607708
0.109375 1.195312 -0.521484 1310161169.651707
-0.039062 1.195312 -0.521484 1310161169.671710
0.075195 1.583984 -0.643555 1310161169.713708
-0.160156 1.978516 -0.734375 1310161169.738711
0.219727 1.798828 -0.543945 1310161169.810716
0.160156 1.613281 -0.433594 1310161169.835711
0.377930 0.971680 -0.315430 1310161169.861707
0.383789 0.630859 -0.273438 1310161169.862709
0.470703 0.163086 -0.275391 1310161169.908714
0.443359 0.008789 -0.298828 1310161169.931694
0.431641 -0.217773 -0.166016 1310161169.975713
0.502930 -0.337891 -0.173828 1310161169.997715
0.726562 -0.543945 -0.142578 1310161170.042718
0.718750 -0.826172 0.033203 1310161170.070478
1.411133 -0.684570 0.489258 1310161170.095708
1.667969 -0.724609 0.216797 1310161170.125717
1.975586 -0.998047 0.278320 1310161170.151720
1.976562 -0.857422 0.216797 1310161170.175722
1.976562 -1.065430 0.240234 1310161170.220718
1.920898 -1.505859 0.097656 1310161170.262720
1.782227 -1.351562 0.043945 1310161170.291718
1.972656 -1.400391 0.308594 1310161170.322718
1.616211 -1.893555 0.585938 1310161170.345713
1.427734 -1.893555 0.585938 1310161170.388725
1.234375 -1.984375 1.250977 1310161170.412718
0.788086 -1.984375 1.437500 1310161170.457726
1.058594 -1.982422 1.347656 1310161170.478724
1.365234 -1.982422 1.298828 1310161170.521725
1.972656 -1.918945 0.918945 1310161170.565721
1.972656 -1.918945 0.918945 1310161170.566718
1.975586 -1.564453 0.443359 1310161170.611727
1.974609 -1.315430 0.471680 1310161170.633736
1.782227 -1.478516 0.348633 1310161170.680725
1.542969 -1.469727 0.237305 1310161170.703728
1.473633 -1.233398 0.278320 1310161170.737729
1.316406 -0.994141 0.113281 1310161170.781734
1.002930 -0.741211 0.003906 1310161170.803733
0.745117 -0.741211 0.003906 1310161170.826732
0.561523 -0.412109 -0.019531 1310161170.875735
0.531250 0.007812 -0.025391 1310161170.910740
0.345703 0.200195 -0.095703 1310161170.918738
0.315430 0.276367 -0.171875 1310161170.953731
0.256836 0.276367 -0.171875 1310161171.000707
0.307617 0.714844 -0.194336 1310161171.035684
-0.083984 1.478516 -0.546875 1310161171.080735
0.141602 1.502930 -0.454102 1310161171.140744
0.241211 1.980469 -0.310547 1310161171.141735
0.202148 1.975586 -0.280273 1310161171.163739
0.441406 1.863281 -0.191406 1310161171.186739
0.449219 1.511719 -0.209961 1310161171.228737
0.448242 1.088867 -0.156250 1310161171.250751
0.500977 0.732422 -0.147461 1310161171.295741
0.530273 0.327148 -0.182617 1310161171.318748
0.519531 0.091797 -0.223633 1310161171.341743
0.540039 -0.192383 -0.187500 1310161171.400742
0.526367 -0.271484 -0.170898 1310161171.418742
0.737305 -0.426758 -0.170898 1310161171.443736
0.870117 -0.777344 -0.111328 1310161171.487743
1.250977 -0.777344 -0.111328 1310161171.510743
1.531250 -0.864258 0.060547 1310161171.553744
1.748047 -1.265625 0.057617 1310161171.593744
1.719727 -1.558594 0.109375 1310161171.607751
1.484375 -1.790039 0.043945 1310161171.631742
1.974609 -1.275391 0.332031 1310161171.676746
1.974609 -1.275391 0.332031 1310161171.697751
1.804688 -1.048828 0.481445 1310161171.762752
1.732422 -1.773438 0.566406 1310161171.763746
1.572266 -1.776367 0.726562 1310161171.808757
0.921875 -1.978516 1.227539 1310161171.830743
1.039062 -1.981445 1.572266 1310161171.852750
0.915039 -1.693359 1.215820 1310161171.898744
0.925781 -1.982422 0.965820 1310161171.943755
1.364258 -1.983398 1.058594 1310161171.967760
1.500977 -1.791992 0.636719 1310161172.008755
1.717773 -1.977539 0.294922 1310161172.033753
1.972656 -1.690430 0.206055 1310161172.058774
1.975586 -1.519531 0.166016 1310161172.082752
1.974609 -1.503906 0.134766 1310161172.128754
1.963867 -1.236328 -0.003906 1310161172.152753
1.643555 -1.311523 0.003906 1310161172.182759
1.592773 -1.248047 -0.053711 1310161172.227757
1.554688 -0.471680 -0.158203 1310161172.250772
0.819336 -0.442383 -0.236328 1310161172.287748
0.918945 -0.270508 -0.166992 1310161172.326759
0.431641 -0.026367 -0.175781 1310161172.405759
0.308594 0.049805 -0.340820 1310161172.426759
0.145508 0.134766 -0.341797 1310161172.437763
0.104492 0.134766 -0.341797 1310161172.438757
0.042969 0.503906 -0.438477 1310161172.495769
0.066406 0.799805 -0.516602 1310161172.505809
0.074219 1.152344 -0.512695 1310161172.563744
0.313477 1.183594 -0.256836 1310161172.584764
-0.161133 1.981445 -1.124023 1310161172.607764
0.338867 1.981445 -1.124023 1310161172.630768
0.081055 1.580078 -0.514648 1310161172.673766
0.095703 1.164062 -0.513672 1310161172.716765
-0.079102 1.080078 -0.577148 1310161172.764754
0.143555 0.863281 -0.292969 1310161172.778766
0.183594 0.763672 -0.212891 1310161172.803766
0.247070 0.412109 -0.216797 1310161172.851774
0.371094 0.101562 -0.138672 1310161172.899735
0.348633 -0.023438 -0.077148 1310161172.921772
0.541016 -0.279297 -0.083984 1310161172.923766
0.673828 -0.374023 -0.145508 1310161172.963767
0.719727 -0.718750 -0.093750 1310161172.989763
1.469727 -0.718750 -0.093750 1310161173.033726
1.542969 -0.968750 -0.093750 1310161173.055725
1.977539 -1.131836 -0.069336 1310161173.101750
1.979492 -0.541016 0.148438 1310161173.123750
1.977539 -1.133789 -0.005859 1310161173.147750
1.971680 -1.267578 -0.226562 1310161173.191752
1.981445 -0.876953 0.330078 1310161173.215750
1.974609 -1.684570 0.277344 1310161173.261777
1.979492 -1.278320 1.374023 1310161173.282779
1.970703 -1.982422 1.982422 1310161173.326779
1.566406 -1.981445 1.983398 1310161173.347776
0.540039 -1.981445 1.983398 1310161173.370778
0.997070 -1.979492 1.228516 1310161173.426778
1.564453 -1.504883 0.923828 1310161173.448818
1.772461 -1.478516 0.655273 1310161173.471786
1.920898 -1.352539 0.414062 1310161173.512779
1.974609 -1.532227 0.222656 1310161173.534788
1.971680 -1.526367 0.133789 1310161173.578785
1.934570 -1.327148 0.147461 1310161173.599786
1.694336 -1.108398 0.136719 1310161173.634794
1.170898 -1.263672 0.012695 1310161173.672785
1.307617 -1.418945 0.179688 1310161173.698786
1.070312 -0.823242 0.178711 1310161173.742780
0.820312 -0.823242 0.178711 1310161173.781794
0.646484 -0.492188 -0.040039 1310161173.806790
0.304688 -0.378906 -0.003906 1310161173.829789
0.362305 -0.006836 -0.083008 1310161173.864797
0.130859 0.210938 -0.134766 1310161173.906804
0.079102 0.275391 -0.217773 1310161173.928777
0.037109 0.462891 -0.177734 1310161173.974792
-0.264648 1.059570 -0.387695 1310161173.992766
-0.051758 0.566406 -0.333008 1310161174.016797
0.077148 1.805664 -0.438477 1310161174.057767
-0.086914 1.984375 -0.440430 1310161174.101746
0.262695 1.450195 -0.368164 1310161174.124768
0.109375 1.514648 -0.449219 1310161174.167796
0.184570 1.089844 -0.449219 1310161174.189794
0.177734 1.013672 -0.308594 1310161174.229794
0.183594 0.556641 -0.268555 1310161174.283799
0.079102 0.289062 -0.304688 1310161174.299796
0.043945 0.023438 -0.230469 1310161174.302797
0.208008 -0.153320 -0.194336 1310161174.353798
0.231445 -0.336914 -0.153320 1310161174.377802
0.416992 -0.496094 -0.094727 1310161174.413798
0.797852 -0.580078 -0.067383 1310161174.436796
0.755859 -0.706055 -0.118164 1310161174.479805
1.597656 -0.706055 -0.118164 1310161174.502802
1.935547 -1.263672 0.225586 1310161174.548803
1.452148 -1.684570 0.042969 1310161174.572805
1.678711 -1.456055 0.183594 1310161174.621804
1.329102 -1.570312 0.135742 1310161174.645804
1.522461 -1.024414 0.151367 1310161174.666800
1.741211 -1.024414 0.151367 1310161174.688802
1.741211 -1.024414 0.151367 1310161174.732804
1.582031 -1.597656 0.593750 1310161174.777807
1.290039 -0.808594 0.522461 1310161174.798808
1.408203 -0.829102 0.783203 1310161174.844808
1.138672 -1.982422 1.983398 1310161174.846804
1.194336 -0.539062 1.317383 1310161174.902803
