0.918945 -0.431641 0.176758 1310582324.921996
0.857422 -0.390625 0.164062 1310582324.944044
0.799805 -0.367188 0.117188 1310582324.968010
0.850586 -0.403320 0.048828 1310582325.059040
0.815430 -0.463867 0.002930 1310582325.102929
0.876953 -0.548828 0.082031 1310582325.113915
0.877930 -0.492188 0.144531 1310582325.114910
0.804688 -0.445312 0.101562 1310582325.152933
0.804688 -0.445312 0.101562 1310582325.153938
0.842773 -0.368164 0.062500 1310582325.237955
0.847656 -0.382812 0.061523 1310582325.238951
0.816406 -0.443359 0.093750 1310582325.299998
0.863281 -0.459961 0.177734 1310582325.323956
0.901367 -0.481445 0.177734 1310582325.328033
0.932617 -0.455078 0.155273 1310582325.371979
0.956055 -0.433594 0.154297 1310582325.416045
0.929688 -0.413086 0.194336 1310582325.437920
0.867188 -0.484375 0.221680 1310582325.459938
0.838867 -0.487305 0.249023 1310582325.484933
0.869141 -0.494141 0.237305 1310582325.521924
0.880859 -0.456055 0.206055 1310582325.569946
0.885742 -0.454102 0.204102 1310582325.595003
0.922852 -0.417969 0.187500 1310582325.623990
0.885742 -0.394531 0.160156 1310582325.648921
0.913086 -0.391602 0.128906 1310582325.690946
0.919922 -0.385742 0.124023 1310582325.717966
0.919922 -0.385742 0.124023 1310582325.742235
0.898438 -0.451172 0.127930 1310582325.808933
0.900391 -0.444336 0.177734 1310582325.824987
0.882812 -0.411133 0.148438 1310582325.856041
0.796875 -0.341797 0.077148 1310582325.879060
0.785156 -0.341797 0.077148 1310582325.923028
0.798828 -0.416016 0.080078 1310582325.946054
0.795898 -0.456055 0.126953 1310582325.978062
0.943359 -0.491211 0.141602 1310582326.064981
0.943359 -0.506836 0.120117 1310582326.084057
1.086914 -0.483398 0.208008 1310582326.085044
0.836914 -0.483398 0.208008 1310582326.107064
0.912109 -0.367188 0.026367 1310582326.139932
0.915039 -0.386719 -0.003906 1310582326.165937
0.898438 -0.501953 -0.024414 1310582326.216056
0.884766 -0.579102 0.088867 1310582326.250035
0.887695 -0.530273 0.159180 1310582326.261001
0.852539 -0.531250 0.188477 1310582326.285005
0.864258 -0.533203 0.155273 1310582326.348992
0.928711 -0.452148 0.045898 1310582326.390987
0.949219 -0.400391 0.022461 1310582326.392959
0.936523 -0.480469 0.007812 1310582326.457939
0.927734 -0.611328 0.100586 1310582326.458934
0.927734 -0.611328 0.100586 1310582326.479952
0.842773 -0.514648 0.120117 1310582326.547955
0.846680 -0.605469 0.145508 1310582326.574014
0.897461 -0.462891 0.130859 1310582326.596012
0.919922 -0.449219 0.081055 1310582326.645963
0.939453 -0.418945 0.078125 1310582326.647939
0.909180 -0.375000 0.081055 1310582326.690966
0.896484 -0.363281 0.106445 1310582326.735135
0.840820 -0.366211 0.073242 1310582326.755970
0.848633 -0.391602 0.086914 1310582326.819069
0.851562 -0.399414 0.148438 1310582326.821032
0.892578 -0.392578 0.148438 1310582326.837041
0.917969 -0.415039 0.050781 1310582326.896078
0.914062 -0.438477 0.034180 1310582326.919069
0.889648 -0.408203 0.070312 1310582326.961025
0.811523 -0.435547 0.085938 1310582326.983053
0.822266 -0.446289 0.135742 1310582327.005076
0.955078 -0.455078 0.183594 1310582327.027980
0.910156 -0.457031 0.133789 1310582327.072965
0.943359 -0.457031 0.133789 1310582327.093987
0.916992 -0.436523 0.056641 1310582327.138083
0.845703 -0.409180 0.093750 1310582327.183081
0.843750 -0.414062 0.081055 1310582327.203055
0.843750 -0.414062 0.081055 1310582327.225081
0.911133 -0.613281 0.116211 1310582327.268079
0.903320 -0.572266 0.126953 1310582327.334019
0.961914 -0.477539 0.075195 1310582327.335081
0.963867 -0.411133 0.079102 1310582327.354983
0.951172 -0.402344 0.016602 1310582327.398954
0.829102 -0.470703 0.026367 1310582327.442974
0.842773 -0.486328 0.048828 1310582327.467960
0.853516 -0.519531 0.096680 1310582327.488977
0.896484 -0.568359 0.122070 1310582327.533093
0.878906 -0.524414 0.128906 1310582327.553964
0.867188 -0.496094 0.130859 1310582327.597240
0.833008 -0.453125 0.130859 1310582327.622983
0.900391 -0.446289 0.096680 1310582327.646103
0.930664 -0.426758 0.103516 1310582327.690962
0.925781 -0.483398 0.108398 1310582327.712981
0.963867 -0.409180 0.101562 1310582327.756042
0.904297 -0.454102 0.122070 1310582327.779034
0.904297 -0.454102 0.122070 1310582327.803069
0.858398 -0.447266 0.138672 1310582327.850026
0.905273 -0.449219 0.117188 1310582327.871020
0.940430 -0.451172 0.104492 1310582327.918008
0.904297 -0.422852 0.127930 1310582327.939023
0.898438 -0.422852 0.127930 1310582327.962037
0.898438 -0.422852 0.127930 1310582328.003966
0.820312 -0.410156 0.090820 1310582328.049002
0.862305 -0.454102 0.097656 1310582328.071055
0.859375 -0.496094 0.102539 1310582328.114060
0.846680 -0.508789 0.118164 1310582328.136033
0.856445 -0.258789 0.118164 1310582328.159062
0.879883 -0.464844 0.124023 1310582328.200107
0.886719 -0.462891 0.097656 1310582328.234004
0.903320 -0.465820 0.153320 1310582328.278058
0.886719 -0.429688 0.095703 1310582328.299019
0.888672 -0.482422 0.122070 1310582328.326024
0.887695 -0.498047 0.098633 1310582328.357971
0.896484 -0.486328 0.123047 1310582328.389002
0.902344 -0.451172 0.101562 1310582328.433984
0.881836 -0.455078 0.100586 1310582328.455006
0.913086 -0.452148 0.089844 1310582328.497981
0.907227 -0.464844 0.067383 1310582328.519072
0.919922 -0.442383 0.061523 1310582328.584981
0.947266 -0.496094 0.057617 1310582328.623034
0.901367 -0.509766 0.105469 1310582328.624028
0.886719 -0.507812 0.073242 1310582328.644002
0.868164 -0.527344 0.106445 1310582328.686003
0.878906 -0.487305 0.166016 1310582328.708003
0.866211 -0.464844 0.152344 1310582328.754049
0.917969 -0.480469 0.127930 1310582328.799101
0.862305 -0.477539 0.079102 1310582328.820123
0.875000 -0.492188 0.138672 1310582328.842503
0.893555 -0.482422 0.120117 1310582328.866114
0.903320 -0.472656 0.120117 1310582328.911055
0.918945 -0.484375 0.139648 1310582328.935130
0.910156 -0.491211 0.116211 1310582328.970987
0.953125 -0.477539 0.121094 1310582329.016040
0.930664 -0.453125 0.087891 1310582329.039092
0.916992 -0.433594 0.112305 1310582329.061087
0.875000 -0.465820 0.126953 1310582329.086112
0.837891 -0.416016 0.086914 1310582329.152022
0.859375 -0.441406 0.068359 1310582329.174106
0.821289 -0.426758 0.073242 1310582329.219122
0.838867 -0.490234 0.084961 1310582329.248071
0.837891 -0.430664 0.112305 1310582329.275051
0.837891 -0.430664 0.112305 1310582329.298012
0.844727 -0.457031 0.102539 1310582329.320996
0.855469 -0.451172 0.088867 1310582329.371057
0.877930 -0.460938 0.099609 1310582329.403130
0.910156 -0.507812 0.114258 1310582329.424018
0.932617 -0.492188 0.148438 1310582329.446017
0.921875 -0.454102 0.146484 1310582329.496020
0.933594 -0.459961 0.100586 1310582329.519003
0.912109 -0.469727 0.114258 1310582329.563028
0.876953 -0.513672 0.140625 1310582329.596013
0.905273 -0.498047 0.116211 1310582329.619013
0.861328 -0.534180 0.064453 1310582329.650024
0.908203 -0.576172 0.119141 1310582329.671015
0.908203 -0.576172 0.119141 1310582329.715063
0.933594 -0.462891 0.058594 1310582329.761089
0.893555 -0.405273 0.070312 1310582329.783125
0.899414 -0.456055 0.096680 1310582329.805127
0.860352 -0.476562 0.092773 1310582329.829134
0.815430 -0.507812 0.075195 1310582329.910037
0.875000 -0.527344 0.110352 1310582329.911048
0.811523 -0.476562 0.116211 1310582329.953017
0.793945 -0.468750 0.087891 1310582329.978005
0.900391 -0.499023 0.091797 1310582330.023145
0.905273 -0.499023 0.091797 1310582330.045097
0.905273 -0.499023 0.091797 1310582330.069128
0.920898 -0.422852 0.110352 1310582330.094135
0.955078 -0.467773 0.121094 1310582330.140153
0.928711 -0.438477 0.121094 1310582330.163148
0.892578 -0.440430 0.127930 1310582330.189070
0.861328 -0.435547 0.127930 1310582330.232110
0.851562 -0.485352 0.108398 1310582330.275017
0.863281 -0.456055 0.094727 1310582330.298040
0.877930 -0.466797 0.109375 1310582330.340005
0.886719 -0.404297 0.079102 1310582330.361042
0.893555 -0.431641 0.091797 1310582330.383041
0.881836 -0.485352 0.089844 1310582330.426060
0.872070 -0.470703 0.130859 1310582330.469020
0.901367 -0.430664 0.131836 1310582330.491038
0.883789 -0.468750 0.112305 1310582330.535066
0.897461 -0.446289 0.077148 1310582330.546045
0.874023 -0.476562 0.084961 1310582330.591012
0.852539 -0.461914 0.075195 1310582330.614113
0.834961 -0.471680 0.072266 1310582330.659147
0.889648 -0.520508 0.083008 1310582330.681082
0.930664 -0.552734 0.126953 1310582330.705157
0.940430 -0.529297 0.101562 1310582330.749163
0.934570 -0.498047 0.110352 1310582330.778138
1.010742 -0.516602 0.113281 1310582330.802111
0.955078 -0.429688 0.090820 1310582330.844168
0.929688 -0.470703 0.064453 1310582330.886085
0.890625 -0.484375 0.070312 1310582330.909042
0.817383 -0.487305 0.095703 1310582330.931025
0.859375 -0.451172 0.095703 1310582330.977470
0.817383 -0.458008 0.081055 1310582331.008112
0.812500 -0.479492 0.083008 1310582331.030157
0.842773 -0.437500 0.072266 1310582331.076156
0.911133 -0.463867 0.097656 1310582331.099143
0.937500 -0.444336 0.108398 1310582331.124162
1.011719 -0.443359 0.106445 1310582331.204157
0.960938 -0.464844 0.184570 1310582331.206159
0.900391 -0.410156 0.102539 1310582331.229033
0.840820 -0.375977 0.130859 1310582331.271023
0.827148 -0.363281 0.109375 1310582331.298034
0.798828 -0.406250 0.093750 1310582331.319033
