0.890625 -0.397461 -0.023438 1311033129.082529
0.894531 -0.376953 -0.023438 1311033129.106531
0.803711 -0.387695 -0.081055 1311033129.151536
0.861328 -0.336914 -0.104492 1311033129.173536
0.909180 -0.301758 -0.113281 1311033129.197536
0.887695 -0.245117 -0.156250 1311033129.242533
0.864258 -0.255859 -0.166016 1311033129.265536
0.840820 -0.255859 -0.166016 1311033129.287533
0.826172 -0.283203 -0.154297 1311033129.351542
0.802734 -0.270508 -0.188477 1311033129.357540
0.718750 -0.244141 -0.208984 1311033129.385538
0.776367 -0.259766 -0.192383 1311033129.417538
0.748047 -0.355469 -0.141602 1311033129.460545
0.812500 -0.355469 -0.141602 1311033129.482535
0.899414 -0.285156 -0.228516 1311033129.526539
0.984375 -0.425781 -0.187500 1311033129.548541
1.104492 -0.525391 -0.181641 1311033129.597546
0.944336 -0.489258 -0.153320 1311033129.618538
0.935547 -0.701172 -0.156250 1311033129.651548
0.894531 -0.739258 -0.163086 1311033129.672545
0.735352 -0.768555 -0.125977 1311033129.721542
0.830078 -0.731445 0.316406 1311033129.742568
0.629883 -0.888672 0.295898 1311033129.785552
0.530273 -1.276367 -0.110352 1311033129.807548
0.736328 -1.005859 0.114258 1311033129.832519
0.643555 -0.922852 -0.046875 1311033129.881548
0.735352 -1.227539 0.089844 1311033129.925550
0.576172 -1.066406 0.157227 1311033129.947553
0.500977 -1.061523 0.213867 1311033129.970543
0.518555 -1.031250 0.271484 1311033130.015552
0.495117 -0.915039 0.301758 1311033130.036620
0.510742 -0.936523 0.301758 1311033130.059561
0.482422 -0.988281 0.421875 1311033130.138576
0.429688 -0.901367 0.441406 1311033130.140548
0.548828 -0.893555 0.400391 1311033130.157558
0.509766 -0.704102 0.426758 1311033130.198562
0.479492 -0.704102 0.426758 1311033130.219701
0.494141 -0.538086 0.426758 1311033130.265506
0.538086 -0.605469 0.523438 1311033130.308533
0.569336 -0.638672 0.542969 1311033130.330546
0.570312 -0.535156 0.588867 1311033130.373563
0.490234 -0.546875 0.612305 1311033130.397560
0.489258 -0.590820 0.594727 1311033130.420558
0.507812 -0.515625 0.625977 1311033130.465556
0.469727 -0.481445 0.595703 1311033130.485554
0.481445 -0.439453 0.588867 1311033130.528555
0.541992 -0.435547 0.581055 1311033130.551566
0.556641 -0.497070 0.556641 1311033130.601568
0.565430 -0.434570 0.539062 1311033130.625560
0.549805 -0.413086 0.557617 1311033130.647568
0.563477 -0.428711 0.583984 1311033130.691561
0.615234 -0.457031 0.646484 1311033130.735566
0.564453 -0.366211 0.542969 1311033130.758572
0.597656 -0.375000 0.512695 1311033130.780565
0.642578 -0.425781 0.524414 1311033130.803567
0.610352 -0.444336 0.500977 1311033130.848573
0.578125 -0.450195 0.553711 1311033130.871561
0.578125 -0.431641 0.544922 1311033130.918559
0.548828 -0.446289 0.595703 1311033130.951566
0.603516 -0.467773 0.580078 1311033130.960571
0.579102 -0.476562 0.588867 1311033131.008569
0.560547 -0.487305 0.608398 1311033131.051555
0.582031 -0.454102 0.584961 1311033131.072581
0.582031 -0.523438 0.556641 1311033131.116571
0.577148 -0.475586 0.572266 1311033131.138534
0.604492 -0.428711 0.527344 1311033131.161582
0.579102 -0.398438 0.553711 1311033131.208572
