0.927734 -0.274414 0.101562 1310512315.265364
0.920898 -0.316406 0.081055 1310512315.310366
0.930664 -0.325195 0.128906 1310512315.333382
0.945312 -0.295898 0.107422 1310512315.385391
0.963867 -0.294922 0.065430 1310512315.386390
0.901367 -0.275391 0.045898 1310512315.433369
0.928711 -0.265625 0.090820 1310512315.455375
0.906250 -0.316406 0.081055 1310512315.498449
0.919922 -0.312500 0.083008 1310512315.519447
0.932617 -0.275391 0.082031 1310512315.555440
0.933594 -0.257812 0.104492 1310512315.602375
0.972656 -0.271484 0.101562 1310512315.623447
0.928711 -0.282227 0.056641 1310512315.647384
0.901367 -0.289062 0.061523 1310512315.688417
0.903320 -0.284180 0.049805 1310512315.710381
0.901367 -0.235352 0.050781 1310512315.762454
0.864258 -0.239258 0.026367 1310512315.787380
0.879883 -0.233398 -0.007812 1310512315.811478
0.813477 -0.230469 -0.000977 1310512315.844449
0.741211 -0.216797 -0.069336 1310512315.874392
0.722656 -0.199219 -0.070312 1310512315.918373
0.734375 -0.202148 -0.120117 1310512315.940410
0.806641 -0.204102 -0.146484 1310512315.984524
0.927734 -0.204102 -0.146484 1310512316.007435
0.911133 -0.199219 -0.140625 1310512316.051395
0.990234 -0.232422 -0.103516 1310512316.074378
0.972656 -0.220703 -0.106445 1310512316.096473
0.945312 -0.277344 -0.140625 1310512316.140412
1.026367 -0.398438 -0.083008 1310512316.163406
1.026367 -0.398438 -0.083008 1310512316.205510
1.001953 -0.077148 0.028320 1310512316.243473
0.983398 -0.291992 -0.026367 1310512316.266412
1.040039 -0.375977 -0.023438 1310512316.289441
1.029297 -0.300781 0.047852 1310512316.336415
0.908203 -0.198242 0.130859 1310512316.359375
0.986328 -0.412109 0.208008 1310512316.401478
1.330078 -0.095703 0.839844 1310512316.426422
1.000000 -0.561523 -0.030273 1310512316.453435
0.753906 -0.384766 0.079102 1310512316.495463
0.981445 -0.355469 0.267578 1310512316.518492
0.847656 -0.373047 0.208984 1310512316.561391
0.912109 -0.367188 0.309570 1310512316.584481
0.903320 -0.490234 0.378906 1310512316.628431
0.899414 -0.619141 0.395508 1310512316.695374
0.877930 -0.677734 0.424805 1310512316.696433
0.831055 -0.647461 0.385742 1310512316.716403
0.698242 -0.540039 0.388672 1310512316.739432
0.679688 -0.380859 0.383789 1310512316.796426
0.681641 -0.349609 0.402344 1310512316.818447
0.652344 -0.315430 0.443359 1310512316.860542
0.639648 -0.270508 0.404297 1310512316.883428
0.652344 -0.308594 0.446289 1310512316.905486
0.724609 -0.372070 0.374023 1310512316.928408
0.757812 -0.475586 0.382812 1310512316.980437
0.760742 -0.558594 0.388672 1310512317.001487
0.764648 -0.611328 0.400391 1310512317.044482
0.742188 -0.537109 0.401367 1310512317.088403
0.698242 -0.472656 0.391602 1310512317.112479
0.698242 -0.472656 0.391602 1310512317.133452
0.615234 -0.518555 0.341797 1310512317.175464
0.639648 -0.474609 0.375000 1310512317.198498
0.644531 -0.511719 0.401367 1310512317.243448
0.629883 -0.538086 0.468750 1310512317.266462
0.652344 -0.579102 0.466797 1310512317.296493
0.688477 -0.590820 0.466797 1310512317.318435
0.718750 -0.617188 0.421875 1310512317.374429
0.736328 -0.550781 0.472656 1310512317.395496
0.747070 -0.602539 0.424805 1310512317.418408
0.753906 -0.683594 0.296875 1310512317.461459
0.728516 -0.677734 0.233398 1310512317.486472
0.775391 -0.599609 0.223633 1310512317.541453
0.747070 -0.603516 0.217773 1310512317.566424
0.750000 -0.686523 0.168945 1310512317.610432
0.735352 -0.636719 0.196289 1310512317.629455
0.721680 -0.654297 0.282227 1310512317.665474
0.546875 -0.712891 0.392578 1310512317.671499
0.752930 -0.789062 0.314453 1310512317.710431
0.762695 -0.714844 0.302734 1310512317.759503
0.744141 -0.630859 0.276367 1310512317.779425
0.734375 -0.636719 0.217773 1310512317.831446
0.735352 -0.564453 0.227539 1310512317.879457
0.719727 -0.530273 0.287109 1310512317.881525
0.753906 -0.618164 0.291016 1310512317.904420
0.742188 -0.627930 0.305664 1310512317.981528
0.765625 -0.647461 0.273438 1310512317.983414
0.714844 -0.667969 0.281250 1310512318.025479
0.751953 -0.607422 0.248047 1310512318.040418
0.759766 -0.574219 0.220703 1310512318.067459
0.769531 -0.651367 0.264648 1310512318.111502
0.768555 -0.613281 0.267578 1310512318.134501
0.751953 -0.604492 0.276367 1310512318.174437
0.737305 -0.621094 0.272461 1310512318.195419
0.754883 -0.587891 0.254883 1310512318.238513
0.754883 -0.587891 0.254883 1310512318.259450
0.798828 -0.615234 0.241211 1310512318.295433
0.784180 -0.614258 0.275391 1310512318.323515
