0.928711 -0.517578 0.080078 1310076942.502270
0.874023 -0.456055 0.136719 1310076942.544274
0.971680 -0.381836 0.145508 1310076942.565270
1.007812 -0.381836 0.145508 1310076942.588275
1.007812 -0.381836 0.145508 1310076942.630248
1.067383 -0.686523 0.206055 1310076942.660272
1.040039 -0.498047 0.310547 1310076942.704274
1.040039 -0.498047 0.310547 1310076942.725270
1.046875 -0.964844 0.371094 1310076942.760281
1.027344 -0.876953 0.538086 1310076942.802280
0.828125 -1.115234 0.528320 1310076942.833282
0.632812 -0.872070 0.519531 1310076942.854281
0.497070 -1.038086 0.445312 1310076942.879273
0.407227 -0.916016 0.385742 1310076942.925281
0.189453 -0.719727 0.302734 1310076942.965282
0.115234 -0.636719 0.199219 1310076942.989278
-0.031250 -0.621094 0.152344 1310076943.027287
-0.127930 -0.507812 0.100586 1310076943.098280
-0.170898 -0.582031 0.173828 1310076943.100254
-0.103516 -0.590820 0.272461 1310076943.123279
-0.179688 -0.577148 0.258789 1310076943.167285
-0.207031 -0.621094 0.355469 1310076943.190269
-0.271484 -0.540039 0.466797 1310076943.213288
-0.330078 -0.678711 0.548828 1310076943.243284
-0.423828 -0.664062 0.547852 1310076943.290290
-0.423828 -0.664062 0.547852 1310076943.295284
-0.430664 -0.634766 0.540039 1310076943.339289
-0.426758 -0.666016 0.512695 1310076943.382288
-0.461914 -0.628906 0.485352 1310076943.404288
-0.490234 -0.677734 0.487305 1310076943.429290
-0.425781 -0.927734 0.487305 1310076943.457297
-0.425781 -0.927734 0.487305 1310076943.499289
-0.287109 -0.806641 0.497070 1310076943.543315
-0.290039 -0.766602 0.486328 1310076943.568271
-0.330078 -0.816406 0.457031 1310076943.597295
-0.391602 -0.800781 0.424805 1310076943.629295
-0.469727 -0.755859 0.345703 1310076943.652296
-0.613281 -0.746094 0.297852 1310076943.694301
-0.565430 -0.797852 0.334961 1310076943.715353
-0.523438 -0.668945 0.375000 1310076943.759308
-0.488281 -0.695312 0.375000 1310076943.790279
-0.441406 -0.825195 0.526367 1310076943.834297
-0.217773 -0.713867 0.526367 1310076943.857302
-0.211914 -0.490234 0.526367 1310076943.883301
-0.514648 -0.553711 0.468750 1310076943.937271
-0.704102 -0.692383 0.475586 1310076943.962309
-0.594727 -0.867188 0.485352 1310076943.994296
-0.565430 -0.861328 0.421875 1310076944.017296
-0.518555 -0.753906 0.404297 1310076944.039302
-0.435547 -0.784180 0.471680 1310076944.085319
-0.473633 -0.802734 0.516602 1310076944.118312
-0.493164 -0.749023 0.552734 1310076944.160304
-0.569336 -0.748047 0.479492 1310076944.182303
-0.530273 -0.758789 0.462891 1310076944.203298
-0.532227 -0.750000 0.478516 1310076944.247307
-0.501953 -0.700195 0.403320 1310076944.269308
-0.523438 -0.656250 0.337891 1310076944.344313
-0.485352 -0.716797 0.335938 1310076944.372311
-0.497070 -0.656250 0.326172 1310076944.392306
-0.525391 -0.576172 0.326172 1310076944.393303
-0.530273 -0.592773 0.326172 1310076944.440309
-0.470703 -0.714844 0.432617 1310076944.485313
-0.534180 -0.655273 0.559570 1310076944.519306
-0.708008 -0.580078 0.638672 1310076944.578323
-0.973633 -0.550781 0.696289 1310076944.584296
-1.253906 -0.304688 0.696289 1310076944.607303
-1.982422 0.041992 0.574219 1310076944.628294
-1.979492 0.428711 0.232422 1310076944.670309
-1.979492 1.015625 0.142578 1310076944.692304
-1.748047 0.217773 -0.135742 1310076944.740306
0.143555 -0.017578 -0.060547 1310076944.764324
0.143555 -0.017578 -0.060547 1310076944.786287
1.985352 -0.457031 0.161133 1310076944.832325
-0.360352 -0.196289 -1.062500 1310076944.853322
1.080078 1.326172 0.827148 1310076944.879327
-0.232422 -0.505859 0.524414 1310076944.925331
-0.445312 0.937500 0.529297 1310076944.947320
-0.247070 0.292969 0.499023 1310076944.997340
0.098633 -0.006836 0.805664 1310076945.018320
0.435547 0.375000 0.845703 1310076945.043352
0.829102 0.128906 0.701172 1310076945.088322
0.797852 -0.064453 0.735352 1310076945.112518
0.791016 -0.486328 0.622070 1310076945.136323
0.647461 -0.435547 0.538086 1310076945.178318
0.017578 -0.431641 0.477539 1310076945.223331
-0.304688 -0.793945 0.265625 1310076945.244326
-0.677734 -0.855469 0.424805 1310076945.302324
-1.087891 -0.492188 0.512695 1310076945.303323
-1.343750 -0.214844 0.532227 1310076945.348326
-1.397461 -0.122070 0.201172 1310076945.373331
-0.814453 -0.429688 1.160156 1310076945.399331
-0.929688 -0.647461 1.155273 1310076945.442332
-0.677734 -0.817383 0.958984 1310076945.464312
-0.400391 -1.349609 0.933594 1310076945.530312
-0.415039 -0.849609 0.933594 1310076945.532334
-0.276367 -0.888672 0.363281 1310076945.577339
-0.128906 -0.902344 0.377930 1310076945.650331
-0.067383 -0.853516 0.182617 1310076945.670301
-0.136719 -0.952148 0.141602 1310076945.672337
-0.225586 -0.992188 0.168945 1310076945.693335
-0.425781 -1.242188 0.168945 1310076945.714333
-0.524414 -1.032227 0.115234 1310076945.762338
-0.405273 -0.929688 0.289062 1310076945.788338
-0.261719 -1.009766 0.621094 1310076945.830316
-0.018555 -0.995117 0.764648 1310076945.865339
-0.062500 -0.741211 0.495117 1310076945.909337
-0.528320 -0.861328 0.129883 1310076945.934338
-0.613281 -0.933594 0.144531 1310076945.957341
-0.400391 -0.995117 0.444336 1310076945.979360
-0.301758 -1.068359 0.451172 1310076946.024317
-0.275391 -0.967773 0.283203 1310076946.049316
-0.261719 -0.941406 0.288086 1310076946.079349
-0.011719 -0.941406 0.288086 1310076946.122373
-0.011719 -0.941406 0.288086 1310076946.144342
-0.270508 -0.987305 0.346680 1310076946.172342
-0.317383 -0.982422 0.326172 1310076946.215366
-0.332031 -1.034180 0.319336 1310076946.238344
-0.309570 -0.992188 0.314453 1310076946.283356
-0.328125 -0.992188 0.293945 1310076946.310323
-0.276367 -0.990234 0.303711 1310076946.334345
-0.307617 -0.941406 0.287109 1310076946.384352
-0.258789 -0.943359 0.310547 1310076946.407356
-0.257812 -0.972656 0.372070 1310076946.442347
-0.367188 -0.804688 0.372070 1310076946.463356
-0.456055 -0.881836 0.657227 1310076946.507381
-0.657227 -0.966797 0.809570 1310076946.532372
-0.957031 -0.829102 0.729492 1310076946.582355
-1.197266 -0.694336 0.504883 1310076946.603351
-1.338867 -0.162109 0.356445 1310076946.625344
-1.981445 0.402344 -0.199219 1310076946.647352
-1.978516 0.838867 -0.376953 1310076946.712363
-1.980469 0.563477 -0.606445 1310076946.735343
-0.371094 -0.089844 -0.347656 1310076946.758354
1.981445 -0.021484 0.495117 1310076946.783330
1.973633 -1.225586 -0.017578 1310076946.812361
1.973633 -1.225586 -0.017578 1310076946.854370
0.949219 0.457031 0.385742 1310076946.950346
-0.031250 0.531250 0.357422 1310076946.952350
-0.330078 -0.139648 0.575195 1310076946.954326
-0.073242 0.161133 0.591797 1310076946.988359
0.091797 0.002930 0.789062 1310076947.009350
0.281250 -0.044922 0.842773 1310076947.053349
0.537109 0.010742 0.724609 1310076947.074366
0.853516 -0.110352 0.575195 1310076947.119388
0.729492 -0.441406 0.583984 1310076947.147349
0.728516 -0.367188 0.673828 1310076947.173356
0.510742 -0.276367 0.517578 1310076947.218350
-0.117188 -0.931641 0.267578 1310076947.240358
-0.117188 -0.931641 0.267578 1310076947.262403
-0.967773 -0.281250 0.451172 1310076947.308359
-1.245117 -0.209961 0.404297 1310076947.330370
-1.163086 -0.232422 0.772461 1310076947.377362
-1.325195 -0.115234 0.749023 1310076947.399370
-0.825195 -0.115234 0.749023 1310076947.420367
-0.457031 -1.398438 1.149414 1310076947.468358
-0.733398 -1.141602 0.807617 1310076947.510354
-0.652344 -0.898438 0.565430 1310076947.532374
-0.449219 -0.962891 0.418945 1310076947.558356
-0.441406 -0.962891 0.418945 1310076947.580377
-0.312500 -0.933594 0.194336 1310076947.628359
-0.232422 -0.933594 0.178711 1310076947.652350
-0.304688 -0.825195 0.113281 1310076947.684363
-0.420898 -0.838867 0.115234 1310076947.729367
-0.408203 -0.816406 0.274414 1310076947.750386
-0.394531 -0.983398 0.274414 1310076947.796372
-0.522461 -0.886719 0.399414 1310076947.819396
-0.144531 -0.905273 0.635742 1310076947.862381
0.046875 -0.435547 0.656250 1310076947.885373
-0.404297 -0.849609 0.424805 1310076947.932382
-0.718750 -0.984375 0.290039 1310076947.954395
-0.567383 -1.047852 0.367188 1310076947.985374
-0.436523 -1.007812 0.345703 1310076948.035387
-0.342773 -0.896484 0.411133 1310076948.058413
-0.333984 -0.890625 0.404297 1310076948.082403
-0.326172 -0.791992 0.313477 1310076948.104352
-0.397461 -0.819336 0.310547 1310076948.157340
-0.368164 -0.965820 0.282227 1310076948.208378
-0.325195 -0.980469 0.362305 1310076948.234389
-0.293945 -0.949219 0.395508 1310076948.237376
-0.288086 -1.001953 0.343750 1310076948.280383
-0.332031 -0.874023 0.349609 1310076948.307386
-0.349609 -0.886719 0.333008 1310076948.337387
-0.347656 -0.946289 0.264648 1310076948.390365
-0.356445 -0.887695 0.331055 1310076948.414388
-0.376953 -0.907227 0.471680 1310076948.437408
-0.474609 -0.960938 0.595703 1310076948.460390
-0.647461 -0.731445 0.622070 1310076948.488390
-0.847656 -0.634766 0.622070 1310076948.516397
-0.997070 -0.547852 0.546875 1310076948.559387
-1.082031 -0.433594 0.694336 1310076948.604360
-1.515625 0.033203 0.429688 1310076948.627395
-1.979492 0.468750 0.296875 1310076948.650393
-1.981445 0.400391 0.243164 1310076948.692394
-1.977539 0.355469 -0.534180 1310076948.727399
-0.608398 0.014648 0.006836 1310076948.762394
1.531250 -0.310547 0.244141 1310076948.789395
1.982422 0.454102 -0.051758 1310076948.837394
1.635742 -1.507812 -1.250977 1310076948.859397
1.679688 1.269531 0.768555 1310076948.881392
1.679688 1.269531 0.768555 1310076948.903406
-0.070312 1.269531 0.768555 1310076948.949403
0.099609 0.345703 0.638672 1310076948.982401
0.291992 -0.230469 0.619141 1310076949.005380
0.408203 0.297852 0.826172 1310076949.067401
0.506836 -0.008789 0.707031 1310076949.078398
0.344727 -0.177734 0.678711 1310076949.105400
0.463867 -0.347656 0.706055 1310076949.150466
0.260742 -0.595703 0.552734 1310076949.173405
-0.246094 -0.506836 0.496094 1310076949.201422
-0.332031 -0.524414 0.413086 1310076949.244403
-0.732422 -0.742188 0.323242 1310076949.266406
-0.697266 -0.754883 0.425781 1310076949.303405
-0.935547 -0.416016 0.418945 1310076949.375404
-0.951172 -0.614258 0.421875 1310076949.378404
-0.855469 -0.742188 0.795898 1310076949.399446
-0.831055 -0.919922 0.815430 1310076949.421402
-0.647461 -0.590820 0.916992 1310076949.523419
-0.406250 -1.608398 0.966797 1310076949.524410
-0.418945 -1.443359 0.807617 1310076949.544412
-0.444336 -0.957031 0.352539 1310076949.566400
-0.272461 -1.142578 0.177734 1310076949.590399
-0.183594 -1.005859 0.055664 1310076949.643389
-0.164062 -0.755859 0.055664 1310076949.657414
-0.207031 -1.003906 0.091797 1310076949.684409
-0.254883 -1.015625 0.152344 1310076949.730433
-0.357422 -0.936523 0.123047 1310076949.759417
-0.355469 -0.930664 0.212891 1310076949.781413
-0.438477 -0.923828 0.240234 1310076949.824416
-0.144531 -0.949219 0.490234 1310076949.846416
0.080078 -0.778320 0.523438 1310076949.891436
-0.092773 -0.720703 0.472656 1310076949.914427
-0.706055 -1.085938 0.106445 1310076949.940416
-0.595703 -1.084961 0.280273 1310076949.975431
-0.322266 -1.066406 0.472656 1310076950.020429
-0.251953 -0.950195 0.466797 1310076950.041416
-0.298828 -0.891602 0.260742 1310076950.085419
-0.344727 -0.954102 0.208008 1310076950.106417
-0.336914 -0.949219 0.234375 1310076950.150407
-0.281250 -0.908203 0.292969 1310076950.176417
-0.264648 -0.943359 0.304688 1310076950.198451
-0.288086 -0.999023 0.338867 1310076950.264420
-0.295898 -1.008789 0.333008 1310076950.274427
-0.275391 -1.017578 0.318359 1310076950.299405
-0.250000 -1.038086 0.293945 1310076950.323430
-0.258789 -1.005859 0.292969 1310076950.363438
-0.240234 -0.928711 0.318359 1310076950.402424
-0.275391 -0.990234 0.281250 1310076950.447432
-0.290039 -0.860352 0.341797 1310076950.469427
-0.334961 -0.861328 0.528320 1310076950.493430
-0.715820 -0.781250 0.678711 1310076950.539491
-0.911133 -0.574219 0.979492 1310076950.564432
-1.123047 -0.633789 0.979492 1310076950.586439
-1.348633 -0.503906 0.625977 1310076950.626443
-1.859375 0.391602 0.413086 1310076950.670429
-1.980469 0.206055 0.401367 1310076950.693435
-1.980469 -0.203125 0.057617 1310076950.801432
-1.090820 0.083008 0.050781 1310076950.819428
1.020508 -0.480469 0.724609 1310076950.820428
1.984375 0.353516 0.083008 1310076950.838507
1.983398 -0.258789 0.422852 1310076950.860459
-0.115234 0.067383 -0.387695 1310076950.881434
0.934570 0.485352 0.416016 1310076950.904434
-0.097656 0.060547 0.382812 1310076950.946448
-0.097656 0.060547 0.382812 1310076950.969435
0.273438 0.427734 0.660156 1310076951.019437
0.467773 -0.038086 0.670898 1310076951.043440
0.513672 -0.333008 0.798828 1310076951.085435
0.594727 0.070312 0.791992 1310076951.108434
0.325195 -0.201172 0.686523 1310076951.133436
0.032227 -0.602539 0.612305 1310076951.180444
-0.291016 -0.406250 0.627930 1310076951.201414
-0.465820 -0.435547 0.472656 1310076951.246443
-0.657227 -0.457031 0.361328 1310076951.279444
-0.753906 -0.688477 0.474609 1310076951.303440
-0.839844 -0.725586 0.279297 1310076951.328447
-0.984375 -1.026367 0.217773 1310076951.371445
-0.856445 -1.151367 0.689453 1310076951.399449
-0.855469 -0.866211 0.588867 1310076951.433445
-0.640625 -1.042969 0.651367 1310076951.478450
-0.558594 -0.533203 0.921875 1310076951.504461
-0.282227 -1.600586 0.844727 1310076951.526608
-0.325195 -1.600586 0.844727 1310076951.543427
-0.217773 -1.161133 0.208984 1310076951.599450
-0.099609 -0.976562 0.080078 1310076951.656455
-0.070312 -1.028320 0.004883 1310076951.709449
-0.157227 -1.011719 -0.009766 1310076951.711464
-0.249023 -1.058594 -0.009766 1310076951.733476
-0.326172 -0.996094 0.057617 1310076951.754449
-0.340820 -1.031250 0.171875 1310076951.794468
-0.223633 -1.157227 0.258789 1310076951.816442
-0.125977 -1.033203 0.299805 1310076951.839430
0.166992 -0.833008 0.424805 1310076951.881458
0.265625 -0.685547 0.424805 1310076951.904451
-0.495117 -0.976562 0.073242 1310076951.950454
-0.612305 -1.197266 0.127930 1310076951.994456
-0.371094 -1.251953 0.350586 1310076952.016451
-0.312500 -1.102539 0.413086 1310076952.069469
-0.271484 -1.058594 0.246094 1310076952.095457
-0.265625 -1.064453 0.148438 1310076952.133457
-0.250977 -0.921875 0.194336 1310076952.153457
-0.240234 -0.976562 0.224609 1310076952.174450
-0.250977 -1.070312 0.260742 1310076952.219454
-0.215820 -1.009766 0.245117 1310076952.239455
-0.241211 -0.992188 0.254883 1310076952.261457
-0.230469 -1.020508 0.234375 1310076952.313471
-0.205078 -1.066406 0.263672 1310076952.339469
-0.231445 -1.067383 0.291992 1310076952.370437
-0.348633 -0.936523 0.308594 1310076952.404486
-0.502930 -1.175781 0.398438 1310076952.430459
-0.670898 -0.506836 0.621094 1310076952.452442
-0.842773 -0.641602 0.746094 1310076952.498469
-0.919922 -0.910156 0.719727 1310076952.531478
-1.023438 -0.656250 0.767578 1310076952.555464
-1.185547 -0.407227 0.746094 1310076952.598657
-1.740234 0.281250 0.467773 1310076952.619468
-1.979492 0.763672 -0.032227 1310076952.642472
-1.981445 0.500000 -0.255859 1310076952.693475
-0.551758 0.083984 0.121094 1310076952.736466
1.145508 -0.265625 0.299805 1310076952.750467
1.981445 0.135742 0.163086 1310076952.800453
1.981445 0.312500 0.475586 1310076952.823457
0.312500 -0.321289 -0.054688 1310076952.844469
0.759766 -0.321289 -0.054688 1310076952.868475
-0.314453 0.394531 0.567383 1310076952.916471
-0.291016 0.488281 0.591797 1310076952.944473
0.239258 0.143555 0.756836 1310076953.010465
0.702148 -0.060547 0.725586 1310076953.033478
0.702148 -0.060547 0.725586 1310076953.041478
0.627930 -0.368164 0.780273 1310076953.066509
0.517578 -0.101562 0.684570 1310076953.101474
0.059570 -0.234375 0.556641 1310076953.144475
-0.300781 -0.620117 0.398438 1310076953.171478
-0.473633 -0.490234 0.567383 1310076953.215475
-0.794922 -0.490234 0.475586 1310076953.238465
-0.952148 -0.654297 0.394531 1310076953.265484
-1.077148 -0.663086 0.387695 1310076953.396485
-1.209961 -0.386719 0.245117 1310076953.413485
-1.008789 -0.379883 0.523438 1310076953.414476
-1.099609 -0.640625 0.580078 1310076953.416478
-0.865234 -0.624023 0.629883 1310076953.439509
-0.682617 -0.908203 0.663086 1310076953.460482
-0.689453 -1.212891 0.702148 1310076953.504484
-0.708984 -1.023438 0.495117 1310076953.526487
-0.539062 -1.020508 0.398438 1310076953.550469
-0.402344 -1.000000 0.322266 1310076953.594493
-0.343750 -0.937500 0.246094 1310076953.618492
-0.263672 -0.841797 0.256836 1310076953.646489
-0.272461 -0.708984 0.203125 1310076953.690467
-0.318359 -0.507812 0.156250 1310076953.713492
-0.308594 -0.378906 0.118164 1310076953.761487
-0.207031 -0.378906 0.118164 1310076953.784491
-0.119141 -0.301758 0.044922 1310076953.820488
0.069336 -0.460938 0.111328 1310076953.845492
0.371094 -0.673828 0.174805 1310076953.893503
0.879883 -1.301758 0.375977 1310076953.915488
0.781250 -0.634766 0.321289 1310076953.938492
1.024414 -0.698242 0.071289 1310076953.961495
1.547852 -1.055664 0.396484 1310076954.011499
1.381836 -0.507812 0.471680 1310076954.056497
1.208008 -0.130859 0.367188 1310076954.079506
1.169922 -0.305664 0.272461 1310076954.100496
1.139648 -0.409180 0.195312 1310076954.144496
1.042969 -0.393555 0.226562 1310076954.166478
0.941406 -0.393555 0.226562 1310076954.188494
0.913086 -0.392578 0.181641 1310076954.231460
0.916992 -0.420898 0.224609 1310076954.279503
0.912109 -0.407227 0.219727 1310076954.300503
0.935547 -0.429688 0.181641 1310076954.325502
