0.906250 -0.485352 -0.213867 1310685009.737224
0.963867 -0.447266 -0.232422 1310685009.763228
0.946289 -0.355469 -0.208984 1310685009.793221
0.958984 -0.419922 -0.176758 1310685009.836223
0.926758 -0.527344 -0.176758 1310685009.861231
0.944336 -0.529297 -0.211914 1310685009.906223
0.908203 -0.490234 -0.214844 1310685009.951233
0.944336 -0.429688 -0.171875 1310685009.952223
0.984375 -0.337891 -0.166992 1310685009.997229
0.981445 -0.219727 -0.134766 1310685010.018227
0.960938 -0.229492 -0.145508 1310685010.065229
0.954102 -0.275391 -0.170898 1310685010.087229
1.000977 -0.233398 -0.209961 1310685010.132230
0.996094 -0.219727 -0.154297 1310685010.158232
0.998047 -0.232422 -0.137695 1310685010.180231
0.963867 -0.285156 -0.165039 1310685010.225238
0.983398 -0.334961 -0.165039 1310685010.249230
0.960938 -0.394531 -0.178711 1310685010.293240
0.955078 -0.394531 -0.155273 1310685010.325235
0.949219 -0.407227 -0.199219 1310685010.355235
0.942383 -0.375000 -0.234375 1310685010.377243
0.873047 -0.291016 -0.264648 1310685010.422232
0.873047 -0.291016 -0.264648 1310685010.446240
0.888672 -0.185547 -0.287109 1310685010.483249
0.885742 -0.167969 -0.299805 1310685010.507236
1.041016 -0.131836 -0.355469 1310685010.550236
1.079102 -0.038086 -0.291992 1310685010.572223
1.058594 0.030273 -0.235352 1310685010.593241
1.013672 -0.027344 -0.175781 1310685010.651241
1.005859 -0.002930 -0.123047 1310685010.676244
0.999023 -0.022461 -0.156250 1310685010.700242
0.939453 -0.070312 -0.191406 1310685010.746242
0.944336 -0.154297 -0.226562 1310685010.768245
0.916992 -0.171875 -0.223633 1310685010.793246
0.787109 -0.169922 -0.244141 1310685010.837243
0.761719 -0.153320 -0.227539 1310685010.860252
0.889648 -0.123047 -0.236328 1310685010.906252
0.868164 -0.078125 -0.160156 1310685010.972247
0.877930 -0.208984 -0.114258 1310685010.973245
0.905273 -0.268555 -0.078125 1310685010.993248
1.052734 -0.180664 -0.129883 1310685011.036249
1.010742 -0.116211 -0.129883 1310685011.061253
0.985352 -0.345703 -0.256836 1310685011.088248
0.984375 -0.030273 -0.308594 1310685011.131235
0.945312 -0.156250 -0.243164 1310685011.176258
1.013672 -0.208984 -0.243164 1310685011.178253
1.047852 -0.140625 -0.201172 1310685011.233255
1.221680 -0.225586 -0.283203 1310685011.257253
1.049805 -0.336914 -0.280273 1310685011.281258
0.790039 -0.203125 -0.517578 1310685011.326258
0.833008 -0.176758 -0.589844 1310685011.348265
0.833008 -0.176758 -0.589844 1310685011.371249
0.781250 -0.565430 -0.527344 1310685011.417255
0.799805 -0.342773 -0.489258 1310685011.450259
0.801758 -0.365234 -0.527344 1310685011.492252
0.828125 -0.423828 -0.629883 1310685011.518256
0.763672 -0.428711 -0.656250 1310685011.540257
0.777344 -0.428711 -0.656250 1310685011.561256
0.726562 -0.458984 -0.536133 1310685011.605255
0.681641 -0.543945 -0.594727 1310685011.648261
0.721680 -0.469727 -0.556641 1310685011.671262
0.804688 -0.488281 -0.497070 1310685011.717262
0.835938 -0.579102 -0.614258 1310685011.720280
0.847656 -0.579102 -0.614258 1310685011.765244
0.879883 -0.430664 -0.610352 1310685011.802261
0.884766 -0.507812 -0.593750 1310685011.826259
0.931641 -0.646484 -0.571289 1310685011.870265
0.873047 -0.625977 -0.636719 1310685011.895270
0.783203 -0.611328 -0.636719 1310685011.914269
0.683594 -0.630859 -0.581055 1310685011.958266
0.666992 -0.650391 -0.577148 1310685012.007269
0.685547 -0.669922 -0.525391 1310685012.077244
0.618164 -0.671875 -0.523438 1310685012.078268
0.593750 -0.720703 -0.541016 1310685012.102277
0.530273 -0.709961 -0.554688 1310685012.128269
0.538086 -0.902344 -0.557617 1310685012.151248
0.542969 -0.845703 -0.518555 1310685012.191273
0.636719 -0.953125 -0.477539 1310685012.268271
0.592773 -0.962891 -0.514648 1310685012.270270
0.553711 -1.039062 -0.534180 1310685012.292272
0.559570 -0.964844 -0.536133 1310685012.315279
0.495117 -1.013672 -0.427734 1310685012.338276
0.333984 -1.044922 -0.468750 1310685012.382284
0.208984 -0.945312 -0.441406 1310685012.406273
0.218750 -0.898438 -0.409180 1310685012.461278
0.294922 -0.980469 -0.378906 1310685012.487279
0.294922 -0.980469 -0.378906 1310685012.521280
0.361328 -1.030273 -0.371094 1310685012.543277
0.376953 -1.087891 -0.350586 1310685012.586286
0.370117 -1.069336 -0.357422 1310685012.607280
0.306641 -1.007812 -0.322266 1310685012.633279
0.232422 -1.083008 -0.338867 1310685012.657289
0.208984 -1.108398 -0.338867 1310685012.701277
0.208984 -1.108398 -0.338867 1310685012.727288
0.249023 -1.064453 -0.384766 1310685012.770281
0.280273 -1.073242 -0.362305 1310685012.816290
0.284180 -1.083008 -0.288086 1310685012.840287
0.291992 -1.043945 -0.319336 1310685012.862289
0.321289 -1.043945 -0.319336 1310685012.890287
0.321289 -1.077148 -0.257812 1310685012.935284
0.302734 -1.047852 -0.246094 1310685012.958292
0.302734 -1.065430 -0.265625 1310685013.003270
0.310547 -1.096680 -0.250977 1310685013.026285
0.274414 -1.041016 -0.250977 1310685013.050281
0.299805 -1.050781 -0.212891 1310685013.120279
0.305664 -1.043945 -0.196289 1310685013.121286
0.300781 -1.023438 -0.172852 1310685013.155291
0.277344 -1.051758 -0.152344 1310685013.176306
0.262695 -1.015625 -0.149414 1310685013.231290
0.278320 -1.027344 -0.173828 1310685013.246294
0.247070 -1.093750 -0.139648 1310685013.278301
0.221680 -1.095703 -0.136719 1310685013.322292
0.303711 -1.111328 -0.132812 1310685013.347311
0.254883 -1.085938 -0.171875 1310685013.381295
0.249023 -1.070312 -0.136719 1310685013.405288
0.249023 -1.070312 -0.136719 1310685013.447299
0.309570 -1.075195 -0.236328 1310685013.471297
0.287109 -1.103516 -0.214844 1310685013.548295
0.311523 -1.062500 -0.208008 1310685013.550295
0.303711 -1.080078 -0.157227 1310685013.570297
0.295898 -1.025391 -0.125000 1310685013.612299
0.281250 -1.081055 -0.097656 1310685013.635294
0.237305 -1.093750 -0.091797 1310685013.677299
0.279297 -1.086914 -0.117188 1310685013.700299
0.274414 -1.092773 -0.113281 1310685013.745301
0.284180 -1.128906 -0.221680 1310685013.768305
0.272461 -1.128906 -0.238281 1310685013.782290
0.269531 -1.149414 -0.259766 1310685013.872308
0.233398 -1.089844 -0.217773 1310685013.885305
0.265625 -1.104492 -0.245117 1310685013.907303
0.284180 -1.152344 -0.172852 1310685013.928298
0.262695 -1.050781 -0.144531 1310685013.950297
0.250000 -1.046875 -0.144531 1310685013.994306
0.264648 -1.147461 -0.135742 1310685014.016315
0.279297 -1.106445 -0.175781 1310685014.060301
0.306641 -1.082031 -0.175781 1310685014.083283
0.259766 -1.036133 -0.185547 1310685014.127310
0.241211 -1.074219 -0.191406 1310685014.150312
0.253906 -1.117188 -0.218750 1310685014.172292
0.277344 -1.123047 -0.205078 1310685014.216309
0.256836 -1.032227 -0.205078 1310685014.238312
0.284180 -1.032227 -0.205078 1310685014.281319
0.320312 -1.070312 -0.165039 1310685014.323311
0.306641 -1.079102 -0.227539 1310685014.368312
0.306641 -1.079102 -0.227539 1310685014.370309
