1.145508 0.158203 0.170898 1310580509.602630
0.984375 -0.087891 -0.096680 1310580509.624599
0.964844 -0.150391 -0.083984 1310580509.668621
0.930664 -0.099609 0.007812 1310580509.712682
0.856445 -0.322266 0.091797 1310580509.733596
0.914062 -0.224609 0.196289 1310580509.778617
0.953125 -0.287109 0.083984 1310580509.801662
0.834961 -0.480469 0.083984 1310580509.822705
0.974609 -0.652344 -0.188477 1310580509.859653
0.924805 -0.671875 -0.132812 1310580509.901650
0.719727 -0.506836 -0.066406 1310580509.944732
0.653320 -0.498047 0.084961 1310580509.968665
0.632812 -0.496094 0.078125 1310580509.999604
0.637695 -0.400391 0.048828 1310580510.001602
0.737305 -0.282227 0.091797 1310580510.066682
0.708008 -0.447266 -0.036133 1310580510.088643
1.594727 -1.005859 0.356445 1310580510.111743
1.974609 -1.451172 0.533203 1310580510.139739
1.975586 -0.926758 1.363281 1310580510.203649
1.975586 -0.926758 1.363281 1310580510.204628
0.618164 -1.982422 1.092773 1310580510.253710
-0.176758 -1.252930 0.160156 1310580510.277635
-1.133789 1.492188 -0.748047 1310580510.312609
-0.315430 0.130859 -0.457031 1310580510.333607
-0.181641 0.636719 -0.570312 1310580510.377695
-0.008789 0.087891 -0.147461 1310580510.421708
0.313477 -0.873047 -0.050781 1310580510.446681
0.554688 -0.194336 0.000977 1310580510.469728
0.477539 -0.287109 -0.069336 1310580510.499614
0.292969 -0.171875 -0.177734 1310580510.523607
0.218750 0.739258 -0.333984 1310580510.551666
-0.136719 0.833984 -0.531250 1310580510.681619
-0.649414 -1.553711 -0.422852 1310580510.682605
-0.767578 -0.551758 -0.065430 1310580510.697615
-0.867188 -1.984375 0.194336 1310580510.701616
-0.174805 -1.982422 1.414062 1310580510.723634
0.467773 -1.983398 1.777344 1310580510.751667
0.050781 -1.983398 1.777344 1310580510.793634
-0.118164 -1.763672 0.742188 1310580510.838665
-0.563477 -0.457031 0.078125 1310580510.876675
-0.803711 0.769531 -0.483398 1310580510.898682
-0.267578 0.396484 -0.320312 1310580510.967662
-0.568359 0.099609 -0.320312 1310580510.969641
-0.065430 -0.692383 -0.001953 1310580510.987675
0.020508 -0.628906 -0.078125 1310580511.009676
0.286133 -0.335938 -0.062500 1310580511.052686
0.246094 -0.143555 -0.405273 1310580511.073681
0.133789 0.148438 -0.504883 1310580511.122663
0.000977 0.018555 -0.504883 1310580511.142654
-0.126953 -0.136719 -0.368164 1310580511.187660
-0.077148 -0.257812 -0.283203 1310580511.231673
-0.480469 -1.983398 1.077148 1310580511.254686
-0.669922 -1.982422 1.138672 1310580511.289649
0.451172 -1.981445 1.979492 1310580511.311661
-0.505859 -1.981445 1.978516 1310580511.336635
-0.932617 -1.983398 1.474609 1310580511.382669
-1.006836 -1.414062 0.078125 1310580511.424673
-0.483398 -0.016602 -0.690430 1310580511.471699
0.209961 0.010742 -0.279297 1310580511.472653
0.152344 0.517578 -0.522461 1310580511.504664
0.120117 0.022461 -0.166016 1310580511.527659
0.548828 -0.465820 -0.004883 1310580511.573735
0.382812 -0.286133 -0.013672 1310580511.597635
0.420898 -0.319336 0.005859 1310580511.632633
0.107422 -0.105469 -0.219727 1310580511.679720
-0.110352 0.412109 0.118164 1310580511.681761
-0.110352 0.412109 0.118164 1310580511.724734
-0.264648 -0.161133 -0.003906 1310580511.767767
-0.387695 -1.189453 0.006836 1310580511.791770
-0.347656 -1.943359 0.049805 1310580511.834711
-0.034180 -1.983398 0.997070 1310580511.858708
1.903320 -1.983398 1.976562 1310580511.880791
0.197266 -1.983398 1.980469 1310580511.931644
0.117188 -1.982422 1.619141 1310580511.958663
-0.142578 -0.133789 0.180664 1310580511.984711
0.070312 0.248047 -0.260742 1310580512.021724
0.321289 0.931641 -0.622070 1310580512.066740
0.156250 0.443359 -0.543945 1310580512.068768
0.675781 0.443359 -0.543945 1310580512.111790
0.154297 -0.505859 -0.065430 1310580512.249779
0.048828 -0.419922 -0.033203 1310580512.261746
-0.078125 -0.106445 -0.123047 1310580512.269762
-0.093750 0.244141 -0.302734 1310580512.291656
-0.093750 0.244141 -0.302734 1310580512.292645
-0.050781 0.348633 -0.253906 1310580512.317647
-0.631836 -0.441406 -0.069336 1310580512.339655
-0.750977 -1.218750 0.530273 1310580512.362783
-1.340820 -1.982422 1.973633 1310580512.411648
0.291992 -1.983398 1.980469 1310580512.434649
-0.294922 -1.981445 1.979492 1310580512.472675
-0.176758 -1.983398 0.751953 1310580512.518675
-0.108398 -1.300781 0.412109 1310580512.542900
-0.255859 -0.406250 -0.503906 1310580512.563771
-0.201172 0.523438 -0.536133 1310580512.608605
-0.454102 0.347656 -0.750000 1310580512.628673
-0.389648 0.255859 -0.453125 1310580512.651670
0.151367 -0.349609 0.261719 1310580512.693684
0.241211 0.176758 0.000000 1310580512.741746
0.183594 -0.256836 -0.167969 1310580512.761768
0.103516 -0.160156 -0.321289 1310580512.804795
0.075195 -0.200195 -0.189453 1310580512.828712
0.107422 -0.406250 -0.155273 1310580512.873681
-0.002930 -0.268555 -0.018555 1310580512.878681
0.035156 -0.527344 0.137695 1310580512.926661
-0.111328 -0.452148 0.362305 1310580512.947683
-0.607422 -1.864258 1.139648 1310580512.972731
-0.354492 -1.864258 1.139648 1310580512.999801
-0.428711 -1.968750 1.726562 1310580513.043792
-0.239258 -1.982422 1.911133 1310580513.087799
-0.352539 -1.234375 1.177734 1310580513.113706
-0.225586 -0.310547 0.792969 1310580513.149770
-0.147461 -0.258789 0.556641 1310580513.171719
-0.147461 -0.367188 0.252930 1310580513.217668
-0.077148 -0.269531 0.019531 1310580513.246725
-0.050781 -0.234375 -0.041016 1310580513.268745
0.154297 -0.518555 0.088867 1310580513.312796
0.299805 -0.621094 0.083008 1310580513.333738
0.418945 -0.701172 0.111328 1310580513.378672
0.236328 -0.611328 0.111328 1310580513.401769
0.236328 -0.611328 0.111328 1310580513.423680
1.061523 -0.452148 0.209961 1310580513.467690
1.976562 -1.048828 1.009766 1310580513.512728
1.569336 -1.124023 0.809570 1310580513.530685
0.818359 -0.777344 -0.172852 1310580513.573684
1.090820 -0.192383 -0.033203 1310580513.596787
1.125977 0.462891 0.275391 1310580513.638800
0.842773 0.287109 0.508789 1310580513.659717
0.779297 0.062500 0.512695 1310580513.683815
0.755859 -0.749023 0.477539 1310580513.729801
0.932617 -1.226562 0.440430 1310580513.751806
0.793945 -0.970703 0.326172 1310580513.794809
0.587891 -0.639648 0.226562 1310580513.818753
0.646484 -0.504883 0.131836 1310580513.869682
