0.945312 -0.324219 0.261719 1310512410.300301
0.936523 -0.289062 0.303711 1310512410.323256
0.916992 -0.289062 0.273438 1310512410.359209
0.917969 -0.244141 0.266602 1310512410.399287
0.936523 -0.242188 0.271484 1310512410.422257
0.952148 -0.232422 0.272461 1310512410.465260
0.913086 -0.175781 0.221680 1310512410.488286
0.886719 -0.158203 0.185547 1310512410.533290
0.850586 -0.142578 0.165039 1310512410.554223
0.838867 -0.183594 0.159180 1310512410.602250
0.866211 -0.184570 0.101562 1310512410.623296
0.833984 -0.137695 0.067383 1310512410.648305
0.845703 -0.144531 0.081055 1310512410.692300
0.837891 -0.112305 0.020508 1310512410.714235
0.881836 -0.127930 0.020508 1310512410.772219
0.844727 -0.082031 0.007812 1310512410.773202
0.831055 -0.063477 -0.018555 1310512410.867227
0.878906 -0.009766 -0.011719 1310512410.888294
0.857422 0.240234 -0.011719 1310512410.889293
0.934570 -0.012695 -0.041992 1310512410.932247
0.933594 -0.027344 -0.064453 1310512410.954228
0.956055 -0.122070 -0.122070 1310512410.977245
1.018555 -0.104492 -0.129883 1310512411.019207
1.047852 -0.041992 -0.085938 1310512411.042325
1.012695 -0.026367 -0.085938 1310512411.065327
0.927734 -0.031250 -0.113281 1310512411.109210
0.920898 -0.003906 -0.149414 1310512411.152304
0.945312 -0.011719 -0.190430 1310512411.173218
0.930664 0.015625 -0.177734 1310512411.219263
0.781250 0.072266 -0.478516 1310512411.220219
1.292969 0.260742 0.226562 1310512411.293314
0.725586 -0.204102 -0.172852 1310512411.294284
1.010742 -0.223633 -0.290039 1310512411.339250
0.889648 -0.197266 -0.352539 1310512411.363320
1.295898 0.751953 -0.369141 1310512411.387241
1.022461 0.343750 -0.031250 1310512411.433261
1.001953 -0.693359 -0.143555 1310512411.455263
1.319336 -0.423828 -0.088867 1310512411.490312
1.000977 -0.266602 -0.044922 1310512411.534278
0.873047 -0.177734 -0.082031 1310512411.548264
0.909180 -0.277344 -0.021484 1310512411.590235
0.982422 -0.335938 0.086914 1310512411.615278
0.983398 -0.436523 0.155273 1310512411.659435
1.063477 -0.658203 0.172852 1310512411.683324
0.968750 -0.567383 0.131836 1310512411.729309
0.811523 -0.389648 0.145508 1310512411.752334
0.713867 -0.291992 0.192383 1310512411.796272
0.745117 -0.280273 0.192383 1310512411.817276
0.876953 -0.412109 0.307617 1310512411.843299
0.883789 -0.579102 0.307617 1310512411.884270
0.855469 -0.531250 0.259766 1310512411.905266
0.801758 -0.462891 0.253906 1310512411.948249
0.794922 -0.505859 0.223633 1310512411.969231
0.750000 -0.495117 0.221680 1310512412.012248
0.759766 -0.521484 0.253906 1310512412.055260
0.794922 -0.579102 0.251953 1310512412.077247
0.772461 -0.702148 0.257812 1310512412.154260
0.716797 -0.742188 0.325195 1310512412.172245
0.686523 -0.675781 0.354492 1310512412.173229
0.657227 -0.637695 0.320312 1310512412.198289
0.682617 -0.603516 0.293945 1310512412.247374
0.749023 -0.616211 0.365234 1310512412.269261
0.781250 -0.586914 0.454102 1310512412.292286
0.751953 -0.566406 0.416016 1310512412.335270
0.733398 -0.610352 0.258789 1310512412.358285
0.734375 -0.630859 0.237305 1310512412.422367
0.764648 -0.583984 0.208008 1310512412.427263
0.773438 -0.583008 0.249023 1310512412.492282
0.785156 -0.585938 0.309570 1310512412.493279
0.747070 -0.608398 0.254883 1310512412.540256
0.708984 -0.585938 0.295898 1310512412.563337
0.708984 -0.637695 0.318359 1310512412.583339
0.676758 -0.603516 0.329102 1310512412.627308
0.733398 -0.624023 0.282227 1310512412.680275
0.750000 -0.609375 0.239258 1310512412.694376
0.733398 -0.603516 0.258789 1310512412.724344
0.748047 -0.628906 0.249023 1310512412.747294
0.740234 -0.628906 0.249023 1310512412.769277
0.740234 -0.628906 0.249023 1310512412.814306
0.760742 -0.592773 0.298828 1310512412.868303
0.791016 -0.616211 0.210938 1310512412.890375
0.746094 -0.619141 0.326172 1310512412.917318
0.729492 -0.619141 0.326172 1310512412.938284
0.755859 -0.497070 0.324219 1310512412.985284
0.736328 -0.585938 0.311523 1310512413.009278
0.747070 -0.609375 0.303711 1310512413.030279
0.717773 -0.580078 0.320312 1310512413.073271
0.743164 -0.594727 0.318359 1310512413.095250
0.754883 -0.617188 0.318359 1310512413.138252
0.721680 -0.574219 0.297852 1310512413.169278
0.740234 -0.569336 0.294922 1310512413.213243
0.771484 -0.553711 0.305664 1310512413.236265
0.792969 -0.568359 0.288086 1310512413.288281
0.725586 -0.562500 0.293945 1310512413.343354
0.733398 -0.550781 0.284180 1310512413.355274
0.763672 -0.588867 0.254883 1310512413.377288
0.717773 -0.615234 0.265625 1310512413.444255
0.718750 -0.645508 0.311523 1310512413.445274
0.745117 -0.586914 0.301758 1310512413.465293
0.748047 -0.585938 0.304688 1310512413.487310
0.773438 -0.567383 0.286133 1310512413.533324
0.745117 -0.613281 0.303711 1310512413.579311
0.747070 -0.603516 0.285156 1310512413.629276
0.722656 -0.585938 0.310547 1310512413.630266
0.727539 -0.583984 0.292969 1310512413.652286
0.784180 -0.600586 0.292969 1310512413.673362
