1.031250 -0.221680 0.031250 1309562503.133083
1.104492 -0.160156 0.016602 1309562503.156082
1.166992 -0.196289 -0.003906 1309562503.202091
1.142578 -0.185547 -0.003906 1309562503.224093
1.027344 -0.285156 -0.018555 1309562503.246097
0.912109 -0.285156 -0.018555 1309562503.291093
0.782227 -0.378906 0.033203 1309562503.313059
0.624023 -0.358398 0.034180 1309562503.414089
0.453125 -0.313477 0.050781 1309562503.427085
0.175781 -0.246094 0.046875 1309562503.428093
0.064453 -0.153320 0.018555 1309562503.452068
0.118164 -0.171875 0.002930 1309562503.496100
0.312500 -0.265625 0.125977 1309562503.521088
0.475586 -0.435547 0.165039 1309562503.543118
0.881836 -0.803711 0.290039 1309562503.587111
1.389648 -0.625000 0.338867 1309562503.609078
1.602539 -0.299805 0.287109 1309562503.654085
1.895508 -0.698242 0.335938 1309562503.657090
1.977539 -0.600586 0.302734 1309562503.713115
1.979492 -0.121094 0.212891 1309562503.736104
1.979492 -0.443359 0.088867 1309562503.778077
1.976562 -0.521484 -0.017578 1309562503.802095
1.646484 -0.465820 0.079102 1309562503.823123
1.146484 -0.465820 0.079102 1309562503.867108
0.635742 -0.459961 0.020508 1309562503.892085
0.343750 -0.245117 -0.012695 1309562503.937135
0.124023 -0.092773 -0.104492 1309562503.959097
0.050781 -0.054688 -0.190430 1309562504.006110
-0.009766 0.007812 -0.281250 1309562504.027097
-0.108398 0.001953 -0.281250 1309562504.070107
-0.221680 -0.091797 -0.281250 1309562504.079112
-0.303711 -0.122070 -0.332031 1309562504.128109
-0.382812 -0.021484 -0.342773 1309562504.151103
-0.360352 0.094727 -0.378906 1309562504.192107
-0.249023 0.003906 -0.378906 1309562504.216113
0.000977 -0.156250 -0.123047 1309562504.259079
-0.022461 -0.255859 0.088867 1309562504.284113
0.146484 -0.962891 0.458008 1309562504.327098
0.926758 -1.073242 0.737305 1309562504.353106
1.762695 -1.417969 0.702148 1309562504.388112
1.973633 -1.975586 0.702148 1309562504.415115
1.973633 -1.523438 0.818359 1309562504.457106
1.980469 -1.005859 0.690430 1309562504.483136
1.975586 -0.940430 0.365234 1309562504.528123
1.976562 -1.392578 0.389648 1309562504.534089
1.980469 -0.787109 0.255859 1309562504.579111
1.980469 -0.787109 0.255859 1309562504.608091
1.337891 -0.987305 0.172852 1309562504.666131
0.629883 -0.746094 0.138672 1309562504.713121
0.274414 -0.561523 0.168945 1309562504.714110
0.095703 -0.371094 0.103516 1309562504.736119
-0.067383 -0.193359 -0.037109 1309562504.778092
-0.101562 0.050781 -0.150391 1309562504.801114
-0.186523 0.117188 -0.247070 1309562504.824118
-0.333008 0.048828 -0.309570 1309562504.892140
-0.459961 -0.007812 -0.268555 1309562504.893107
-0.462891 -0.097656 -0.197266 1309562504.943116
-0.403320 -0.140625 -0.137695 1309562504.965122
-0.327148 -0.054688 -0.145508 1309562504.998123
-0.270508 0.005859 -0.126953 1309562505.042124
-0.138672 -0.249023 -0.034180 1309562505.066124
0.147461 -0.499023 0.079102 1309562505.089126
0.181641 -0.851562 0.271484 1309562505.116134
0.428711 -1.628906 0.673828 1309562505.141129
1.823242 -1.320312 0.576172 1309562505.187131
1.702148 -1.133789 0.576172 1309562505.230123
1.975586 -1.133789 0.576172 1309562505.253126
1.801758 -0.584961 0.255859 1309562505.298125
1.859375 -0.645508 0.587891 1309562505.314111
1.979492 -0.895508 0.587891 1309562505.337186
1.984375 -0.940430 0.441406 1309562505.382125
1.976562 -1.143555 0.315430 1309562505.427128
1.974609 -1.414062 0.617188 1309562505.483145
1.577148 -1.284180 0.590820 1309562505.488102
0.784180 -0.913086 0.369141 1309562505.512125
0.349609 -0.575195 0.179688 1309562505.535147
0.117188 -0.156250 -0.092773 1309562505.578121
0.098633 -0.136719 -0.065430 1309562505.599124
0.094727 -0.140625 -0.094727 1309562505.642138
-0.024414 0.080078 -0.115234 1309562505.664131
-0.258789 0.361328 -0.350586 1309562505.713138
-0.371094 0.178711 -0.335938 1309562505.773139
-0.423828 0.070312 -0.222656 1309562505.814129
-0.350586 0.055664 -0.203125 1309562505.816128
-0.279297 -0.019531 -0.242188 1309562505.832133
-0.223633 -0.046875 -0.253906 1309562505.866132
-0.170898 -0.125000 -0.197266 1309562505.889141
-0.050781 -0.199219 -0.168945 1309562505.923152
0.111328 -0.340820 -0.030273 1309562505.972126
0.178711 -1.126953 0.404297 1309562505.992135
1.057617 -1.314453 0.506836 1309562506.034150
1.972656 -1.982422 1.260742 1309562506.096124
1.973633 -1.983398 1.343750 1309562506.098136
1.971680 -1.978516 1.161133 1309562506.139144
1.974609 -1.584961 0.949219 1309562506.174152
1.971680 -1.566406 0.719727 1309562506.197826
1.752930 -1.150391 0.416016 1309562506.244136
0.970703 -0.625977 0.170898 1309562506.246144
0.409180 -0.500000 0.170898 1309562506.269150
0.071289 -0.375977 -0.002930 1309562506.314148
-0.018555 -0.254883 0.057617 1309562506.358155
0.033203 -0.060547 -0.021484 1309562506.381150
0.030273 -0.002930 -0.163086 1309562506.424137
0.059570 0.001953 -0.301758 1309562506.447148
0.006836 -0.008789 -0.360352 1309562506.468150
-0.083984 -0.054688 -0.335938 1309562506.513153
-0.060547 -0.070312 -0.305664 1309562506.557131
-0.079102 -0.142578 -0.269531 1309562506.588155
-0.101562 -0.181641 -0.232422 1309562506.611153
-0.171875 -0.139648 -0.199219 1309562506.633153
-0.171875 -0.139648 -0.199219 1309562506.656165
-0.183594 -0.191406 -0.023438 1309562506.703167
-0.146484 -0.339844 0.119141 1309562506.749155
-0.343750 -1.367188 0.513672 1309562506.771156
0.880859 -1.984375 1.486328 1309562506.792153
1.974609 -1.983398 1.485352 1309562506.818165
1.970703 -1.983398 1.485352 1309562506.861159
1.971680 -1.982422 1.475586 1309562506.906166
1.972656 -1.983398 1.211914 1309562506.928157
1.970703 -1.980469 0.899414 1309562506.972163
1.669922 -1.198242 0.420898 1309562507.018160
0.796875 -0.425781 -0.045898 1309562507.026159
0.342773 -0.406250 -0.173828 1309562507.069141
0.123047 -0.228516 -0.332031 1309562507.113189
-0.011719 -0.127930 -0.336914 1309562507.131149
0.133789 0.008789 -0.448242 1309562507.154165
0.077148 0.169922 -0.583008 1309562507.176166
-0.100586 0.117188 -0.583008 1309562507.264163
-0.130859 -0.010742 -0.410156 1309562507.284158
-0.175781 -0.025391 -0.296875 1309562507.307146
-0.133789 -0.099609 -0.214844 1309562507.326166
-0.110352 -0.051758 -0.144531 1309562507.348165
-0.093750 -0.024414 -0.108398 1309562507.394167
-0.100586 -0.024414 -0.108398 1309562507.396167
-0.091797 -0.128906 -0.050781 1309562507.459146
0.035156 -0.378906 0.189453 1309562507.482170
0.345703 -1.511719 0.790039 1309562507.504193
1.710938 -1.412109 0.583984 1309562507.554168
1.976562 -1.340820 0.929688 1309562507.562178
1.976562 -1.340820 0.929688 1309562507.607170
1.978516 -0.590820 0.556641 1309562507.651177
1.512695 -0.329102 0.396484 1309562507.672170
1.016602 0.061523 0.100586 1309562507.696202
1.013672 -0.226562 0.064453 1309562507.739147
0.960938 -0.011719 0.022461 1309562507.761176
0.842773 -0.203125 0.117188 1309562507.808173
0.702148 -0.174805 0.148438 1309562507.831174
0.666016 -0.282227 0.104492 1309562507.861195
0.587891 -0.396484 0.151367 1309562507.887166
0.563477 -0.423828 0.082031 1309562507.930181
0.510742 -0.412109 0.058594 1309562507.953184
0.510742 -0.412109 0.058594 1309562507.981186
0.705078 -0.359375 0.127930 1309562508.044183
0.846680 -0.416016 0.213867 1309562508.068175
0.962891 -0.354492 0.254883 1309562508.094156
0.937500 -0.279297 0.237305 1309562508.117185
0.897461 -0.202148 0.211914 1309562508.141192
0.934570 -0.391602 0.021484 1309562508.189157
1.062500 -0.173828 0.115234 1309562508.211181
1.164062 -0.213867 0.145508 1309562508.249181
1.133789 -0.132812 0.188477 1309562508.272181
1.036133 -0.253906 0.243164 1309562508.315187
0.929688 -0.324219 0.243164 1309562508.337162
0.947266 -0.356445 0.246094 1309562508.383181
0.917969 -0.400391 0.204102 1309562508.425186
