0.954102 -0.786133 -0.144531 1311113867.460883
0.793945 -0.750000 -0.144531 1311113867.485835
0.750977 -0.708984 0.152344 1311113867.567904
0.788086 -0.629883 0.171875 1311113867.592953
0.900391 -0.522461 0.181641 1311113867.594959
0.972656 -0.454102 0.108398 1311113867.635952
1.056641 -0.436523 0.065430 1311113867.657966
1.046875 -0.342773 0.014648 1311113867.679959
0.970703 -0.259766 0.005859 1311113867.725953
0.941406 -0.271484 0.030273 1311113867.759962
0.924805 -0.361328 0.069336 1311113867.784965
0.941406 -0.419922 0.070312 1311113867.827907
0.924805 -0.489258 0.094727 1311113867.851871
0.916016 -0.505859 0.094727 1311113867.882846
0.897461 -0.505859 0.094727 1311113867.897841
0.897461 -0.505859 0.094727 1311113867.947845
0.857422 -0.408203 0.050781 1311113867.980843
0.858398 -0.352539 -0.014648 1311113868.005960
0.907227 -0.333984 -0.040039 1311113868.026908
0.906250 -0.358398 0.008789 1311113868.069858
0.898438 -0.393555 0.030273 1311113868.115910
0.846680 -0.384766 0.060547 1311113868.137958
0.780273 -0.443359 0.077148 1311113868.181965
0.766602 -0.416016 0.082031 1311113868.205969
0.791016 -0.391602 0.070312 1311113868.228964
0.826172 -0.384766 0.102539 1311113868.270862
0.849609 -0.414062 0.110352 1311113868.315906
0.843750 -0.431641 0.128906 1311113868.337875
0.835938 -0.472656 0.132812 1311113868.365850
0.935547 -0.509766 0.140625 1311113868.386856
0.965820 -0.466797 0.127930 1311113868.434981
0.959961 -0.457031 0.131836 1311113868.460875
0.959961 -0.457031 0.131836 1311113868.481859
0.951172 -0.453125 0.118164 1311113868.525903
0.953125 -0.451172 0.114258 1311113868.567970
0.903320 -0.448242 0.097656 1311113868.589986
0.829102 -0.494141 0.077148 1311113868.611979
0.900391 -0.466797 0.077148 1311113868.655981
0.994141 -0.492188 0.039062 1311113868.701982
0.967773 -0.490234 0.038086 1311113868.736985
0.958984 -0.429688 0.027344 1311113868.759984
0.988281 -0.361328 0.008789 1311113868.780969
0.988281 -0.361328 0.008789 1311113868.876898
0.968750 -0.326172 -0.019531 1311113868.899905
0.952148 -0.370117 -0.024414 1311113868.919860
0.896484 -0.435547 0.000977 1311113868.920861
0.884766 -0.465820 0.002930 1311113868.964911
0.938477 -0.520508 0.000977 1311113868.965896
0.946289 -0.495117 0.000977 1311113868.995936
0.956055 -0.484375 0.063477 1311113869.039864
0.938477 -0.449219 0.069336 1311113869.082867
0.914062 -0.400391 0.043945 1311113869.104943
0.887695 -0.445312 0.050781 1311113869.129991
0.853516 -0.461914 0.051758 1311113869.171956
0.870117 -0.483398 0.051758 1311113869.196995
0.919922 -0.480469 0.068359 1311113869.244876
0.877930 -0.470703 0.066406 1311113869.265868
0.883789 -0.431641 0.058594 1311113869.310871
0.847656 -0.421875 0.074219 1311113869.325869
0.796875 -0.385742 0.028320 1311113869.367920
0.743164 -0.372070 0.057617 1311113869.411871
0.795898 -0.373047 0.026367 1311113869.435871
0.838867 -0.420898 0.064453 1311113869.456918
0.896484 -0.410156 0.012695 1311113869.501948
0.955078 -0.462891 0.033203 1311113869.525012
0.977539 -0.411133 0.033203 1311113869.546006
1.024414 -0.437500 0.061523 1311113869.591924
1.061523 -0.449219 0.080078 1311113869.636000
1.009766 -0.397461 0.046875 1311113869.657008
0.967773 -0.452148 0.073242 1311113869.699994
0.927734 -0.566406 0.132812 1311113869.722005
0.851562 -0.512695 0.119141 1311113869.746935
0.830078 -0.500000 0.100586 1311113869.794881
0.950195 -0.398438 0.059570 1311113869.815870
0.915039 -0.286133 0.065430 1311113869.861904
0.924805 -0.299805 0.037109 1311113869.885882
0.917969 -0.332031 0.040039 1311113869.926947
0.917969 -0.332031 0.040039 1311113869.927919
0.878906 -0.458984 0.059570 1311113869.970911
0.865234 -0.439453 0.019531 1311113870.011884
0.861328 -0.435547 0.041992 1311113870.032882
0.824219 -0.400391 0.043945 1311113870.075984
0.846680 -0.410156 0.034180 1311113870.162009
0.860352 -0.446289 0.034180 1311113870.179940
0.885742 -0.416016 0.046875 1311113870.182001
0.944336 -0.433594 0.030273 1311113870.204955
0.989258 -0.525391 0.074219 1311113870.242886
1.015625 -0.527344 0.098633 1311113870.264888
1.018555 -0.506836 0.126953 1311113870.285828
0.965820 -0.256836 0.126953 1311113870.329890
0.919922 -0.424805 0.100586 1311113870.375918
0.910156 -0.413086 0.094727 1311113870.396892
0.872070 -0.376953 0.092773 1311113870.440938
0.917969 -0.392578 0.078125 1311113870.461948
0.931641 -0.380859 0.093750 1311113870.507944
0.892578 -0.392578 0.069336 1311113870.525017
0.878906 -0.395508 0.050781 1311113870.556024
0.815430 -0.414062 0.080078 1311113870.600018
0.735352 -0.393555 0.108398 1311113870.622022
0.749023 -0.408203 0.090820 1311113870.645024
0.821289 -0.391602 0.082031 1311113870.688018
0.880859 -0.360352 0.039062 1311113870.735027
0.895508 -0.375977 0.060547 1311113870.757901
0.900391 -0.422852 0.071289 1311113870.777901
0.918945 -0.460938 0.053711 1311113870.820905
0.908203 -0.422852 0.092773 1311113870.869900
0.908203 -0.422852 0.092773 1311113870.879917
0.986328 -0.462891 0.093750 1311113870.907015
0.978516 -0.541016 0.092773 1311113870.951030
0.880859 -0.556641 0.121094 1311113870.972904
0.851562 -0.467773 0.113281 1311113871.016902
0.943359 -0.429688 0.059570 1311113871.039965
0.934570 -0.377930 0.000977 1311113871.061024
1.037109 -0.416992 0.001953 1311113871.106971
1.221680 -0.597656 0.023438 1311113871.130032
0.999023 -0.554688 0.129883 1311113871.172898
0.854492 -0.516602 0.089844 1311113871.194907
0.785156 -0.398438 0.062500 1311113871.237907
0.860352 -0.335938 0.034180 1311113871.262904
0.969727 -0.335938 0.034180 1311113871.296971
0.944336 -0.348633 0.033203 1311113871.330951
0.883789 -0.429688 0.056641 1311113871.371919
0.818359 -0.425781 0.038086 1311113871.447040
0.862305 -0.475586 0.047852 1311113871.448020
0.913086 -0.517578 0.040039 1311113871.468027
0.921875 -0.432617 0.070312 1311113871.490033
0.959961 -0.416992 0.101562 1311113871.516035
0.952148 -0.364258 0.098633 1311113871.561045
0.965820 -0.382812 0.100586 1311113871.607041
0.958984 -0.408203 0.100586 1311113871.609041
0.937500 -0.442383 0.092773 1311113871.640037
0.903320 -0.385742 0.087891 1311113871.685038
0.878906 -0.361328 0.069336 1311113871.729918
0.818359 -0.403320 0.058594 1311113871.751937
0.787109 -0.417969 0.034180 1311113871.774990
0.817383 -0.441406 0.041016 1311113871.818919
0.830078 -0.421875 0.051758 1311113871.842918
0.814453 -0.386719 0.075195 1311113871.871969
0.858398 -0.373047 0.095703 1311113871.920921
0.863281 -0.389648 0.093750 1311113871.942927
0.845703 -0.370117 0.091797 1311113871.985966
0.845703 -0.370117 0.091797 1311113872.007969
0.988281 -0.501953 0.136719 1311113872.061056
0.952148 -0.406250 0.136719 1311113872.062048
0.918945 -0.413086 0.106445 1311113872.095040
0.862305 -0.383789 0.096680 1311113872.125936
0.831055 -0.381836 0.099609 1311113872.167927
0.937500 -0.437500 0.099609 1311113872.190956
0.965820 -0.443359 0.127930 1311113872.239926
0.955078 -0.457031 0.126953 1311113872.261989
0.943359 -0.490234 0.101562 1311113872.305929
0.923828 -0.488281 0.129883 1311113872.327926
0.963867 -0.465820 0.126953 1311113872.349928
0.896484 -0.447266 0.124023 1311113872.395050
0.974609 -0.419922 0.061523 1311113872.425057
1.000977 -0.461914 0.099609 1311113872.460062
0.920898 -0.381836 0.087891 1311113872.502978
0.949219 -0.378906 0.048828 1311113872.526061
0.917969 -0.350586 0.015625 1311113872.547061
0.899414 -0.369141 0.027344 1311113872.593054
0.808594 -0.393555 0.055664 1311113872.616054
0.836914 -0.431641 0.033203 1311113872.662061
0.789062 -0.438477 0.045898 1311113872.735938
0.792969 -0.432617 0.084961 1311113872.736934
0.874023 -0.423828 0.094727 1311113872.755985
0.874023 -0.423828 0.094727 1311113872.776957
0.928711 -0.368164 0.089844 1311113872.820938
1.003906 -0.429688 0.085938 1311113872.841991
0.957031 -0.489258 0.090820 1311113872.885969
0.973633 -0.529297 0.076172 1311113872.909940
0.903320 -0.529297 0.076172 1311113872.942938
0.857422 -0.407227 0.057617 1311113872.969990
0.875977 -0.353516 0.056641 1311113873.008080
0.877930 -0.366211 0.040039 1311113873.028067
0.908203 -0.395508 0.036133 1311113873.072060
0.903320 -0.416016 0.038086 1311113873.095945
0.873047 -0.398438 0.040039 1311113873.140944
0.859375 -0.421875 0.015625 1311113873.171955
0.922852 -0.380859 0.068359 1311113873.192946
0.957031 -0.346680 0.077148 1311113873.237050
0.970703 -0.334961 0.059570 1311113873.257970
0.952148 -0.424805 0.058594 1311113873.301948
0.926758 -0.523438 0.094727 1311113873.327018
0.897461 -0.521484 0.089844 1311113873.371077
0.890625 -0.510742 0.128906 1311113873.392066
0.875000 -0.454102 0.139648 1311113873.416074
0.935547 -0.454102 0.122070 1311113873.453016
0.949219 -0.453125 0.119141 1311113873.480083
0.918945 -0.456055 0.119141 1311113873.525002
0.895508 -0.492188 0.110352 1311113873.562079
0.879883 -0.450195 0.128906 1311113873.585024
0.901367 -0.484375 0.035156 1311113873.628018
0.943359 -0.465820 0.066406 1311113873.659957
1.027344 -0.489258 0.066406 1311113873.666954
1.116211 -0.436523 0.044922 1311113873.716009
1.066406 -0.448242 0.048828 1311113873.761958
0.978516 -0.437500 0.042969 1311113873.783000
0.831055 -0.439453 0.081055 1311113873.812051
0.837891 -0.431641 0.061523 1311113873.840986
0.822266 -0.378906 0.068359 1311113873.863956
0.701172 -0.289062 0.017578 1311113873.907012
0.821289 -0.370117 0.031250 1311113873.939087
0.885742 -0.395508 0.030273 1311113874.027021
0.877930 -0.409180 0.007812 1311113874.028021
0.844727 -0.417969 0.000977 1311113874.046085
0.901367 -0.386719 -0.014648 1311113874.068988
0.966797 -0.413086 -0.014648 1311113874.090987
0.921875 -0.389648 -0.000977 1311113874.138019
0.936523 -0.399414 -0.007812 1311113874.161093
0.941406 -0.435547 0.021484 1311113874.208035
0.900391 -0.431641 0.014648 1311113874.229057
0.905273 -0.458984 0.014648 1311113874.254986
0.934570 -0.465820 0.031250 1311113874.302022
0.961914 -0.411133 0.079102 1311113874.331016
0.916992 -0.421875 0.035156 1311113874.352019
0.941406 -0.417969 0.080078 1311113874.396017
0.957031 -0.439453 0.101562 1311113874.419021
0.959961 -0.429688 0.125000 1311113874.466095
0.988281 -0.406250 0.127930 1311113874.487036
1.016602 -0.408203 0.109375 1311113874.513084
1.002930 -0.404297 0.096680 1311113874.549099
0.935547 -0.408203 0.116211 1311113874.576998
