0.984375 -0.258789 0.040039 1310512220.429557
0.992188 -0.240234 0.035156 1310512220.451608
0.963867 -0.218750 0.041016 1310512220.496541
0.932617 -0.227539 0.061523 1310512220.519597
0.923828 -0.238281 0.060547 1310512220.564600
0.916992 -0.250000 0.041016 1310512220.585545
0.893555 -0.245117 0.031250 1310512220.629531
0.880859 -0.242188 0.040039 1310512220.651539
0.839844 -0.240234 0.011719 1310512220.680566
0.820312 -0.225586 0.002930 1310512220.724549
0.834961 -0.243164 -0.040039 1310512220.746576
0.875000 -0.237305 -0.052734 1310512220.793614
0.896484 -0.205078 -0.073242 1310512220.818574
0.912109 -0.238281 -0.111328 1310512220.839562
0.850586 -0.260742 -0.113281 1310512220.881536
0.884766 -0.230469 -0.144531 1310512220.903544
0.886719 -0.150391 -0.215820 1310512220.947614
0.945312 -0.096680 -0.205078 1310512220.978614
1.022461 -0.078125 -0.249023 1310512221.000601
1.002930 -0.092773 -0.284180 1310512221.044565
0.962891 -0.035156 -0.333984 1310512221.091615
0.953125 -0.001953 -0.337891 1310512221.116571
0.932617 -0.076172 -0.315430 1310512221.128626
1.009766 -0.044922 -0.283203 1310512221.201570
1.013672 0.037109 -0.219727 1310512221.239534
0.885742 -0.087891 -0.319336 1310512221.260522
0.967773 -0.124023 -0.380859 1310512221.261534
0.963867 -0.134766 -0.372070 1310512221.304568
0.906250 -0.107422 -0.419922 1310512221.329544
0.926758 -0.095703 -0.435547 1310512221.373626
0.912109 0.112305 -0.429688 1310512221.394578
0.993164 0.380859 -0.794922 1310512221.418571
1.281250 -0.238281 -0.209961 1310512221.461579
1.217773 -0.175781 -0.301758 1310512221.485563
1.081055 -0.275391 -0.421875 1310512221.528556
0.840820 -0.212891 -0.401367 1310512221.550567
0.867188 -0.291992 -0.456055 1310512221.593567
0.983398 -0.246094 -0.406250 1310512221.618633
0.987305 -0.260742 -0.304688 1310512221.661577
0.967773 -0.203125 -0.328125 1310512221.683571
0.867188 -0.327148 -0.239258 1310512221.704635
0.978516 -0.327148 -0.239258 1310512221.749547
0.957031 -0.352539 -0.170898 1310512221.773572
1.001953 -0.347656 -0.126953 1310512221.805597
1.041016 -0.403320 -0.058594 1310512221.849581
0.944336 -0.425781 -0.032227 1310512221.871556
0.922852 -0.395508 0.037109 1310512221.914591
0.880859 -0.342773 0.041016 1310512221.935569
0.854492 -0.317383 0.102539 1310512221.979574
0.887695 -0.375977 0.081055 1310512222.011642
0.846680 -0.345703 0.160156 1310512222.034556
0.851562 -0.371094 0.160156 1310512222.057547
0.851562 -0.371094 0.160156 1310512222.100573
0.794922 -0.459961 0.252930 1310512222.145555
0.804688 -0.458984 0.257812 1310512222.168593
0.817383 -0.435547 0.298828 1310512222.210642
0.803711 -0.452148 0.252930 1310512222.231570
0.791992 -0.443359 0.289062 1310512222.275556
0.826172 -0.460938 0.311523 1310512222.298598
0.731445 -0.474609 0.359375 1310512222.326607
0.761719 -0.481445 0.291016 1310512222.370557
0.764648 -0.505859 0.275391 1310512222.393562
0.776367 -0.465820 0.285156 1310512222.420554
0.769531 -0.443359 0.354492 1310512222.490624
0.765625 -0.503906 0.416992 1310512222.528601
0.738281 -0.533203 0.416016 1310512222.529554
0.573242 -0.584961 0.492188 1310512222.549554
0.975586 -0.416016 0.692383 1310512222.592574
0.735352 -0.593750 0.378906 1310512222.614622
0.703125 -0.540039 0.303711 1310512222.656642
0.694336 -0.403320 0.226562 1310512222.678643
0.701172 -0.478516 0.262695 1310512222.723595
0.724609 -0.554688 0.267578 1310512222.744648
0.749023 -0.539062 0.345703 1310512222.786580
0.842773 -0.449219 0.393555 1310512222.814610
0.756836 -0.404297 0.428711 1310512222.841636
0.833984 -0.420898 0.420898 1310512222.878606
0.737305 -0.465820 0.358398 1310512222.901557
0.751953 -0.482422 0.299805 1310512222.945650
0.749023 -0.500000 0.351562 1310512222.968662
0.753906 -0.459961 0.316406 1310512222.992601
0.752930 -0.504883 0.314453 1310512223.036690
0.765625 -0.504883 0.314453 1310512223.081603
0.760742 -0.514648 0.310547 1310512223.104575
0.764648 -0.496094 0.337891 1310512223.126645
0.734375 -0.495117 0.299805 1310512223.169615
0.773438 -0.495117 0.299805 1310512223.191661
0.771484 -0.518555 0.283203 1310512223.236647
0.791992 -0.556641 0.271484 1310512223.258664
0.761719 -0.507812 0.295898 1310512223.286681
0.777344 -0.531250 0.280273 1310512223.330665
0.757812 -0.521484 0.269531 1310512223.351573
0.757812 -0.521484 0.269531 1310512223.375659
0.765625 -0.510742 0.311523 1310512223.420655
0.808594 -0.490234 0.297852 1310512223.465628
0.809570 -0.515625 0.291992 1310512223.488660
0.772461 -0.483398 0.146484 1310512223.516662
0.791992 -0.434570 0.237305 1310512223.541698
0.814453 -0.436523 0.280273 1310512223.585586
0.816406 -0.448242 0.299805 1310512223.628578
0.784180 -0.525391 0.255859 1310512223.649604
0.805664 -0.378906 0.184570 1310512223.679587
0.880859 -0.384766 0.147461 1310512223.721623
0.886719 -0.416016 0.235352 1310512223.743584
