0.858398 -0.949219 0.241211 1310584266.047671
0.720703 -0.770508 0.137695 1310584266.070711
0.707031 -0.671875 0.165039 1310584266.091702
0.733398 -0.548828 0.259766 1310584266.126748
0.728516 -0.525391 0.279297 1310584266.192673
0.709961 -0.629883 0.364258 1310584266.194669
0.600586 -0.734375 0.446289 1310584266.239770
1.073242 -0.784180 0.620117 1310584266.262810
1.065430 -0.395508 0.454102 1310584266.329804
0.787109 -0.278320 0.258789 1310584266.351702
0.718750 -0.273438 0.211914 1310584266.352701
0.655273 -0.332031 0.139648 1310584266.394731
0.684570 -0.435547 0.042969 1310584266.415811
0.737305 -0.701172 0.020508 1310584266.457703
0.824219 -0.484375 0.014648 1310584266.479678
0.781250 -0.214844 0.111328 1310584266.524762
0.761719 -0.038086 0.270508 1310584266.566764
0.944336 -0.221680 0.327148 1310584266.589705
1.263672 -0.194336 0.264648 1310584266.632752
1.325195 -0.116211 0.019531 1310584266.655704
1.361328 -0.366211 0.019531 1310584266.676695
1.487305 -0.260742 0.125977 1310584266.719735
1.460938 0.054688 0.241211 1310584266.741680
1.390625 -0.138672 0.143555 1310584266.785701
1.313477 -0.327148 0.116211 1310584266.805733
1.144531 -0.385742 0.034180 1310584266.840740
1.068359 -0.416992 -0.036133 1310584266.863825
1.139648 -0.390625 -0.101562 1310584266.907765
1.088867 -0.409180 -0.100586 1310584266.931686
1.054688 -0.420898 -0.020508 1310584266.965685
1.098633 -0.434570 0.047852 1310584267.010810
1.052734 -0.367188 0.096680 1310584267.032704
0.840820 -0.220703 0.152344 1310584267.077685
0.550781 -0.119141 0.037109 1310584267.100705
0.421875 -0.084961 -0.003906 1310584267.142692
0.349609 -0.191406 -0.085938 1310584267.165713
0.327148 -0.332031 -0.044922 1310584267.187741
0.367188 -0.416016 -0.003906 1310584267.230764
0.500000 -0.461914 0.051758 1310584267.256819
0.674805 -0.435547 0.057617 1310584267.299746
0.874023 -0.442383 0.130859 1310584267.320747
0.950195 -0.460938 0.172852 1310584267.364823
0.940430 -0.463867 0.198242 1310584267.411825
0.900391 -0.473633 0.206055 1310584267.413824
0.874023 -0.480469 0.201172 1310584267.464831
0.857422 -0.433594 0.169922 1310584267.486763
0.930664 -0.462891 0.181641 1310584267.510751
0.895508 -0.475586 0.141602 1310584267.615722
0.858398 -0.475586 0.161133 1310584267.631760
0.875000 -0.421875 0.145508 1310584267.633756
0.837891 -0.418945 0.191406 1310584267.656704
0.920898 -0.434570 0.196289 1310584267.679708
0.886719 -0.461914 0.169922 1310584267.726725
0.855469 -0.368164 0.152344 1310584267.737699
0.825195 -0.417969 0.165039 1310584267.785723
0.785156 -0.435547 0.159180 1310584267.807758
0.817383 -0.416992 0.159180 1310584267.832725
0.828125 -0.438477 0.178711 1310584267.876782
0.866211 -0.441406 0.170898 1310584267.900745
0.870117 -0.439453 0.164062 1310584267.932707
0.881836 -0.425781 0.201172 1310584267.979754
0.881836 -0.425781 0.201172 1310584268.000712
0.905273 -0.466797 0.170898 1310584268.050735
0.890625 -0.488281 0.189453 1310584268.064737
0.829102 -0.523438 0.209961 1310584268.112726
0.874023 -0.462891 0.187500 1310584268.135711
0.883789 -0.449219 0.200195 1310584268.156732
0.867188 -0.458984 0.192383 1310584268.202755
