0.884766 -0.470703 0.166016 1309542270.605469
0.913086 -0.401367 0.121094 1309542270.631495
0.929688 -0.401367 0.121094 1309542270.653502
0.929688 -0.401367 0.121094 1309542270.700456
0.902344 -0.369141 0.140625 1309542270.748508
0.924805 -0.373047 0.103516 1309542270.770506
0.930664 -0.429688 0.136719 1309542270.816507
0.885742 -0.437500 0.093750 1309542270.838610
0.852539 -0.687500 0.093750 1309542270.860508
0.815430 -0.592773 0.004883 1309542270.905510
0.809570 -0.628906 0.006836 1309542270.926510
0.787109 -0.603516 -0.021484 1309542270.955514
0.710938 -0.552734 -0.024414 1309542270.979511
0.608398 -0.528320 -0.046875 1309542271.025509
0.527344 -0.484375 -0.056641 1309542271.051510
0.550781 -0.531250 -0.056641 1309542271.083516
0.727539 -0.628906 -0.042969 1309542271.128517
0.924805 -0.582031 -0.007812 1309542271.151460
0.906250 -0.515625 0.061523 1309542271.174460
0.868164 -0.581055 0.074219 1309542271.249523
0.928711 -0.628906 0.099609 1309542271.275517
0.936523 -0.580078 0.164062 1309542271.276515
0.967773 -0.565430 0.260742 1309542271.320461
0.865234 -0.554688 0.261719 1309542271.343465
0.779297 -0.639648 0.247070 1309542271.365465
0.758789 -0.860352 0.309570 1309542271.408465
0.760742 -0.892578 0.371094 1309542271.430464
0.691406 -0.863281 0.364258 1309542271.475499
0.561523 -0.883789 0.336914 1309542271.508467
0.561523 -1.016602 0.457031 1309542271.539492
0.467773 -0.797852 0.440430 1309542271.563472
0.444336 -1.050781 0.558594 1309542271.656534
0.409180 -1.224609 0.987305 1309542271.679516
0.310547 -0.720703 0.556641 1309542271.690502
0.295898 -0.777344 0.384766 1309542271.720524
0.179688 -0.589844 0.331055 1309542271.743530
0.132812 -0.607422 0.355469 1309542271.764524
0.157227 -0.607422 0.355469 1309542271.785526
0.223633 -0.878906 0.789062 1309542271.829527
0.247070 -0.949219 0.497070 1309542271.874531
0.276367 -0.846680 0.409180 1309542271.896533
0.299805 -0.828125 0.448242 1309542271.966531
0.361328 -0.808594 0.515625 1309542271.969523
0.361328 -0.808594 0.515625 1309542271.981542
0.390625 -0.669922 0.510742 1309542272.024556
0.411133 -0.739258 0.528320 1309542272.064539
0.366211 -0.808594 0.518555 1309542272.093505
0.350586 -0.794922 0.492188 1309542272.116477
0.322266 -0.776367 0.493164 1309542272.153483
0.345703 -0.755859 0.514648 1309542272.176477
0.321289 -0.733398 0.544922 1309542272.219538
0.346680 -0.743164 0.503906 1309542272.243539
0.371094 -0.775391 0.525391 1309542272.288483
0.375977 -0.763672 0.524414 1309542272.311481
0.399414 -0.736328 0.512695 1309542272.336519
0.388672 -0.757812 0.485352 1309542272.383487
0.386719 -0.747070 0.502930 1309542272.426489
0.374023 -0.757812 0.489258 1309542272.450488
0.339844 -0.750977 0.509766 1309542272.480484
0.315430 -0.758789 0.528320 1309542272.553492
0.354492 -0.774414 0.503906 1309542272.571487
0.300781 -0.781250 0.494141 1309542272.573486
0.312500 -0.800781 0.438477 1309542272.620546
0.268555 -0.803711 0.463867 1309542272.641515
0.195312 -0.786133 0.506836 1309542272.664550
0.170898 -0.838867 0.541992 1309542272.713545
0.125000 -0.838867 0.541992 1309542272.714545
0.094727 -0.781250 0.567383 1309542272.766543
0.118164 -0.861328 0.499023 1309542272.814554
0.099609 -1.002930 0.466797 1309542272.836553
0.193359 -1.067383 0.378906 1309542272.858549
0.333984 -0.974609 0.298828 1309542272.880550
0.570312 -1.013672 0.426758 1309542272.914554
0.660156 -0.943359 0.400391 1309542272.958557
0.755859 -0.744141 0.266602 1309542273.000522
0.917969 -0.793945 0.253906 1309542273.023574
1.032227 -0.786133 0.208984 1309542273.066522
1.150391 -0.847656 0.057617 1309542273.090496
1.150391 -0.847656 0.057617 1309542273.113497
1.146484 -0.550781 0.077148 1309542273.158556
1.082031 -0.470703 0.034180 1309542273.200531
1.003906 -0.547852 -0.021484 1309542273.201528
0.925781 -0.599609 -0.066406 1309542273.244533
0.908203 -0.517578 -0.066406 1309542273.265500
0.801758 -0.428711 -0.057617 1309542273.308501
0.718750 -0.347656 -0.039062 1309542273.352505
0.705078 -0.316406 -0.052734 1309542273.376503
0.659180 -0.396484 -0.058594 1309542273.405542
0.622070 -0.435547 -0.022461 1309542273.448504
0.602539 -0.491211 -0.054688 1309542273.470503
0.626953 -0.531250 -0.040039 1309542273.494509
0.686523 -0.552734 -0.071289 1309542273.536509
0.781250 -0.587891 -0.021484 1309542273.563544
0.868164 -0.555664 -0.008789 1309542273.604538
0.837891 -0.573242 0.019531 1309542273.648538
0.814453 -0.586914 0.041992 1309542273.649537
0.808594 -0.576172 0.047852 1309542273.694566
0.881836 -0.629883 0.107422 1309542273.741567
0.946289 -0.552734 0.099609 1309542273.755571
0.924805 -0.513672 0.171875 1309542273.843576
0.907227 -0.455078 0.230469 1309542273.844566
0.879883 -0.455078 0.230469 1309542273.859569
0.923828 -0.435547 0.266602 1309542273.896569
0.938477 -0.405273 0.236328 1309542273.921545
0.927734 -0.355469 0.215820 1309542273.965568
0.932617 -0.310547 0.204102 1309542273.990560
0.904297 -0.386719 0.190430 1309542274.034518
0.913086 -0.386719 0.190430 1309542274.035515
0.891602 -0.443359 0.149414 1309542274.078515
0.887695 -0.462891 0.100586 1309542274.121547
0.869141 -0.449219 0.098633 1309542274.143538
0.851562 -0.461914 0.079102 1309542274.189577
0.815430 -0.499023 0.084961 1309542274.211541
0.834961 -0.486328 0.039062 1309542274.234519
0.833008 -0.529297 0.117188 1309542274.280550
0.858398 -0.513672 0.062500 1309542274.309521
0.796875 -0.511719 0.040039 1309542274.352553
0.785156 -0.542969 0.012695 1309542274.373550
0.715820 -0.499023 -0.010742 1309542274.395523
0.715820 -0.499023 -0.010742 1309542274.429522
0.559570 -0.517578 -0.069336 1309542274.466525
0.662109 -0.535156 -0.053711 1309542274.510579
0.739258 -0.552734 -0.068359 1309542274.531575
0.741211 -0.557617 -0.000977 1309542274.556586
0.769531 -0.480469 -0.020508 1309542274.601572
0.794922 -0.547852 0.034180 1309542274.625584
0.835938 -0.561523 0.057617 1309542274.671581
0.942383 -0.497070 0.119141 1309542274.694556
1.000000 -0.613281 0.164062 1309542274.736584
1.018555 -0.718750 0.193359 1309542274.760586
0.973633 -0.659180 0.263672 1309542274.799585
0.982422 -0.763672 0.321289 1309542274.825591
0.950195 -0.936523 0.298828 1309542274.856586
0.752930 -0.652344 0.306641 1309542274.900588
0.690430 -0.855469 0.370117 1309542274.924591
0.620117 -0.896484 0.424805 1309542274.946585
0.813477 -0.972656 0.826172 1309542274.971592
0.510742 -0.820312 0.758789 1309542275.015535
0.462891 -0.653320 0.466797 1309542275.057574
0.447266 -0.894531 0.418945 1309542275.111600
0.408203 -0.820312 0.391602 1309542275.136571
0.312500 -0.750977 0.408203 1309542275.137590
0.226562 -0.668945 0.458008 1309542275.181555
0.262695 -0.702148 0.605469 1309542275.204538
0.278320 -0.779297 0.600586 1309542275.249571
0.420898 -0.870117 0.458008 1309542275.280533
0.418945 -0.848633 0.435547 1309542275.302556
0.420898 -0.823242 0.412109 1309542275.331573
0.405273 -0.746094 0.440430 1309542275.374543
0.398438 -0.675781 0.510742 1309542275.417544
0.424805 -0.599609 0.555664 1309542275.452543
0.444336 -0.626953 0.538086 1309542275.475594
0.453125 -0.647461 0.532227 1309542275.502600
0.458984 -0.679688 0.542969 1309542275.524600
0.423828 -0.721680 0.500000 1309542275.570606
0.363281 -0.693359 0.505859 1309542275.591576
0.410156 -0.695312 0.537109 1309542275.635600
0.425781 -0.665039 0.513672 1309542275.655603
0.425781 -0.686523 0.512695 1309542275.697611
0.422852 -0.718750 0.497070 1309542275.719603
0.421875 -0.718750 0.500000 1309542275.765608
0.400391 -0.708008 0.523438 1309542275.786602
0.414062 -0.735352 0.504883 1309542275.830603
0.410156 -0.727539 0.508789 1309542275.854604
0.438477 -0.746094 0.492188 1309542275.880570
0.406250 -0.746094 0.492188 1309542275.914610
0.358398 -0.763672 0.496094 1309542275.959582
0.329102 -0.813477 0.443359 1309542275.981557
0.362305 -0.794922 0.466797 1309542276.024599
0.338867 -0.797852 0.548828 1309542276.047612
0.271484 -0.770508 0.486328 1309542276.091613
0.271484 -0.770508 0.486328 1309542276.112618
0.297852 -0.903320 0.431641 1309542276.150567
0.303711 -0.978516 0.439453 1309542276.171571
0.295898 -0.884766 0.402344 1309542276.216587
0.333008 -0.894531 0.381836 1309542276.237557
0.447266 -1.046875 0.442383 1309542276.281578
0.511719 -1.001953 0.362305 1309542276.302596
0.588867 -0.692383 0.217773 1309542276.351561
0.721680 -0.878906 0.348633 1309542276.417564
0.878906 -0.828125 0.216797 1309542276.440597
1.047852 -0.804688 0.147461 1309542276.441592
1.310547 -0.695312 0.119141 1309542276.461623
1.229492 -0.689453 0.054688 1309542276.505626
1.164062 -0.727539 0.088867 1309542276.536617
1.085938 -0.465820 0.073242 1309542276.559618
1.000977 -0.418945 0.018555 1309542276.587620
0.936523 -0.451172 -0.062500 1309542276.630622
0.820312 -0.425781 -0.057617 1309542276.655626
0.778320 -0.339844 -0.041016 1309542276.697619
0.807617 -0.366211 -0.057617 1309542276.756635
0.739258 -0.390625 -0.054688 1309542276.764628
0.766602 -0.411133 -0.060547 1309542276.789623
0.764648 -0.431641 -0.067383 1309542276.812626
0.736328 -0.431641 -0.067383 1309542276.844626
0.739258 -0.464844 -0.048828 1309542276.886622
0.698242 -0.501953 -0.003906 1309542276.911628
0.728516 -0.489258 0.021484 1309542276.962573
0.731445 -0.514648 0.031250 1309542276.984604
0.741211 -0.582031 0.032227 1309542277.006636
0.764648 -0.557617 0.048828 1309542277.033644
0.843750 -0.575195 0.036133 1309542277.075628
0.895508 -0.566406 0.068359 1309542277.117575
0.904297 -0.481445 0.093750 1309542277.140578
0.923828 -0.481445 0.141602 1309542277.189608
0.951172 -0.476562 0.134766 1309542277.212577
0.910156 -0.460938 0.137695 1309542277.242576
0.892578 -0.424805 0.176758 1309542277.277583
0.917969 -0.395508 0.146484 1309542277.300590
0.977539 -0.381836 0.140625 1309542277.346604
0.926758 -0.362305 0.130859 1309542277.379579
0.871094 -0.342773 0.160156 1309542277.401584
0.894531 -0.376953 0.160156 1309542277.423626
0.884766 -0.365234 0.118164 1309542277.469581
0.887695 -0.397461 0.127930 1309542277.511658
0.893555 -0.396484 0.127930 1309542277.535643
0.878906 -0.417969 0.101562 1309542277.557638
0.901367 -0.470703 0.103516 1309542277.582645
0.930664 -0.533203 0.119141 1309542277.632636
0.847656 -0.524414 0.095703 1309542277.685651
0.866211 -0.575195 0.067383 1309542277.686642
0.811523 -0.550781 0.056641 1309542277.732641
0.789062 -0.539062 0.007812 1309542277.755645
0.764648 -0.525391 0.003906 1309542277.776652
0.748047 -0.525391 -0.010742 1309542277.820644
0.748047 -0.275391 -0.010742 1309542277.841622
0.737305 -0.437500 -0.004883 1309542277.899590
0.711914 -0.414062 -0.041016 1309542277.920586
0.677734 -0.410156 -0.043945 1309542277.962623
0.746094 -0.410156 -0.043945 1309542277.984653
0.761719 -0.483398 -0.047852 1309542278.009653
0.738281 -0.483398 -0.029297 1309542278.051858
0.732422 -0.549805 -0.001953 1309542278.074615
0.775391 -0.558594 0.051758 1309542278.117596
0.813477 -0.623047 0.089844 1309542278.140630
0.895508 -0.623047 0.089844 1309542278.162602
0.841797 -0.708008 0.180664 1309542278.211626
0.900391 -0.775391 0.247070 1309542278.236648
0.892578 -0.897461 0.281250 1309542278.280600
0.827148 -1.060547 0.381836 1309542278.302599
0.709961 -0.852539 0.506836 1309542278.324602
1.099609 -1.352539 0.506836 1309542278.369625
0.479492 -0.566406 0.623047 1309542278.402663
0.524414 -0.858398 0.572266 1309542278.444656
0.449219 -1.010742 0.436523 1309542278.487664
0.366211 -0.780273 0.297852 1309542278.489658
0.245117 -0.778320 0.331055 1309542278.532655
0.197266 -0.713867 0.377930 1309542278.556662
0.204102 -0.690430 0.525391 1309542278.599663
0.278320 -0.708008 0.559570 1309542278.622656
0.403320 -0.824219 0.483398 1309542278.664666
0.450195 -0.887695 0.430664 1309542278.706660
0.452148 -0.862305 0.393555 1309542278.719659
0.377930 -0.806641 0.400391 1309542278.771661
0.350586 -0.773438 0.471680 1309542278.794665
0.362305 -0.728516 0.516602 1309542278.815663
0.410156 -0.693359 0.532227 1309542278.860669
0.434570 -0.789062 0.502930 1309542278.881615
0.472656 -0.789062 0.502930 1309542278.901611
0.422852 -0.777344 0.439453 1309542278.992664
0.423828 -0.728516 0.446289 1309542279.015642
0.448242 -0.727539 0.502930 1309542279.030638
0.436523 -0.734375 0.467773 1309542279.050613
0.379883 -0.735352 0.468750 1309542279.075681
0.442383 -0.733398 0.436523 1309542279.114677
0.408203 -0.791992 0.474609 1309542279.136615
0.412109 -0.737305 0.488281 1309542279.179623
0.433594 -0.741211 0.480469 1309542279.202624
0.418945 -0.754883 0.474609 1309542279.247649
0.420898 -0.734375 0.472656 1309542279.272642
0.440430 -0.750000 0.477539 1309542279.319616
0.429688 -0.761719 0.487305 1309542279.341676
0.452148 -0.753906 0.463867 1309542279.366671
0.415039 -0.775391 0.495117 1309542279.404679
0.375977 -0.780273 0.553711 1309542279.427677
0.385742 -0.750000 0.551758 1309542279.450681
0.291992 -0.744141 0.528320 1309542279.496661
0.237305 -0.782227 0.579102 1309542279.519650
0.215820 -0.791016 0.537109 1309542279.566688
0.183594 -0.784180 0.436523 1309542279.587684
0.185547 -0.812500 0.472656 1309542279.622676
0.194336 -0.833008 0.447266 1309542279.644682
0.213867 -0.870117 0.362305 1309542279.689685
0.241211 -0.905273 0.328125 1309542279.767688
0.300781 -0.848633 0.335938 1309542279.787682
0.416016 -0.739258 0.293945 1309542279.796681
0.503906 -0.711914 0.232422 1309542279.825659
0.701172 -0.708984 0.177734 1309542279.847629
0.951172 -0.708984 0.177734 1309542279.870630
1.309570 -0.680664 0.138672 1309542279.917680
1.588867 -0.642578 0.071289 1309542279.951686
1.660156 -0.699219 0.053711 1309542279.975683
1.487305 -0.539062 -0.015625 1309542280.024633
1.320312 -0.690430 0.084961 1309542280.046635
1.173828 -0.538086 0.002930 1309542280.092693
1.092773 -0.418945 0.010742 1309542280.116635
0.964844 -0.377930 0.044922 1309542280.137632
0.871094 -0.410156 0.073242 1309542280.181642
0.768555 -0.420898 0.029297 1309542280.209635
0.671875 -0.420898 0.029297 1309542280.261642
0.612305 -0.423828 0.000000 1309542280.293636
0.636719 -0.451172 0.036133 1309542280.294636
0.652344 -0.486328 0.008789 1309542280.337701
0.667969 -0.515625 0.026367 1309542280.360493
0.617188 -0.490234 0.041992 1309542280.402699
0.654297 -0.531250 0.040039 1309542280.445700
0.626953 -0.484375 0.046875 1309542280.476697
0.678711 -0.564453 0.038086 1309542280.499695
0.802734 -0.559570 0.078125 1309542280.520668
0.953125 -0.541016 0.052734 1309542280.566700
0.955078 -0.567383 0.030273 1309542280.589703
0.955078 -0.567383 0.030273 1309542280.610698
0.937500 -0.533203 0.049805 1309542280.655697
0.907227 -0.535156 0.045898 1309542280.699703
0.911133 -0.535156 0.109375 1309542280.721702
0.948242 -0.517578 0.104492 1309542280.765700
0.908203 -0.468750 0.104492 1309542280.788702
0.873047 -0.468750 0.104492 1309542280.815647
0.849609 -0.449219 0.131836 1309542280.862680
0.798828 -0.447266 0.166992 1309542280.884719
0.797852 -0.476562 0.173828 1309542280.930703
0.772461 -0.443359 0.165039 1309542280.954713
0.791992 -0.444336 0.165039 1309542280.977651
0.841797 -0.456055 0.142578 1309542281.020693
0.865234 -0.524414 0.153320 1309542281.042698
0.904297 -0.512695 0.160156 1309542281.086655
0.890625 -0.542969 0.158203 1309542281.109651
0.932617 -0.589844 0.129883 1309542281.131685
0.987305 -0.539062 0.115234 1309542281.176655
0.984375 -0.538086 0.166016 1309542281.216657
0.945312 -0.504883 0.132812 1309542281.237698
0.944336 -0.493164 0.138672 1309542281.274704
0.863281 -0.572266 0.101562 1309542281.295735
0.791992 -0.572266 0.096680 1309542281.341718
0.737305 -0.566406 0.076172 1309542281.364690
0.678711 -0.523438 0.076172 1309542281.389715
0.583984 -0.549805 -0.027344 1309542281.437713
0.538086 -0.513672 -0.020508 1309542281.459721
0.533203 -0.507812 -0.043945 1309542281.501720
0.647461 -0.519531 -0.045898 1309542281.569720
0.663086 -0.507812 -0.040039 1309542281.570717
0.691406 -0.486328 -0.053711 1309542281.590720
0.757812 -0.489258 -0.030273 1309542281.632719
0.932617 -0.633789 -0.011719 1309542281.655720
1.001953 -0.691406 0.003906 1309542281.699720
1.038086 -0.591797 0.101562 1309542281.720694
1.078125 -0.644531 0.176758 1309542281.742721
1.083984 -0.722656 0.288086 1309542281.787666
1.071289 -0.754883 0.277344 1309542281.810708
1.024414 -0.732422 0.346680 1309542281.854727
0.941406 -0.746094 0.402344 1309542281.876727
0.819336 -0.806641 0.381836 1309542281.899725
0.731445 -0.830078 0.353516 1309542281.944705
0.629883 -0.832031 0.353516 1309542281.965672
0.669922 -0.832031 0.353516 1309542282.010715
0.409180 -0.320312 0.823242 1309542282.052676
0.326172 -0.497070 0.424805 1309542282.075672
0.220703 -0.497070 0.424805 1309542282.097703
0.187500 -0.697266 0.471680 1309542282.149672
0.193359 -0.787109 0.732422 1309542282.171675
0.281250 -0.783203 0.644531 1309542282.195678
0.316406 -0.729492 0.507812 1309542282.246707
0.358398 -0.761719 0.489258 1309542282.269707
0.358398 -0.772461 0.489258 1309542282.293732
0.385742 -0.735352 0.559570 1309542282.327738
0.395508 -0.692383 0.543945 1309542282.375734
0.386719 -0.664062 0.503906 1309542282.417735
0.357422 -0.683594 0.554688 1309542282.419734
0.338867 -0.721680 0.534180 1309542282.466729
0.351562 -0.727539 0.500000 1309542282.509734
0.391602 -0.748047 0.516602 1309542282.531723
0.344727 -0.733398 0.495117 1309542282.554740
0.412109 -0.724609 0.491211 1309542282.599736
0.420898 -0.699219 0.520508 1309542282.614737
0.423828 -0.708984 0.513672 1309542282.664742
0.406250 -0.701172 0.536133 1309542282.687744
0.439453 -0.702148 0.512695 1309542282.741710
0.350586 -0.683594 0.520508 1309542282.755687
0.444336 -0.676758 0.535156 1309542282.780689
0.445312 -0.744141 0.497070 1309542282.851736
0.419922 -0.714844 0.747070 1309542282.853728
0.415039 -0.728516 0.524414 1309542282.890745
0.436523 -0.718750 0.482422 1309542282.914688
0.404297 -0.709961 0.481445 1309542282.957691
0.441406 -0.693359 0.508789 1309542282.970720
0.428711 -0.722656 0.508789 1309542283.001724
0.418945 -0.684570 0.508789 1309542283.044693
0.377930 -0.691406 0.525391 1309542283.074723
0.375000 -0.674805 0.546875 1309542283.117692
0.375977 -0.705078 0.498047 1309542283.142694
0.302734 -0.707031 0.514648 1309542283.190714
0.304688 -0.762695 0.501953 1309542283.191694
0.324219 -0.755859 0.251953 1309542283.235731
0.292969 -0.734375 0.498047 1309542283.260733
0.274414 -0.749023 0.523438 1309542283.295755
0.269531 -0.807617 0.521484 1309542283.339754
0.223633 -0.748047 0.530273 1309542283.360719
0.231445 -0.747070 0.496094 1309542283.405756
0.209961 -0.791992 0.515625 1309542283.447756
0.268555 -0.855469 0.515625 1309542283.449753
0.303711 -0.855469 0.515625 1309542283.491757
0.291016 -0.906250 0.527344 1309542283.544756
0.351562 -0.947266 0.400391 1309542283.567758
0.347656 -0.963867 0.330078 1309542283.590756
0.416016 -0.974609 0.309570 1309542283.634756
0.600586 -1.187500 0.509766 1309542283.655759
0.604492 -0.728516 0.195312 1309542283.679754
0.718750 -0.837891 0.339844 1309542283.727708
0.904297 -0.699219 0.321289 1309542283.751702
1.154297 -0.632812 0.231445 1309542283.773757
1.250000 -0.808594 0.149414 1309542283.844766
1.336914 -0.808594 0.098633 1309542283.845760
1.280273 -0.595703 0.118164 1309542283.881710
1.179688 -0.456055 0.077148 1309542283.902709
1.015625 -0.386719 -0.020508 1309542283.946750
0.887695 -0.449219 -0.020508 1309542283.971739
0.784180 -0.382812 -0.050781 1309542284.017710
0.706055 -0.351562 -0.017578 1309542284.041720
0.609375 -0.333008 -0.033203 1309542284.065716
0.533203 -0.343750 -0.033203 1309542284.146714
0.532227 -0.448242 -0.056641 1309542284.147712
0.601562 -0.443359 -0.013672 1309542284.166712
0.698242 -0.409180 -0.066406 1309542284.190764
0.647461 -0.564453 -0.032227 1309542284.229760
0.833008 -0.549805 0.050781 1309542284.275765
0.830078 -0.610352 0.036133 1309542284.297772
0.875000 -0.595703 0.055664 1309542284.342777
0.875977 -0.583984 0.055664 1309542284.364772
0.863281 -0.571289 0.052734 1309542284.407778
0.871094 -0.556641 0.077148 1309542284.431775
0.852539 -0.562500 0.082031 1309542284.474772
0.873047 -0.578125 0.101562 1309542284.482778
0.862305 -0.576172 0.124023 1309542284.511776
0.897461 -0.585938 0.124023 1309542284.555777
0.897461 -0.585938 0.124023 1309542284.580794
0.895508 -0.513672 0.221680 1309542284.634780
0.919922 -0.485352 0.203125 1309542284.665756
0.898438 -0.430664 0.191406 1309542284.686719
0.903320 -0.418945 0.193359 1309542284.707722
0.879883 -0.410156 0.202148 1309542284.751776
0.858398 -0.387695 0.194336 1309542284.799780
0.865234 -0.425781 0.169922 1309542284.821780
0.875000 -0.423828 0.161133 1309542284.855729
0.875977 -0.429688 0.174805 1309542284.880724
0.901367 -0.433594 0.174805 1309542284.903762
0.869141 -0.473633 0.123047 1309542284.937730
0.844727 -0.427734 0.112305 1309542284.994779
0.847656 -0.488281 0.126953 1309542285.015731
0.805664 -0.551758 0.003906 1309542285.036741
0.733398 -0.600586 0.026367 1309542285.061735
0.641602 -0.600586 0.026367 1309542285.109735
0.568359 -0.583984 -0.019531 1309542285.144789
0.535156 -0.482422 -0.044922 1309542285.170789
0.649414 -0.581055 -0.027344 1309542285.192789
0.704102 -0.621094 -0.003906 1309542285.226788
0.662109 -0.571289 0.056641 1309542285.270789
0.703125 -0.586914 0.003906 1309542285.294791
0.755859 -0.671875 0.031250 1309542285.339791
0.852539 -0.613281 0.111328 1309542285.362794
0.876953 -0.613281 0.146484 1309542285.429793
0.970703 -0.615234 0.202148 1309542285.451795
1.043945 -0.632812 0.220703 1309542285.471794
1.043945 -0.632812 0.220703 1309542285.494809
0.971680 -0.767578 0.290039 1309542285.524801
0.899414 -0.809570 0.354492 1309542285.547791
0.812500 -0.900391 0.402344 1309542285.592798
0.681641 -0.928711 0.392578 1309542285.615800
1.093750 -1.302734 1.379883 1309542285.656742
0.491211 -0.566406 0.733398 1309542285.678746
0.457031 -0.651367 0.415039 1309542285.715812
0.330078 -0.733398 0.392578 1309542285.745808
0.168945 -0.770508 0.390625 1309542285.791760
0.163086 -0.757812 0.512695 1309542285.814745
0.151367 -0.708008 0.590820 1309542285.837746
0.245117 -0.818359 0.588867 1309542285.881779
0.293945 -0.831055 0.556641 1309542285.905777
0.307617 -0.625000 0.512695 1309542285.949750
0.330078 -0.624023 0.530273 1309542285.974784
0.310547 -0.624023 0.579102 1309542286.021752
0.331055 -0.625000 0.533203 1309542286.034744
0.354492 -0.657227 0.525391 1309542286.076773
0.452148 -0.691406 0.523438 1309542286.099783
0.490234 -0.685547 0.514648 1309542286.152809
0.459961 -0.711914 0.523438 1309542286.175807
0.442383 -0.722656 0.512695 1309542286.206809
0.389648 -0.735352 0.507812 1309542286.231804
0.387695 -0.716797 0.516602 1309542286.253812
0.388672 -0.705078 0.509766 1309542286.300785
0.420898 -0.722656 0.509766 1309542286.322807
0.397461 -0.722656 0.483398 1309542286.365812
0.427734 -0.722656 0.453125 1309542286.414817
0.413086 -0.726562 0.457031 1309542286.435812
0.414062 -0.718750 0.707031 1309542286.457813
0.424805 -0.730469 0.509766 1309542286.488818
0.443359 -0.730469 0.509766 1309542286.511815
0.440430 -0.770508 0.525391 1309542286.556819
0.433594 -0.734375 0.498047 1309542286.590818
0.461914 -0.705078 0.482422 1309542286.612760
0.411133 -0.720703 0.488281 1309542286.667808
0.394531 -0.749023 0.496094 1309542286.736814
0.389648 -0.716797 0.507812 1309542286.737810
0.358398 -0.711914 0.503906 1309542286.755821
0.347656 -0.750000 0.496094 1309542286.800763
0.357422 -0.750000 0.496094 1309542286.822767
0.337891 -0.701172 0.470703 1309542286.847790
0.301758 -0.790039 0.480469 1309542286.895765
0.276367 -0.843750 0.443359 1309542286.905814
0.273438 -0.859375 0.479492 1309542286.952777
0.234375 -0.858398 0.489258 1309542286.973766
0.167969 -0.837891 0.519531 1309542287.000787
0.177734 -0.812500 0.517578 1309542287.043790
0.194336 -0.830078 0.477539 1309542287.078798
0.217773 -0.844727 0.416992 1309542287.100799
0.279297 -0.962891 0.432617 1309542287.142802
0.299805 -1.212891 0.432617 1309542287.165826
0.262695 -1.017578 0.272461 1309542287.208827
0.274414 -0.966797 0.276367 1309542287.230822
0.316406 -0.960938 0.296875 1309542287.280835
0.530273 -1.225586 0.492188 1309542287.301826
0.582031 -0.859375 0.121094 1309542287.322832
0.582031 -0.859375 0.121094 1309542287.345834
0.787109 -0.701172 0.267578 1309542287.388835
0.897461 -0.809570 0.176758 1309542287.436832
1.233398 -0.815430 0.092773 1309542287.458832
1.285156 -0.920898 -0.004883 1309542287.503831
1.229492 -0.458008 0.044922 1309542287.526834
1.229492 -0.458008 0.044922 1309542287.547854
1.075195 -0.496094 0.021484 1309542287.597778
0.981445 -0.470703 -0.088867 1309542287.620822
0.892578 -0.541992 -0.093750 1309542287.641837
0.774414 -0.389648 -0.135742 1309542287.684836
0.684570 -0.367188 -0.157227 1309542287.705843
0.605469 -0.346680 -0.101562 1309542287.748783
0.636719 -0.376953 -0.035156 1309542287.792830
0.585938 -0.425781 -0.089844 1309542287.815838
0.658203 -0.406250 -0.103516 1309542287.837804
0.649414 -0.519531 -0.078125 1309542287.867784
0.690430 -0.518555 -0.046875 1309542287.913815
0.763672 -0.525391 -0.039062 1309542287.940817
0.786133 -0.601562 0.006836 1309542288.006787
0.831055 -0.587891 0.065430 1309542288.007793
0.866211 -0.607422 0.043945 1309542288.026828
0.868164 -0.541992 0.039062 1309542288.070848
0.907227 -0.623047 0.090820 1309542288.092846
0.957031 -0.568359 0.083984 1309542288.141849
0.935547 -0.508789 0.128906 1309542288.185848
0.930664 -0.507812 0.140625 1309542288.207848
0.881836 -0.486328 0.156250 1309542288.231839
