0.986328 -0.262695 0.249023 1311188350.620790
0.986328 -0.284180 0.292969 1311188350.665785
1.018555 -0.369141 0.339844 1311188350.688789
1.083008 -0.289062 0.382812 1311188350.711792
1.038086 -0.398438 0.436523 1311188350.754796
1.026367 -0.398438 0.436523 1311188350.777794
1.061523 -0.469727 0.486328 1311188350.820822
0.975586 -0.698242 0.529297 1311188350.853794
0.947266 -0.805664 0.527344 1311188350.889796
0.755859 -0.936523 0.448242 1311188350.914793
0.626953 -1.135742 0.351562 1311188350.938803
0.397461 -1.135742 0.351562 1311188350.960807
0.290039 -1.317383 0.324219 1311188351.005806
0.189453 -1.101562 0.274414 1311188351.049803
0.105469 -0.857422 0.240234 1311188351.070794
0.112305 -0.929688 0.209961 1311188351.094798
0.005859 -0.881836 0.072266 1311188351.119813
0.005859 -0.798828 0.007812 1311188351.173799
-0.005859 -0.752930 0.001953 1311188351.194800
0.040039 -0.693359 0.054688 1311188351.238802
-0.090820 -0.761719 0.071289 1311188351.283835
-0.056641 -0.795898 0.186523 1311188351.295798
0.138672 -0.701172 0.557617 1311188351.318807
-1.861328 -0.701172 0.557617 1311188351.365823
0.248047 -0.156250 0.592773 1311188351.391814
-0.632812 -0.520508 0.351562 1311188351.442815
-0.154297 -0.802734 0.531250 1311188351.500806
-0.028320 -0.804688 0.793945 1311188351.534805
0.045898 -0.763672 0.727539 1311188351.535802
0.053711 -0.953125 0.684570 1311188351.558827
-0.043945 -0.795898 0.642578 1311188351.583810
-0.075195 -0.743164 0.586914 1311188351.626816
-0.047852 -0.885742 0.585938 1311188351.648770
0.096680 -0.861328 0.643555 1311188351.696820
-0.039062 -0.861328 0.643555 1311188351.707813
0.031250 -0.830078 0.738281 1311188351.783827
-0.007812 -0.808594 0.697266 1311188351.845814
-0.080078 -0.947266 0.750000 1311188351.849817
-0.009766 -0.904297 0.751953 1311188351.869821
-0.150391 -0.908203 0.662109 1311188351.883816
-0.136719 -0.910156 0.643555 1311188351.905810
-0.136719 -0.910156 0.643555 1311188351.929809
-0.283203 -0.845703 0.440430 1311188351.973820
-0.348633 -0.841797 0.405273 1311188352.016799
-0.357422 -0.884766 0.392578 1311188352.039817
-0.464844 -0.745117 0.174805 1311188352.063810
-0.558594 -0.751953 0.077148 1311188352.106816
-0.545898 -0.869141 0.102539 1311188352.153840
-0.668945 -0.750000 -0.189453 1311188352.180826
-0.694336 -0.801758 -0.234375 1311188352.205826
-0.697266 -0.822266 -0.130859 1311188352.226822
-0.793945 -0.837891 -0.276367 1311188352.293821
-0.539062 -0.932617 -0.119141 1311188352.311833
-0.354492 -0.849609 0.034180 1311188352.338832
-0.364258 -0.802734 -0.065430 1311188352.373831
0.075195 -1.039062 0.242188 1311188352.395823
0.340820 -0.151367 -0.159180 1311188352.418825
-1.980469 0.121094 1.969727 1311188352.461814
1.022461 -0.273438 0.805664 1311188352.486855
-0.633789 -0.461914 0.510742 1311188352.518832
-0.217773 -0.951172 0.542969 1311188352.570829
0.001953 -0.709961 0.709961 1311188352.615826
0.056641 -0.775391 0.785156 1311188352.635831
0.035156 -0.821289 0.631836 1311188352.658831
-0.038086 -0.961914 0.646484 1311188352.713832
-0.005859 -0.845703 0.651367 1311188352.795838
-0.026367 -0.794922 0.523438 1311188352.819829
0.043945 -0.768555 0.597656 1311188352.820831
0.141602 -0.738281 0.622070 1311188352.831839
0.130859 -0.776367 0.630859 1311188352.842836
0.231445 -0.759766 0.746094 1311188352.863835
0.183594 -0.748047 0.846680 1311188352.893830
0.086914 -0.741211 0.788086 1311188352.979853
0.087891 -0.807617 0.827148 1311188352.991837
-0.012695 -0.877930 0.803711 1311188353.015841
-0.012695 -0.877930 0.803711 1311188353.028836
-0.166016 -0.936523 0.621094 1311188353.073854
-0.206055 -0.945312 0.587891 1311188353.094843
-0.270508 -0.949219 0.372070 1311188353.138850
-0.370117 -0.919922 0.246094 1311188353.181842
-0.359375 -0.829102 0.183594 1311188353.184839
-0.483398 -0.902344 0.176758 1311188353.250843
-0.527344 -0.884766 0.070312 1311188353.274844
-0.583008 -0.878906 0.031250 1311188353.309826
-0.504883 -0.753906 0.042969 1311188353.333847
-0.582031 -0.759766 0.019531 1311188353.396847
-0.482422 -0.917969 0.011719 1311188353.398846
-0.393555 -0.751953 0.068359 1311188353.429850
-0.486328 -0.802734 0.086914 1311188353.498854
-0.289062 -0.782227 0.237305 1311188353.508809
-0.260742 -0.852539 0.253906 1311188353.520849
0.714844 0.656250 1.983398 1311188353.548848
-1.984375 -0.669922 0.983398 1311188353.571855
0.879883 0.239258 0.996094 1311188353.614865
-0.535156 -0.426758 0.557617 1311188353.660827
-0.228516 -0.798828 0.671875 1311188353.691854
-0.234375 -0.573242 0.621094 1311188353.717850
-0.094727 -0.722656 0.632812 1311188353.741858
-0.077148 -0.708008 0.632812 1311188353.763847
-0.059570 -0.724609 0.642578 1311188353.806848
-0.002930 -0.776367 0.630859 1311188353.865858
0.019531 -0.733398 0.597656 1311188353.884858
0.134766 -0.745117 0.600586 1311188353.910852
0.089844 -0.748047 0.663086 1311188353.939842
0.047852 -0.777344 0.537109 1311188353.981869
0.092773 -0.777344 0.537109 1311188354.019876
0.149414 -0.890625 0.733398 1311188354.078862
0.007812 -0.821289 0.709961 1311188354.079857
0.041016 -0.938477 0.689453 1311188354.120863
-0.026367 -0.910156 0.767578 1311188354.121857
-0.164062 -0.986328 0.641602 1311188354.168858
-0.196289 -1.050781 0.522461 1311188354.190862
-0.269531 -1.076172 0.507812 1311188354.234866
-0.359375 -0.968750 0.421875 1311188354.277861
-0.458984 -1.036133 0.279297 1311188354.300866
-0.513672 -1.123047 0.297852 1311188354.338868
-0.527344 -1.057617 0.152344 1311188354.359863
-0.514648 -0.982422 0.031250 1311188354.396862
-0.443359 -0.996094 0.031250 1311188354.419875
-0.390625 -0.972656 -0.009766 1311188354.540866
-0.419922 -0.821289 -0.102539 1311188354.584863
-0.298828 -0.806641 0.020508 1311188354.586862
-0.383789 -0.927734 -0.033203 1311188354.600870
-0.298828 -0.765625 -0.071289 1311188354.605869
-0.188477 -0.803711 0.203125 1311188354.631871
-0.264648 -0.729492 0.133789 1311188354.654871
0.093750 -1.162109 -0.249023 1311188354.678871
-1.978516 0.948242 1.564453 1311188354.699868
0.440430 -0.375977 0.724609 1311188354.743869
-0.681641 -0.804688 0.724609 1311188354.766861
-0.262695 -0.591797 0.463867 1311188354.809872
-0.156250 -0.640625 0.649414 1311188354.858882
-0.036133 -0.678711 0.669922 1311188354.879877
0.017578 -0.678711 0.669922 1311188354.900877
-0.056641 -0.882812 0.591797 1311188354.944875
0.035156 -1.075195 0.569336 1311188355.009883
0.130859 -0.892578 0.597656 1311188355.010872
0.225586 -0.930664 0.697266 1311188355.033903
0.326172 -0.968750 0.646484 1311188355.068879
0.258789 -0.772461 0.646484 1311188355.088878
0.241211 -0.626953 0.729492 1311188355.135888
0.114258 -0.803711 0.805664 1311188355.158869
0.125000 -0.969727 0.807617 1311188355.204887
-0.002930 -0.994141 0.750977 1311188355.226874
0.006836 -1.028320 0.672852 1311188355.249882
-0.104492 -1.076172 0.613281 1311188355.349881
-0.184570 -1.051758 0.507812 1311188355.370884
-0.264648 -1.088867 0.423828 1311188355.373879
-0.318359 -1.121094 0.307617 1311188355.390873
-0.384766 -0.980469 0.280273 1311188355.411884
-0.445312 -1.050781 0.204102 1311188355.457884
-0.463867 -0.988281 0.192383 1311188355.501753
-0.417969 -0.958984 0.055664 1311188355.523962
-0.398438 -0.900391 0.018555 1311188355.566902
-0.376953 -0.895508 0.066406 1311188355.571888
-0.332031 -0.826172 0.129883 1311188355.628871
-0.400391 -0.762695 -0.120117 1311188355.652895
-0.340820 -0.762695 -0.120117 1311188355.675893
-0.204102 -0.792969 0.140625 1311188355.706894
-0.255859 -0.806641 -0.030273 1311188355.749760
-0.276367 -0.862305 -1.040039 1311188355.770892
-0.377930 -0.144531 -0.578125 1311188355.818890
0.172852 0.355469 -0.578125 1311188355.840896
-0.419922 -1.003906 0.610352 1311188355.880916
-0.396484 -0.770508 0.467773 1311188355.903868
-0.254883 -0.696289 0.602539 1311188355.946891
0.028320 -0.402344 0.566406 1311188355.990899
-0.067383 -0.481445 0.549805 1311188355.991896
-0.037109 -0.632812 0.577148 1311188356.035895
0.212891 -0.632812 0.577148 1311188356.056895
0.157227 -0.632812 0.535156 1311188356.103897
0.191406 -0.741211 0.543945 1311188356.169907
0.328125 -1.030273 0.573242 1311188356.170875
0.350586 -0.821289 0.514648 1311188356.193901
0.350586 -0.821289 0.514648 1311188356.215898
0.365234 -0.832031 0.337891 1311188356.259898
0.454102 -0.843750 0.346680 1311188356.281915
0.551758 -0.810547 0.311523 1311188356.324906
0.633789 -0.732422 0.310547 1311188356.345888
0.741211 -0.727539 0.233398 1311188356.373902
0.826172 -0.830078 0.167969 1311188356.443903
0.825195 -0.857422 0.115234 1311188356.464911
0.909180 -0.874023 0.174805 1311188356.485907
0.999023 -0.695312 0.270508 1311188356.508980
1.031250 -0.630859 0.180664 1311188356.551900
1.016602 -0.596680 0.243164 1311188356.594907
1.023438 -0.460938 0.263672 1311188356.633903
1.018555 -0.452148 0.230469 1311188356.654908
0.993164 -0.437500 0.219727 1311188356.675918
0.963867 -0.384766 0.233398 1311188356.719913
0.918945 -0.451172 0.235352 1311188356.741754
