0.293945 -1.027344 -0.388672 1310685432.076440
0.267578 -1.007812 -0.364258 1310685432.078437
0.262695 -1.019531 -0.370117 1310685432.121450
0.315430 -1.061523 -0.370117 1310685432.142438
0.315430 -1.061523 -0.370117 1310685432.185441
0.284180 -1.064453 -0.356445 1310685432.239445
0.280273 -1.042969 -0.366211 1310685432.240440
0.300781 -1.034180 -0.360352 1310685432.284445
0.284180 -1.056641 -0.392578 1310685432.328442
0.286133 -1.019531 -0.374023 1310685432.350445
0.317383 -1.021484 -0.324219 1310685432.395449
0.317383 -1.014648 -0.344727 1310685432.415446
0.294922 -1.052734 -0.360352 1310685432.440444
0.301758 -1.054688 -0.283203 1310685432.463449
0.308594 -1.052734 -0.283203 1310685432.508451
0.307617 -1.050781 -0.303711 1310685432.553450
0.285156 -0.999023 -0.252930 1310685432.574441
0.292969 -0.991211 -0.250977 1310685432.619459
0.294922 -0.984375 -0.249023 1310685432.641444
0.326172 -0.976562 -0.244141 1310685432.665456
0.317383 -0.875000 -0.304688 1310685432.708447
0.421875 -1.009766 -0.378906 1310685432.729449
0.435547 -0.975586 -0.365234 1310685432.771448
0.405273 -0.887695 -0.391602 1310685432.816448
0.420898 -0.903320 -0.493164 1310685432.838455
0.473633 -1.156250 -0.630859 1310685432.860451
0.328125 -0.928711 -0.630859 1310685432.883456
0.401367 -1.077148 -0.595703 1310685432.929462
0.368164 -0.862305 -0.589844 1310685432.973452
0.378906 -0.847656 -0.751953 1310685432.995453
0.506836 -0.873047 -0.733398 1310685433.033451
0.506836 -0.873047 -0.733398 1310685433.060468
0.500977 -0.681641 -0.842773 1310685433.084459
0.383789 -0.691406 -0.860352 1310685433.128464
0.416992 -0.722656 -0.823242 1310685433.170457
0.516602 -0.715820 -0.803711 1310685433.193459
0.625977 -0.685547 -0.813477 1310685433.215469
0.642578 -0.604492 -0.793945 1310685433.266461
0.656250 -0.674805 -0.762695 1310685433.293463
0.654297 -0.610352 -0.824219 1310685433.314463
0.719727 -0.578125 -0.767578 1310685433.338468
0.760742 -0.520508 -0.719727 1310685433.383462
0.846680 -0.483398 -0.660156 1310685433.404464
0.855469 -0.554688 -0.571289 1310685433.448467
1.105469 -0.592773 -0.522461 1310685433.491470
1.053711 -0.335938 -0.574219 1310685433.514474
1.043945 -0.258789 -0.581055 1310685433.535468
0.965820 -0.269531 -0.454102 1310685433.583470
0.930664 -0.304688 -0.373047 1310685433.604465
0.866211 -0.375000 -0.357422 1310685433.648476
0.818359 -0.381836 -0.330078 1310685433.669469
0.838867 -0.388672 -0.326172 1310685433.693471
0.842773 -0.402344 -0.333984 1310685433.735472
0.841797 -0.445312 -0.302734 1310685433.760471
0.838867 -0.457031 -0.302734 1310685433.799470
0.876953 -0.431641 -0.221680 1310685433.833479
0.886719 -0.433594 -0.232422 1310685433.868477
0.871094 -0.451172 -0.221680 1310685433.889477
0.855469 -0.375977 -0.210938 1310685433.933467
0.860352 -0.320312 -0.188477 1310685433.976471
0.816406 -0.302734 -0.208008 1310685433.978470
0.765625 -0.285156 -0.198242 1310685434.020484
0.791992 -0.330078 -0.252930 1310685434.068464
0.861328 -0.325195 -0.259766 1310685434.090483
0.958984 -0.362305 -0.237305 1310685434.133463
0.914062 -0.375000 -0.222656 1310685434.155480
0.914062 -0.375000 -0.222656 1310685434.176457
0.886719 -0.373047 -0.174805 1310685434.223487
0.919922 -0.399414 -0.196289 1310685434.244481
0.940430 -0.420898 -0.183594 1310685434.289486
0.897461 -0.413086 -0.198242 1310685434.311501
0.939453 -0.467773 -0.148438 1310685434.334469
0.921875 -0.485352 -0.175781 1310685434.363482
0.929688 -0.529297 -0.160156 1310685434.421480
0.939453 -0.540039 -0.172852 1310685434.444483
0.940430 -0.501953 -0.140625 1310685434.468487
0.965820 -0.443359 -0.207031 1310685434.496487
0.978516 -0.384766 -0.200195 1310685434.553494
0.937500 -0.294922 -0.185547 1310685434.578465
0.958008 -0.299805 -0.195312 1310685434.599481
0.934570 -0.342773 -0.208008 1310685434.643485
0.932617 -0.367188 -0.190430 1310685434.664487
0.900391 -0.389648 -0.197266 1310685434.690491
0.930664 -0.373047 -0.205078 1310685434.716500
