0.939453 -0.218750 0.195312 1310158941.354344
0.958984 -0.212891 0.182617 1310158941.397337
0.923828 -0.257812 0.159180 1310158941.418363
1.074219 -0.290039 0.184570 1310158941.440360
0.984375 -0.237305 0.128906 1310158941.485358
1.043945 -0.287109 0.002930 1310158941.508360
1.190430 -0.294922 -0.128906 1310158941.552358
0.791016 -0.315430 -0.076172 1310158941.577366
0.692383 -0.346680 0.173828 1310158941.600359
0.579102 -0.457031 0.085938 1310158941.647362
0.471680 -0.400391 -0.018555 1310158941.679356
0.409180 -0.281250 -0.029297 1310158941.727364
0.821289 -0.333984 0.064453 1310158941.765372
1.201172 -0.387695 0.112305 1310158941.767363
1.372070 -0.209961 0.148438 1310158941.807363
1.272461 -0.211914 0.145508 1310158941.850362
1.346680 -0.092773 -0.078125 1310158941.873383
1.125977 -0.051758 -0.105469 1310158941.899371
0.921875 0.160156 -0.060547 1310158941.942384
0.770508 0.054688 -0.011719 1310158941.964369
0.520508 0.054688 -0.011719 1310158941.987378
0.483398 0.054688 -0.011719 1310158942.030379
0.277344 -0.430664 0.274414 1310158942.129374
0.075195 -0.255859 0.375000 1310158942.130371
0.672852 -0.282227 0.756836 1310158942.132371
1.853516 -0.183594 1.006836 1310158942.154378
1.979492 0.000977 1.006836 1310158942.197397
1.978516 -0.424805 1.256836 1310158942.220377
1.968750 -1.983398 0.592773 1310158942.263378
1.982422 -0.649414 -0.095703 1310158942.285384
0.964844 0.595703 -0.825195 1310158942.330378
0.141602 0.272461 -1.053711 1310158942.353381
-0.902344 0.339844 -0.889648 1310158942.383379
-0.732422 0.339844 -0.889648 1310158942.427383
-0.732422 0.339844 -0.889648 1310158942.449388
0.343750 -0.273438 -0.026367 1310158942.483378
0.420898 -0.371094 0.129883 1310158942.510387
0.748047 -0.261719 0.047852 1310158942.533402
0.930664 -0.000977 0.065430 1310158942.578385
0.346680 0.041016 -0.065430 1310158942.622384
-0.061523 -0.269531 -0.187500 1310158942.665387
-0.439453 -0.125977 -0.055664 1310158942.667382
-0.547852 0.111328 -0.086914 1310158942.709401
-0.375977 -0.139648 -0.086914 1310158942.733385
-0.019531 -0.253906 0.083008 1310158942.773390
0.457031 -0.642578 0.299805 1310158942.797388
1.974609 -1.061523 0.736328 1310158942.829390
1.974609 -1.946289 0.676758 1310158942.873391
1.978516 -0.548828 1.562500 1310158942.915392
1.695312 -1.355469 1.986328 1310158942.937420
1.977539 -1.647461 1.988281 1310158942.989391
1.972656 -1.982422 1.326172 1310158943.020393
1.976562 -1.967773 0.238281 1310158943.032385
-0.290039 0.420898 -1.981445 1310158943.074372
-0.538086 1.745117 -1.982422 1310158943.097377
-0.538086 1.745117 -1.982422 1310158943.118408
-0.541016 -0.297852 -0.882812 1310158943.187399
0.382812 -0.342773 -0.213867 1310158943.197443
0.809570 -0.278320 0.353516 1310158943.244393
0.540039 -0.269531 0.306641 1310158943.247398
0.951172 -0.468750 0.155273 1310158943.290395
1.186523 0.252930 0.175781 1310158943.314399
0.564453 0.036133 -0.039062 1310158943.430400
0.202148 -0.339844 -0.146484 1310158943.442433
-0.196289 -0.066406 -0.438477 1310158943.443380
-0.340820 0.259766 -0.324219 1310158943.453435
-0.973633 -0.354492 -0.825195 1310158943.475393
-0.623047 -0.533203 -0.139648 1310158943.522402
0.431641 -0.672852 0.583984 1310158943.544405
1.974609 -0.679688 0.902344 1310158943.588407
1.977539 -1.509766 1.981445 1310158943.613440
1.971680 -1.895508 1.991211 1310158943.635405
1.974609 -1.894531 1.988281 1310158943.678404
1.971680 -1.982422 1.992188 1310158943.707406
1.973633 -1.981445 0.906250 1310158943.742411
1.809570 -1.132812 -0.403320 1310158943.770403
1.589844 -0.102539 -1.108398 1310158943.810428
0.723633 0.659180 -1.977539 1310158943.844405
-0.181641 0.449219 -1.976562 1310158943.866407
-0.277344 -0.115234 -1.976562 1310158943.888403
0.053711 -0.117188 -0.667969 1310158943.933410
0.089844 -0.323242 -0.240234 1310158943.978416
0.333984 -0.651367 0.335938 1310158944.007413
0.742188 -0.239258 0.347656 1310158944.028412
1.492188 -0.239258 0.347656 1310158944.049433
0.804688 -0.292969 0.241211 1310158944.094416
0.470703 -0.092773 0.036133 1310158944.137415
-0.134766 0.025391 -0.055664 1310158944.159411
-0.164062 0.106445 -0.196289 1310158944.182419
-0.064453 0.250000 -0.125977 1310158944.224417
0.025391 -0.369141 -0.166016 1310158944.247414
0.566406 0.024414 0.380859 1310158944.290415
1.977539 -0.714844 0.498047 1310158944.333418
1.979492 -0.728516 1.030273 1310158944.355418
1.976562 -1.278320 1.988281 1310158944.377418
1.972656 -1.602539 1.987305 1310158944.419416
1.972656 -1.821289 1.986328 1310158944.442425
1.973633 -1.982422 1.532227 1310158944.487423
1.974609 -1.266602 0.208984 1310158944.509422
1.913086 0.544922 -1.872070 1310158944.554424
0.717773 1.195312 -1.978516 1310158944.587421
0.148438 0.911133 -1.979492 1310158944.609424
-0.154297 -0.060547 -1.359375 1310158944.655438
0.651367 0.122070 -0.737305 1310158944.708425
0.188477 -0.609375 -0.233398 1310158944.710416
0.264648 -0.515625 0.314453 1310158944.733425
0.615234 -0.076172 0.337891 1310158944.780431
0.604492 -0.450195 0.168945 1310158944.802448
0.688477 -0.307617 0.158203 1310158944.828427
0.397461 -0.378906 0.004883 1310158944.867429
-0.071289 -0.558594 -0.203125 1310158944.914432
-0.696289 -0.464844 -0.264648 1310158944.935432
-1.115234 -0.905273 -0.552734 1310158944.958430
-0.644531 -0.620117 -0.045898 1310158944.981435
0.590820 -0.919922 0.520508 1310158945.023432
1.972656 -1.792969 1.504883 1310158945.067432
1.978516 -1.196289 1.990234 1310158945.088436
1.974609 -1.892578 1.989258 1310158945.132435
1.970703 -1.981445 1.988281 1310158945.170430
1.970703 -1.981445 1.988281 1310158945.190434
1.736328 -1.779297 -0.603516 1310158945.228441
0.481445 0.409180 -1.963867 1310158945.250437
-0.498047 1.563477 -1.983398 1310158945.297452
-0.689453 0.964844 -1.974609 1310158945.310425
0.073242 -0.630859 -1.081055 1310158945.355437
0.777344 -0.127930 -0.316406 1310158945.378439
0.431641 0.108398 0.435547 1310158945.420438
0.535156 -0.416016 0.400391 1310158945.443423
0.606445 -0.046875 0.158203 1310158945.494444
1.040039 -0.022461 0.188477 1310158945.520434
1.194336 -0.171875 0.041992 1310158945.542444
0.362305 -0.539062 -0.142578 1310158945.567441
-0.541992 -0.427734 -0.215820 1310158945.615421
-0.720703 0.012695 0.131836 1310158945.638439
-1.387695 -0.357422 -0.180664 1310158945.682447
-0.195312 -0.400391 0.320312 1310158945.703444
1.979492 -0.412109 0.662109 1310158945.731469
1.978516 -0.515625 0.066406 1310158945.774448
1.981445 -0.076172 0.687500 1310158945.817467
1.979492 -0.513672 0.731445 1310158945.838427
1.674805 -0.333984 0.261719 1310158945.860446
1.459961 -0.141602 0.483398 1310158945.906438
1.053711 -0.141602 0.483398 1310158945.946429
0.639648 -0.065430 0.257812 1310158945.985453
0.304688 -0.126953 0.196289 1310158946.003451
0.236328 -0.212891 0.128906 1310158946.025454
0.258789 -0.279297 0.068359 1310158946.058444
0.525391 -0.352539 0.140625 1310158946.080402
0.999023 -0.417969 0.187500 1310158946.123404
1.155273 -0.341797 0.125000 1310158946.144431
0.969727 -0.306641 0.003906 1310158946.189457
0.748047 -0.382812 -0.063477 1310158946.233457
0.798828 -0.440430 0.030273 1310158946.257460
0.858398 -0.457031 0.042969 1310158946.278457
0.925781 -0.486328 0.087891 1310158946.302483
0.899414 -0.505859 0.125000 1310158946.345431
0.919922 -0.538086 0.160156 1310158946.390423
0.991211 -0.481445 0.179688 1310158946.412420
1.033203 -0.338867 0.119141 1310158946.460418
0.963867 -0.253906 0.104492 1310158946.482415
0.994141 -0.257812 0.038086 1310158946.525425
1.099609 -0.220703 0.106445 1310158946.549437
1.069336 -0.242188 0.178711 1310158946.572458
0.999023 -0.202148 0.188477 1310158946.612449
0.939453 -0.265625 0.188477 1310158946.634468
