0.911133 -0.330078 0.079102 1310075940.361751
0.941406 -0.330078 0.079102 1310075940.384779
0.913086 -0.340820 0.061523 1310075940.412784
0.933594 -0.309570 0.061523 1310075940.437786
0.915039 -0.281250 0.052734 1310075940.467777
0.890625 -0.275391 0.055664 1310075940.514784
0.827148 -0.245117 0.064453 1310075940.537787
0.757812 -0.201172 0.090820 1310075940.581786
0.588867 -0.060547 0.173828 1310075940.602782
0.497070 0.096680 0.265625 1310075940.674798
0.487305 0.043945 0.381836 1310075940.676763
1.018555 -0.178711 0.700195 1310075940.697799
1.593750 -0.612305 1.180664 1310075940.721798
1.788086 -1.409180 1.685547 1310075940.764753
1.971680 -1.981445 1.901367 1310075940.787757
1.973633 -1.982422 1.699219 1310075940.832753
1.971680 -1.983398 1.084961 1310075940.856798
1.832031 -1.825195 0.563477 1310075940.881740
1.039062 -1.150391 0.135742 1310075940.949808
0.503906 -0.780273 -0.145508 1310075940.991792
0.238281 -0.621094 -0.212891 1310075940.992784
0.234375 -0.619141 -0.202148 1310075941.034778
0.389648 -0.687500 -0.272461 1310075941.057792
0.577148 -0.761719 -0.208984 1310075941.078794
0.756836 -0.761719 -0.208984 1310075941.103779
0.686523 -0.723633 -0.198242 1310075941.147798
0.642578 -0.541992 -0.209961 1310075941.192825
0.673828 -0.419922 -0.166016 1310075941.214826
0.583984 -0.139648 -0.201172 1310075941.247818
0.574219 0.251953 -0.145508 1310075941.274791
0.213867 1.001953 -0.145508 1310075941.298796
-0.605469 1.949219 -0.644531 1310075941.386800
-0.902344 1.978516 -0.406250 1310075941.387783
-0.727539 1.982422 -0.246094 1310075941.406803
-0.269531 1.980469 -0.173828 1310075941.451804
0.212891 1.261719 -0.081055 1310075941.472774
0.851562 -0.270508 0.077148 1310075941.517805
1.094727 -0.924805 0.167969 1310075941.539797
1.090820 -1.637695 0.027344 1310075941.563804
1.162109 -1.984375 0.014648 1310075941.606807
1.167969 -1.441406 0.102539 1310075941.654812
0.932617 -1.257812 0.269531 1310075941.657795
0.682617 -1.257812 0.269531 1310075941.701806
0.369141 -0.732422 -0.099609 1310075941.723775
0.346680 -0.559570 -0.048828 1310075941.768816
0.362305 -0.411133 0.210938 1310075941.796804
0.330078 -0.553711 0.048828 1310075941.817804
1.015625 -0.418945 0.452148 1310075941.843785
1.976562 -0.624023 0.571289 1310075941.897808
1.973633 -1.983398 1.988281 1310075941.942809
1.971680 -1.761719 1.988281 1310075941.963805
1.970703 -1.981445 1.805664 1310075941.984781
1.974609 -1.984375 0.782227 1310075942.028811
1.970703 -1.936523 0.012695 1310075942.053808
1.689453 -1.213867 -0.288086 1310075942.099814
1.134766 -0.804688 -0.399414 1310075942.121810
1.064453 -0.843750 -0.420898 1310075942.144804
1.207031 -0.807617 -0.389648 1310075942.188817
1.278320 -0.833984 -0.300781 1310075942.228813
1.403320 -0.954102 -0.352539 1310075942.233805
1.405273 -0.825195 -0.231445 1310075942.301817
1.205078 -0.745117 -0.283203 1310075942.323806
1.126953 -0.742188 -0.231445 1310075942.344818
1.012695 -0.554688 -0.147461 1310075942.368821
1.002930 -0.144531 -0.149414 1310075942.401810
1.002930 -0.144531 -0.149414 1310075942.423832
0.100586 1.975586 -1.056641 1310075942.509823
-0.699219 1.980469 -1.284180 1310075942.510817
-0.569336 1.982422 -0.996094 1310075942.546826
-0.401367 1.983398 -0.713867 1310075942.569811
0.064453 1.228516 -0.062500 1310075942.617829
0.675781 -0.035156 0.205078 1310075942.656827
0.958984 -1.096680 0.208008 1310075942.657819
1.049805 -1.405273 0.297852 1310075942.699824
1.121094 -1.493164 0.186523 1310075942.739826
0.981445 -1.469727 0.110352 1310075942.762818
0.919922 -1.036133 0.177734 1310075942.786810
0.646484 -1.088867 0.022461 1310075942.844830
0.574219 -0.839844 -0.121094 1310075942.867828
0.708984 -0.748047 -0.038086 1310075942.898826
0.610352 -0.693359 -0.066406 1310075942.921825
0.641602 -0.704102 -0.058594 1310075942.943811
1.145508 -1.035156 0.343750 1310075942.977780
1.972656 -1.103516 0.728516 1310075943.021838
1.982422 -0.641602 1.647461 1310075943.069837
1.974609 -1.540039 1.989258 1310075943.074818
1.973633 -1.785156 1.989258 1310075943.117777
1.972656 -1.599609 1.985352 1310075943.139775
1.974609 -1.849609 1.985352 1310075943.183814
1.974609 -1.534180 0.204102 1310075943.229828
1.267578 -0.857422 -0.140625 1310075943.252819
0.928711 -1.004883 -0.440430 1310075943.274816
0.999023 -0.889648 -0.466797 1310075943.317826
1.066406 -0.831055 -0.349609 1310075943.341811
1.147461 -0.957031 -0.349609 1310075943.365843
1.274414 -1.002930 -0.337891 1310075943.408835
1.284180 -1.070312 -0.265625 1310075943.429835
1.310547 -0.951172 -0.120117 1310075943.476831
1.176758 -0.767578 -0.302734 1310075943.497840
1.066406 -0.535156 -0.236328 1310075943.541836
0.767578 0.398438 -0.288086 1310075943.582843
0.088867 1.664062 -0.960938 1310075943.603839
-0.971680 1.979492 -1.087891 1310075943.629847
-0.530273 1.976562 -0.909180 1310075943.661844
-0.190430 1.979492 -0.630859 1310075943.704845
0.270508 1.980469 -0.129883 1310075943.727841
0.828125 0.539062 0.008789 1310075943.760843
0.967773 -0.183594 -0.033203 1310075943.804823
1.110352 -1.308594 -0.065430 1310075943.828851
1.433594 -1.983398 0.029297 1310075943.872847
1.125000 -1.738281 -0.086914 1310075943.922845
1.102539 -1.123047 -0.082031 1310075943.948843
1.035156 -1.357422 -0.093750 1310075943.949842
0.830078 -1.115234 -0.054688 1310075943.994852
0.607422 -0.624023 -0.028320 1310075944.017845
0.650391 -0.611328 0.057617 1310075944.041843
0.793945 -1.068359 0.166992 1310075944.089845
1.013672 -0.881836 0.414062 1310075944.114870
1.511719 -0.972656 1.201172 1310075944.157852
1.977539 -0.638672 1.804688 1310075944.182851
1.975586 -1.806641 1.987305 1310075944.204852
1.983398 0.488281 1.992188 1310075944.249862
1.974609 -1.619141 1.987305 1310075944.278853
1.972656 -1.737305 0.677734 1310075944.299856
1.970703 -1.556641 0.044922 1310075944.342869
1.500977 -0.973633 -0.154297 1310075944.388853
1.221680 -0.960938 -0.394531 1310075944.411856
1.307617 -0.928711 -0.455078 1310075944.432855
1.381836 -0.759766 -0.312500 1310075944.476863
1.573242 -0.935547 -0.278320 1310075944.492853
1.410156 -0.866211 -0.392578 1310075944.534891
1.122070 -0.669922 -0.388672 1310075944.558853
1.109375 -0.859375 -0.261719 1310075944.604866
1.163086 -0.544922 -0.313477 1310075944.627858
1.102539 -0.204102 -0.326172 1310075944.671862
0.870117 0.408203 -0.593750 1310075944.692834
0.131836 1.916016 -1.063477 1310075944.736839
-0.638672 1.982422 -1.075195 1310075944.757869
-1.081055 1.982422 -1.075195 1310075944.801869
-0.584961 1.981445 -0.643555 1310075944.848862
-0.108398 1.847656 -0.554688 1310075944.849866
0.689453 0.472656 -0.248047 1310075944.892840
1.123047 -0.428711 -0.016602 1310075944.914870
1.444336 -1.236328 0.089844 1310075944.958868
1.425781 -1.959961 -0.177734 1310075944.979875
1.324219 -1.634766 -0.112305 1310075945.023868
1.413086 -1.181641 0.078125 1310075945.046868
1.163086 -1.181641 0.078125 1310075945.067877
1.163086 -1.181641 0.078125 1310075945.112870
0.729492 -0.677734 -0.052734 1310075945.142871
0.805664 -0.702148 0.087891 1310075945.177875
0.768555 -0.691406 0.210938 1310075945.226870
1.452148 -0.941406 0.210938 1310075945.244875
1.975586 -0.833984 1.468750 1310075945.269868
1.979492 -0.338867 1.989258 1310075945.316881
1.972656 -1.834961 1.989258 1310075945.337883
1.974609 -1.667969 1.989258 1310075945.381872
1.980469 -1.546875 1.720703 1310075945.403874
1.971680 -1.372070 1.720703 1310075945.426872
1.759766 -1.412109 0.015625 1310075945.471875
1.111328 -0.916992 -0.232422 1310075945.493852
1.114258 -0.874023 -0.311523 1310075945.537875
1.248047 -0.903320 -0.406250 1310075945.563888
1.333984 -1.123047 -0.463867 1310075945.586871
1.455078 -0.998047 -0.351562 1310075945.632872
1.433594 -1.112305 -0.338867 1310075945.654890
1.380859 -1.057617 -0.509766 1310075945.713884
1.150391 -0.793945 -0.358398 1310075945.762879
1.046875 -0.568359 -0.308594 1310075945.763877
0.913086 0.148438 -0.363281 1310075945.786879
0.610352 1.398438 -0.363281 1310075945.808882
-0.570312 1.783203 -0.830078 1310075945.857888
-0.828125 1.979492 -0.796875 1310075945.901886
-0.143555 1.983398 -0.524414 1310075945.923884
0.019531 1.980469 -0.641602 1310075945.946884
0.231445 1.143555 -0.730469 1310075945.989890
0.555664 0.087891 -0.306641 1310075946.012856
0.911133 -0.698242 0.060547 1310075946.056900
0.952148 -1.042969 -0.157227 1310075946.092865
1.361328 -1.456055 -0.417969 1310075946.113891
1.466797 -1.740234 0.051758 1310075946.143893
1.021484 -1.072266 0.051758 1310075946.165911
0.768555 -0.902344 -0.242188 1310075946.207886
0.838867 -1.011719 -0.090820 1310075946.253874
0.745117 -0.856445 0.214844 1310075946.274905
0.643555 -0.900391 0.554688 1310075946.297895
1.453125 -1.361328 0.799805 1310075946.341895
1.976562 -0.912109 1.507812 1310075946.363903
1.978516 -0.845703 1.206055 1310075946.407894
1.984375 -0.914062 0.935547 1310075946.464916
1.968750 -0.493164 1.247070 1310075946.511901
0.974609 -0.185547 1.041016 1310075946.512874
0.596680 -0.448242 0.811523 1310075946.529192
0.596680 -0.448242 0.811523 1310075946.551898
0.414062 -0.369141 0.345703 1310075946.597900
0.581055 -0.494141 0.213867 1310075946.624897
1.126953 -0.591797 0.111328 1310075946.679898
1.615234 -0.442383 0.156250 1310075946.702899
1.066406 -0.279297 0.090820 1310075946.723902
0.740234 -0.162109 0.022461 1310075946.745874
0.793945 -0.217773 -0.083984 1310075946.791910
0.928711 -0.130859 -0.084961 1310075946.834889
0.972656 -0.250977 -0.031250 1310075946.856914
0.911133 -0.426758 0.027344 1310075946.898904
0.814453 -0.528320 0.065430 1310075946.901900
0.734375 -0.505859 0.043945 1310075946.943907
0.692383 -0.396484 0.052734 1310075946.987920
0.752930 -0.359375 0.065430 1310075947.009904
0.849609 -0.352539 0.121094 1310075947.052869
0.892578 -0.364258 0.144531 1310075947.077905
0.928711 -0.330078 0.190430 1310075947.121908
0.989258 -0.308594 0.174805 1310075947.143909
0.989258 -0.266602 0.218750 1310075947.189961
0.983398 -0.276367 0.196289 1310075947.211908
0.984375 -0.309570 0.200195 1310075947.234928
0.969727 -0.310547 0.204102 1310075947.282906
0.953125 -0.274414 0.272461 1310075947.304912
0.977539 -0.227539 0.276367 1310075947.348915
0.981445 -0.302734 0.220703 1310075947.373907
0.976562 -0.401367 0.184570 1310075947.394913
