0.885742 -0.437500 -0.031250 1311115557.194798
0.904297 -0.425781 -0.027344 1311115557.238825
0.971680 -0.398438 -0.012695 1311115557.260822
0.955078 -0.334961 -0.008789 1311115557.282834
0.939453 -0.338867 0.005859 1311115557.327816
0.926758 -0.376953 0.002930 1311115557.350825
0.942383 -0.425781 -0.000977 1311115557.373832
0.867188 -0.425781 -0.000977 1311115557.415837
0.875977 -0.433594 0.000977 1311115557.462762
0.927734 -0.437500 -0.012695 1311115557.484827
0.918945 -0.462891 -0.052734 1311115557.519735
0.883789 -0.445312 -0.118164 1311115557.543792
0.843750 -0.342773 -0.118164 1311115557.568805
0.795898 -0.324219 -0.186523 1311115557.610798
0.762695 -0.319336 -0.232422 1311115557.653832
0.711914 -0.357422 -0.204102 1311115557.695764
0.758789 -0.527344 -0.267578 1311115557.697761
0.817383 -0.361328 -0.202148 1311115557.742836
0.849609 -0.383789 -0.210938 1311115557.764849
1.063477 -0.434570 0.156250 1311115557.806838
0.901367 -0.527344 0.169922 1311115557.850834
0.837891 -0.489258 -0.114258 1311115557.874846
0.918945 -0.441406 -0.088867 1311115557.898843
0.806641 -0.617188 -0.224609 1311115557.940813
0.806641 -0.617188 -0.224609 1311115557.962789
0.658203 -0.569336 -0.320312 1311115558.010849
0.659180 -0.624023 -0.348633 1311115558.097852
0.850586 -1.000977 -0.280273 1311115558.117796
0.726562 -0.748047 -0.579102 1311115558.137830
0.724609 -0.739258 -0.621094 1311115558.138844
0.883789 -0.739258 -0.621094 1311115558.158799
0.721680 -0.756836 -0.529297 1311115558.199852
0.733398 -0.708008 -0.458984 1311115558.228785
0.716797 -0.801758 -0.350586 1311115558.274850
0.656250 -0.859375 -0.358398 1311115558.302846
0.688477 -0.833008 -0.349609 1311115558.325794
0.688477 -0.926758 -0.234375 1311115558.348844
0.762695 -1.076172 -0.226562 1311115558.392970
0.782227 -1.090820 -0.145508 1311115558.413854
0.641602 -1.064453 -0.154297 1311115558.459850
0.596680 -1.016602 -0.063477 1311115558.483793
0.469727 -0.875000 0.090820 1311115558.505807
0.444336 -0.859375 0.065430 1311115558.553775
0.450195 -0.951172 0.061523 1311115558.575857
0.510742 -0.985352 0.155273 1311115558.623816
0.375977 -1.105469 0.226562 1311115558.659800
0.284180 -1.214844 0.256836 1311115558.692872
0.165039 -1.106445 0.256836 1311115558.693856
0.165039 -1.106445 0.256836 1311115558.733827
0.124023 -0.895508 0.248047 1311115558.783863
0.001953 -0.854492 0.233398 1311115558.808860
-0.069336 -0.742188 0.221680 1311115558.830810
-0.032227 -0.845703 0.283203 1311115558.875863
0.099609 -0.867188 0.267578 1311115558.900882
0.136719 -0.840820 0.273438 1311115558.963822
0.263672 -1.089844 0.256836 1311115558.965814
0.424805 -1.044922 0.208008 1311115558.995865
0.506836 -0.953125 0.226562 1311115559.039810
0.671875 -1.238281 0.233398 1311115559.060870
0.671875 -1.238281 0.233398 1311115559.082868
0.632812 -0.880859 0.584961 1311115559.127812
0.523438 -0.764648 0.592773 1311115559.173872
0.507812 -0.731445 0.530273 1311115559.195869
0.436523 -0.725586 0.440430 1311115559.217870
0.395508 -0.793945 0.391602 1311115559.240867
0.404297 -0.878906 0.377930 1311115559.288860
0.384766 -0.927734 0.357422 1311115559.382835
0.392578 -0.879883 0.324219 1311115559.398825
0.391602 -0.877930 0.332031 1311115559.399782
0.422852 -0.879883 0.369141 1311115559.423812
0.402344 -0.913086 0.349609 1311115559.445831
0.417969 -0.883789 0.347656 1311115559.468844
0.416016 -0.845703 0.347656 1311115559.513827
0.406250 -0.853516 0.332031 1311115559.560882
0.406250 -0.895508 0.359375 1311115559.583878
0.379883 -0.875000 0.349609 1311115559.627812
0.403320 -0.902344 0.348633 1311115559.628804
0.390625 -0.902344 0.349609 1311115559.669858
0.416992 -0.856445 0.347656 1311115559.713830
0.397461 -0.877930 0.357422 1311115559.747877
0.377930 -0.878906 0.334961 1311115559.770881
0.387695 -0.890625 0.331055 1311115559.813878
0.387695 -0.926758 0.348633 1311115559.835829
0.403320 -0.873047 0.337891 1311115559.869882
0.413086 -0.904297 0.323242 1311115559.914871
0.401367 -0.895508 0.344727 1311115559.935836
0.416016 -0.904297 0.328125 1311115559.979883
0.408203 -0.899414 0.355469 1311115560.002881
0.408203 -0.899414 0.355469 1311115560.025856
0.395508 -0.900391 0.342773 1311115560.070817
0.421875 -0.897461 0.348633 1311115560.092854
