0.877930 -0.501953 0.085938 1310583961.192759
0.888672 -0.567383 0.089844 1310583961.193766
0.902344 -0.542969 0.044922 1310583961.213736
1.080078 -0.357422 0.181641 1310583961.214736
0.929688 -0.115234 0.081055 1310583961.252806
0.929688 -0.115234 0.081055 1310583961.273954
0.714844 -0.026367 0.081055 1310583961.310869
0.754883 -0.681641 0.291992 1310583961.334870
0.877930 -0.412109 0.204102 1310583961.390873
0.737305 -0.134766 0.104492 1310583961.407808
0.615234 -0.134766 0.104492 1310583961.428872
0.542969 -0.068359 -0.124023 1310583961.482743
0.468750 -0.029297 -0.261719 1310583961.503762
0.686523 -0.224609 -0.251953 1310583961.540798
0.829102 -0.210938 -0.128906 1310583961.567755
0.834961 -0.108398 -0.013672 1310583961.594743
1.038086 -0.236328 0.083008 1310583961.617775
0.973633 -0.253906 0.041992 1310583961.662771
1.102539 -0.253906 0.041992 1310583961.685766
1.069336 -0.410156 0.091797 1310583961.729784
1.107422 -0.402344 0.182617 1310583961.753865
1.243164 -0.103516 0.175781 1310583961.798775
1.493164 -0.103516 0.175781 1310583961.820747
1.204102 -0.123047 -0.040039 1310583961.869803
1.225586 -0.061523 -0.098633 1310583961.892880
1.181641 -0.122070 -0.035156 1310583961.918800
0.994141 -0.257812 -0.039062 1310583961.963749
1.038086 -0.733398 0.085938 1310583961.985752
1.101562 -0.517578 0.277344 1310583962.028814
1.138672 -0.079102 0.143555 1310583962.050854
1.592773 -0.122070 0.186523 1310583962.074860
1.116211 -0.126953 0.359375 1310583962.119852
0.741211 -0.226562 0.409180 1310583962.142758
0.682617 -0.339844 0.317383 1310583962.167787
0.684570 -0.378906 0.199219 1310583962.220888
0.886719 -0.494141 0.315430 1310583962.243827
0.926758 -0.381836 0.363281 1310583962.300895
0.884766 -0.372070 0.404297 1310583962.309888
0.756836 -0.250977 0.433594 1310583962.332886
0.709961 -0.316406 0.363281 1310583962.376880
0.711914 -0.441406 0.310547 1310583962.397861
0.756836 -0.491211 0.296875 1310583962.430767
0.792969 -0.548828 0.242188 1310583962.477775
0.758789 -0.608398 0.280273 1310583962.498881
0.730469 -0.579102 0.266602 1310583962.522902
0.745117 -0.583984 0.285156 1310583962.563793
0.790039 -0.457031 0.285156 1310583962.607773
0.805664 -0.457031 0.285156 1310583962.628816
0.847656 -0.539062 0.211914 1310583962.673765
0.831055 -0.615234 0.197266 1310583962.695781
0.835938 -0.555664 0.194336 1310583962.738815
0.853516 -0.555664 0.194336 1310583962.760768
0.826172 -0.218750 0.499023 1310583962.784766
0.755859 -0.377930 0.342773 1310583962.828817
0.827148 -0.448242 0.239258 1310583962.850823
0.828125 -0.450195 0.173828 1310583962.894843
0.822266 -0.445312 0.125977 1310583962.917863
0.861328 -0.496094 0.259766 1310583962.939777
0.855469 -0.375000 0.252930 1310583962.982775
0.831055 -0.375000 0.252930 1310583963.004801
0.874023 -0.645508 0.176758 1310583963.050904
0.809570 -0.580078 0.210938 1310583963.074857
0.826172 -0.580078 0.136719 1310583963.105794
0.859375 -0.539062 0.219727 1310583963.151807
0.830078 -0.557617 0.184570 1310583963.173864
0.840820 -0.406250 0.186523 1310583963.215862
0.841797 -0.411133 0.197266 1310583963.238915
0.874023 -0.470703 0.212891 1310583963.280904
0.860352 -0.494141 0.228516 1310583963.303880
0.867188 -0.451172 0.228516 1310583963.347913
0.838867 -0.451172 0.228516 1310583963.369849
0.857422 -0.392578 0.118164 1310583963.413783
0.864258 -0.468750 0.207031 1310583963.437781
0.864258 -0.460938 0.197266 1310583963.459865
