0.934570 -0.363281 -0.007812 1309547222.302833
0.918945 -0.374023 -0.038086 1309547222.347835
0.928711 -0.361328 -0.020508 1309547222.369831
0.963867 -0.361328 -0.020508 1309547222.370827
0.952148 -0.375977 -0.006836 1309547222.414836
0.975586 -0.376953 0.108398 1309547222.479861
0.993164 -0.442383 0.201172 1309547222.480830
0.969727 -0.546875 0.332031 1309547222.512834
1.029297 -0.529297 0.368164 1309547222.570847
1.091797 -0.969727 0.454102 1309547222.622836
1.164062 -1.030273 0.455078 1309547222.665839
1.112305 -1.177734 0.386719 1309547222.687857
1.008789 -1.552734 0.252930 1309547222.707837
1.077148 -1.560547 0.187500 1309547222.709833
1.121094 -1.673828 0.120117 1309547222.742834
1.026367 -1.735352 0.035156 1309547222.796845
0.989258 -1.801758 -0.049805 1309547222.819837
0.787109 -1.593750 -0.042969 1309547222.841838
0.486328 -1.403320 0.002930 1309547222.886849
0.287109 -1.246094 -0.042969 1309547222.902837
0.091797 -1.091797 0.033203 1309547222.930838
0.052734 -0.896484 0.002930 1309547222.974837
-0.009766 -0.707031 -0.002930 1309547222.996845
-0.150391 -0.541992 0.048828 1309547223.040844
-0.118164 -0.495117 0.052734 1309547223.062843
-0.234375 -0.371094 -0.026367 1309547223.087845
-0.322266 -0.379883 -0.101562 1309547223.147846
-0.304688 -0.415039 -0.077148 1309547223.174829
-0.387695 -0.218750 0.078125 1309547223.199853
-0.565430 -0.189453 0.028320 1309547223.221844
-0.556641 -0.253906 -0.022461 1309547223.264927
-0.579102 -0.090820 -0.028320 1309547223.285847
-0.722656 -0.090820 -0.028320 1309547223.307850
-0.708008 0.159180 -0.028320 1309547223.351849
-0.766602 0.066406 0.085938 1309547223.394825
-0.762695 0.210938 0.139648 1309547223.434845
-0.855469 0.245117 0.132812 1309547223.455867
-0.822266 0.336914 0.045898 1309547223.477868
-0.840820 0.277344 0.010742 1309547223.503091
-0.793945 0.250000 -0.011719 1309547223.545852
-0.667969 0.250000 -0.011719 1309547223.566857
-0.667969 0.250000 -0.011719 1309547223.610855
-0.961914 0.208984 -0.148438 1309547223.645853
-0.907227 0.126953 -0.085938 1309547223.689862
-0.907227 0.126953 -0.085938 1309547223.709857
-0.925781 -0.047852 -0.203125 1309547223.732854
-0.964844 -0.077148 -0.149414 1309547223.776855
-0.883789 -0.099609 -0.124023 1309547223.799849
-0.854492 -0.180664 -0.122070 1309547223.841857
-0.829102 -0.132812 -0.141602 1309547223.954841
-0.767578 -0.095703 -0.133789 1309547223.955849
-0.676758 -0.115234 -0.115234 1309547223.976925
-0.586914 -0.158203 -0.103516 1309547223.979858
-0.492188 -0.143555 -0.088867 1309547224.010865
-0.419922 -0.123047 -0.043945 1309547224.031858
-0.295898 -0.203125 0.060547 1309547224.055868
-0.194336 -0.170898 0.079102 1309547224.099866
-0.155273 -0.238281 0.092773 1309547224.122868
0.028320 -0.349609 0.189453 1309547224.166867
0.124023 -0.243164 0.208008 1309547224.189856
0.288086 -0.416016 0.284180 1309547224.235873
0.492188 -0.407227 0.284180 1309547224.259866
0.466797 -0.291016 0.330078 1309547224.281875
0.710938 -0.481445 0.542969 1309547224.324868
0.792969 -0.361328 0.532227 1309547224.346870
0.847656 -0.454102 0.504883 1309547224.389868
1.067383 -0.528320 0.555664 1309547224.411863
1.087891 -0.528320 0.555664 1309547224.455875
1.147461 -0.562500 0.594727 1309547224.480871
1.169922 -0.585938 0.524414 1309547224.507850
1.210938 -0.531250 0.564453 1309547224.552870
1.256836 -0.492188 0.475586 1309547224.577879
1.292969 -0.445312 0.370117 1309547224.605869
1.292969 -0.445312 0.370117 1309547224.641875
1.336914 -0.513672 0.333008 1309547224.686877
1.304688 -0.432617 0.245117 1309547224.707887
1.363281 -0.438477 0.258789 1309547224.751881
1.333984 -0.402344 0.190430 1309547224.774887
1.343750 -0.368164 0.131836 1309547224.796882
1.350586 -0.375977 0.159180 1309547224.840884
1.349609 -0.294922 0.118164 1309547224.862880
1.376953 -0.331055 0.103516 1309547224.907881
1.354492 -0.312500 0.109375 1309547224.929881
1.434570 -0.332031 0.144531 1309547224.972879
1.458008 -0.283203 0.127930 1309547224.995888
1.470703 -0.306641 0.175781 1309547225.017883
1.449219 -0.334961 0.206055 1309547225.062867
1.416992 -0.362305 0.248047 1309547225.127887
1.420898 -0.406250 0.314453 1309547225.128881
1.468750 -0.414062 0.277344 1309547225.205887
1.574219 -0.411133 0.339844 1309547225.206882
1.542969 -0.441406 0.332031 1309547225.229886
1.584961 -0.454102 0.368164 1309547225.272887
1.623047 -0.465820 0.370117 1309547225.295894
1.675781 -0.459961 0.363281 1309547225.341889
1.645508 -0.489258 0.347656 1309547225.361894
1.602539 -0.482422 0.375977 1309547225.382890
1.519531 -0.488281 0.359375 1309547225.405892
1.407227 -0.490234 0.383789 1309547225.447915
1.312500 -0.460938 0.377930 1309547225.507894
1.231445 -0.458984 0.400391 1309547225.509889
1.113281 -0.547852 0.408203 1309547225.550891
1.043945 -0.563477 0.291016 1309547225.572892
1.043945 -0.563477 0.291016 1309547225.595897
0.796875 -0.495117 0.313477 1309547225.660892
0.675781 -0.431641 0.245117 1309547225.686903
0.585938 -0.416992 0.214844 1309547225.707896
0.413086 -0.380859 0.210938 1309547225.731909
0.308594 -0.324219 0.160156 1309547225.776860
0.199219 -0.296875 0.095703 1309547225.799845
0.046875 -0.251953 0.070312 1309547225.844880
-0.048828 -0.208008 0.067383 1309547225.881901
-0.179688 -0.171875 -0.047852 1309547225.909923
-0.274414 -0.125977 -0.168945 1309547225.959907
-0.403320 -0.025391 -0.192383 1309547225.969896
-0.529297 0.013672 -0.192383 1309547226.014903
-0.639648 0.066406 -0.234375 1309547226.035907
-0.712891 0.154297 -0.326172 1309547226.062879
-0.830078 0.202148 -0.360352 1309547226.087910
-0.848633 0.210938 -0.452148 1309547226.110914
-0.906250 0.223633 -0.485352 1309547226.157914
-0.934570 0.272461 -0.509766 1309547226.198909
-0.979492 0.213867 -0.500977 1309547226.221903
-1.017578 0.187500 -0.492188 1309547226.262904
-1.035156 0.145508 -0.483398 1309547226.285914
-1.034180 0.135742 -0.487305 1309547226.306905
-1.034180 0.135742 -0.487305 1309547226.351904
-0.937500 0.046875 -0.448242 1309547226.396917
-0.904297 0.050781 -0.380859 1309547226.432911
-0.845703 0.044922 -0.438477 1309547226.495917
-0.782227 0.057617 -0.339844 1309547226.496908
-0.708984 0.057617 -0.339844 1309547226.519911
-0.614258 0.057617 -0.339844 1309547226.532911
-0.496094 -0.040039 -0.155273 1309547226.593882
-0.388672 -0.046875 -0.134766 1309547226.618917
-0.254883 -0.083008 -0.040039 1309547226.640901
-0.063477 -0.128906 0.002930 1309547226.695931
-0.063477 -0.128906 0.002930 1309547226.696912
0.125000 -0.210938 0.102539 1309547226.748916
0.230469 -0.233398 0.159180 1309547226.838923
0.368164 -0.375977 0.226562 1309547226.840915
0.538086 -0.371094 0.379883 1309547226.858918
0.571289 -0.339844 0.350586 1309547226.860916
0.735352 -0.524414 0.529297 1309547226.905908
0.862305 -0.539062 0.606445 1309547226.928922
0.952148 -0.509766 0.553711 1309547226.971913
1.040039 -0.587891 0.526367 1309547226.993897
1.119141 -0.523438 0.510742 1309547227.036928
1.183594 -0.642578 0.584961 1309547227.060922
1.183594 -0.642578 0.584961 1309547227.082940
1.205078 -0.543945 0.500977 1309547227.143928
1.214844 -0.677734 0.516602 1309547227.163927
1.192383 -0.563477 0.421875 1309547227.228925
1.213867 -0.574219 0.375977 1309547227.230921
1.190430 -0.583984 0.301758 1309547227.251947
1.268555 -0.508789 0.051758 1309547227.274912
1.312500 -0.438477 0.190430 1309547227.317932
1.376953 -0.445312 0.128906 1309547227.341945
1.427734 -0.419922 0.061523 1309547227.392933
1.455078 -0.400391 0.062500 1309547227.411930
1.406250 -0.351562 0.166016 1309547227.434918
1.356445 -0.375977 0.170898 1309547227.480946
1.429688 -0.301758 0.114258 1309547227.510928
1.401367 -0.304688 0.146484 1309547227.552936
1.382812 -0.326172 0.117188 1309547227.573930
1.399414 -0.370117 0.190430 1309547227.620937
1.380859 -0.366211 0.172852 1309547227.622930
1.380859 -0.366211 0.172852 1309547227.680930
1.432617 -0.387695 0.242188 1309547227.705942
1.460938 -0.430664 0.246094 1309547227.771939
1.504883 -0.442383 0.243164 1309547227.772933
1.535156 -0.440430 0.248047 1309547227.795941
1.635742 -0.431641 0.262695 1309547227.835934
1.656250 -0.437500 0.296875 1309547227.859018
1.669922 -0.353516 0.289062 1309547227.922942
1.706055 -0.380859 0.327148 1309547227.925938
1.630859 -0.453125 0.363281 1309547227.963936
1.577148 -0.442383 0.375000 1309547227.985940
1.479492 -0.422852 0.385742 1309547228.027938
1.312500 -0.497070 0.339844 1309547228.051939
1.180664 -0.456055 0.338867 1309547228.093945
1.059570 -0.382812 0.306641 1309547228.136942
0.997070 -0.448242 0.297852 1309547228.170948
0.906250 -0.466797 0.235352 1309547228.193920
0.778320 -0.441406 0.256836 1309547228.233943
0.683594 -0.428711 0.210938 1309547228.257951
0.499023 -0.351562 0.174805 1309547228.280947
0.392578 -0.347656 0.186523 1309547228.333956
0.284180 -0.320312 0.199219 1309547228.355950
0.132812 -0.311523 0.192383 1309547228.375944
0.026367 -0.233398 0.149414 1309547228.418948
-0.113281 -0.187500 0.126953 1309547228.440921
-0.208008 -0.190430 0.203125 1309547228.483955
-0.293945 -0.166992 0.156250 1309547228.507953
-0.423828 -0.035156 0.074219 1309547228.551949
-0.515625 -0.000977 0.047852 1309547228.573951
-0.563477 0.000000 0.018555 1309547228.617957
-0.582031 0.031250 0.003906 1309547228.640958
-0.689453 0.088867 -0.058594 1309547228.661952
-0.783203 0.178711 -0.086914 1309547228.730954
-0.770508 0.164062 -0.142578 1309547228.731951
-0.862305 0.164062 -0.142578 1309547228.769954
-0.902344 0.214844 -0.216797 1309547228.795954
-0.912109 0.208008 -0.283203 1309547228.842957
-0.890625 0.218750 -0.203125 1309547228.865956
-0.902344 0.214844 -0.267578 1309547228.886957
-0.933594 0.226562 -0.270508 1309547228.953952
-0.934570 0.171875 -0.225586 1309547228.968954
-0.909180 0.133789 -0.169922 1309547228.991959
-0.904297 0.189453 -0.203125 1309547229.057965
-0.943359 0.123047 -0.232422 1309547229.058957
-0.894531 0.107422 -0.188477 1309547229.100962
-0.856445 0.118164 -0.167969 1309547229.121964
-0.856445 0.118164 -0.167969 1309547229.163975
-0.678711 0.050781 -0.156250 1309547229.203964
-0.636719 0.056641 -0.174805 1309547229.227967
-0.550781 0.041016 -0.105469 1309547229.246964
-0.426758 -0.056641 -0.067383 1309547229.271967
-0.209961 -0.028320 -0.114258 1309547229.315970
-0.084961 -0.059570 -0.114258 1309547229.336969
0.072266 -0.172852 -0.050781 1309547229.381966
0.175781 -0.149414 0.037109 1309547229.437988
0.281250 -0.271484 0.142578 1309547229.473971
0.435547 -0.388672 0.296875 1309547229.477969
0.605469 -0.514648 0.467773 1309547229.504976
0.603516 -0.481445 0.516602 1309547229.545965
0.719727 -0.576172 0.514648 1309547229.567969
0.796875 -0.584961 0.555664 1309547229.611957
0.860352 -0.585938 0.569336 1309547229.635975
0.936523 -0.594727 0.529297 1309547229.677977
0.990234 -0.596680 0.529297 1309547229.700975
1.106445 -0.561523 0.492188 1309547229.733954
1.118164 -0.561523 0.492188 1309547229.753974
1.118164 -0.561523 0.492188 1309547229.797973
1.217773 -0.477539 0.287109 1309547229.865978
1.246094 -0.486328 0.269531 1309547229.866972
1.326172 -0.500977 0.213867 1309547229.908985
1.341797 -0.485352 0.154297 1309547229.932144
1.343750 -0.425781 0.146484 1309547229.975987
1.422852 -0.513672 0.081055 1309547229.996986
1.434570 -0.525391 0.140625 1309547230.018983
1.440430 -0.494141 0.126953 1309547230.061984
1.415039 -0.496094 0.078125 1309547230.083980
1.390625 -0.479492 0.117188 1309547230.127985
1.375977 -0.408203 0.057617 1309547230.171990
1.330078 -0.369141 0.037109 1309547230.195967
1.343750 -0.427734 0.055664 1309547230.215984
1.328125 -0.446289 -0.006836 1309547230.238986
1.381836 -0.458008 0.009766 1309547230.310996
1.372070 -0.375000 0.082031 1309547230.348963
1.363281 -0.389648 0.014648 1309547230.350960
1.392578 -0.482422 -0.013672 1309547230.371982
1.439453 -0.468750 0.080078 1309547230.415995
1.473633 -0.438477 0.134766 1309547230.436990
1.524414 -0.475586 0.185547 1309547230.480990
1.551758 -0.539062 0.274414 1309547230.502989
1.648438 -0.579102 0.278320 1309547230.546990
1.687500 -0.578125 0.300781 1309547230.567992
1.748047 -0.611328 0.327148 1309547230.611996
1.637695 -0.588867 0.373047 1309547230.635999
1.631836 -0.600586 0.373047 1309547230.658473
1.527344 -0.603516 0.311523 1309547230.701993
1.393555 -0.592773 0.291016 1309547230.726003
1.278320 -0.553711 0.285156 1309547230.771993
1.171875 -0.533203 0.205078 1309547230.793969
1.078125 -0.283203 0.205078 1309547230.838998
0.947266 -0.500977 0.205078 1309547230.858999
0.838867 -0.472656 0.134766 1309547230.895997
0.745117 -0.423828 0.120117 1309547230.937000
0.596680 -0.388672 0.133789 1309547230.980994
0.451172 -0.359375 0.179688 1309547231.003012
0.350586 -0.310547 0.163086 1309547231.024002
0.218750 -0.327148 0.163086 1309547231.053002
0.097656 -0.207031 0.223633 1309547231.099007
-0.006836 -0.156250 0.162109 1309547231.121017
-0.160156 -0.078125 0.169922 1309547231.147000
-0.258789 -0.031250 0.170898 1309547231.191017
-0.350586 -0.021484 0.070312 1309547231.212013
-0.461914 0.037109 0.041992 1309547231.257008
-0.520508 -0.005859 0.068359 1309547231.279011
-0.656250 -0.034180 -0.001953 1309547231.329010
-0.741211 0.037109 -0.059570 1309547231.347009
-0.797852 0.055664 -0.059570 1309547231.371009
-0.781250 0.090820 -0.164062 1309547231.462006
-0.787109 0.170898 -0.262695 1309547231.473985
-0.873047 0.169922 -0.317383 1309547231.477012
-0.912109 0.212891 -0.395508 1309547231.499014
-0.968750 0.233398 -0.448242 1309547231.542999
-0.994141 0.228516 -0.448242 1309547231.598021
-1.019531 0.274414 -0.490234 1309547231.681018
-0.953125 0.250977 -0.514648 1309547231.683011
-0.945312 0.203125 -0.480469 1309547231.707016
-0.848633 0.180664 -0.436523 1309547231.708009
-0.831055 0.127930 -0.363281 1309547231.744015
-0.731445 0.151367 -0.361328 1309547231.767013
-0.607422 0.064453 -0.295898 1309547231.823014
-0.494141 0.044922 -0.196289 1309547231.824011
-0.340820 -0.005859 -0.140625 1309547231.873017
-0.163086 -0.123047 -0.006836 1309547231.897019
-0.102539 -0.103516 0.103516 1309547231.918018
0.057617 -0.123047 0.147461 1309547231.962014
0.099609 -0.220703 0.166992 1309547231.983019
0.260742 -0.271484 0.272461 1309547232.028020
0.331055 -0.230469 0.333008 1309547232.071019
0.449219 -0.346680 0.342773 1309547232.093022
0.503906 -0.430664 0.405273 1309547232.116022
0.592773 -0.440430 0.497070 1309547232.159027
0.662109 -0.392578 0.429688 1309547232.191022
0.782227 -0.539062 0.402344 1309547232.214024
0.880859 -0.611328 0.468750 1309547232.259025
0.982422 -0.663086 0.425781 1309547232.288028
1.164062 -0.755859 0.387695 1309547232.307025
1.198242 -0.671875 0.464844 1309547232.351023
1.242188 -0.684570 0.374023 1309547232.374020
1.296875 -0.626953 0.348633 1309547232.421020
1.347656 -0.638672 0.390625 1309547232.443029
1.314453 -0.577148 0.324219 1309547232.464022
1.399414 -0.619141 0.324219 1309547232.509033
1.442383 -0.504883 0.291992 1309547232.532028
1.479492 -0.510742 0.243164 1309547232.576030
1.463867 -0.473633 0.198242 1309547232.603030
1.537109 -0.469727 0.175781 1309547232.626032
1.487305 -0.423828 0.180664 1309547232.666033
1.478516 -0.423828 0.180664 1309547232.712033
1.485352 -0.417969 0.146484 1309547232.736037
1.442383 -0.422852 0.164062 1309547232.765037
1.427734 -0.345703 0.105469 1309547232.804036
1.457031 -0.535156 0.237305 1309547232.846029
1.392578 -0.384766 0.240234 1309547232.918070
1.377930 -0.384766 0.240234 1309547232.941038
1.368164 -0.453125 0.084961 1309547232.958057
1.416992 -0.423828 0.192383 1309547232.959041
1.454102 -0.485352 0.189453 1309547232.982040
1.457031 -0.484375 0.223633 1309547233.027043
1.470703 -0.489258 0.196289 1309547233.061045
1.522461 -0.482422 0.229492 1309547233.082040
1.527344 -0.494141 0.223633 1309547233.124039
1.580078 -0.520508 0.252930 1309547233.169063
1.522461 -0.536133 0.256836 1309547233.192039
1.445312 -0.508789 0.285156 1309547233.214041
1.397461 -0.534180 0.311523 1309547233.236040
1.294922 -0.526367 0.330078 1309547233.278043
1.165039 -0.525391 0.330078 1309547233.301025
1.074219 -0.546875 0.357422 1309547233.344044
0.967773 -0.502930 0.364258 1309547233.368048
0.917969 -0.538086 0.319336 1309547233.401044
0.837891 -0.529297 0.319336 1309547233.445046
0.718750 -0.492188 0.350586 1309547233.491049
0.619141 -0.470703 0.342773 1309547233.512049
0.517578 -0.451172 0.324219 1309547233.536035
0.385742 -0.429688 0.355469 1309547233.578043
0.299805 -0.328125 0.286133 1309547233.621053
0.278320 -0.285156 0.270508 1309547233.622047
0.086914 -0.223633 0.211914 1309547233.669049
-0.033203 -0.195312 0.156250 1309547233.713046
-0.140625 -0.167969 0.094727 1309547233.756056
-0.230469 -0.144531 0.080078 1309547233.757046
-0.365234 -0.066406 0.037109 1309547233.797052
-0.411133 0.041016 -0.025391 1309547233.819051
-0.491211 0.031250 -0.092773 1309547233.872050
-0.631836 0.060547 -0.083008 1309547233.938052
-0.747070 0.083984 -0.143555 1309547233.939049
-0.809570 0.117188 -0.153320 1309547233.973052
-0.874023 0.107422 -0.212891 1309547233.979052
-0.903320 0.124023 -0.265625 1309547234.022068
-0.941406 0.208984 -0.312500 1309547234.063060
-0.962891 0.152344 -0.322266 1309547234.106063
-0.960938 0.180664 -0.349609 1309547234.210064
-0.989258 0.198242 -0.367188 1309547234.251061
-0.957031 0.224609 -0.358398 1309547234.252037
-0.980469 0.250000 -0.378906 1309547234.253056
-0.928711 0.188477 -0.382812 1309547234.254064
-0.881836 0.206055 -0.319336 1309547234.297076
-0.822266 0.186523 -0.354492 1309547234.324061
-0.732422 0.165039 -0.311523 1309547234.341067
-0.682617 0.134766 -0.266602 1309547234.365068
-0.556641 0.112305 -0.218750 1309547234.412066
-0.434570 0.021484 -0.188477 1309547234.457075
-0.314453 -0.030273 -0.110352 1309547234.493067
-0.165039 -0.159180 -0.040039 1309547234.522077
0.017578 -0.207031 -0.043945 1309547234.544069
0.113281 -0.226562 0.063477 1309547234.567071
0.173828 -0.226562 0.063477 1309547234.592064
0.381836 -0.283203 0.232422 1309547234.658067
0.447266 -0.320312 0.278320 1309547234.659061
0.581055 -0.394531 0.295898 1309547234.703071
0.770508 -0.449219 0.389648 1309547234.726072
0.848633 -0.449219 0.389648 1309547234.747073
0.920898 -0.451172 0.347656 1309547234.793069
1.073242 -0.567383 0.447266 1309547234.836076
1.162109 -0.589844 0.456055 1309547234.868078
1.222656 -0.615234 0.417969 1309547234.897080
1.237305 -0.673828 0.429688 1309547234.921058
1.341797 -0.687500 0.429688 1309547234.954054
1.370117 -0.582031 0.356445 1309547234.997093
1.375977 -0.643555 0.390625 1309547235.021078
1.344727 -0.703125 0.414062 1309547235.063077
1.420898 -0.620117 0.291992 1309547235.086054
1.405273 -0.607422 0.260742 1309547235.107078
1.354492 -0.603516 0.285156 1309547235.157082
1.384766 -0.597656 0.200195 1309547235.178089
1.408203 -0.514648 0.127930 1309547235.222075
1.399414 -0.516602 0.146484 1309547235.244081
1.375977 -0.468750 0.091797 1309547235.291084
1.391602 -0.486328 0.027344 1309547235.343088
1.355469 -0.415039 0.007812 1309547235.366088
1.443359 -0.402344 0.032227 1309547235.374079
1.488281 -0.403320 0.002930 1309547235.407082
1.475586 -0.430664 -0.007812 1309547235.428088
1.515625 -0.424805 0.087891 1309547235.496091
1.473633 -0.541992 0.087891 1309547235.497086
1.440430 -0.523438 0.150391 1309547235.541085
1.438477 -0.624023 0.257812 1309547235.562086
1.506836 -0.628906 0.320312 1309547235.606090
1.582031 -0.639648 0.338867 1309547235.628088
1.645508 -0.594727 0.385742 1309547235.672095
1.683594 -0.506836 0.385742 1309547235.694091
1.745117 -0.600586 0.370117 1309547235.737093
1.643555 -0.564453 0.332031 1309547235.762091
1.627930 -0.584961 0.271484 1309547235.786095
1.510742 -0.559570 0.243164 1309547235.846093
1.376953 -0.456055 0.208008 1309547235.903075
1.258789 -0.490234 0.181641 1309547235.924097
1.160156 -0.485352 0.227539 1309547235.926089
1.060547 -0.443359 0.226562 1309547235.967079
0.887695 -0.479492 0.201172 1309547235.988096
0.706055 -0.420898 0.206055 1309547236.032098
0.628906 -0.480469 0.221680 1309547236.056107
0.628906 -0.480469 0.221680 1309547236.077099
0.375977 -0.357422 0.234375 1309547236.117104
0.217773 -0.259766 0.186523 1309547236.169099
0.131836 -0.190430 0.165039 1309547236.172107
0.042969 -0.165039 0.166992 1309547236.236105
-0.114258 -0.120117 0.094727 1309547236.253101
-0.114258 -0.120117 0.094727 1309547236.276145
-0.304688 -0.078125 0.021484 1309547236.329103
-0.440430 -0.039062 -0.027344 1309547236.343107
-0.508789 0.021484 -0.007812 1309547236.390108
-0.583984 0.043945 -0.092773 1309547236.433103
-0.659180 0.029297 -0.059570 1309547236.434083
-0.710938 0.108398 -0.068359 1309547236.459109
-0.960938 0.108398 -0.068359 1309547236.488108
-0.790039 0.160156 -0.204102 1309547236.534110
-0.824219 0.189453 -0.250977 1309547236.581109
-0.917969 0.209961 -0.349609 1309547236.608111
-0.893555 0.241211 -0.304688 1309547236.619104
-0.887695 0.251953 -0.368164 1309547236.672107
-0.908203 0.291016 -0.412109 1309547236.696109
-0.839844 0.334961 -0.359375 1309547236.786112
-0.793945 0.356445 -0.349609 1309547236.787107
-0.720703 0.413086 -0.305664 1309547236.807109
-0.500000 0.413086 -0.305664 1309547236.849112
-0.585938 0.483398 -0.340820 1309547236.876115
-0.333984 0.455078 -0.295898 1309547236.896116
-0.282227 0.458984 -0.336914 1309547236.919127
-0.519531 0.517578 -0.274414 1309547236.962117
-0.264648 0.411133 -0.169922 1309547236.983111
-0.290039 0.219727 -0.169922 1309547237.009123
-0.427734 0.291016 0.044922 1309547237.053113
-0.395508 0.264648 0.092773 1309547237.096118
-0.458984 0.033203 0.106445 1309547237.121118
-0.377930 -0.065430 0.248047 1309547237.141098
-0.563477 -0.213867 0.497070 1309547237.164124
-0.440430 -0.207031 0.404297 1309547237.217119
-0.500977 -0.223633 0.546875 1309547237.239129
-0.644531 -0.505859 0.504883 1309547237.288126
-0.333984 -0.625000 0.559570 1309547237.306120
-0.336914 -0.898438 0.709961 1309547237.358126
-0.261719 -0.845703 0.260742 1309547237.360124
0.085938 -1.076172 0.531250 1309547237.403124
0.098633 -1.048828 0.418945 1309547237.446123
0.301758 -0.912109 0.305664 1309547237.469126
0.615234 -1.122070 0.419922 1309547237.499126
0.801758 -0.796875 0.244141 1309547237.522127
1.524414 -0.750000 0.205078 1309547237.566125
1.977539 -1.019531 0.322266 1309547237.614129
1.976562 -0.686523 0.011719 1309547237.637133
1.568359 -0.323242 -0.048828 1309547237.658124
1.337891 -0.158203 0.304688 1309547237.701132
1.068359 -0.413086 0.246094 1309547237.727135
1.007812 -0.973633 0.246094 1309547237.742132
0.960938 -0.762695 0.308594 1309547237.816134
0.788086 -0.648438 0.264648 1309547237.829132
0.814453 -0.667969 0.207031 1309547237.850478
0.907227 -0.638672 0.134766 1309547237.894136
0.962891 -0.458008 0.028320 1309547237.917139
0.962891 -0.458008 0.028320 1309547237.942135
0.956055 -0.344727 -0.032227 1309547237.986125
1.013672 -0.320312 -0.051758 1309547238.069136
1.035156 -0.219727 -0.053711 1309547238.086135
1.046875 -0.297852 -0.100586 1309547238.088134
0.941406 -0.340820 -0.079102 1309547238.111132
