1.135742 -0.216797 -0.101562 1310580385.754333
0.962891 0.050781 -0.178711 1310580385.782313
0.995117 -0.031250 0.037109 1310580385.784316
1.097656 -0.013672 0.154297 1310580385.828187
1.182617 -0.228516 0.308594 1310580385.850185
1.026367 -0.437500 0.314453 1310580385.874220
0.394531 -0.624023 0.420898 1310580385.919196
-0.931641 -0.754883 -0.297852 1310580385.963331
-0.457031 -1.840820 0.201172 1310580385.995192
0.872070 -1.385742 0.052734 1310580386.005190
1.978516 -1.903320 0.581055 1310580386.055330
1.973633 -1.983398 1.061523 1310580386.079260
1.971680 -1.984375 1.188477 1310580386.128260
1.973633 -1.645508 1.082031 1310580386.150323
1.391602 -1.134766 0.610352 1310580386.173323
0.519531 -0.797852 0.145508 1310580386.229196
0.347656 -0.197266 -0.638672 1310580386.240195
0.125977 0.546875 -1.394531 1310580386.268247
-0.313477 0.275391 -1.297852 1310580386.311197
0.244141 0.447266 -1.125977 1310580386.334221
0.178711 0.313477 -0.858398 1310580386.363275
0.152344 0.139648 -0.548828 1310580386.406254
0.282227 -0.161133 -0.365234 1310580386.426323
0.282227 -0.161133 -0.365234 1310580386.473329
0.127930 -0.568359 0.168945 1310580386.496286
-0.106445 -0.405273 0.113281 1310580386.540269
-0.078125 -0.431641 0.337891 1310580386.563203
-0.119141 -1.164062 0.579102 1310580386.608202
-0.471680 -1.983398 0.797852 1310580386.631331
0.082031 -1.982422 1.541016 1310580386.657226
-0.141602 -1.982422 1.006836 1310580386.701274
-0.545898 -1.982422 1.135742 1310580386.745272
-0.438477 -1.606445 -0.128906 1310580386.805234
-0.305664 0.625000 -1.101562 1310580386.820235
1.054688 0.949219 -0.804688 1310580386.835279
0.778320 0.879883 -0.592773 1310580386.864209
0.826172 -0.302734 0.025391 1310580386.887229
0.635742 -1.613281 0.351562 1310580386.935261
0.635742 -1.124023 0.366211 1310580386.960273
0.149414 -0.337891 -0.214844 1310580386.983208
-0.602539 0.326172 -0.814453 1310580387.057279
-0.684570 0.373047 -0.572266 1310580387.076339
-1.123047 0.230469 -0.452148 1310580387.077332
-0.973633 -1.140625 0.122070 1310580387.101262
-0.647461 -1.544922 0.372070 1310580387.135345
-0.439453 -1.983398 0.908203 1310580387.187215
0.474609 -1.983398 0.908203 1310580387.191211
1.224609 -1.983398 0.908203 1310580387.238250
0.554688 -1.982422 1.209961 1310580387.281212
-0.363281 -1.279297 0.337891 1310580387.302261
-0.496094 -0.559570 -0.377930 1310580387.325258
-0.304688 1.134766 -0.899414 1310580387.359296
-0.259766 0.258789 -0.899414 1310580387.387352
-0.011719 -0.080078 -0.609375 1310580387.449599
0.194336 -0.775391 -0.218750 1310580387.494378
0.125977 -0.689453 -0.153320 1310580387.495254
0.281250 0.068359 -0.081055 1310580387.540234
0.178711 -0.228516 -0.125000 1310580387.586272
-0.083984 0.067383 -0.479492 1310580387.589266
-0.176758 0.262695 -0.370117 1310580387.634369
-0.279297 0.082031 0.134766 1310580387.656284
-0.065430 -0.480469 0.791016 1310580387.697297
-0.736328 -1.726562 0.697266 1310580387.720250
0.338867 -1.982422 1.839844 1310580387.742246
1.250977 -1.982422 1.839844 1310580387.786292
1.364258 -1.983398 1.472656 1310580387.832251
0.782227 -1.981445 0.592773 1310580387.855227
0.396484 -0.684570 0.032227 1310580387.876225
0.137695 0.564453 -0.601562 1310580387.906321
-0.033203 1.263672 -0.876953 1310580387.940241
-0.412109 0.458984 -0.493164 1310580387.974291
-0.212891 0.023438 -0.657227 1310580388.022329
0.227539 -0.894531 -0.213867 1310580388.045363
0.286133 -1.310547 -0.024414 1310580388.091360
0.092773 -0.427734 -0.200195 1310580388.136275
0.087891 0.127930 -0.450195 1310580388.139287
-0.050781 0.170898 -0.160156 1310580388.177255
-0.283203 0.183594 -0.208008 1310580388.200268
-0.295898 -0.128906 0.132812 1310580388.247250
-0.493164 -0.309570 0.199219 1310580388.271270
-0.591797 -1.649414 1.164062 1310580388.365295
0.666016 -1.981445 1.982422 1310580388.366280
1.753906 -1.982422 1.987305 1310580388.367255
1.396484 -1.982422 1.622070 1310580388.410294
0.342773 -1.981445 0.590820 1310580388.431301
-0.153320 -0.617188 -0.620117 1310580388.452266
-0.122070 0.863281 -1.875000 1310580388.515276
-0.020508 1.863281 -1.875000 1310580388.519263
-0.953125 0.488281 -1.307617 1310580388.564305
-0.535156 -0.405273 -0.728516 1310580388.587312
0.840820 -1.464844 0.376953 1310580388.619302
0.337891 -1.983398 0.489258 1310580388.660338
0.534180 -0.753906 0.583008 1310580388.682298
0.726562 -0.000977 0.549805 1310580388.709260
0.236328 0.187500 0.335938 1310580388.752297
0.003906 0.531250 0.081055 1310580388.801271
-0.220703 0.019531 -0.351562 1310580388.809263
-0.503906 -0.060547 -0.339844 1310580388.857285
-0.664062 -0.582031 -0.082031 1310580388.881276
-0.359375 -1.471680 0.089844 1310580388.918280
0.143555 -1.983398 0.608398 1310580388.962285
0.177734 -1.981445 0.803711 1310580388.989379
0.976562 -1.983398 0.885742 1310580389.031379
0.216797 -1.656250 0.576172 1310580389.032363
-0.147461 -1.536133 0.611328 1310580389.061297
-0.046875 -0.921875 0.545898 1310580389.106246
-0.086914 -0.462891 0.295898 1310580389.132249
-0.137695 -0.169922 0.132812 1310580389.182282
-0.166992 -0.129883 -0.028320 1310580389.219254
-0.201172 -0.163086 -0.177734 1310580389.240278
-0.213867 -0.413086 -0.177734 1310580389.261300
-0.226562 -0.279297 -0.268555 1310580389.305380
0.098633 -0.582031 -0.206055 1310580389.339341
0.624023 -0.867188 0.307617 1310580389.360321
0.894531 -0.878906 0.186523 1310580389.404316
1.609375 -0.683594 0.202148 1310580389.427369
1.977539 -0.766602 0.547852 1310580389.470263
1.694336 -1.016602 0.547852 1310580389.494277
0.189453 0.019531 -0.041992 1310580389.539435
0.946289 0.432617 0.496094 1310580389.561297
0.808594 -0.229492 0.784180 1310580389.636291
0.971680 -1.105469 0.710938 1310580389.637285
0.919922 -0.758789 0.447266 1310580389.659386
0.906250 -0.376953 0.165039 1310580389.692273
0.867188 -0.269531 0.089844 1310580389.714334
0.924805 -0.465820 0.113281 1310580389.760300
0.899414 -0.451172 0.100586 1310580389.782266
