0.946289 -0.397461 -0.046875 1311032688.582960
0.935547 -0.361328 -0.040039 1311032688.610964
0.892578 -0.307617 -0.038086 1311032688.652975
0.855469 -0.339844 -0.065430 1311032688.661960
0.801758 -0.339844 -0.065430 1311032688.705966
0.759766 -2.000000 -0.065430 1311032688.737963
0.711914 -0.500000 -0.065430 1311032688.761966
0.664062 -0.279297 -0.030273 1311032688.803968
0.583008 -0.353516 -0.045898 1311032688.846971
0.564453 -0.338867 -0.149414 1311032688.868972
0.595703 -0.319336 -0.127930 1311032688.941959
0.880859 -0.311523 -0.029297 1311032688.942975
0.891602 -0.344727 -0.033203 1311032688.967950
0.897461 -0.530273 0.000000 1311032688.990972
1.053711 -0.867188 0.191406 1311032689.036980
1.053711 -0.867188 0.191406 1311032689.052978
0.942383 -0.922852 0.199219 1311032689.100975
0.750000 -0.971680 0.157227 1311032689.122974
0.627930 -0.918945 0.264648 1311032689.167000
0.578125 -0.876953 0.293945 1311032689.187971
0.611328 -0.926758 0.420898 1311032689.231976
0.539062 -0.926758 0.420898 1311032689.252967
0.423828 -0.854492 0.565430 1311032689.293977
0.480469 -0.931641 0.578125 1311032689.338979
0.463867 -0.950195 0.641602 1311032689.361990
0.391602 -0.803711 0.561523 1311032689.385974
0.614258 -0.616211 0.848633 1311032689.406970
0.464844 -0.458984 0.752930 1311032689.456979
0.157227 -0.472656 0.442383 1311032689.477979
0.190430 -0.686523 0.424805 1311032689.523978
0.419922 -0.755859 0.674805 1311032689.547981
0.602539 -0.638672 0.833008 1311032689.572977
0.571289 -0.548828 0.624023 1311032689.596983
0.467773 -0.548828 0.624023 1311032689.627983
0.467773 -0.548828 0.624023 1311032689.670983
0.377930 -0.507812 0.569336 1311032689.713957
0.459961 -0.431641 0.649414 1311032689.736986
0.495117 -0.525391 0.573242 1311032689.763009
0.508789 -0.520508 0.573242 1311032689.793984
0.487305 -0.556641 0.555664 1311032689.842991
0.489258 -0.590820 0.555664 1311032689.863999
0.443359 -0.594727 0.561523 1311032689.907986
0.485352 -0.589844 0.553711 1311032689.928994
0.462891 -0.607422 0.558594 1311032689.971983
0.479492 -0.621094 0.558594 1311032689.994991
0.482422 -0.628906 0.554688 1311032690.039985
0.475586 -0.608398 0.528320 1311032690.061973
0.428711 -0.669922 0.493164 1311032690.083997
0.651367 -0.790039 0.797852 1311032690.130999
0.505859 -0.766602 0.635742 1311032690.153995
0.505859 -0.766602 0.635742 1311032690.175991
0.378906 -1.101562 0.608398 1311032690.249990
0.456055 -1.035156 0.464844 1311032690.265018
0.757812 -1.208008 0.296875 1311032690.286994
0.855469 -0.840820 0.162109 1311032690.331996
0.994141 -0.757812 0.098633 1311032690.352997
1.235352 -0.774414 -0.067383 1311032690.376997
1.395508 -0.577148 -0.077148 1311032690.427002
1.430664 -0.346680 -0.166016 1311032690.448999
1.324219 -0.460938 -0.238281 1311032690.492997
1.014648 -0.290039 -0.197266 1311032690.514003
0.708008 -0.110352 -0.202148 1311032690.540999
0.521484 -0.088867 -0.097656 1311032690.565013
0.506836 -0.105469 -0.007812 1311032690.609004
0.420898 -0.253906 0.052734 1311032690.634002
0.382812 -0.361328 0.017578 1311032690.666020
0.403320 -0.449219 -0.052734 1311032690.711006
0.484375 -0.496094 -0.052734 1311032690.734002
0.745117 -0.516602 -0.083008 1311032690.784007
0.938477 -0.486328 -0.049805 1311032690.806985
1.025391 -0.438477 -0.109375 1311032690.832009
1.099609 -0.434570 -0.118164 1311032690.856008
1.058594 -0.391602 -0.079102 1311032690.891011
0.925781 -0.240234 -0.024414 1311032690.933004
0.949219 -0.342773 -0.024414 1311032690.957009
0.925781 -0.407227 -0.004883 1311032691.011754
0.851562 -0.353516 -0.015625 1311032691.034006
0.724609 -0.294922 -0.029297 1311032691.057018
0.588867 -0.286133 0.031250 1311032691.084009
0.588867 -0.286133 0.031250 1311032691.117014
0.477539 -0.263672 -0.068359 1311032691.162013
0.403320 -0.235352 -0.080078 1311032691.188009
0.335938 -0.228516 -0.079102 1311032691.212020
0.418945 -0.314453 -0.125977 1311032691.246012
0.905273 -0.408203 -0.065430 1311032691.289016
1.440430 -0.419922 -0.065430 1311032691.311018
1.408203 -0.541992 -0.068359 1311032691.344017
1.225586 -0.853516 -0.026367 1311032691.388013
0.987305 -0.986328 -0.035156 1311032691.409020
1.231445 -1.312500 0.293945 1311032691.438019
1.077148 -0.929688 0.271484 1311032691.471019
0.666992 -0.861328 0.093750 1311032691.523024
0.685547 -1.014648 0.368164 1311032691.549018
0.418945 -0.882812 0.347656 1311032691.574014
0.515625 -0.904297 0.532227 1311032691.598023
0.627930 -0.906250 0.586914 1311032691.656021
0.609375 -0.815430 0.490234 1311032691.657020
0.638672 -0.691406 0.416016 1311032691.702020
0.479492 -0.529297 0.388672 1311032691.732023
0.411133 -0.493164 0.362305 1311032691.778024
0.605469 -0.478516 0.431641 1311032691.806026
0.716797 -0.527344 0.454102 1311032691.828027
0.715820 -0.619141 0.454102 1311032691.874026
0.644531 -0.648438 0.520508 1311032691.897027
0.576172 -0.626953 0.564453 1311032691.931038
0.522461 -0.568359 0.590820 1311032691.956029
0.510742 -0.447266 0.579102 1311032692.007032
0.530273 -0.498047 0.503906 1311032692.029031
0.535156 -0.518555 0.503906 1311032692.052012
0.538086 -0.529297 0.556641 1311032692.096031
0.463867 -0.526367 0.577148 1311032692.117032
0.529297 -0.514648 0.573242 1311032692.162033
0.536133 -0.523438 0.567383 1311032692.183334
0.562500 -0.536133 0.533203 1311032692.227027
0.562500 -0.536133 0.533203 1311032692.248038
0.603516 -0.595703 0.539062 1311032692.284033
0.554688 -0.526367 0.490234 1311032692.327036
0.444336 -0.568359 0.482422 1311032692.351033
0.529297 -0.675781 0.460938 1311032692.378078
0.540039 -0.761719 0.400391 1311032692.421036
0.509766 -0.607422 0.367188 1311032692.443038
0.701172 -0.736328 0.614258 1311032692.487037
0.689453 -0.851562 0.588867 1311032692.508043
0.376953 -0.907227 0.256836 1311032692.551041
0.465820 -1.148438 0.561523 1311032692.576054
0.475586 -1.040039 0.410156 1311032692.598038
0.679688 -1.004883 0.338867 1311032692.647036
0.875977 -0.776367 0.180664 1311032692.669028
0.935547 -0.875000 0.089844 1311032692.713036
1.045898 -1.041016 0.023438 1311032692.734036
1.273438 -0.833008 -0.097656 1311032692.757037
1.340820 -0.715820 -0.097656 1311032692.831047
1.307617 -0.544922 -0.347656 1311032692.852047
1.135742 -0.250977 -0.277344 1311032692.873043
0.922852 -0.058594 -0.148438 1311032692.894040
0.746094 -0.080078 -0.069336 1311032692.922049
0.547852 -0.096680 -0.095703 1311032692.966050
0.473633 -0.150391 -0.112305 1311032692.987030
0.514648 -0.267578 -0.080078 1311032693.032050
0.513672 -0.284180 0.010742 1311032693.056066
0.465820 -0.252930 0.003906 1311032693.101055
0.608398 -0.520508 -0.057617 1311032693.124056
0.708008 -0.522461 -0.059570 1311032693.148085
0.958008 -0.522461 -0.059570 1311032693.173058
0.984375 -2.000000 -0.059570 1311032693.218046
1.009766 -0.518555 -0.065430 1311032693.251054
1.030273 -0.411133 -0.081055 1311032693.294056
0.977539 -0.312500 -0.080078 1311032693.318104
0.944336 -0.270508 -0.125000 1311032693.342056
0.911133 -0.314453 -0.125000 1311032693.370016
0.893555 -0.347656 -0.125000 1311032693.411057
0.893555 -0.347656 -0.125000 1311032693.458056
0.853516 -0.365234 -0.083984 1311032693.482070
0.755859 -0.314453 -0.047852 1311032693.504059
0.720703 -0.365234 -0.083984 1311032693.527057
0.615234 -0.251953 -0.056641 1311032693.571060
0.365234 -0.251953 -0.056641 1311032693.608059
0.335938 -0.216797 -0.160156 1311032693.631148
0.398438 -0.201172 -0.129883 1311032693.681060
0.475586 -0.235352 -0.041992 1311032693.702060
0.681641 -0.407227 -0.030273 1311032693.724071
1.021484 -0.466797 -0.034180 1311032693.768063
1.314453 -0.989258 -0.015625 1311032693.811067
1.347656 -0.972656 0.091797 1311032693.836067
1.482422 -0.818359 0.532227 1311032693.857067
0.860352 -1.255859 0.166992 1311032693.886066
0.939453 -1.181641 0.166992 1311032693.914061
0.652344 -0.707031 0.288086 1311032693.979080
0.456055 -1.010742 0.341797 1311032694.001064
0.530273 -1.171875 0.638672 1311032694.023071
0.436523 -0.932617 0.674805 1311032694.046070
0.510742 -0.807617 0.750977 1311032694.119092
0.492188 -0.585938 0.750977 1311032694.135068
0.404297 -0.402344 0.530273 1311032694.158070
0.460938 -0.421875 0.487305 1311032694.202073
0.576172 -0.541016 0.470703 1311032694.223077
0.717773 -0.566406 0.477539 1311032694.268075
0.755859 -0.657227 0.418945 1311032694.291074
0.755859 -0.657227 0.418945 1311032694.327074
0.692383 -0.572266 0.472656 1311032694.352077
0.593750 -0.462891 0.508789 1311032694.373074
0.480469 -0.412109 0.530273 1311032694.418072
0.505859 -0.438477 0.557617 1311032694.451081
0.529297 -0.515625 0.586914 1311032694.472070
0.499023 -0.500977 0.584961 1311032694.514081
0.507812 -0.531250 0.581055 1311032694.537076
0.511719 -0.579102 0.570312 1311032694.581077
0.496094 -0.506836 0.614258 1311032694.604075
0.478516 -0.475586 0.553711 1311032694.627081
0.545898 -0.468750 0.565430 1311032694.671091
0.572266 -0.478516 0.525391 1311032694.714084
0.605469 -0.524414 0.489258 1311032694.736084
0.606445 -0.496094 0.503906 1311032694.779079
0.541992 -0.571289 0.499023 1311032694.801080
0.494141 -0.583984 0.506836 1311032694.844081
0.508789 -0.677734 0.377930 1311032694.867086
0.490234 -0.630859 0.460938 1311032694.912088
0.522461 -0.671875 0.482422 1311032694.934081
0.592773 -0.716797 0.618164 1311032694.957087
0.612305 -0.714844 0.764648 1311032695.001101
0.506836 -0.730469 0.592773 1311032695.022082
0.321289 -0.804688 0.363281 1311032695.044089
0.323242 -1.054688 0.363281 1311032695.088113
0.351562 -1.144531 0.363281 1311032695.134087
0.542969 -1.131836 0.388672 1311032695.156091
0.662109 -0.955078 0.367188 1311032695.181108
0.706055 -0.917969 0.348633 1311032695.223097
0.956055 -0.917969 0.348633 1311032695.244092
1.132812 -1.041016 0.125000 1311032695.294096
1.319336 -0.618164 -0.017578 1311032695.318094
1.342773 -0.538086 -0.185547 1311032695.341088
1.165039 -0.358398 -0.327148 1311032695.408119
1.146484 -0.072266 -0.256836 1311032695.409086
0.716797 -0.065430 -0.256836 1311032695.430086
0.582031 -0.208984 -0.231445 1311032695.472098
0.582031 -0.208984 -0.231445 1311032695.496088
0.539062 -0.330078 -0.145508 1311032695.539085
0.519531 -0.232422 -0.103516 1311032695.583064
0.538086 -0.290039 -0.200195 1311032695.604106
0.645508 -0.410156 -0.203125 1311032695.648066
0.780273 -0.455078 -0.083984 1311032695.669078
0.829102 -0.416016 -0.070312 1311032695.693074
0.931641 -0.312500 0.013672 1311032695.722072
1.016602 -0.277344 0.017578 1311032695.766098
0.966797 -0.414062 -0.060547 1311032695.788103
0.950195 -0.394531 -0.119141 1311032695.831109
0.977539 -0.384766 -0.095703 1311032695.854097
0.931641 -0.291016 -0.074219 1311032695.898103
0.926758 -0.347656 -0.122070 1311032695.922342
0.916016 -0.358398 -0.128906 1311032695.964110
0.898438 -0.378906 -0.128906 1311032695.987109
0.857422 -0.386719 -0.092773 1311032696.039122
0.782227 -0.370117 -0.031250 1311032696.064106
0.721680 -0.402344 -0.027344 1311032696.108113
0.674805 -0.324219 -0.037109 1311032696.111111
0.570312 -0.188477 -0.038086 1311032696.158112
0.441406 -0.146484 -0.084961 1311032696.181089
0.366211 -0.174805 -0.018555 1311032696.227111
0.373047 -0.345703 -0.042969 1311032696.252124
0.556641 -0.422852 -0.082031 1311032696.276114
0.921875 -0.513672 -0.169922 1311032696.311105
1.157227 -0.683594 -0.176758 1311032696.333106
1.157227 -0.683594 -0.176758 1311032696.377119
1.771484 -1.402344 0.117188 1311032696.408132
0.661133 -0.924805 -0.188477 1311032696.453110
0.661133 -0.719727 0.419922 1311032696.476117
0.588867 -1.079102 0.383789 1311032696.499117
0.646484 -1.231445 0.405273 1311032696.543128
0.646484 -1.231445 0.405273 1311032696.564114
0.745117 -1.029297 0.455078 1311032696.617124
0.640625 -0.992188 0.356445 1311032696.652128
0.565430 -0.821289 0.464844 1311032696.713118
0.487305 -0.507812 0.469727 1311032696.714111
0.473633 -0.391602 0.420898 1311032696.715749
0.544922 -0.536133 0.335938 1311032696.761123
0.626953 -0.736328 0.304688 1311032696.804124
0.723633 -0.815430 0.431641 1311032696.829125
0.757812 -0.743164 0.566406 1311032696.858124
0.677734 -0.624023 0.520508 1311032696.902130
0.506836 -0.550781 0.270508 1311032696.925130
0.490234 -0.489258 0.459961 1311032696.973192
0.486328 -0.440430 0.525391 1311032696.996129
0.502930 -0.477539 0.537109 1311032697.019124
0.561523 -0.507812 0.581055 1311032697.043124
0.544922 -0.533203 0.554688 1311032697.077133
0.531250 -0.580078 0.581055 1311032697.123126
0.532227 -0.580078 0.581055 1311032697.147133
0.539062 -0.580078 0.581055 1311032697.181130
0.546875 -0.544922 0.541992 1311032697.226151
0.530273 -0.581055 0.574219 1311032697.248126
0.511719 -0.554688 0.544922 1311032697.271105
0.511719 -0.554688 0.544922 1311032697.316135
0.568359 -0.542969 0.526367 1311032697.338126
0.532227 -0.577148 0.483398 1311032697.382135
0.535156 -0.608398 0.445312 1311032697.428134
0.556641 -0.659180 0.442383 1311032697.451140
0.575195 -0.676758 0.444336 1311032697.473136
0.533203 -0.681641 0.454102 1311032697.499143
0.494141 -0.728516 0.483398 1311032697.542139
0.566406 -0.710938 0.541992 1311032697.564138
0.846680 -0.880859 0.683594 1311032697.608140
0.735352 -0.841797 0.516602 1311032697.631137
0.269531 -0.717773 0.179688 1311032697.673136
0.483398 -1.181641 0.432617 1311032697.696143
0.584961 -1.135742 0.267578 1311032697.742136
0.790039 -1.083984 0.110352 1311032697.764142
1.049805 -0.886719 0.040039 1311032697.788140
1.084961 -0.912109 0.007812 1311032697.823154
1.211914 -0.835938 -0.143555 1311032697.846139
1.258789 -0.749023 -0.304688 1311032697.891146
1.095703 -0.717773 -0.211914 1311032697.912141
0.829102 -0.406250 -0.140625 1311032697.989142
0.833008 -0.352539 -0.050781 1311032698.004143
0.767578 -0.441406 -0.104492 1311032698.027148
0.772461 -0.339844 -0.104492 1311032698.050145
0.674805 -0.224609 -0.135742 1311032698.093147
0.600586 -0.205078 -0.086914 1311032698.136144
0.633789 -0.229492 -0.090820 1311032698.157149
0.629883 -0.217773 -0.132812 1311032698.178149
0.628906 -0.235352 -0.165039 1311032698.238151
0.792969 -0.485352 -0.165039 1311032698.239152
0.917969 -0.359375 -0.156250 1311032698.273154
0.978516 -0.318359 -0.135742 1311032698.322150
0.988281 -0.251953 -0.117188 1311032698.343151
0.939453 -0.199219 -0.128906 1311032698.367152
0.916016 -0.244141 -0.126953 1311032698.412159
0.916016 -0.244141 -0.126953 1311032698.442155
0.966797 -0.236328 -0.146484 1311032698.488157
0.930664 -0.230469 -0.138672 1311032698.511155
0.948242 -0.250000 -0.143555 1311032698.532158
0.947266 -0.285156 -0.141602 1311032698.561153
0.934570 -0.267578 -0.132812 1311032698.586158
0.910156 -0.297852 -0.131836 1311032698.652161
0.828125 -0.250977 -0.147461 1311032698.674158
0.750977 -0.284180 -0.171875 1311032698.698151
0.604492 -0.189453 -0.154297 1311032698.722176
0.535156 -0.290039 -0.114258 1311032698.768160
0.416016 -0.221680 -0.087891 1311032698.791162
0.421875 -0.166016 -0.119141 1311032698.836157
0.418945 -0.200195 -0.055664 1311032698.858160
0.407227 -0.462891 -0.060547 1311032698.883167
0.803711 -0.682617 -0.011719 1311032698.914156
1.488281 -0.705078 0.115234 1311032698.958204
1.521484 -0.575195 0.035156 1311032698.980167
1.148438 -0.925781 -0.106445 1311032699.023165
1.280273 -0.963867 0.055664 1311032699.046163
1.208008 -0.880859 0.062500 1311032699.092168
0.905273 -0.838867 0.039062 1311032699.114164
0.699219 -1.218750 0.289062 1311032699.137166
0.568359 -1.468750 0.289062 1311032699.181172
0.650391 -0.942383 0.465820 1311032699.247186
0.743164 -1.090820 0.405273 1311032699.284164
0.669922 -0.999023 0.420898 1311032699.286161
0.375977 -0.679688 0.435547 1311032699.306168
0.367188 -0.488281 0.475586 1311032699.348170
0.459961 -0.488281 0.475586 1311032699.371174
0.612305 -0.469727 0.318359 1311032699.401173
0.751953 -0.641602 0.336914 1311032699.443166
0.780273 -0.602539 0.384766 1311032699.466174
0.823242 -0.541016 0.513672 1311032699.508177
0.722656 -0.425781 0.505859 1311032699.533157
0.615234 -0.339844 0.542969 1311032699.555175
0.504883 -0.320312 0.542969 1311032699.599171
0.504883 -0.320312 0.542969 1311032699.621178
0.525391 -0.372070 0.569336 1311032699.668176
0.558594 -0.352539 0.532227 1311032699.689254
0.620117 -0.332031 0.556641 1311032699.734198
0.624023 -0.335938 0.527344 1311032699.761173
0.690430 -0.408203 0.488281 1311032699.797183
0.659180 -0.399414 0.499023 1311032699.821182
0.613281 -0.382812 0.504883 1311032699.863186
0.575195 -0.386719 0.580078 1311032699.884162
0.570312 -0.385742 0.587891 1311032699.919176
0.576172 -0.382812 0.587891 1311032699.944192
0.602539 -0.397461 0.539062 1311032699.987186
0.608398 -0.388672 0.531250 1311032700.031163
0.668945 -0.428711 0.527344 1311032700.052181
0.627930 -0.460938 0.500977 1311032700.075184
0.630859 -0.502930 0.488281 1311032700.121189
0.617188 -0.507812 0.508789 1311032700.164186
0.579102 -0.569336 0.501953 1311032700.199188
0.517578 -0.628906 0.483398 1311032700.220193
0.537109 -0.520508 0.477539 1311032700.243186
0.598633 -0.554688 0.550781 1311032700.265194
0.645508 -0.689453 0.669922 1311032700.312189
0.484375 -0.765625 0.631836 1311032700.338189
0.304688 -0.848633 0.375000 1311032700.382192
0.320312 -1.004883 0.507812 1311032700.404192
0.459961 -1.149414 0.511719 1311032700.447196
0.747070 -1.111328 0.323242 1311032700.469192
0.747070 -1.111328 0.323242 1311032700.492192
0.923828 -1.036133 0.168945 1311032700.574193
1.132812 -1.042969 0.077148 1311032700.575194
1.274414 -0.717773 -0.023438 1311032700.595196
1.341797 -0.544922 -0.128906 1311032700.638188
1.549805 -0.506836 -0.148438 1311032700.659198
1.280273 -0.172852 -0.231445 1311032700.702193
0.940430 -0.108398 -0.240234 1311032700.724198
0.755859 -0.130859 -0.146484 1311032700.770200
0.549805 -0.210938 -0.151367 1311032700.793199
0.489258 -0.216797 -0.120117 1311032700.839201
0.461914 -0.231445 -0.083984 1311032700.861190
0.379883 -0.251953 -0.019531 1311032700.887201
0.396484 -0.293945 -0.001953 1311032700.932204
0.496094 -0.310547 -0.015625 1311032700.955202
0.691406 -0.403320 -0.026367 1311032700.998206
0.921875 -0.460938 -0.043945 1311032701.020202
1.026367 -0.426758 -0.032227 1311032701.045224
1.029297 -0.376953 -0.008789 1311032701.090205
0.978516 -0.404297 -0.018555 1311032701.113206
0.993164 -0.338867 -0.060547 1311032701.138228
0.965820 -0.257812 -0.100586 1311032701.180208
0.945312 -0.270508 -0.066406 1311032701.203209
0.933594 -0.270508 -0.066406 1311032701.247208
