0.911133 -0.286133 0.135742 1309563652.698434
0.915039 -0.157227 0.178711 1309563652.720429
0.918945 -0.299805 0.261719 1309563652.742436
0.981445 -0.364258 0.301758 1309563652.788405
1.088867 -0.156250 0.394531 1309563652.812282
0.976562 0.101562 0.518555 1309563652.854409
0.877930 0.009766 0.679688 1309563652.877427
1.019531 -0.082031 0.890625 1309563652.905483
1.162109 0.125977 1.001953 1309563652.949420
1.372070 0.230469 1.048828 1309563652.973429
1.470703 0.113281 1.089844 1309563652.995455
1.499023 -0.068359 1.089844 1309563653.036429
1.490234 -0.195312 1.143555 1309563653.082430
1.427734 -0.589844 1.170898 1309563653.103449
1.716797 -0.531250 1.160156 1309563653.149454
1.662109 -0.757812 1.014648 1309563653.184462
1.581055 -0.757812 1.014648 1309563653.233454
1.350586 -0.896484 0.664062 1309563653.254454
1.233398 -0.625000 0.523438 1309563653.273463
0.954102 -0.560547 0.413086 1309563653.295457
0.696289 -0.442383 0.224609 1309563653.340432
0.515625 -0.503906 0.145508 1309563653.362451
0.315430 -0.288086 0.145508 1309563653.385475
0.121094 -0.109375 -0.110352 1309563653.429464
0.100586 -0.250977 -0.073242 1309563653.474470
-0.024414 0.181641 -0.248047 1309563653.495464
-0.279297 0.280273 -0.356445 1309563653.539456
-0.316406 0.415039 -0.339844 1309563653.565434
-0.497070 0.670898 -0.533203 1309563653.588462
-0.555664 1.218750 -0.902344 1309563653.631457
-0.726562 0.639648 -1.137695 1309563653.653452
-0.524414 1.025391 -0.667969 1309563653.679441
-0.605469 0.791016 -0.709961 1309563653.724472
-0.618164 0.590820 -0.717773 1309563653.745440
-0.591797 0.590820 -0.717773 1309563653.768442
-0.562500 0.492188 -0.719727 1309563653.813461
-0.335938 0.773438 -0.700195 1309563653.849473
-0.302734 0.491211 -0.640625 1309563653.895467
-0.327148 0.378906 -0.701172 1309563653.919468
-0.169922 0.131836 -0.520508 1309563653.940465
-0.068359 0.027344 -0.457031 1309563653.962483
0.073242 -0.222656 -0.457031 1309563654.005467
0.073242 -0.222656 -0.457031 1309563654.022474
0.594727 -0.094727 -0.291016 1309563654.079467
0.961914 -0.213867 -0.227539 1309563654.123491
1.316406 -0.823242 0.347656 1309563654.125477
1.726562 -0.600586 0.621094 1309563654.169475
1.758789 -0.817383 0.517578 1309563654.213477
1.975586 -1.496094 0.653320 1309563654.238480
1.973633 -0.472656 1.455078 1309563654.260434
1.978516 -0.663086 1.334961 1309563654.304479
1.978516 -0.663086 1.334961 1309563654.325491
1.982422 -0.145508 1.533203 1309563654.373483
1.728516 -0.271484 1.277344 1309563654.394459
1.354492 -0.255859 1.310547 1309563654.543485
1.048828 -0.619141 1.510742 1309563654.565506
0.906250 -0.878906 1.558594 1309563654.568469
0.906250 -0.878906 1.558594 1309563654.580477
0.799805 0.398438 0.936523 1309563654.612480
0.968750 -0.071289 0.556641 1309563654.613511
1.077148 -0.238281 0.549805 1309563654.614479
1.088867 0.001953 0.703125 1309563654.657486
1.232422 0.081055 1.155273 1309563654.680482
1.386719 0.057617 1.343750 1309563654.705485
1.456055 -0.214844 1.362305 1309563654.749490
1.600586 -0.345703 1.313477 1309563654.798490
1.682617 -0.270508 1.242188 1309563654.819486
1.607422 -0.481445 1.179688 1309563654.841488
1.643555 -0.678711 1.087891 1309563654.862493
1.485352 -0.808594 0.877930 1309563654.908488
1.400391 -0.792969 0.760742 1309563654.944483
1.206055 -0.777344 0.583008 1309563654.968496
1.035156 -0.571289 0.432617 1309563655.018487
0.896484 -0.250977 0.174805 1309563655.040476
0.578125 -0.352539 -0.054688 1309563655.083488
0.578125 -0.352539 -0.054688 1309563655.104497
0.309570 -0.007812 -0.392578 1309563655.140489
0.200195 0.044922 -0.437500 1309563655.163492
0.092773 -0.257812 -0.298828 1309563655.205493
-0.014648 0.240234 -0.346680 1309563655.227494
-0.309570 0.240234 -0.346680 1309563655.249506
-0.465820 1.005859 -0.904297 1309563655.293498
-0.526367 1.184570 -1.001953 1309563655.337499
-0.575195 1.111328 -1.061523 1309563655.364498
-0.323242 1.086914 -0.861328 1309563655.387508
-0.427734 1.033203 -0.724609 1309563655.432491
-0.431641 1.033203 -0.724609 1309563655.460508
-0.312500 0.698242 -0.811523 1309563655.502502
-0.390625 0.650391 -0.841797 1309563655.530509
-0.270508 0.498047 -0.708008 1309563655.579506
-0.200195 0.402344 -0.556641 1309563655.580496
-0.098633 0.218750 -0.439453 1309563655.619501
-0.003906 0.128906 -0.470703 1309563655.667508
0.087891 0.054688 -0.414062 1309563655.687508
0.129883 -0.046875 -0.464844 1309563655.730484
0.329102 -0.142578 -0.429688 1309563655.807513
0.710938 -0.462891 -0.226562 1309563655.822502
0.888672 -0.441406 0.052734 1309563655.824475
1.798828 -0.724609 0.400391 1309563655.845498
1.662109 -0.555664 0.559570 1309563655.890509
1.850586 -1.068359 0.654297 1309563655.912503
1.974609 -0.856445 1.129883 1309563655.934508
1.833984 -0.507812 0.921875 1309563655.978502
1.976562 -0.916992 1.171875 1309563656.001516
1.979492 -0.191406 1.312500 1309563656.047513
1.981445 -0.061523 0.836914 1309563656.070501
1.789062 -0.666992 1.436523 1309563656.114518
1.281250 -0.101562 1.355469 1309563656.153536
1.161133 -0.735352 1.590820 1309563656.160512
1.114258 0.697266 1.985352 1309563656.187516
1.013672 -1.229492 1.973633 1309563656.254504
0.698242 -0.333008 0.661133 1309563656.260513
1.004883 -0.236328 0.615234 1309563656.323522
1.197266 -0.252930 0.642578 1309563656.348495
1.262695 -0.249023 1.045898 1309563656.365533
1.262695 -0.249023 1.045898 1309563656.387517
1.566406 -0.462891 1.324219 1309563656.433536
1.669922 -0.567383 1.165039 1309563656.455521
1.718750 -0.650391 1.040039 1309563656.479532
1.741211 -0.620117 1.026367 1309563656.523531
1.696289 -0.562500 0.958008 1309563656.544521
1.696289 -0.562500 0.958008 1309563656.588522
1.242188 -0.779297 0.681641 1309563656.621493
1.086914 -0.718750 0.399414 1309563656.643521
0.935547 -0.528320 0.276367 1309563656.687489
0.729492 -0.531250 0.235352 1309563656.718522
0.556641 -0.328125 0.065430 1309563656.747543
0.365234 -0.152344 -0.014648 1309563656.790539
0.289062 -0.147461 -0.011719 1309563656.812516
0.210938 0.028320 -0.163086 1309563656.834559
-0.041016 0.300781 -0.357422 1309563656.880530
-0.063477 0.333008 -0.341797 1309563656.903525
-0.346680 0.586914 -0.460938 1309563656.925533
-0.566406 1.125000 -0.827148 1309563656.990554
-0.398438 1.100586 -0.830078 1309563657.012514
-0.520508 0.872070 -0.864258 1309563657.048548
-0.385742 0.646484 -0.701172 1309563657.099493
-0.430664 0.768555 -0.767578 1309563657.120520
-0.460938 0.789062 -0.825195 1309563657.142526
-0.417969 0.691406 -0.800781 1309563657.163528
-0.467773 0.808594 -0.844727 1309563657.185544
-0.389648 0.577148 -0.666992 1309563657.240529
-0.269531 0.390625 -0.582031 1309563657.265536
-0.165039 0.237305 -0.460938 1309563657.288531
0.006836 0.237305 -0.460938 1309563657.310541
0.133789 0.093750 -0.414062 1309563657.364538
0.365234 -0.032227 -0.382812 1309563657.409533
0.454102 -0.355469 -0.239258 1309563657.430540
0.708984 -0.690430 0.213867 1309563657.452508
1.147461 -0.934570 0.909180 1309563657.478540
1.078125 -0.684570 0.909180 1309563657.518540
1.519531 -1.122070 0.370117 1309563657.563571
1.703125 -0.953125 0.446289 1309563657.588552
1.700195 -0.872070 0.771484 1309563657.632538
1.847656 -0.940430 0.757812 1309563657.653542
1.900391 -0.701172 1.498047 1309563657.675546
1.875000 -0.190430 1.203125 1309563657.722544
1.975586 -0.610352 1.034180 1309563657.767524
1.397461 -0.218750 1.392578 1309563657.768543
1.379883 -0.394531 1.172852 1309563657.815544
1.215820 -0.550781 0.963867 1309563657.837555
0.973633 -0.778320 1.210938 1309563657.882534
0.872070 -0.836914 1.198242 1309563657.925534
0.985352 -0.057617 1.073242 1309563658.077523
0.810547 0.046875 0.643555 1309563658.098563
0.893555 -0.560547 0.532227 1309563658.099522
0.973633 -0.453125 0.423828 1309563658.144558
1.068359 -0.402344 0.575195 1309563658.158503
1.101562 -0.402344 0.575195 1309563658.164547
1.259766 -0.302734 1.131836 1309563658.175549
1.368164 -0.377930 1.271484 1309563658.180552
1.594727 -0.340820 1.284180 1309563658.207550
1.511719 -0.514648 1.282227 1309563658.229555
1.602539 -0.543945 1.186523 1309563658.251555
1.626953 -0.562500 1.046875 1309563658.295549
1.440430 -0.769531 1.105469 1309563658.384553
1.514648 -0.766602 0.996094 1309563658.405553
1.312500 -0.515625 0.774414 1309563658.407552
1.198242 -0.642578 0.696289 1309563658.420564
1.198242 -0.642578 0.696289 1309563658.443560
0.811523 -0.270508 -0.023438 1309563658.487565
0.440430 -0.406250 -0.161133 1309563658.510559
0.219727 -0.662109 -0.111328 1309563658.558526
0.332031 -0.333984 -0.150391 1309563658.580559
0.294922 0.091797 -0.183594 1309563658.627568
-0.075195 0.283203 -0.351562 1309563658.650558
-0.277344 0.217773 -0.522461 1309563658.678552
0.336914 1.143555 -0.696289 1309563658.720533
-0.054688 0.844727 -0.619141 1309563658.743574
-0.163086 0.873047 -0.666992 1309563658.783575
-0.113281 1.003906 -0.613281 1309563658.805542
-0.197266 1.205078 -0.785156 1309563658.847569
-0.242188 1.040039 -0.835938 1309563658.868567
-0.335938 1.261719 -0.996094 1309563658.912569
-0.242188 1.112305 -0.947266 1309563658.955569
-0.177734 0.893555 -0.798828 1309563658.978570
-0.230469 0.707031 -0.745117 1309563659.001572
-0.230469 0.707031 -0.745117 1309563659.032557
-0.068359 0.302734 -0.453125 1309563659.077555
0.035156 0.076172 -0.346680 1309563659.100573
0.288086 -0.103516 -0.276367 1309563659.123566
0.319336 -0.204102 -0.220703 1309563659.167569
0.375000 -0.491211 -0.101562 1309563659.189569
0.998047 -0.401367 0.103516 1309563659.235581
1.252930 -0.496094 0.271484 1309563659.268565
1.439453 -0.681641 0.140625 1309563659.290578
1.779297 -0.468750 0.228516 1309563659.338551
1.784180 -0.972656 0.648438 1309563659.358575
1.978516 -0.972656 0.648438 1309563659.379567
1.978516 -0.648438 1.121094 1309563659.427576
1.977539 -0.649414 1.165039 1309563659.445572
1.975586 -0.080078 1.349609 1309563659.532582
1.983398 -0.371094 1.248047 1309563659.533571
1.896484 -0.444336 1.162109 1309563659.557577
1.288086 -0.672852 1.475586 1309563659.580585
1.288086 -0.672852 1.475586 1309563659.608589
0.922852 -1.306641 1.981445 1309563659.693570
0.810547 -0.880859 0.385742 1309563659.694543
1.009766 -0.151367 0.239258 1309563659.717598
0.936523 -0.338867 0.132812 1309563659.757580
1.231445 -0.177734 0.204102 1309563659.784582
1.185547 -0.232422 0.392578 1309563659.804579
1.145508 -0.224609 0.735352 1309563659.852589
1.094727 -0.270508 0.951172 1309563659.877575
1.105469 -0.825195 1.151367 1309563659.898592
1.250977 -0.507812 1.228516 1309563659.942587
1.397461 -0.477539 1.385742 1309563659.970564
1.550781 -0.369141 1.402344 1309563660.008605
1.526367 -0.679688 1.304688 1309563660.034595
1.546875 -0.776367 1.112305 1309563660.082586
1.380859 -0.443359 0.796875 1309563660.104593
1.250000 -0.762695 0.546875 1309563660.127570
1.119141 -0.403320 0.388672 1309563660.169567
0.778320 -0.482422 0.235352 1309563660.223606
0.637695 -0.421875 0.220703 1309563660.230594
0.292969 -0.424805 0.105469 1309563660.263613
0.290039 -0.291016 -0.070312 1309563660.284590
0.136719 -0.145508 -0.164062 1309563660.328599
0.151367 -0.085938 -0.220703 1309563660.372599
0.174805 0.048828 -0.299805 1309563660.399602
-0.172852 0.404297 -0.447266 1309563660.430637
-0.232422 0.444336 -0.561523 1309563660.462595
-0.369141 0.936523 -0.805664 1309563660.477616
-0.369141 0.936523 -0.805664 1309563660.504590
-0.415039 1.031250 -0.956055 1309563660.554598
-0.603516 0.925781 -1.065430 1309563660.591572
-0.389648 0.940430 -0.973633 1309563660.615579
-0.479492 0.892578 -1.015625 1309563660.638484
-0.374023 0.733398 -0.974609 1309563660.681607
-0.330078 0.733398 -0.974609 1309563660.703601
-0.317383 0.467773 -0.653320 1309563660.750596
-0.282227 0.359375 -0.576172 1309563660.795602
-0.124023 0.248047 -0.475586 1309563660.818599
0.042969 0.113281 -0.339844 1309563660.839583
0.272461 -0.010742 -0.247070 1309563660.861624
0.325195 -0.148438 -0.195312 1309563660.939621
0.313477 -0.397461 -0.067383 1309563660.965607
0.570312 -0.437500 0.194336 1309563660.985627
0.813477 -0.556641 0.244141 1309563661.008603
1.177734 -0.521484 0.083984 1309563661.030611
1.309570 -1.215820 0.586914 1309563661.053606
1.559570 -1.215820 0.586914 1309563661.098612
1.797852 -0.454102 0.954102 1309563661.125621
1.977539 -0.576172 0.725586 1309563661.168614
1.978516 -0.304688 1.297852 1309563661.189622
1.980469 -0.346680 1.045898 1309563661.239618
1.977539 -0.724609 1.552734 1309563661.309612
1.622070 -0.190430 1.302734 1309563661.329625
1.471680 -0.210938 1.143555 1309563661.331608
1.213867 -0.690430 1.215820 1309563661.379595
1.017578 -0.571289 1.345703 1309563661.405592
