1.039062 -0.939453 -0.389648 1309979031.591657
0.910156 -0.927734 -0.435547 1309979031.615667
1.057617 -0.927734 -0.435547 1309979031.638657
1.370117 -0.940430 -0.063477 1309979031.681650
1.159180 -0.833008 -0.197266 1309979031.725647
0.978516 -1.076172 0.128906 1309979031.747644
1.160156 -1.102539 0.797852 1309979031.769631
0.917969 -1.721680 1.062500 1309979031.814654
1.667969 -1.721680 1.062500 1309979031.835646
1.964844 -1.981445 0.464844 1309979031.879659
1.964844 -1.981445 0.405273 1309979031.912659
1.491211 -1.974609 0.375000 1309979031.936657
1.316406 -1.839844 0.263672 1309979031.960658
1.107422 -1.608398 -0.018555 1309979031.987654
1.172852 -1.251953 -0.518555 1309979032.032673
1.221680 -0.843750 -0.597656 1309979032.067612
1.828125 -0.644531 -0.581055 1309979032.110617
1.394531 -0.416992 -0.742188 1309979032.134671
1.362305 -0.275391 -0.638672 1309979032.156663
1.215820 -0.189453 -0.433594 1309979032.190663
1.268555 -0.166992 0.082031 1309979032.227631
0.592773 0.176758 0.536133 1309979032.275650
0.311523 0.121094 0.930664 1309979032.286659
1.934570 1.981445 1.987305 1309979032.330670
-1.238281 -0.491211 0.665039 1309979032.375645
-0.555664 -0.562500 1.807617 1309979032.376667
-0.939453 0.497070 1.973633 1309979032.414667
0.427734 0.184570 1.791016 1309979032.457662
1.116211 0.545898 0.529297 1309979032.501670
1.758789 0.460938 0.144531 1309979032.524668
1.975586 -0.301758 -0.337891 1309979032.549676
1.976562 -0.551758 -0.337891 1309979032.579667
1.977539 -0.695312 -0.950195 1309979032.625674
1.916992 -0.704102 -0.747070 1309979032.646677
1.943359 -0.746094 -0.564453 1309979032.724688
1.698242 -1.145508 -0.350586 1309979032.737673
1.376953 -1.476562 -0.448242 1309979032.739656
1.971680 -1.982422 0.076172 1309979032.775650
1.518555 -1.984375 0.291992 1309979032.830676
1.559570 -1.982422 0.805664 1309979032.832674
1.682617 -1.983398 0.922852 1309979032.881666
1.973633 -1.983398 0.854492 1309979032.902675
1.970703 -1.982422 0.797852 1309979032.926675
1.970703 -1.982422 0.797852 1309979032.960681
1.975586 -1.829102 0.111328 1309979033.004677
1.971680 -1.366211 -0.729492 1309979033.036677
1.733398 -0.686523 -0.626953 1309979033.057660
1.976562 -0.462891 -0.750000 1309979033.104687
1.978516 -0.215820 -0.771484 1309979033.159684
1.559570 -0.142578 -0.521484 1309979033.160680
1.606445 -0.177734 -0.367188 1309979033.202682
1.406250 0.616211 -0.074219 1309979033.225682
0.285156 0.583008 0.432617 1309979033.274657
0.318359 1.099609 0.918945 1309979033.300679
1.987305 1.982422 1.988281 1309979033.321679
-1.979492 0.492188 1.000977 1309979033.360685
-0.781250 0.116211 1.556641 1309979033.382674
-0.277344 0.896484 1.693359 1309979033.419687
0.633789 0.541992 0.630859 1309979033.469699
1.071289 0.222656 0.020508 1309979033.502706
1.621094 -0.124023 0.148438 1309979033.543701
1.978516 -0.196289 -0.256836 1309979033.555690
1.980469 -0.571289 -0.676758 1309979033.582705
1.975586 -0.861328 -0.586914 1309979033.612680
1.944336 -0.539062 -0.379883 1309979033.636691
1.970703 -0.940430 -0.371094 1309979033.667694
1.518555 -0.940430 -0.371094 1309979033.696668
1.907227 -1.281250 0.178711 1309979033.741690
1.968750 -1.984375 -0.118164 1309979033.792692
1.293945 -1.983398 0.334961 1309979033.800691
1.249023 -1.983398 0.316406 1309979033.844698
1.659180 -1.984375 0.454102 1309979033.865670
1.971680 -1.984375 0.454102 1309979033.907690
1.971680 -1.982422 0.301758 1309979033.932692
1.971680 -1.982422 0.255859 1309979034.010712
1.970703 -1.983398 0.029297 1309979034.029698
1.978516 -1.519531 -0.695312 1309979034.030692
1.758789 -1.027344 -0.793945 1309979034.074696
1.978516 -0.849609 -0.666992 1309979034.080690
1.979492 0.059570 -0.786133 1309979034.135698
1.436523 -0.035156 -0.666016 1309979034.162686
1.098633 -0.059570 -0.297852 1309979034.192703
1.467773 -0.006836 0.083984 1309979034.240700
0.851562 0.208008 0.288086 1309979034.241705
0.361328 0.356445 0.618164 1309979034.321701
0.198242 1.511719 1.118164 1309979034.327689
0.411133 -0.421875 0.269531 1309979034.370712
-0.766602 0.046875 1.542969 1309979034.395708
0.016602 0.819336 1.979492 1309979034.416712
0.254883 0.510742 1.913086 1309979034.437696
0.467773 0.510742 1.913086 1309979034.480700
1.127930 -0.003906 0.744141 1309979034.537705
1.841797 -0.102539 0.309570 1309979034.539697
1.978516 -0.519531 -0.217773 1309979034.583698
1.978516 -0.855469 -0.640625 1309979034.604713
1.977539 -0.813477 -0.743164 1309979034.646708
1.978516 -0.569336 -0.627930 1309979034.670707
1.812500 -0.565430 -0.601562 1309979034.706713
1.448242 -1.273438 -0.613281 1309979034.750690
1.592773 -1.381836 -0.284180 1309979034.774711
1.967773 -1.984375 -0.465820 1309979034.817708
0.782227 -1.984375 -0.124023 1309979034.842689
0.827148 -1.982422 0.049805 1309979034.865712
1.973633 -1.983398 0.374023 1309979034.912712
1.971680 -1.984375 0.263672 1309979034.934716
1.972656 -1.982422 0.620117 1309979034.976771
1.972656 -1.983398 0.447266 1309979035.019715
1.970703 -1.839844 0.041992 1309979035.040720
1.870117 -1.445312 -0.349609 1309979035.061724
1.864258 -0.771484 -0.350586 1309979035.104703
1.652344 -0.196289 -0.706055 1309979035.127683
1.794922 -0.204102 -0.770508 1309979035.170727
1.379883 -0.106445 -0.638672 1309979035.199722
1.374023 -0.175781 -0.316406 1309979035.220716
1.186523 0.132812 -0.033203 1309979035.266721
0.652344 0.139648 0.359375 1309979035.307720
0.196289 1.250000 0.783203 1309979035.329720
0.523438 1.982422 1.980469 1309979035.351711
-0.595703 -1.375000 1.177734 1309979035.397733
-0.525391 0.896484 1.978516 1309979035.411727
-0.123047 0.867188 1.975586 1309979035.457777
0.431641 0.150391 1.733398 1309979035.480726
1.023438 0.025391 0.884766 1309979035.522703
1.563477 -0.154297 0.165039 1309979035.567707
1.977539 -0.658203 -0.171875 1309979035.570748
1.977539 -0.658203 -0.171875 1309979035.616735
1.747070 -1.138672 -1.021484 1309979035.641713
1.562500 -0.567383 -0.712891 1309979035.684728
1.661133 -0.378906 -0.438477 1309979035.706493
0.898438 -1.377930 -0.652344 1309979035.750734
1.971680 -1.352539 -0.325195 1309979035.771782
1.571289 -1.982422 -0.325195 1309979035.793737
1.817383 -1.982422 -0.325195 1309979035.839732
1.373047 -1.984375 0.684570 1309979035.866727
1.970703 -1.981445 0.871094 1309979035.910733
1.973633 -1.984375 0.786133 1309979035.932713
1.972656 -1.984375 0.786133 1309979035.956738
1.971680 -1.982422 0.695312 1309979036.001719
1.972656 -1.914062 0.209961 1309979036.044736
1.707031 -1.415039 -0.602539 1309979036.065736
1.748047 -0.643555 -0.727539 1309979036.091745
1.686523 -0.458984 -0.518555 1309979036.114754
1.544922 -0.399414 -0.697266 1309979036.159730
1.671875 -0.416016 -0.831055 1309979036.182580
1.658203 -0.166016 -0.831055 1309979036.220720
1.658203 -0.166016 -0.831055 1309979036.247753
0.673828 0.529297 -0.164062 1309979036.296758
-0.778320 1.737305 0.213867 1309979036.306745
-0.134766 0.348633 0.381836 1309979036.352735
-0.428711 1.117188 0.381836 1309979036.374727
-0.522461 -0.340820 0.907227 1309979036.420742
0.182617 0.015625 0.949219 1309979036.442749
0.301758 0.307617 0.791992 1309979036.477771
0.386719 -0.359375 0.464844 1309979036.499742
0.386719 -0.359375 0.464844 1309979036.590775
0.651367 -0.394531 0.249023 1309979036.611732
0.685547 -0.614258 0.026367 1309979036.612726
0.761719 -0.943359 -0.097656 1309979036.647748
1.190430 -0.716797 -0.040039 1309979036.672755
1.341797 -0.966797 -0.040039 1309979036.716758
1.234375 -1.009766 0.209961 1309979036.745751
1.921875 -1.152344 0.128906 1309979036.771757
1.701172 -1.163086 0.068359 1309979036.796751
1.757812 -1.104492 0.337891 1309979036.843755
1.762695 -0.984375 0.656250 1309979036.886763
1.561523 -1.250977 0.539062 1309979036.911755
1.561523 -1.250977 0.539062 1309979036.932762
1.647461 -0.696289 1.980469 1309979036.976778
0.427734 -1.389648 0.083984 1309979036.999755
1.010742 -1.925781 -0.036133 1309979037.021826
1.263672 -0.080078 -0.262695 1309979037.067757
0.962891 0.460938 -0.079102 1309979037.090751
0.745117 0.063477 -0.248047 1309979037.136728
0.884766 -0.289062 -0.327148 1309979037.157768
1.111328 -0.231445 -0.259766 1309979037.181775
1.003906 -0.098633 -0.163086 1309979037.212752
0.946289 -0.079102 -0.004883 1309979037.240776
