0.316406 -0.787109 0.522461 1309542856.065837
0.317383 -0.780273 0.532227 1309542856.089867
0.296875 -0.805664 0.523438 1309542856.111839
0.297852 -0.799805 0.534180 1309542856.135842
0.270508 -0.796875 0.561523 1309542856.181875
0.237305 -0.843750 0.575195 1309542856.204891
0.255859 -0.765625 0.587891 1309542856.248895
0.273438 -0.722656 0.576172 1309542856.270895
0.191406 -0.643555 0.570312 1309542856.315899
0.177734 -0.737305 0.609375 1309542856.340899
0.183594 -0.714844 0.570312 1309542856.384904
0.170898 -0.714844 0.570312 1309542856.407882
0.208984 -0.695312 0.464844 1309542856.436899
0.237305 -0.777344 0.472656 1309542856.510905
0.275391 -0.759766 0.411133 1309542856.530913
0.274414 -0.770508 0.363281 1309542856.550871
0.279297 -0.784180 0.396484 1309542856.551902
0.279297 -0.784180 0.396484 1309542856.598907
0.327148 -0.802734 0.432617 1309542856.624909
0.391602 -0.983398 0.548828 1309542856.668906
0.325195 -0.873047 0.621094 1309542856.710853
0.228516 -0.823242 0.589844 1309542856.715865
0.158203 -0.857422 0.559570 1309542856.755852
0.127930 -0.944336 0.457031 1309542856.803853
0.125000 -0.994141 0.439453 1309542856.823855
0.127930 -0.878906 0.381836 1309542856.880879
0.225586 -0.921875 0.419922 1309542856.881867
0.244141 -0.957031 0.378906 1309542856.925855
0.287109 -0.884766 0.316406 1309542856.948908
0.300781 -0.988281 0.307617 1309542856.991857
0.328125 -1.231445 0.324219 1309542857.014855
0.433594 -1.150391 0.312500 1309542857.080912
0.492188 -0.978516 0.333984 1309542857.081885
0.632812 -0.881836 0.286133 1309542857.101915
0.720703 -0.836914 0.176758 1309542857.144915
0.698242 -0.852539 0.159180 1309542857.166921
0.760742 -0.841797 0.159180 1309542857.208950
0.790039 -0.796875 0.123047 1309542857.254858
1.028320 -0.794922 0.080078 1309542857.275861
1.100586 -0.589844 0.005859 1309542857.298913
1.150391 -0.617188 -0.244141 1309542857.342925
1.125000 -0.632812 0.025391 1309542857.385918
1.060547 -0.541016 -0.014648 1309542857.408914
0.927734 -0.416992 -0.028320 1309542857.431919
0.878906 -0.297852 -0.066406 1309542857.474912
0.876953 -0.396484 -0.062500 1309542857.498921
0.783203 -0.416992 -0.057617 1309542857.520921
0.758789 -0.416992 -0.057617 1309542857.565929
0.718750 -0.459961 -0.027344 1309542857.591922
0.656250 -0.467773 -0.029297 1309542857.634923
0.645508 -0.541016 -0.029297 1309542857.688947
0.569336 -0.581055 -0.016602 1309542857.711873
0.569336 -0.581055 -0.016602 1309542857.733869
0.569336 -0.581055 -0.016602 1309542857.759872
0.776367 -0.550781 0.023438 1309542857.798909
0.842773 -0.589844 0.058594 1309542857.823874
0.855469 -0.585938 0.056641 1309542857.849872
0.869141 -0.557617 0.066406 1309542857.905876
0.865234 -0.555664 0.108398 1309542857.906872
0.863281 -0.545898 0.105469 1309542857.971915
0.882812 -0.546875 0.117188 1309542857.995898
0.870117 -0.540039 0.129883 1309542858.018875
0.858398 -0.551758 0.141602 1309542858.040875
0.866211 -0.527344 0.108398 1309542858.084942
0.834961 -0.549805 0.142578 1309542858.118940
0.875000 -0.527344 0.149414 1309542858.151933
0.872070 -0.503906 0.138672 1309542858.195956
0.837891 -0.493164 0.123047 1309542858.216935
0.828125 -0.499023 0.156250 1309542858.239936
0.870117 -0.531250 0.116211 1309542858.261911
0.799805 -0.531250 0.116211 1309542858.319943
0.833008 -0.551758 0.143555 1309542858.385938
0.832031 -0.546875 0.136719 1309542858.386937
0.841797 -0.565430 0.126953 1309542858.408938
0.872070 -0.538086 0.115234 1309542858.430939
0.888672 -0.561523 0.115234 1309542858.473942
0.878906 -0.552734 0.129883 1309542858.495941
0.857422 -0.544922 0.108398 1309542858.539942
0.858398 -0.572266 0.090820 1309542858.561927
0.858398 -0.568359 0.107422 1309542858.604945
0.829102 -0.569336 0.094727 1309542858.626948
0.845703 -0.541016 0.094727 1309542858.651915
0.848633 -0.564453 0.112305 1309542858.685887
0.849609 -0.569336 0.078125 1309542858.729917
0.858398 -0.539062 0.106445 1309542858.750889
