0.948242 -0.301758 0.083008 1310510422.068562
0.946289 -0.283203 0.048828 1310510422.093619
0.943359 -0.289062 0.048828 1310510422.115587
0.945312 -0.300781 0.103516 1310510422.161550
0.964844 -0.312500 0.112305 1310510422.184621
0.914062 -0.329102 0.136719 1310510422.227589
0.904297 -0.304688 0.111328 1310510422.271588
0.923828 -0.210938 0.107422 1310510422.292580
0.916992 -0.207031 0.074219 1310510422.316623
0.940430 -0.240234 0.058594 1310510422.357639
0.929688 -0.268555 0.069336 1310510422.401530
0.931641 -0.348633 0.080078 1310510422.424554
0.915039 -0.345703 0.078125 1310510422.446592
0.928711 -0.306641 0.086914 1310510422.468571
0.950195 -0.300781 0.055664 1310510422.514535
0.966797 -0.300781 0.055664 1310510422.532648
0.953125 -0.293945 0.061523 1310510422.578622
0.936523 -0.304688 0.059570 1310510422.621568
0.934570 -0.316406 0.055664 1310510422.643631
0.912109 -0.316406 0.055664 1310510422.686554
0.929688 -0.320312 0.054688 1310510422.718545
0.921875 -0.315430 0.052734 1310510422.739575
0.880859 -0.311523 0.029297 1310510422.763542
0.920898 -0.345703 0.058594 1310510422.799629
0.865234 -0.302734 0.144531 1310510422.843571
0.922852 -0.302734 0.144531 1310510422.866569
0.957031 -0.246094 0.230469 1310510422.902648
0.915039 -0.254883 0.229492 1310510422.948587
0.940430 -0.360352 0.192383 1310510422.964568
0.924805 -0.449219 0.145508 1310510422.988600
0.885742 -0.320312 0.088867 1310510423.021553
0.875000 -0.288086 0.111328 1310510423.067597
0.919922 -0.300781 0.119141 1310510423.104560
0.904297 -0.338867 0.101562 1310510423.126579
0.880859 -0.345703 0.097656 1310510423.168564
0.946289 -0.349609 0.115234 1310510423.191650
0.906250 -0.306641 0.161133 1310510423.212642
0.906250 -0.306641 0.161133 1310510423.256599
0.965820 -0.351562 0.132812 1310510423.302594
0.922852 -0.312500 0.108398 1310510423.324694
0.930664 -0.314453 0.093750 1310510423.349568
0.904297 -0.308594 0.065430 1310510423.392554
0.947266 -0.298828 0.072266 1310510423.413648
0.960938 -0.299805 0.117188 1310510423.440919
0.928711 -0.287109 0.113281 1310510423.483613
0.940430 -0.320312 0.090820 1310510423.506601
0.919922 -0.336914 0.073242 1310510423.547658
0.905273 -0.306641 0.055664 1310510423.568596
0.949219 -0.306641 0.055664 1310510423.612577
0.950195 -0.322266 0.033203 1310510423.646659
0.951172 -0.312500 0.040039 1310510423.668620
1.012695 -0.326172 0.052734 1310510423.712609
0.972656 -0.312500 0.061523 1310510423.734576
0.943359 -0.308594 0.068359 1310510423.777634
0.920898 -0.286133 0.066406 1310510423.798651
0.877930 -0.266602 0.068359 1310510423.841594
0.884766 -0.285156 0.058594 1310510423.864656
0.841797 -0.254883 0.116211 1310510423.896654
0.859375 -0.218750 0.116211 1310510423.942589
0.870117 -0.229492 0.124023 1310510423.964623
0.879883 -0.218750 0.121094 1310510424.009648
0.900391 -0.222656 0.072266 1310510424.034670
0.916016 -0.257812 0.125977 1310510424.057672
0.906250 -0.218750 0.154297 1310510424.102592
0.886719 -0.283203 0.140625 1310510424.124662
0.940430 -0.269531 0.098633 1310510424.147600
0.927734 -0.291992 0.117188 1310510424.241646
1.006836 -0.235352 0.081055 1310510424.257625
1.002930 -0.313477 0.075195 1310510424.258568
0.973633 -0.293945 0.053711 1310510424.281636
0.923828 -0.316406 0.034180 1310510424.324581
0.932617 -0.344727 0.036133 1310510424.347586
0.953125 -0.333984 0.060547 1310510424.391590
0.995117 -0.353516 0.062500 1310510424.413675
0.970703 -0.403320 0.059570 1310510424.456596
0.889648 -0.571289 0.023438 1310510424.478673
0.832031 -0.550781 0.027344 1310510424.522625
0.843750 -0.503906 0.041016 1310510424.546654
0.826172 -0.476562 0.052734 1310510424.571638
0.962891 -0.429688 0.189453 1310510424.612577
1.026367 -0.252930 0.445312 1310510424.634586
0.926758 -0.320312 0.376953 1310510424.678663
0.990234 -0.238281 0.191406 1310510424.702679
0.885742 -0.238281 0.191406 1310510424.744685
0.851562 -0.214844 0.074219 1310510424.768597
0.871094 -0.297852 0.108398 1310510424.813675
0.885742 -0.347656 0.063477 1310510424.836676
0.893555 -0.425781 0.020508 1310510424.881621
0.915039 -0.430664 0.114258 1310510424.889644
0.899414 -0.430664 0.114258 1310510424.916683
0.909180 -0.388672 0.198242 1310510424.981682
0.966797 -0.312500 0.152344 1310510425.006686
0.941406 -0.328125 0.117188 1310510425.027678
0.959961 -0.330078 0.119141 1310510425.051604
0.916992 -0.324219 0.106445 1310510425.093689
0.922852 -0.349609 0.101562 1310510425.137594
0.924805 -0.379883 0.124023 1310510425.159613
0.913086 -0.323242 0.107422 1310510425.202646
0.909180 -0.293945 0.092773 1310510425.223685
0.902344 -0.298828 0.067383 1310510425.246679
0.938477 -0.282227 0.083984 1310510425.289626
0.959961 -0.329102 0.088867 1310510425.312640
0.968750 -0.355469 0.081055 1310510425.351615
0.984375 -0.361328 0.082031 1310510425.388645
1.014648 -0.339844 0.077148 1310510425.411662
0.930664 -0.342773 0.088867 1310510425.452582
0.948242 -0.320312 0.088867 1310510425.483647
0.879883 -0.298828 0.125000 1310510425.546682
0.896484 -0.293945 0.084961 1310510425.547680
0.896484 -0.238281 0.085938 1310510425.591653
0.957031 -0.248047 0.081055 1310510425.613649
0.942383 -0.304688 0.119141 1310510425.657674
0.912109 -0.276367 0.119141 1310510425.659683
0.917969 -0.253906 0.074219 1310510425.702690
0.948242 -0.239258 0.109375 1310510425.748699
0.904297 -0.236328 0.079102 1310510425.778622
0.912109 -0.240234 0.114258 1310510425.801653
0.906250 -0.195312 0.095703 1310510425.826687
0.920898 -0.257812 0.102539 1310510425.869663
0.939453 -0.148438 0.131836 1310510425.906695
0.920898 -0.162109 0.103516 1310510425.949628
0.924805 -0.136719 0.129883 1310510425.972621
0.980469 -0.219727 0.104492 1310510425.993617
1.007812 -0.313477 0.092773 1310510426.017663
0.995117 -0.377930 0.118164 1310510426.069635
0.892578 -0.404297 0.155273 1310510426.092659
0.822266 -0.490234 0.125000 1310510426.116697
0.809570 -0.508789 0.093750 1310510426.158618
0.809570 -0.445312 0.116211 1310510426.181639
0.835938 -0.429688 0.119141 1310510426.224653
0.877930 -0.465820 0.104492 1310510426.269618
0.917969 -0.394531 0.174805 1310510426.291632
1.002930 -0.285156 0.362305 1310510426.333709
0.926758 -0.314453 0.271484 1310510426.356701
0.881836 -0.320312 0.182617 1310510426.382708
0.867188 -0.285156 0.148438 1310510426.407654
0.865234 -0.315430 0.151367 1310510426.464713
0.808594 -0.333984 0.168945 1310510426.486682
0.916992 -0.377930 0.183594 1310510426.507645
0.923828 -0.365234 0.173828 1310510426.549713
0.939453 -0.369141 0.175781 1310510426.571716
0.977539 -0.376953 0.191406 1310510426.614704
0.941406 -0.421875 0.177734 1310510426.641650
0.920898 -0.438477 0.183594 1310510426.686712
0.844727 -0.481445 0.173828 1310510426.702669
0.796875 -0.416992 0.204102 1310510426.746716
0.899414 -0.425781 0.170898 1310510426.818654
0.896484 -0.425781 0.170898 1310510426.819711
0.946289 -0.352539 0.192383 1310510426.838706
0.936523 -0.333008 0.138672 1310510426.883661
0.915039 -0.307617 0.166992 1310510426.906718
0.922852 -0.302734 0.135742 1310510426.931672
0.921875 -0.360352 0.123047 1310510426.953648
0.887695 -0.345703 0.123047 1310510426.977726
0.904297 -0.326172 0.122070 1310510427.042642
0.915039 -0.354492 0.127930 1310510427.064875
0.959961 -0.341797 0.111328 1310510427.087637
0.969727 -0.345703 0.137695 1310510427.131660
0.946289 -0.321289 0.119141 1310510427.153647
0.942383 -0.300781 0.081055 1310510427.174722
0.959961 -0.278320 0.106445 1310510427.219739
0.999023 -0.300781 0.106445 1310510427.241677
0.944336 -0.306641 0.074219 1310510427.283637
0.924805 -0.313477 0.055664 1310510427.327730
0.943359 -0.289062 0.040039 1310510427.350677
0.971680 -0.251953 0.037109 1310510427.396680
0.958008 -0.277344 0.076172 1310510427.417642
0.932617 -0.274414 0.047852 1310510427.438637
0.903320 -0.240234 0.046875 1310510427.482672
0.881836 -0.283203 0.083984 1310510427.516733
0.839844 -0.305664 0.083984 1310510427.539729
0.860352 -0.205078 0.061523 1310510427.583660
0.906250 -0.174805 0.069336 1310510427.603677
0.915039 -0.246094 0.092773 1310510427.647683
0.975586 -0.278320 0.116211 1310510427.669699
0.963867 -0.220703 0.127930 1310510427.693695
0.972656 -0.220703 0.127930 1310510427.734659
0.902344 -0.166016 0.050781 1310510427.781659
0.926758 -0.242188 0.068359 1310510427.802688
0.957031 -0.292969 0.116211 1310510427.846741
0.895508 -0.312500 0.130859 1310510427.867670
0.882812 -0.336914 0.083984 1310510427.888667
0.910156 -0.374023 0.088867 1310510427.931730
0.946289 -0.378906 0.091797 1310510427.973778
0.955078 -0.377930 0.069336 1310510427.996668
0.908203 -0.351562 0.065430 1310510428.019708
0.959961 -0.416992 0.065430 1310510428.111663
0.871094 -0.413086 0.066406 1310510428.112649
0.907227 -0.410156 0.056641 1310510428.133642
0.928711 -0.406250 0.080078 1310510428.147703
0.834961 -0.263672 0.258789 1310510428.191674
1.002930 -0.182617 0.548828 1310510428.213746
0.923828 -0.274414 0.208984 1310510428.256736
0.942383 -0.419922 0.125977 1310510428.278745
0.928711 -0.420898 0.070312 1310510428.321680
0.900391 -0.275391 0.072266 1310510428.343666
0.876953 -0.369141 0.100586 1310510428.392745
0.861328 -0.380859 0.065430 1310510428.414755
0.851562 -0.494141 0.030273 1310510428.436668
0.871094 -0.485352 0.083984 1310510428.480704
0.863281 -0.331055 0.205078 1310510428.524667
0.983398 -0.217773 0.238281 1310510428.547670
0.932617 -0.306641 0.155273 1310510428.569696
0.971680 -0.482422 0.130859 1310510428.613664
0.943359 -0.428711 0.054688 1310510428.636666
0.959961 -0.250000 0.078125 1310510428.658689
0.940430 -0.250000 0.078125 1310510428.702565
0.936523 -0.277344 0.092773 1310510428.744687
0.886719 -0.337891 0.054688 1310510428.768717
0.873047 -0.328125 0.080078 1310510428.799712
0.913086 -0.308594 0.059570 1310510428.841707
0.935547 -0.308594 0.050781 1310510428.863714
0.949219 -0.273438 0.074219 1310510428.908713
0.943359 -0.233398 0.067383 1310510428.929705
0.958984 -0.230469 0.049805 1310510428.951683
0.980469 -0.272461 0.067383 1310510428.994746
0.927734 -0.328125 0.029297 1310510429.017686
0.960938 -0.383789 0.029297 1310510429.041715
0.955078 -0.309570 0.085938 1310510429.087702
0.955078 -0.309570 0.085938 1310510429.129757
0.969727 -0.298828 0.093750 1310510429.153735
0.985352 -0.301758 0.082031 1310510429.189758
0.974609 -0.260742 0.079102 1310510429.216726
0.942383 -0.224609 0.080078 1310510429.258772
0.917969 -0.265625 0.087891 1310510429.279663
0.864258 -0.249023 0.095703 1310510429.324672
0.849609 -0.272461 0.050781 1310510429.398711
0.823242 -0.338867 0.117188 1310510429.399656
0.844727 -0.233398 0.041992 1310510429.416754
0.888672 -0.233398 0.041992 1310510429.438722
0.934570 -0.232422 0.077148 1310510429.477776
0.970703 -0.273438 0.082031 1310510429.499768
0.974609 -0.251953 0.083984 1310510429.543715
0.940430 -0.255859 0.103516 1310510429.566734
0.958008 -0.201172 0.103516 1310510429.609724
1.046875 -0.262695 0.119141 1310510429.643725
0.987305 -0.294922 0.088867 1310510429.664722
0.930664 -0.250000 0.081055 1310510429.708665
0.958008 -0.248047 0.075195 1310510429.731655
0.892578 -0.266602 0.061523 1310510429.774774
0.875977 -0.266602 0.061523 1310510429.796756
0.852539 -0.300781 0.081055 1310510429.839700
0.856445 -0.313477 0.083008 1310510429.864726
0.874023 -0.336914 0.083984 1310510429.893809
0.931641 -0.357422 0.055664 1310510429.936729
0.969727 -0.351562 0.021484 1310510429.959721
0.969727 -0.351562 0.021484 1310510429.982756
0.971680 -0.325195 0.062500 1310510430.028746
0.996094 -0.337891 0.080078 1310510430.049699
0.969727 -0.291992 0.117188 1310510430.098773
1.025391 -0.044922 0.294922 1310510430.119728
0.879883 -0.120117 0.204102 1310510430.142732
0.983398 -0.353516 0.097656 1310510430.183706
0.968750 -0.377930 0.070312 1310510430.206768
0.924805 -0.301758 0.086914 1310510430.251753
0.941406 -0.301758 0.064453 1310510430.289699
0.890625 -0.378906 0.074219 1310510430.312697
0.886719 -0.404297 0.103516 1310510430.334697
0.914062 -0.380859 0.134766 1310510430.382747
0.954102 -0.284180 0.157227 1310510430.406736
0.986328 -0.308594 0.145508 1310510430.450566
0.999023 -0.359375 0.126953 1310510430.471740
0.947266 -0.354492 0.109375 1310510430.513770
0.939453 -0.330078 0.105469 1310510430.536739
0.902344 -0.314453 0.112305 1310510430.581749
0.929688 -0.317383 0.117188 1310510430.602731
0.926758 -0.328125 0.090820 1310510430.691696
0.958984 -0.329102 0.092773 1310510430.692671
0.956055 -0.296875 0.088867 1310510430.712671
0.980469 -0.261719 0.086914 1310510430.733686
1.023438 -0.262695 0.096680 1310510430.777709
0.918945 -0.248047 0.095703 1310510430.799691
0.892578 -0.253906 0.068359 1310510430.842703
0.875000 -0.273438 0.099609 1310510430.863729
0.853516 -0.238281 0.090820 1310510430.892712
0.938477 -0.238281 0.090820 1310510430.919700
0.949219 -0.243164 0.066406 1310510430.964713
0.932617 -0.266602 0.056641 1310510430.987688
0.916992 -0.312500 0.033203 1310510431.031709
0.902344 -0.337891 0.061523 1310510431.052678
0.958984 -0.322266 0.070312 1310510431.097711
0.958984 -0.322266 0.070312 1310510431.117726
0.965820 -0.246094 0.116211 1310510431.162715
0.988281 -0.235352 0.075195 1310510431.184790
0.948242 -0.199219 0.074219 1310510431.208806
0.936523 -0.201172 0.090820 1310510431.251794
0.929688 -0.228516 0.106445 1310510431.273745
0.902344 -0.271484 0.140625 1310510431.317744
0.865234 -0.271484 0.100586 1310510431.359860
0.867188 -0.220703 0.046875 1310510431.382722
0.886719 -0.214844 0.111328 1310510431.426740
0.933594 -0.250977 0.131836 1310510431.448718
0.924805 -0.257812 0.105469 1310510431.471738
