1.022461 -0.183594 0.117188 1310075871.344435
1.037109 -0.218750 0.117188 1310075871.367433
1.004883 -0.182617 0.117188 1310075871.412439
1.004883 -0.182617 0.117188 1310075871.435428
0.875000 -0.250977 0.075195 1310075871.482445
0.819336 -0.278320 0.072266 1310075871.529518
0.763672 -0.343750 0.026367 1310075871.530443
0.707031 -0.306641 0.048828 1310075871.577424
0.641602 -0.232422 0.096680 1310075871.601436
0.587891 -0.265625 0.062500 1310075871.646413
0.540039 -0.397461 0.081055 1310075871.667437
0.555664 -0.347656 0.138672 1310075871.692448
0.526367 -0.450195 0.124023 1310075871.738443
0.757812 -0.404297 0.076172 1310075871.775457
0.937500 -0.421875 0.109375 1310075871.841442
1.200195 -0.539062 0.178711 1310075871.842443
1.698242 -0.603516 0.313477 1310075871.862428
1.977539 -0.693359 0.393555 1310075871.905444
1.979492 -0.447266 0.330078 1310075871.927447
1.978516 -0.579102 0.242188 1310075871.950455
1.974609 -0.719727 0.287109 1310075872.015456
1.460938 -0.503906 0.463867 1310075872.016444
0.456055 -0.123047 0.251953 1310075872.059421
-0.008789 -0.189453 0.106445 1310075872.082476
-0.097656 -0.156250 0.014648 1310075872.122490
-0.063477 -0.290039 -0.079102 1310075872.161450
-0.039062 -0.327148 -0.055664 1310075872.185450
0.018555 -0.196289 -0.045898 1310075872.210458
0.079102 -0.143555 -0.085938 1310075872.251450
0.120117 -0.132812 -0.142578 1310075872.295456
0.120117 -0.132812 -0.142578 1310075872.316466
0.072266 -0.049805 -0.268555 1310075872.360451
-0.010742 -0.169922 -0.291016 1310075872.382490
-0.041992 -0.131836 -0.136719 1310075872.404454
0.296875 -0.092773 0.085938 1310075872.446454
1.127930 -1.694336 0.266602 1310075872.467456
1.981445 -0.786133 0.832031 1310075872.511462
1.974609 -1.167969 1.004883 1310075872.534453
1.974609 -1.653320 1.246094 1310075872.581447
1.975586 -1.000000 1.232422 1310075872.602467
1.978516 -0.829102 0.711914 1310075872.626461
1.624023 -0.567383 0.464844 1310075872.655471
1.221680 -0.564453 0.313477 1310075872.707448
0.476562 -0.068359 0.225586 1310075872.751448
-0.117188 0.145508 0.101562 1310075872.776480
-0.121094 -0.145508 -0.098633 1310075872.804468
0.023438 -0.511719 -0.210938 1310075872.825461
0.037109 -0.396484 -0.129883 1310075872.849476
0.061523 -0.209961 -0.039062 1310075872.904470
0.090820 -0.150391 -0.040039 1310075872.927465
0.084961 -0.158203 -0.124023 1310075872.971502
0.063477 -0.258789 -0.154297 1310075872.995473
0.055664 -0.160156 -0.177734 1310075873.041466
-0.080078 -0.065430 -0.185547 1310075873.042458
-0.420898 0.182617 -0.152344 1310075873.124485
0.047852 -0.063477 -0.069336 1310075873.125459
1.185547 -1.056641 -0.092773 1310075873.145460
1.981445 -0.298828 -0.004883 1310075873.187478
1.980469 0.228516 0.427734 1310075873.209469
1.980469 0.228516 0.427734 1310075873.234479
1.975586 -0.364258 0.561523 1310075873.279468
1.979492 0.125977 0.280273 1310075873.324476
1.979492 -0.293945 0.291016 1310075873.346475
1.217773 -0.215820 0.383789 1310075873.389477
0.521484 -0.270508 0.280273 1310075873.411472
-0.005859 0.013672 0.030273 1310075873.435480
-0.206055 -0.132812 -0.196289 1310075873.500452
0.161133 -0.062500 -0.227539 1310075873.501474
0.150391 -0.053711 -0.184570 1310075873.550465
0.120117 -0.168945 -0.136719 1310075873.571477
0.038086 -0.090820 -0.187500 1310075873.592469
0.013672 -0.090820 -0.209961 1310075873.637473
0.057617 -0.119141 -0.234375 1310075873.665479
0.000000 -0.240234 -0.226562 1310075873.692494
-0.004883 -0.142578 -0.230469 1310075873.736489
0.022461 -0.150391 -0.139648 1310075873.761458
0.318359 -0.056641 0.034180 1310075873.782467
0.318359 -0.056641 0.034180 1310075873.826486
1.324219 -0.882812 0.198242 1310075873.871488
1.981445 -0.755859 0.830078 1310075873.897479
1.978516 -1.230469 1.161133 1310075873.918454
1.977539 -1.091797 0.981445 1310075873.963486
1.982422 -0.703125 0.981445 1310075873.985466
1.979492 -0.552734 0.718750 1310075874.028484
1.578125 -0.495117 0.504883 1310075874.073489
0.751953 -0.139648 0.150391 1310075874.095479
-0.045898 0.351562 0.013672 1310075874.116471
-0.252930 -0.503906 -0.226562 1310075874.160486
0.033203 -0.503906 -0.226562 1310075874.182479
-0.000977 -0.223633 -0.037109 1310075874.227486
0.050781 -0.120117 0.054688 1310075874.248487
0.149414 -0.020508 -0.013672 1310075874.291484
0.179688 -0.164062 -0.116211 1310075874.312496
0.143555 -0.196289 -0.081055 1310075874.380501
0.143555 -0.196289 -0.081055 1310075874.419493
0.007812 -0.132812 -0.214844 1310075874.440493
-0.035156 -0.157227 -0.230469 1310075874.442495
-0.014648 -0.043945 -0.136719 1310075874.468470
0.107422 -0.007812 0.011719 1310075874.512494
1.036133 -0.654297 0.326172 1310075874.533512
1.984375 -0.525391 0.648438 1310075874.582494
1.980469 -0.544922 0.902344 1310075874.603480
1.974609 -1.234375 0.714844 1310075874.627511
1.979492 -0.502930 0.565430 1310075874.670522
1.978516 -0.824219 0.580078 1310075874.715513
1.148438 -0.563477 0.506836 1310075874.739507
0.303711 -0.276367 0.256836 1310075874.761504
-0.323242 -0.177734 0.074219 1310075874.806510
-0.124023 -0.304688 -0.094727 1310075874.828509
0.170898 -0.321289 -0.161133 1310075874.877507
0.198242 -0.284180 -0.073242 1310075874.900525
0.167969 -0.131836 0.007812 1310075874.922500
0.178711 0.060547 -0.014648 1310075874.955503
0.098633 0.060547 -0.014648 1310075874.976513
0.098633 0.060547 -0.014648 1310075875.021519
-0.019531 0.013672 -0.216797 1310075875.057511
-0.007812 0.003906 -0.228516 1310075875.102506
-0.023438 0.003906 -0.254883 1310075875.123509
-0.025391 0.170898 -0.224609 1310075875.146509
0.542969 -0.191406 0.091797 1310075875.190495
1.981445 -0.580078 0.265625 1310075875.233504
1.984375 -0.001953 0.372070 1310075875.255516
1.974609 -1.468750 0.416992 1310075875.280526
1.974609 -1.468750 0.416992 1310075875.301523
1.685547 -0.495117 0.600586 1310075875.350529
1.236328 -0.445312 0.550781 1310075875.392489
0.735352 -0.480469 0.351562 1310075875.416531
0.576172 -0.215820 0.374023 1310075875.438514
0.370117 -0.159180 0.193359 1310075875.482486
0.374023 -0.159180 0.193359 1310075875.504510
0.387695 -0.256836 -0.042969 1310075875.548513
0.452148 -0.198242 -0.076172 1310075875.571518
0.615234 -0.220703 -0.071289 1310075875.593498
0.944336 -0.289062 -0.025391 1310075875.637493
1.266602 -0.352539 0.090820 1310075875.703516
1.384766 -0.421875 0.142578 1310075875.725520
1.474609 -0.345703 0.167969 1310075875.746513
0.939453 -0.336914 0.172852 1310075875.768526
0.666992 -0.323242 0.078125 1310075875.793495
0.672852 -0.292969 0.010742 1310075875.817524
0.928711 -0.260742 -0.002930 1310075875.861501
