0.882812 -0.351562 0.063477 1310511976.999805
0.916992 -0.323242 0.131836 1310511977.021886
0.916992 -0.323242 0.131836 1310511977.049858
0.930664 -0.251953 0.213867 1310511977.099879
0.920898 -0.306641 0.182617 1310511977.121863
0.932617 -0.260742 0.122070 1310511977.169809
0.913086 -0.310547 0.110352 1310511977.170930
0.925781 -0.294922 0.109375 1310511977.216876
0.934570 -0.273438 0.043945 1310511977.261895
0.949219 -0.251953 0.103516 1310511977.284873
0.952148 -0.249023 0.122070 1310511977.309826
0.946289 -0.270508 0.031250 1310511977.356840
0.908203 -0.231445 0.107422 1310511977.424783
0.921875 -0.216797 0.041992 1310511977.425798
0.870117 -0.250977 0.068359 1310511977.445872
0.841797 -0.260742 0.010742 1310511977.479803
0.814453 -0.279297 0.010742 1310511977.531818
0.786133 -0.227539 -0.014648 1310511977.549816
0.809570 -0.225586 -0.014648 1310511977.557877
0.856445 -0.248047 0.014648 1310511977.613796
0.906250 -0.220703 0.009766 1310511977.638842
0.848633 -0.175781 0.014648 1310511977.685801
0.872070 -0.199219 -0.029297 1310511977.711848
0.867188 -0.205078 -0.036133 1310511977.733985
0.803711 -0.210938 0.037109 1310511977.755829
0.912109 -0.194336 0.021484 1310511977.821885
0.918945 -0.163086 0.059570 1310511977.823807
0.921875 -0.157227 0.041016 1310511977.864807
0.942383 -0.169922 0.039062 1310511977.886797
0.959961 -0.168945 0.048828 1310511977.930860
0.959961 -0.168945 0.048828 1310511977.953818
1.026367 -0.279297 0.014648 1310511977.998859
1.080078 -0.307617 0.022461 1310511978.026956
1.099609 -0.288086 0.029297 1310511978.049860
1.100586 -0.271484 0.051758 1310511978.098887
1.110352 -0.285156 0.056641 1310511978.119872
1.062500 -0.254883 0.068359 1310511978.141827
1.030273 -0.004883 0.068359 1310511978.183846
1.016602 -0.236328 0.084961 1310511978.211836
0.971680 -0.216797 0.113281 1310511978.255893
0.950195 -0.273438 0.120117 1310511978.290899
1.015625 -0.318359 0.239258 1310511978.311888
1.000977 -0.419922 0.305664 1310511978.336873
0.996094 -0.333984 0.301758 1310511978.381878
0.973633 -0.455078 0.230469 1310511978.425906
0.991211 -0.439453 0.298828 1310511978.449894
0.897461 -0.322266 0.266602 1310511978.494872
0.769531 -0.317383 0.166992 1310511978.495861
0.741211 -0.247070 0.261719 1310511978.538901
0.729492 -0.269531 0.261719 1310511978.562900
0.710938 -0.710938 0.523438 1310511978.604849
0.657227 -0.487305 0.327148 1310511978.648863
0.721680 -0.613281 0.276367 1310511978.714890
0.744141 -0.363281 0.276367 1310511978.715859
0.731445 -0.334961 0.335938 1310511978.735896
0.843750 -0.330078 0.241211 1310511978.780857
0.855469 -0.382812 0.330078 1310511978.803847
0.845703 -0.440430 0.292969 1310511978.828839
0.863281 -0.496094 0.214844 1310511978.870833
0.863281 -0.496094 0.214844 1310511978.893834
0.774414 -0.414062 0.219727 1310511978.918828
0.852539 -0.292969 0.210938 1310511978.968838
1.109375 -0.399414 0.205078 1310511978.991824
1.186523 -0.561523 0.097656 1310511979.014857
1.448242 -0.678711 -0.004883 1310511979.061099
1.541992 -0.501953 -0.193359 1310511979.084800
1.516602 -0.255859 -0.090820 1310511979.116876
1.511719 0.323242 0.031250 1310511979.163833
1.278320 0.563477 0.115234 1310511979.184843
1.125977 0.248047 0.019531 1310511979.233914
0.986328 -0.135742 -0.076172 1310511979.255862
0.986328 -0.135742 -0.076172 1310511979.276865
0.683594 -0.316406 0.006836 1310511979.324842
0.560547 -0.323242 -0.011719 1310511979.345849
0.481445 -0.224609 0.031250 1310511979.368839
0.474609 -0.186523 0.003906 1310511979.413807
0.533203 -0.214844 -0.026367 1310511979.435845
0.655273 -0.263672 0.007812 1310511979.478820
0.788086 -0.300781 0.004883 1310511979.525818
0.915039 -0.309570 -0.003906 1310511979.549840
0.974609 -0.337891 -0.008789 1310511979.570819
0.939453 -0.361328 -0.008789 1310511979.595853
0.823242 -0.374023 0.073242 1310511979.641921
0.768555 -0.222656 0.083984 1310511979.675830
0.750977 -0.235352 0.149414 1310511979.699859
0.745117 -0.213867 0.127930 1310511979.726871
0.813477 -0.267578 0.123047 1310511979.770863
0.875000 -0.277344 0.187500 1310511979.794916
0.980469 -0.366211 0.264648 1310511979.816943
0.994141 -0.413086 0.317383 1310511979.859856
0.942383 -0.413086 0.317383 1310511979.881834
0.942383 -0.391602 0.196289 1310511979.936884
1.000977 -0.337891 0.151367 1310511980.003873
1.042969 -0.298828 0.088867 1310511980.004831
1.042969 -0.298828 0.088867 1310511980.024844
1.045898 -0.343750 0.144531 1310511980.065905
0.984375 -0.366211 0.107422 1310511980.090924
0.751953 -0.373047 0.076172 1310511980.133859
0.718750 -0.387695 0.066406 1310511980.154894
0.614258 -0.331055 0.099609 1310511980.176833
0.416016 -0.258789 0.050781 1310511980.220838
0.378906 -0.204102 -0.105469 1310511980.243915
0.337891 -0.165039 -0.263672 1310511980.285882
0.588867 0.005859 -0.398438 1310511980.306849
0.910156 0.193359 -0.320312 1310511980.355891
1.090820 0.360352 -0.246094 1310511980.376855
1.095703 0.352539 -0.225586 1310511980.403941
1.194336 0.101562 -0.160156 1310511980.458897
1.248047 -0.174805 -0.069336 1310511980.480873
1.208008 -0.168945 0.031250 1310511980.503827
1.138672 -0.083984 0.209961 1310511980.528837
0.960938 -0.074219 0.185547 1310511980.563846
1.460938 -0.074219 0.185547 1310511980.588842
1.320312 -0.501953 0.201172 1310511980.634805
1.169922 -0.322266 -0.125000 1310511980.679854
1.150391 -0.206055 -0.050781 1310511980.700863
1.207031 -0.116211 0.148438 1310511980.726931
1.124023 -0.116211 0.148438 1310511980.748860
1.007812 -0.308594 0.161133 1310511980.790870
0.912109 -0.310547 0.121094 1310511980.833885
0.865234 -0.276367 0.136719 1310511980.855845
0.847656 -0.326172 0.115234 1310511980.899874
0.866211 -0.425781 0.201172 1310511980.921844
0.886719 -0.384766 0.201172 1310511980.966842
0.952148 -0.234375 0.201172 1310511980.989848
0.932617 -0.207031 0.048828 1310511981.014846
0.868164 -0.470703 0.060547 1310511981.050848
1.131836 -0.353516 0.209961 1310511981.094884
1.250000 -0.830078 -0.071289 1310511981.119072
1.271484 -0.667969 -0.504883 1310511981.161869
1.233398 -0.468750 -0.891602 1310511981.185888
1.314453 -0.364258 -0.226562 1310511981.210950
1.847656 1.328125 0.600586 1310511981.299865
1.668945 1.165039 -0.158203 1310511981.319865
1.098633 0.461914 -0.352539 1310511981.320854
0.770508 -0.285156 -0.347656 1310511981.340886
0.728516 -0.788086 -0.097656 1310511981.363884
0.696289 -0.788086 -0.097656 1310511981.406902
0.650391 -0.202148 -0.014648 1310511981.430402
0.646484 -0.001953 0.009766 1310511981.483883
0.585938 -0.029297 0.043945 1310511981.504910
0.633789 -0.196289 0.080078 1310511981.536852
0.641602 -0.318359 0.034180 1310511981.566880
0.750000 -0.437500 -0.005859 1310511981.593898
0.846680 -0.478516 -0.063477 1310511981.636876
0.877930 -0.435547 -0.054688 1310511981.658867
0.887695 -0.381836 -0.054688 1310511981.702896
0.812500 -0.317383 -0.004883 1310511981.729124
0.779297 -0.214844 0.054688 1310511981.772168
0.740234 -0.224609 0.047852 1310511981.794889
0.876953 -0.254883 0.096680 1310511981.820874
0.929688 -0.291016 0.141602 1310511981.864900
0.867188 -0.241211 0.198242 1310511981.888885
0.867188 -0.241211 0.198242 1310511981.910982
0.966797 -0.284180 0.287109 1310511981.954881
1.074219 -0.269531 0.291992 1310511981.999889
1.138672 -0.349609 0.262695 1310511982.021891
1.101562 -0.285156 0.226562 1310511982.044892
1.000977 -0.285156 0.226562 1310511982.088901
0.964844 -0.282227 0.126953 1310511982.116929
0.955078 -0.313477 0.084961 1310511982.140900
0.895508 -0.279297 0.049805 1310511982.178896
0.844727 -0.250000 0.000977 1310511982.205896
0.796875 -0.232422 -0.006836 1310511982.230880
0.803711 -0.217773 -0.061523 1310511982.279878
0.861328 -0.169922 -0.118164 1310511982.315887
0.864258 -0.128906 -0.188477 1310511982.339921
0.819336 -0.050781 -0.157227 1310511982.383888
0.753906 -0.028320 -0.170898 1310511982.405901
0.696289 -0.063477 -0.174805 1310511982.428981
0.722656 -0.091797 -0.177734 1310511982.475882
0.827148 -0.079102 -0.208008 1310511982.519903
0.849609 -0.095703 -0.188477 1310511982.588889
1.004883 -0.082031 -0.029297 1310511982.589871
1.081055 -0.292969 -0.082031 1310511982.609899
1.161133 -0.237305 -0.159180 1310511982.631882
1.411133 -0.237305 -0.159180 1310511982.654905
1.217773 -0.041016 0.165039 1310511982.698907
0.984375 -0.046875 0.131836 1310511982.720904
1.066406 -0.339844 0.136719 1310511982.764904
0.952148 -0.148438 0.041992 1310511982.786909
1.125000 0.101562 0.041992 1310511982.811913
1.133789 -0.730469 -0.155273 1310511982.874922
1.125977 -0.468750 -0.031250 1310511982.895906
1.014648 -0.431641 0.078125 1310511982.918431
0.878906 -0.556641 0.171875 1310511982.961911
0.893555 -0.693359 0.257812 1310511982.985922
0.915039 -0.647461 0.254883 1310511983.030898
0.899414 -0.587891 0.296875 1310511983.060262
0.903320 -0.636719 0.323242 1310511983.083997
0.764648 -0.541016 0.314453 1310511983.125904
0.622070 -0.338867 0.351562 1310511983.148932
0.567383 -0.292969 0.355469 1310511983.170900
0.629883 -0.291016 0.349609 1310511983.215895
0.666016 -0.384766 0.377930 1310511983.260916
0.764648 -0.530273 0.424805 1310511983.283976
0.793945 -0.732422 0.468750 1310511983.305991
0.717773 -0.818359 0.484375 1310511983.351000
0.600586 -0.641602 0.530273 1310511983.374025
0.563477 -0.492188 0.502930 1310511983.418957
0.558594 -0.425781 0.510742 1310511983.454043
0.579102 -0.389648 0.437500 1310511983.466952
0.651367 -0.329102 0.428711 1310511983.502006
0.752930 -0.359375 0.618164 1310511983.524916
0.675781 -0.446289 0.460938 1310511983.568949
0.646484 -0.401367 0.479492 1310511983.613946
0.614258 -0.503906 0.443359 1310511983.639927
0.579102 -0.610352 0.374023 1310511983.663986
0.680664 -0.559570 0.539062 1310511983.698906
0.622070 -0.529297 0.495117 1310511983.719938
0.629883 -0.526367 0.495117 1310511983.746935
0.706055 -0.504883 0.535156 1310511983.793929
0.653320 -0.566406 0.465820 1310511983.841996
0.684570 -0.597656 0.429688 1310511983.879964
0.666992 -0.543945 0.448242 1310511983.880948
0.640625 -0.517578 0.441406 1310511983.921935
0.694336 -0.509766 0.445312 1310511983.945028
0.673828 -0.519531 0.432617 1310511983.988968
0.676758 -0.574219 0.478516 1310511984.011926
0.739258 -0.640625 0.426758 1310511984.056002
0.779297 -0.619141 0.407227 1310511984.080956
0.730469 -0.605469 0.328125 1310511984.124928
0.587891 -0.416992 0.348633 1310511984.145966
0.655273 -0.460938 0.249023 1310511984.168932
0.813477 -0.387695 0.221680 1310511984.221901
0.929688 -0.695312 0.125977 1310511984.249906
0.980469 -0.630859 0.020508 1310511984.291897
1.122070 -0.584961 -0.114258 1310511984.293934
1.098633 -0.603516 -0.319336 1310511984.338924
1.112305 -0.565430 -0.567383 1310511984.380115
1.092773 -0.400391 -0.497070 1310511984.401921
1.291992 -0.166992 0.149414 1310511984.444937
1.982422 0.804688 0.383789 1310511984.466925
1.589844 0.822266 -0.203125 1310511984.489948
1.152344 0.351562 -0.368164 1310511984.534912
0.821289 -0.468750 -0.068359 1310511984.578931
0.727539 -0.847656 0.003906 1310511984.601020
0.690430 -0.464844 -0.121094 1310511984.623946
0.664062 -0.183594 -0.066406 1310511984.665961
0.657227 0.049805 -0.043945 1310511984.689013
0.605469 0.006836 0.011719 1310511984.734035
0.650391 -0.131836 -0.009766 1310511984.755930
0.746094 -0.210938 -0.027344 1310511984.800947
0.877930 -0.320312 -0.041016 1310511984.822018
0.962891 -0.342773 -0.032227 1310511984.864940
0.907227 -0.439453 -0.081055 1310511984.890019
0.861328 -0.434570 -0.036133 1310511984.934017
0.879883 -0.370117 0.083984 1310511984.955011
0.896484 -0.293945 0.155273 1310511984.997946
0.859375 -0.250977 0.182617 1310511985.020956
0.731445 -0.223633 0.179688 1310511985.045945
0.705078 -0.205078 0.179688 1310511985.068965
0.735352 -0.257812 0.429688 1310511985.164941
0.850586 -0.296875 0.272461 1310511985.185938
0.980469 -0.218750 0.240234 1310511985.186986
1.016602 -0.141602 0.196289 1310511985.208979
1.055664 -0.128906 0.136719 1310511985.244941
1.037109 -0.179688 0.113281 1310511985.290977
1.021484 -0.214844 0.088867 1310511985.301942
0.927734 -0.208984 0.036133 1310511985.345013
0.898438 -0.206055 0.028320 1310511985.366981
0.865234 -0.194336 -0.010742 1310511985.436043
0.791016 -0.247070 -0.025391 1310511985.437036
0.755859 -0.220703 -0.054688 1310511985.467958
0.716797 -0.185547 -0.080078 1310511985.511001
0.680664 -0.162109 -0.114258 1310511985.533000
0.742188 -0.082031 -0.136719 1310511985.576949
0.793945 -0.062500 -0.056641 1310511985.600035
0.793945 -0.085938 -0.047852 1310511985.621114
0.851562 -0.090820 -0.122070 1310511985.656033
1.046875 -0.064453 -0.196289 1310511985.700000
1.191406 -0.062500 -0.197266 1310511985.741991
1.419922 -0.290039 -0.066406 1310511985.764972
1.276367 0.047852 -0.079102 1310511985.786951
0.978516 0.140625 -0.079102 1310511985.809946
1.236328 0.351562 0.369141 1310511985.851950
1.236328 0.351562 0.369141 1310511985.896033
0.911133 -1.069336 0.025391 1310511985.919956
1.059570 -0.530273 0.231445 1310511985.962981
0.955078 -0.621094 0.259766 1310511985.986999
0.923828 -0.881836 0.362305 1310511986.010985
0.937500 -0.816406 0.386719 1310511986.055022
0.810547 -0.713867 0.392578 1310511986.077054
0.754883 -0.695312 0.336914 1310511986.120054
0.659180 -0.579102 0.332031 1310511986.141043
0.609375 -0.468750 0.316406 1310511986.184977
0.645508 -0.144531 0.378906 1310511986.206970
0.637695 -0.183594 0.466797 1310511986.230009
0.651367 -0.244141 0.456055 1310511986.272972
0.690430 -0.422852 0.510742 1310511986.317044
0.677734 -0.547852 0.556641 1310511986.340005
0.650391 -0.488281 0.470703 1310511986.362005
0.654297 -0.415039 0.446289 1310511986.437057
0.630859 -0.371094 0.453125 1310511986.438048
0.694336 -0.435547 0.449219 1310511986.464983
0.698242 -0.422852 0.456055 1310511986.507997
0.665039 -0.460938 0.443359 1310511986.531009
0.733398 -0.478516 0.449219 1310511986.553999
0.737305 -0.510742 0.397461 1310511986.596995
0.805664 -0.603516 0.414062 1310511986.641061
0.824219 -0.530273 0.337891 1310511986.663054
0.756836 -0.330078 0.265625 1310511986.685995
0.722656 -0.318359 0.296875 1310511986.727978
0.655273 -0.255859 0.303711 1310511986.749993
0.808594 -0.509766 0.305664 1310511986.792027
1.008789 -0.984375 0.225586 1310511986.815007
1.038086 -0.930664 -0.089844 1310511986.857996
1.135742 -0.835938 -0.422852 1310511986.879979
1.240234 -0.869141 -0.721680 1310511986.923447
1.159180 -0.195312 -0.721680 1310511986.946009
1.984375 0.693359 0.382812 1310511986.991005
1.983398 0.660156 -0.155273 1310511987.017072
1.205078 0.525391 -0.180664 1310511987.066033
1.089844 0.364258 -0.231445 1310511987.087067
0.430664 -0.319336 -0.104492 1310511987.108000
0.608398 -0.423828 -0.104492 1310511987.131072
0.606445 -0.278320 -0.060547 1310511987.176010
0.606445 -0.278320 -0.060547 1310511987.206036
0.531250 -0.213867 -0.073242 1310511987.243076
0.548828 -0.201172 -0.030273 1310511987.271040
0.665039 -0.237305 0.013672 1310511987.295960
0.833984 -0.304688 0.002930 1310511987.342051
1.002930 -0.341797 -0.028320 1310511987.362999
0.944336 -0.347656 -0.009766 1310511987.410990
0.912109 -0.385742 0.001953 1310511987.432037
0.913086 -0.415039 0.060547 1310511987.476990
0.933594 -0.286133 0.111328 1310511987.502013
0.766602 -0.186523 0.115234 1310511987.532017
0.684570 -0.201172 0.121094 1310511987.575071
0.701172 -0.265625 0.143555 1310511987.597029
0.815430 -0.377930 0.203125 1310511987.640987
0.957031 -0.375977 0.307617 1310511987.665078
1.069336 -0.360352 0.308594 1310511987.697066
1.089844 -0.256836 0.346680 1310511987.745046
1.028320 -0.119141 0.268555 1310511987.761022
0.963867 -0.083008 0.162109 1310511987.805997
0.870117 -0.137695 0.093750 1310511987.828085
0.838867 -0.204102 0.075195 1310511987.862087
0.798828 -0.234375 0.075195 1310511987.885005
0.675781 -0.232422 0.075195 1310511987.932094
0.656250 -0.250000 -0.055664 1310511987.955034
0.727539 -0.294922 -0.086914 1310511987.976078
0.761719 -0.245117 -0.202148 1310511988.020034
0.775391 -0.317383 -0.199219 1310511988.042071
0.900391 -0.224609 -0.195312 1310511988.086018
1.091797 0.170898 -0.121094 1310511988.111022
1.099609 0.146484 -0.116211 1310511988.155095
1.022461 -0.016602 0.000000 1310511988.177092
1.029297 -0.004883 -0.094727 1310511988.203008
1.077148 -0.250000 -0.270508 1310511988.248045
1.207031 -0.473633 0.042969 1310511988.270013
1.522461 0.062500 0.445312 1310511988.291011
0.934570 -0.824219 0.445312 1310511988.338018
0.793945 -0.574219 0.104492 1310511988.382093
0.907227 -0.472656 0.199219 1310511988.405043
0.985352 -0.673828 0.311523 1310511988.426025
1.026367 -0.811523 0.314453 1310511988.468059
0.971680 -0.646484 0.317383 1310511988.491012
0.898438 -0.613281 0.317383 1310511988.537103
0.791016 -0.510742 0.291016 1310511988.560055
0.624023 -0.384766 0.272461 1310511988.603027
0.650391 -0.251953 0.272461 1310511988.627045
0.650391 -0.251953 0.272461 1310511988.672038
0.796875 -0.399414 0.344727 1310511988.695105
0.850586 -0.539062 0.360352 1310511988.720024
0.819336 -0.628906 0.393555 1310511988.750071
0.770508 -0.564453 0.416992 1310511988.791068
0.714844 -0.457031 0.348633 1310511988.815076
0.724609 -0.412109 0.339844 1310511988.860058
0.721680 -0.411133 0.401367 1310511988.887037
0.775391 -0.450195 0.366211 1310511988.908095
0.766602 -0.444336 0.349609 1310511988.953007
0.736328 -0.475586 0.356445 1310511988.970049
0.745117 -0.725586 0.356445 1310511989.036099
0.660156 -0.470703 0.370117 1310511989.050008
0.732422 -0.477539 0.367188 1310511989.071022
0.697266 -0.464844 0.291992 1310511989.115059
0.768555 -0.539062 0.259766 1310511989.139100
0.749023 -0.552734 0.230469 1310511989.182065
0.757812 -0.501953 0.223633 1310511989.204036
0.847656 -0.522461 0.270508 1310511989.247069
0.883789 -1.149414 0.228516 1310511989.275083
0.837891 -0.559570 -0.091797 1310511989.310065
0.963867 -0.468750 -0.094727 1310511989.332032
0.913086 -0.482422 -0.269531 1310511989.376105
1.044922 -0.691406 -0.400391 1310511989.397105
1.026367 -0.691406 -0.400391 1310511989.443112
0.907227 -0.422852 -0.157227 1310511989.467105
1.541016 -0.326172 -0.008789 1310511989.493117
1.981445 0.889648 0.023438 1310511989.537107
1.526367 0.482422 -0.184570 1310511989.561062
1.002930 0.045898 -0.396484 1310511989.588001
0.792969 -0.516602 -0.228516 1310511989.631097
0.812500 -0.322266 -0.215820 1310511989.652045
0.751953 -0.041016 -0.178711 1310511989.700037
0.763672 -0.047852 -0.103516 1310511989.722011
0.686523 -0.279297 -0.098633 1310511989.746012
0.664062 -0.282227 -0.053711 1310511989.778119
0.694336 -0.220703 -0.041016 1310511989.820051
0.758789 -0.305664 -0.079102 1310511989.842258
0.823242 -0.300781 -0.041016 1310511989.890040
0.846680 -0.246094 0.014648 1310511989.911050
0.846680 -0.327148 -0.011719 1310511989.954063
0.821289 -0.319336 -0.015625 1310511989.983054
0.791016 -0.297852 0.014648 1310511990.026109
0.798828 -0.269531 0.095703 1310511990.047114
0.795898 -0.257812 0.127930 1310511990.070052
0.798828 -0.260742 0.115234 1310511990.115077
0.895508 -0.260742 0.115234 1310511990.136118
0.998047 -0.260742 0.115234 1310511990.183100
0.980469 -0.259766 0.271484 1310511990.211132
0.954102 -0.252930 0.316406 1310511990.232077
0.920898 -0.220703 0.318359 1310511990.307073
0.901367 -0.199219 0.291016 1310511990.332031
0.901367 -0.199219 0.291016 1310511990.333049
0.991211 -0.271484 0.196289 1310511990.377051
1.006836 -0.325195 0.196289 1310511990.405071
0.946289 -0.335938 0.107422 1310511990.425117
0.923828 -0.328125 0.113281 1310511990.473062
0.909180 -0.320312 0.087891 1310511990.497083
0.932617 -0.341797 0.108398 1310511990.542086
0.901367 -0.343750 0.084961 1310511990.565135
