0.578125 -0.838867 0.267578 1309550074.476324
0.538086 -0.854492 0.264648 1309550074.505307
0.526367 -0.824219 0.253906 1309550074.525317
0.549805 -0.845703 0.270508 1309550074.527309
0.541016 -0.812500 0.251953 1309550074.572312
0.542969 -0.829102 0.303711 1309550074.597322
0.546875 -0.868164 0.270508 1309550074.664312
0.522461 -0.867188 0.249023 1309550074.665305
0.484375 -0.859375 0.306641 1309550074.710318
0.470703 -0.878906 0.326172 1309550074.736323
0.429688 -0.866211 0.330078 1309550074.759280
0.456055 -0.866211 0.330078 1309550074.782314
0.516602 -0.860352 0.319336 1309550074.829318
0.499023 -0.896484 0.312500 1309550074.851306
0.440430 -0.820312 0.265625 1309550074.914318
0.428711 -0.808594 0.304688 1309550074.915313
0.448242 -0.949219 0.305664 1309550074.960333
0.698242 -0.949219 0.305664 1309550074.975325
0.393555 -0.949219 0.305664 1309550075.020321
0.480469 -1.084961 0.187500 1309550075.041302
0.480469 -1.084961 0.187500 1309550075.089327
0.559570 -0.915039 0.040039 1309550075.152296
0.741211 -0.904297 -0.078125 1309550075.175325
0.864258 -0.826172 -0.177734 1309550075.200327
0.776367 -0.782227 -0.259766 1309550075.225334
0.740234 -0.891602 -0.235352 1309550075.245327
0.698242 -0.898438 -0.223633 1309550075.280332
0.768555 -0.882812 -0.291992 1309550075.301327
0.833008 -0.789062 -0.304688 1309550075.347324
0.814453 -0.746094 -0.277344 1309550075.377330
0.910156 -0.697266 -0.262695 1309550075.424328
1.047852 -0.661133 -0.247070 1309550075.445324
1.048828 -0.652344 -0.292969 1309550075.467331
1.250977 -0.555664 -0.266602 1309550075.511308
1.274414 -0.402344 -0.316406 1309550075.534328
1.190430 -0.402344 -0.316406 1309550075.557325
1.133789 -0.244141 -0.229492 1309550075.602336
0.992188 -0.316406 -0.162109 1309550075.646337
0.918945 -0.347656 -0.098633 1309550075.669334
0.833984 -0.383789 -0.086914 1309550075.691335
0.780273 -0.383789 -0.086914 1309550075.713313
0.721680 -0.338867 -0.081055 1309550075.792314
0.742188 -0.410156 -0.117188 1309550075.795340
0.729492 -0.367188 -0.035156 1309550075.817335
0.727539 -0.359375 -0.021484 1309550075.861346
0.709961 -0.358398 -0.032227 1309550075.884352
0.758789 -0.311523 -0.108398 1309550075.927334
0.756836 -0.293945 -0.085938 1309550075.949340
0.791016 -0.367188 -0.092773 1309550075.994352
0.804688 -0.393555 -0.087891 1309550076.016347
0.812500 -0.443359 -0.078125 1309550076.059341
0.811523 -0.427734 -0.035156 1309550076.081345
0.811523 -0.427734 -0.035156 1309550076.102305
0.850586 -0.456055 -0.054688 1309550076.146321
