1.013672 -0.414062 0.138672 1311189660.053264
0.936523 -0.474609 -0.000977 1311189660.097252
0.859375 -0.484375 0.002930 1311189660.122265
0.874023 -0.396484 -0.023438 1311189660.143262
0.873047 -0.312500 -0.041992 1311189660.185269
0.845703 -0.447266 -0.053711 1311189660.207272
0.766602 -0.413086 -0.053711 1311189660.229754
0.721680 -0.387695 -0.118164 1311189660.277273
0.737305 -0.470703 -0.124023 1311189660.317272
0.771484 -0.578125 -0.107422 1311189660.342280
0.821289 -0.136719 -0.086914 1311189660.366270
0.781250 -0.419922 -0.076172 1311189660.406274
0.870117 -0.422852 -0.110352 1311189660.428278
0.812500 -0.289062 -0.240234 1311189660.493281
0.874023 -0.364258 -0.232422 1311189660.495266
0.879883 -0.425781 -0.257812 1311189660.545276
0.855469 -0.422852 -0.409180 1311189660.566296
1.001953 -0.705078 -0.303711 1311189660.588315
0.929688 -0.733398 -0.332031 1311189660.632278
0.918945 -0.546875 -0.441406 1311189660.658271
1.251953 -0.287109 -0.203125 1311189660.696274
1.246094 -0.383789 -0.382812 1311189660.720280
0.999023 -0.435547 -0.442383 1311189660.762286
0.819336 -0.492188 -0.396484 1311189660.788279
0.649414 -0.518555 -0.243164 1311189660.831289
0.854492 -0.666016 -0.111328 1311189660.876285
0.466797 -0.333008 -0.112305 1311189660.898281
0.882812 -0.673828 -0.067383 1311189660.921277
0.914062 -0.903320 -0.258789 1311189660.965282
0.788086 -1.258789 -0.326172 1311189661.006277
0.991211 -1.185547 -0.444336 1311189661.043273
0.759766 -0.719727 -0.381836 1311189661.045286
0.836914 -0.887695 -0.178711 1311189661.085287
0.739258 -0.769531 -0.142578 1311189661.137287
0.854492 -0.843750 -0.102539 1311189661.143273
0.694336 -0.748047 -0.073242 1311189661.167292
0.944336 -0.748047 -0.073242 1311189661.213287
0.750000 -0.773438 -0.048828 1311189661.238290
0.820312 -0.731445 0.092773 1311189661.285290
0.864258 -0.663086 0.198242 1311189661.310289
0.818359 -0.622070 0.133789 1311189661.353296
0.915039 -0.622070 0.133789 1311189661.375281
1.048828 -0.606445 0.172852 1311189661.405292
0.982422 -0.712891 0.157227 1311189661.448290
0.808594 -0.518555 0.149414 1311189661.472292
0.760742 -0.280273 0.264648 1311189661.496292
0.651367 -0.294922 0.224609 1311189661.540328
0.850586 -0.294922 0.224609 1311189661.561308
0.893555 -0.337891 0.245117 1311189661.607293
0.719727 -0.476562 0.226562 1311189661.628289
0.870117 -0.316406 0.375977 1311189661.671294
0.781250 -0.487305 0.307617 1311189661.696300
0.803711 -0.411133 0.385742 1311189661.738296
0.698242 -0.449219 0.385742 1311189661.760307
0.693359 -0.485352 0.394531 1311189661.805304
0.734375 -0.378906 0.386719 1311189661.826299
0.673828 -0.458984 0.352539 1311189661.852303
0.643555 -0.523438 0.466797 1311189661.898306
0.667969 -0.489258 0.466797 1311189661.925299
0.596680 -0.489258 0.466797 1311189661.950298
0.614258 -0.537109 0.591797 1311189661.996290
0.589844 -0.531250 0.542969 1311189662.017304
0.563477 -0.569336 0.564453 1311189662.041301
0.574219 -0.480469 0.593750 1311189662.090287
0.576172 -0.509766 0.558594 1311189662.112299
0.556641 -0.596680 0.558594 1311189662.136315
0.573242 -0.596680 0.532227 1311189662.182300
0.575195 -0.579102 0.475586 1311189662.205308
0.560547 -0.595703 0.458984 1311189662.248318
0.597656 -0.570312 0.444336 1311189662.326314
0.604492 -0.552734 0.444336 1311189662.327306
0.596680 -0.599609 0.487305 1311189662.343300
0.584961 -0.531250 0.498047 1311189662.366294
0.644531 -0.563477 0.498047 1311189662.411315
0.577148 -0.543945 0.486328 1311189662.432302
0.586914 -0.562500 0.492188 1311189662.476313
0.590820 -0.571289 0.513672 1311189662.497309
0.583008 -0.563477 0.527344 1311189662.527341
0.599609 -0.524414 0.516602 1311189662.571315
