0.934570 -0.547852 0.039062 1309547657.254268
0.926758 -0.607422 0.045898 1309547657.276271
0.950195 -0.561523 0.001953 1309547657.320290
0.958984 -0.672852 -0.017578 1309547657.341294
0.973633 -0.791016 -0.000977 1309547657.385291
0.919922 -0.734375 0.011719 1309547657.407300
0.933594 -0.757812 -0.043945 1309547657.430294
0.886719 -0.814453 -0.016602 1309547657.474297
0.794922 -0.750000 -0.096680 1309547657.497295
0.738281 -0.808594 -0.060547 1309547657.544302
0.739258 -0.842773 -0.060547 1309547657.552295
0.744141 -0.850586 -0.084961 1309547657.603298
0.705078 -0.879883 -0.070312 1309547657.650302
0.750000 -0.798828 -0.072266 1309547657.671297
0.732422 -0.854492 -0.108398 1309547657.695297
0.753906 -0.896484 -0.080078 1309547657.717273
0.753906 -0.896484 -0.080078 1309547657.810301
0.708984 -0.855469 -0.103516 1309547657.832280
0.707031 -0.939453 -0.069336 1309547657.850303
0.729492 -0.889648 -0.067383 1309547657.851302
0.641602 -0.969727 -0.009766 1309547657.898312
0.561523 -1.083008 0.073242 1309547657.909308
0.311523 -1.083008 0.073242 1309547657.950308
0.293945 -1.115234 0.277344 1309547658.041317
0.116211 -0.957031 0.326172 1309547658.042306
-0.217773 -0.877930 0.461914 1309547658.043302
-0.579102 -0.947266 0.649414 1309547658.086306
-0.827148 -0.992188 0.607422 1309547658.111305
-0.789062 -0.936523 0.654297 1309547658.155306
-0.659180 -1.040039 0.707031 1309547658.177282
-0.689453 -0.935547 0.644531 1309547658.232281
-0.740234 -0.912109 0.655273 1309547658.233312
-0.819336 -0.790039 0.660156 1309547658.285333
-0.958008 -0.767578 0.841797 1309547658.306315
-0.678711 -0.747070 0.862305 1309547658.348327
-0.758789 -0.841797 0.705078 1309547658.370312
-0.706055 -0.470703 0.617188 1309547658.412309
-1.042969 -0.373047 0.548828 1309547658.451313
0.142578 -0.574219 0.853516 1309547658.472308
1.749023 -0.824219 0.853516 1309547658.495316
1.284180 0.384766 -0.399414 1309547658.541327
1.067383 -1.207031 -0.083984 1309547658.565315
0.592773 -0.859375 0.376953 1309547658.587315
0.844727 -0.687500 0.185547 1309547658.625316
0.434570 -0.043945 0.326172 1309547658.663318
0.361328 -0.176758 0.604492 1309547658.685314
0.378906 -0.501953 0.622070 1309547658.730324
0.460938 -0.657227 0.590820 1309547658.752316
0.932617 -0.340820 0.458008 1309547658.797323
0.848633 -0.465820 0.394531 1309547658.818323
0.714844 -0.968750 0.438477 1309547658.861323
0.568359 -0.582031 0.547852 1309547658.883327
0.109375 -0.582031 0.547852 1309547658.907350
-0.163086 -0.335938 0.514648 1309547658.951319
-0.664062 -0.541992 0.588867 1309547658.976299
-0.829102 -0.319336 0.795898 1309547659.021332
-1.330078 -0.544922 0.589844 1309547659.095329
-1.257812 -0.780273 0.954102 1309547659.116329
-1.089844 -0.718750 0.916016 1309547659.117324
-1.041992 -0.333984 0.850586 1309547659.162353
-1.093750 -0.541016 0.850586 1309547659.186329
-1.065430 -0.642578 0.761719 1309547659.207329
-0.945312 -0.570312 0.704102 1309547659.229333
-0.748047 -0.570312 0.704102 1309547659.274331
-0.655273 -0.641602 0.669922 1309547659.308332
-0.747070 -0.434570 0.624023 1309547659.330352
-0.751953 -0.391602 0.682617 1309547659.418358
-0.791016 -0.503906 0.686523 1309547659.420326
-0.794922 -0.505859 0.745117 1309547659.421333
-0.814453 -0.335938 0.766602 1309547659.485330
-0.771484 -0.388672 0.723633 1309547659.507337
-0.719727 -0.659180 0.574219 1309547659.531313
-0.515625 -0.429688 0.716797 1309547659.556341
-0.679688 -0.287109 1.017578 1309547659.592330
-0.262695 -0.287109 1.017578 1309547659.616312
0.285156 -0.654297 0.690430 1309547659.661365
1.020508 -0.351562 0.578125 1309547659.703343
1.409180 0.002930 0.490234 1309547659.725345
0.944336 -0.349609 0.214844 1309547659.747342
0.573242 -0.713867 0.433594 1309547659.791342
0.573242 -0.713867 0.433594 1309547659.815338
0.385742 -0.470703 0.509766 1309547659.858361
0.239258 -0.017578 0.632812 1309547659.881344
0.332031 -0.034180 0.734375 1309547659.925321
0.481445 -0.372070 0.426758 1309547659.946371
0.511719 -0.827148 0.471680 1309547659.968342
0.991211 -0.540039 0.544922 1309547660.011342
0.612305 -0.484375 0.574219 1309547660.056334
0.330078 -0.875000 0.531250 1309547660.100329
0.131836 -0.475586 0.536133 1309547660.121468
-0.352539 -0.371094 0.557617 1309547660.143344
-0.745117 -0.242188 0.521484 1309547660.165369
-0.869141 -0.418945 0.675781 1309547660.217380
-1.220703 -0.285156 0.648438 1309547660.235327
-1.189453 -0.161133 0.838867 1309547660.282382
-1.045898 -0.356445 0.890625 1309547660.312346
-0.839844 -0.356445 0.920898 1309547660.363360
-0.809570 -0.162109 0.818359 1309547660.391350
-0.844727 -0.258789 0.801758 1309547660.437357
-0.864258 -0.277344 0.788086 1309547660.482361
-0.825195 -0.308594 0.742188 1309547660.503367
-0.704102 -0.414062 0.720703 1309547660.507353
-0.595703 -0.412109 0.686523 1309547660.528340
-0.590820 -0.355469 0.686523 1309547660.570356
-0.598633 -0.229492 0.666016 1309547660.596359
-0.636719 -0.256836 0.768555 1309547660.653366
-0.759766 -0.379883 0.808594 1309547660.680360
-0.707031 -0.420898 0.889648 1309547660.716363
-0.748047 -0.483398 0.990234 1309547660.726356
-0.758789 -0.603516 0.910156 1309547660.749365
-0.618164 -0.506836 1.110352 1309547660.792361
-0.040039 -0.400391 1.082031 1309547660.813363
0.526367 -0.554688 0.647461 1309547660.858367
1.228516 -0.300781 0.608398 1309547660.887357
1.389648 -0.097656 0.314453 1309547660.923365
1.389648 -0.097656 0.314453 1309547660.945376
1.389648 -0.097656 0.314453 1309547660.967359
0.552734 -0.790039 0.126953 1309547661.014362
0.534180 -0.353516 0.401367 1309547661.041388
0.308594 -0.191406 0.568359 1309547661.078368
0.365234 -0.416992 0.689453 1309547661.101385
0.452148 -0.625000 0.494141 1309547661.165381
0.463867 -0.618164 0.443359 1309547661.200372
0.397461 -0.705078 0.572266 1309547661.218364
0.447266 -0.609375 0.601562 1309547661.241402
0.109375 -0.477539 0.587891 1309547661.283374
-0.103516 -0.391602 0.493164 1309547661.306372
-0.398438 -0.461914 0.675781 1309547661.370371
-0.683594 -0.284180 0.543945 1309547661.392355
-0.815430 -0.316406 0.764648 1309547661.393385
-0.863281 -0.201172 0.826172 1309547661.438385
-0.836914 -0.247070 0.735352 1309547661.461425
-0.577148 -0.205078 0.898438 1309547661.490373
-0.575195 -0.062500 0.880859 1309547661.523374
-0.910156 -0.084961 0.981445 1309547661.566379
-1.006836 -0.075195 0.910156 1309547661.590351
-0.903320 -0.197266 0.837891 1309547661.671375
-0.706055 -0.236328 0.755859 1309547661.691375
-0.569336 -0.236328 0.755859 1309547661.712368
-0.546875 -0.321289 0.706055 1309547661.736357
-0.597656 -0.280273 0.725586 1309547661.764377
-0.611328 -0.138672 0.772461 1309547661.786382
-0.692383 -0.151367 0.777344 1309547661.810379
-0.699219 -0.179688 0.787109 1309547661.896357
-0.761719 -0.179688 0.787109 1309547661.897409
-0.761719 -0.149414 0.842773 1309547661.940385
-0.784180 -0.279297 0.913086 1309547661.962384
-0.904297 -0.158203 0.996094 1309547661.985381
-0.641602 0.066406 0.958008 1309547662.007383
0.014648 -0.209961 0.871094 1309547662.051384
0.978516 -0.450195 0.851562 1309547662.093362
1.797852 -0.021484 0.240234 1309547662.115383
1.314453 -0.181641 0.031250 1309547662.137428
0.637695 -0.919922 0.583984 1309547662.175364
0.578125 -1.370117 -0.068359 1309547662.197392
0.640625 -0.382812 0.381836 1309547662.240388
0.263672 -0.183594 0.533203 1309547662.264390
0.388672 -0.369141 0.605469 1309547662.306388
0.460938 -0.613281 0.492188 1309547662.327390
0.460938 -0.704102 0.441406 1309547662.395390
0.628906 -0.538086 0.475586 1309547662.416359
0.398438 -0.661133 0.448242 1309547662.437390
0.213867 -0.742188 0.698242 1309547662.460396
-0.062500 -0.540039 0.559570 1309547662.503392
-0.502930 -0.432617 0.445312 1309547662.546400
-0.614258 -0.290039 0.659180 1309547662.568397
-0.903320 -0.404297 0.678711 1309547662.606392
-0.958008 -0.404297 0.678711 1309547662.607395
-0.993164 -0.541992 0.870117 1309547662.653398
-0.918945 -0.701172 0.700195 1309547662.706409
-0.623047 -0.526367 0.805664 1309547662.728402
-0.639648 -0.411133 0.792969 1309547662.752396
-0.936523 -0.404297 0.743164 1309547662.775380
-0.931641 -0.514648 0.688477 1309547662.821405
-0.857422 -0.597656 0.676758 1309547662.845401
-0.706055 -0.572266 0.596680 1309547662.956391
-0.580078 -0.594727 0.562500 1309547662.977416
-0.610352 -0.537109 0.588867 1309547663.014395
-0.657227 -0.460938 0.588867 1309547663.030439
-0.657227 -0.460938 0.588867 1309547663.031395
-0.769531 -0.459961 0.839844 1309547663.063416
-0.728516 -0.394531 0.931641 1309547663.086401
-1.016602 -0.335938 1.070312 1309547663.108406
-1.042969 -0.339844 1.249023 1309547663.152402
-0.988281 -0.261719 1.213867 1309547663.177390
-1.242188 -0.114258 1.383789 1309547663.221417
-0.353516 -0.105469 1.235352 1309547663.243403
1.054688 -0.087891 1.028320 1309547663.283409
1.979492 -0.145508 0.511719 1309547663.297415
0.846680 -1.089844 -0.783203 1309547663.341423
0.908203 -0.205078 0.448242 1309547663.363417
0.490234 -0.895508 -0.354492 1309547663.386412
0.383789 -0.506836 0.201172 1309547663.430412
0.130859 0.490234 0.600586 1309547663.455387
-0.004883 0.305664 0.432617 1309547663.497412
0.194336 -0.337891 0.447266 1309547663.520409
0.145508 -0.539062 0.333984 1309547663.544392
0.373047 -0.449219 0.433594 1309547663.595413
0.549805 -0.331055 0.485352 1309547663.667414
0.368164 -0.463867 0.405273 1309547663.673415
0.389648 -0.403320 0.446289 1309547663.682418
0.166992 -0.377930 0.386719 1309547663.726430
-0.202148 -0.377930 0.386719 1309547663.748420
-0.197266 -0.407227 0.564453 1309547663.790397
-0.157227 -0.451172 0.556641 1309547663.811419
-0.285156 -0.617188 0.396484 1309547663.858435
-0.187500 -0.862305 0.497070 1309547663.917439
0.068359 -1.164062 0.477539 1309547663.922430
0.198242 -1.193359 0.555664 1309547663.945481
0.302734 -1.274414 0.463867 1309547663.975418
0.558594 -1.320312 0.291992 1309547664.020419
0.660156 -1.097656 0.221680 1309547664.042412
0.785156 -0.927734 0.058594 1309547664.066438
1.023438 -1.125977 0.002930 1309547664.110424
1.326172 -1.137695 0.019531 1309547664.133433
1.630859 -1.039062 0.067383 1309547664.241444
1.692383 -0.836914 -0.029297 1309547664.242422
1.310547 -0.696289 -0.198242 1309547664.262433
1.133789 -0.359375 -0.108398 1309547664.264424
0.986328 -0.161133 -0.040039 1309547664.302433
0.853516 -0.364258 -0.048828 1309547664.348431
0.859375 -0.591797 -0.079102 1309547664.373463
0.841797 -0.644531 -0.043945 1309547664.396432
