0.956055 -0.479492 -0.102539 1310582185.068242
0.902344 -0.334961 -0.056641 1310582185.083331
1.012695 -0.308594 0.154297 1310582185.120312
0.930664 -0.220703 0.288086 1310582185.143255
0.712891 -0.179688 0.239258 1310582185.191192
0.690430 -0.250000 0.238281 1310582185.213189
0.913086 -0.436523 0.219727 1310582185.258220
1.001953 -0.547852 0.220703 1310582185.280192
0.941406 -0.574219 0.254883 1310582185.324214
0.917969 -0.573242 0.242188 1310582185.338248
0.764648 -0.560547 0.236328 1310582185.368218
0.842773 -0.531250 0.231445 1310582185.411217
0.882812 -0.484375 0.168945 1310582185.434221
0.812500 -0.467773 0.168945 1310582185.478231
0.840820 -0.461914 0.016602 1310582185.500217
0.834961 -0.426758 0.033203 1310582185.546206
0.852539 -0.278320 0.108398 1310582185.568287
0.881836 -0.267578 0.078125 1310582185.608228
0.809570 -0.414062 0.084961 1310582185.633210
0.809570 -0.563477 0.124023 1310582185.674285
0.809570 -0.563477 0.124023 1310582185.713197
0.791016 -0.657227 0.136719 1310582185.734218
0.806641 -0.645508 0.221680 1310582185.753222
0.884766 -0.597656 0.288086 1310582185.798259
0.964844 -0.526367 0.362305 1310582185.836254
0.918945 -0.394531 0.338867 1310582185.859265
0.867188 -0.173828 0.338867 1310582185.881347
0.886719 -0.230469 0.326172 1310582185.959305
0.927734 -0.316406 0.257812 1310582185.979265
0.928711 -0.367188 0.252930 1310582186.038304
0.932617 -0.349609 0.226562 1310582186.039247
0.909180 -0.349609 0.226562 1310582186.040289
0.849609 -0.432617 0.208984 1310582186.096297
0.848633 -0.456055 0.200195 1310582186.119233
0.820312 -0.492188 0.128906 1310582186.164208
0.875000 -0.512695 0.114258 1310582186.186238
0.813477 -0.481445 0.025391 1310582186.209239
0.932617 -0.628906 0.025391 1310582186.254259
0.982422 -0.464844 0.184570 1310582186.278250
0.838867 -0.007812 0.083984 1310582186.321379
0.946289 -0.125977 0.083984 1310582186.344282
1.056641 -0.258789 0.100586 1310582186.369238
1.104492 -0.291992 0.118164 1310582186.391212
1.008789 -0.402344 0.143555 1310582186.439355
0.856445 -0.464844 0.187500 1310582186.465271
0.760742 -0.445312 0.192383 1310582186.515219
0.860352 -0.511719 0.108398 1310582186.539245
0.827148 -0.329102 0.064453 1310582186.583251
0.900391 -0.260742 0.064453 1310582186.584231
0.878906 -0.221680 0.068359 1310582186.628228
0.922852 -0.287109 0.107422 1310582186.673271
0.952148 -0.382812 0.097656 1310582186.695284
0.911133 -0.337891 0.153320 1310582186.720360
0.911133 -0.407227 0.135742 1310582186.768353
0.920898 -0.407227 0.135742 1310582186.793350
0.911133 -0.337891 0.092773 1310582186.839305
0.930664 -0.289062 0.220703 1310582186.881301
0.897461 -0.299805 0.190430 1310582186.883349
0.913086 -0.351562 0.188477 1310582186.921329
0.951172 -0.337891 0.194336 1310582186.991366
0.925781 -0.359375 0.213867 1310582187.012276
0.983398 -0.372070 0.231445 1310582187.028300
0.953125 -0.372070 0.177734 1310582187.049309
0.921875 -0.361328 0.185547 1310582187.096244
0.854492 -0.335938 0.165039 1310582187.131228
0.841797 -0.352539 0.118164 1310582187.149229
0.827148 -0.384766 0.142578 1310582187.190228
0.847656 -0.429688 0.108398 1310582187.215258
0.910156 -0.432617 0.078125 1310582187.244303
0.890625 -0.434570 0.096680 1310582187.293235
0.883789 -0.483398 0.108398 1310582187.314254
0.889648 -0.404297 0.101562 1310582187.335271
0.888672 -0.375000 0.081055 1310582187.390276
0.898438 -0.371094 0.072266 1310582187.413256
0.883789 -0.365234 0.038086 1310582187.456312
0.925781 -0.498047 -0.025391 1310582187.461321
0.960938 -0.523438 0.073242 1310582187.508241
1.015625 -0.267578 0.054688 1310582187.531233
1.038086 -0.238281 0.000000 1310582187.576249
0.991211 -0.186523 0.002930 1310582187.599239
0.963867 -0.383789 0.023438 1310582187.645264
0.942383 -0.511719 0.016602 1310582187.668303
0.842773 -0.585938 0.047852 1310582187.689359
0.861328 -0.527344 0.052734 1310582187.728370
0.959961 -0.421875 0.060547 1310582187.773297
0.934570 -0.410156 0.054688 1310582187.795369
0.896484 -0.392578 0.043945 1310582187.841301
0.885742 -0.353516 0.080078 1310582187.865333
0.937500 -0.377930 0.063477 1310582187.889286
1.009766 -0.377930 0.063477 1310582187.910271
1.009766 -0.477539 0.163086 1310582187.980301
0.940430 -0.372070 0.208008 1310582187.983314
0.888672 -0.308594 0.140625 1310582188.027298
0.937500 -0.241211 0.061523 1310582188.048289
0.947266 -0.321289 0.039062 1310582188.070281
0.958008 -0.339844 0.044922 1310582188.116244
0.940430 -0.354492 0.055664 1310582188.161277
0.949219 -0.388672 0.062500 1310582188.184253
0.903320 -0.394531 0.084961 1310582188.279252
0.873047 -0.392578 0.069336 1310582188.299296
0.882812 -0.426758 0.059570 1310582188.300274
0.915039 -0.461914 0.072266 1310582188.315313
0.959961 -0.398438 0.085938 1310582188.360254
0.940430 -0.373047 0.091797 1310582188.383283
0.908203 -0.375000 0.086914 1310582188.408277
0.862305 -0.385742 0.098633 1310582188.439277
0.842773 -0.384766 0.132812 1310582188.463260
0.814453 -0.379883 0.087891 1310582188.513371
0.859375 -0.458008 0.055664 1310582188.536249
0.901367 -0.438477 0.083984 1310582188.563287
0.869141 -0.420898 0.170898 1310582188.603282
0.925781 -0.318359 0.137695 1310582188.625301
1.064453 -0.172852 0.137695 1310582188.649316
1.064453 -0.172852 0.137695 1310582188.694388
1.023438 -0.312500 0.068359 1310582188.719331
0.882812 -0.478516 0.139648 1310582188.765394
0.851562 -0.565430 0.056641 1310582188.786322
0.834961 -0.530273 0.084961 1310582188.844390
0.865234 -0.530273 0.084961 1310582188.848393
0.901367 -0.538086 0.161133 1310582188.899399
0.959961 -0.504883 0.145508 1310582188.940308
0.894531 -0.470703 0.144531 1310582188.944298
0.916992 -0.453125 0.201172 1310582188.988312
0.861328 -0.419922 0.182617 1310582189.009419
0.861328 -0.419922 0.182617 1310582189.055297
0.871094 -0.491211 0.163086 1310582189.079266
0.835938 -0.527344 0.159180 1310582189.126399
0.876953 -0.534180 0.201172 1310582189.150295
0.892578 -0.477539 0.208008 1310582189.181282
0.897461 -0.458008 0.139648 1310582189.210291
0.928711 -0.376953 0.122070 1310582189.254360
0.881836 -0.341797 0.083008 1310582189.275270
0.847656 -0.290039 0.143555 1310582189.300300
0.818359 -0.310547 0.162109 1310582189.363389
0.874023 -0.387695 0.129883 1310582189.365417
0.868164 -0.454102 0.118164 1310582189.394306
0.851562 -0.446289 0.143555 1310582189.442272
0.863281 -0.471680 0.174805 1310582189.581312
0.891602 -0.451172 0.178711 1310582189.586317
0.910156 -0.374023 0.201172 1310582189.599415
0.954102 -0.386719 0.198242 1310582189.608407
0.924805 -0.430664 0.198242 1310582189.613343
0.866211 -0.439453 0.133789 1310582189.629371
0.898438 -0.422852 0.083008 1310582189.679361
0.869141 -0.484375 0.109375 1310582189.701356
0.906250 -0.492188 0.101562 1310582189.728404
0.994141 -0.529297 0.150391 1310582189.771330
0.921875 -0.457031 0.162109 1310582189.773320
0.915039 -0.417969 0.158203 1310582189.818413
0.911133 -0.387695 0.156250 1310582189.861318
0.882812 -0.380859 0.121094 1310582189.908348
0.820312 -0.452148 0.117188 1310582189.919367
0.833008 -0.500000 0.159180 1310582189.950410
0.833008 -0.500000 0.159180 1310582189.970313
0.827148 -0.532227 0.151367 1310582190.020285
0.819336 -0.525391 0.139648 1310582190.043307
0.838867 -0.505859 0.081055 1310582190.084287
0.885742 -0.481445 0.130859 1310582190.106317
0.893555 -0.468750 0.106445 1310582190.149325
0.868164 -0.462891 0.184570 1310582190.173416
0.903320 -0.390625 0.150391 1310582190.215322
0.916016 -0.347656 0.192383 1310582190.240309
0.925781 -0.376953 0.174805 1310582190.284291
0.899414 -0.417969 0.208008 1310582190.305315
0.866211 -0.422852 0.209961 1310582190.351315
0.842773 -0.405273 0.218750 1310582190.403359
0.888672 -0.438477 0.172852 1310582190.418293
0.844727 -0.436523 0.130859 1310582190.443293
0.873047 -0.451172 0.141602 1310582190.464314
0.932617 -0.417969 0.158203 1310582190.550363
0.916992 -0.414062 0.163086 1310582190.565401
0.873047 -0.416992 0.144531 1310582190.586406
0.854492 -0.396484 0.146484 1310582190.589370
0.846680 -0.406250 0.147461 1310582190.638397
0.878906 -0.404297 0.111328 1310582190.661374
0.839844 -0.422852 0.140625 1310582190.685398
0.837891 -0.457031 0.140625 1310582190.714427
0.913086 -0.476562 0.117188 1310582190.759378
0.878906 -0.488281 0.135742 1310582190.855438
0.917969 -0.453125 0.161133 1310582190.876340
0.918945 -0.435547 0.097656 1310582190.893354
0.933594 -0.485352 0.106445 1310582190.894357
0.996094 -0.483398 0.092773 1310582190.930302
0.901367 -0.484375 0.120117 1310582190.955305
0.932617 -0.464844 0.136719 1310582190.978301
0.892578 -0.437500 0.117188 1310582191.021391
0.854492 -0.451172 0.161133 1310582191.045304
0.830078 -0.433594 0.155273 1310582191.086332
0.797852 -0.433594 0.130859 1310582191.111324
0.547852 -0.433594 0.130859 1310582191.134339
0.805664 -0.468750 -0.046875 1310582191.179326
0.912109 -0.390625 0.022461 1310582191.201333
0.978516 -0.387695 0.077148 1310582191.246310
1.106445 -0.325195 0.047852 1310582191.268344
1.048828 -0.151367 0.092773 1310582191.313311
0.963867 -0.134766 0.106445 1310582191.335341
0.976562 -0.332031 0.159180 1310582191.400309
0.936523 -0.409180 0.186523 1310582191.402308
0.858398 -0.401367 0.275391 1310582191.424372
0.841797 -0.383789 0.273438 1310582191.450378
0.877930 -0.386719 0.194336 1310582191.487312
0.856445 -0.464844 0.096680 1310582191.540356
0.901367 -0.455078 0.013672 1310582191.568392
