1.018555 -0.318359 0.096680 1310159585.936893
1.002930 -0.322266 0.142578 1310159585.963907
0.982422 -0.255859 0.125977 1310159585.964900
0.981445 -0.368164 0.128906 1310159585.988897
0.991211 -0.381836 0.138672 1310159586.031900
0.820312 -0.266602 0.138672 1310159586.055904
0.724609 -0.177734 -0.001953 1310159586.099911
0.617188 0.041016 -0.179688 1310159586.122902
0.479492 0.037109 -0.124023 1310159586.166900
0.485352 0.445312 -0.017578 1310159586.192911
0.738281 0.382812 -0.017578 1310159586.214905
1.185547 0.370117 0.461914 1310159586.262908
1.915039 0.192383 1.594727 1310159586.304900
1.981445 0.451172 1.988281 1310159586.326907
1.978516 -1.178711 1.989258 1310159586.348905
1.972656 -1.982422 1.873047 1310159586.393913
1.974609 -1.625977 1.016602 1310159586.415908
1.476562 -1.694336 0.322266 1310159586.449902
1.017578 -1.200195 0.118164 1310159586.493911
0.846680 -0.976562 -0.124023 1310159586.516913
0.961914 -0.958984 -0.238281 1310159586.538915
1.047852 -0.995117 -0.201172 1310159586.584908
1.047852 -0.995117 -0.201172 1310159586.607913
1.220703 -0.962891 -0.215820 1310159586.652916
0.927734 -0.979492 -0.216797 1310159586.696915
0.942383 -0.775391 -0.122070 1310159586.719916
0.956055 -0.583008 -0.018555 1310159586.742898
0.725586 0.432617 -0.198242 1310159586.763915
0.616211 1.711914 -0.685547 1310159586.807894
-0.807617 1.979492 -1.682617 1310159586.837887
0.190430 1.979492 -1.195312 1310159586.867877
0.608398 1.982422 -0.821289 1310159586.892889
0.724609 1.924805 -0.864258 1310159586.927878
1.031250 0.471680 -0.866211 1310159586.952882
1.978516 -1.335938 -0.304688 1310159586.996886
1.666992 -1.425781 -0.451172 1310159587.082880
1.619141 -1.425781 -0.451172 1310159587.083876
1.737305 -1.415039 -0.076172 1310159587.106893
1.421875 -1.391602 -0.167969 1310159587.128888
1.495117 -1.459961 -0.026367 1310159587.172900
1.356445 -1.087891 0.012695 1310159587.250877
1.231445 -1.354492 0.158203 1310159587.251876
1.199219 -1.304688 0.753906 1310159587.268891
1.038086 -1.788086 1.369141 1310159587.291895
1.291992 -1.983398 1.985352 1310159587.312903
1.631836 -1.983398 1.985352 1310159587.338909
1.833008 -1.983398 1.988281 1310159587.381901
1.814453 -1.981445 1.986328 1310159587.424892
1.969727 -1.983398 1.688477 1310159587.446887
1.701172 -1.982422 0.800781 1310159587.489888
1.094727 -1.516602 0.262695 1310159587.535034
0.856445 -1.016602 0.262695 1310159587.536885
0.701172 -0.957031 -0.157227 1310159587.583895
0.834961 -0.894531 -0.108398 1310159587.617889
1.004883 -1.089844 -0.037109 1310159587.661902
1.180664 -1.183594 0.022461 1310159587.684893
1.268555 -1.164062 0.024414 1310159587.708890
1.135742 -1.004883 -0.017578 1310159587.734903
1.053711 -0.731445 -0.023438 1310159587.778890
0.853516 0.032227 -0.164062 1310159587.799888
0.699219 1.617188 -0.317383 1310159587.846901
-0.761719 1.982422 -1.096680 1310159587.869898
-0.071289 1.978516 -0.999023 1310159587.893974
-0.460938 1.982422 -0.816406 1310159587.936915
-0.201172 1.980469 -0.580078 1310159587.958920
0.398438 1.064453 -0.271484 1310159588.007902
0.902344 0.003906 -0.274414 1310159588.028910
1.578125 -1.040039 -0.558594 1310159588.054913
1.869141 -1.445312 -0.500977 1310159588.098921
1.815430 -0.958984 -0.250977 1310159588.120938
1.709961 -1.050781 -0.243164 1310159588.162921
1.558594 -0.891602 -0.003906 1310159588.186935
1.640625 -0.658203 -0.071289 1310159588.229918
1.536133 -0.709961 -0.058594 1310159588.251929
1.385742 -0.697266 -0.058594 1310159588.275965
0.932617 -0.697266 -0.058594 1310159588.319962
1.577148 -1.354492 1.267578 1310159588.363947
1.890625 -1.842773 1.988281 1310159588.388976
1.973633 -1.982422 1.991211 1310159588.417979
1.971680 -1.983398 1.990234 1310159588.438928
1.970703 -1.981445 1.988281 1310159588.474973
1.969727 -1.984375 1.408203 1310159588.511953
1.973633 -1.983398 0.701172 1310159588.538948
1.373047 -1.382812 0.325195 1310159588.583914
0.849609 -1.052734 -0.156250 1310159588.607908
0.470703 -0.939453 -0.319336 1310159588.651915
0.575195 -0.943359 -0.370117 1310159588.673937
1.002930 -0.806641 -0.120117 1310159588.697901
1.541016 -1.172852 -0.208984 1310159588.751967
1.576172 -0.875977 0.052734 1310159588.773976
1.416992 -1.003906 0.170898 1310159588.799916
1.364258 -1.088867 0.060547 1310159588.821932
1.246094 -0.838867 0.060547 1310159588.864943
1.618164 -0.534180 0.337891 1310159588.909950
0.732422 1.916016 -0.902344 1310159588.944955
-0.968750 1.982422 -1.953125 1310159588.966960
-0.223633 1.980469 -1.541016 1310159589.011967
-0.330078 1.980469 -1.452148 1310159589.012958
0.106445 1.917969 -1.241211 1310159589.056937
0.991211 0.492188 -0.391602 1310159589.099926
1.506836 -0.058594 -0.209961 1310159589.123932
1.775391 -0.971680 -0.392578 1310159589.177951
1.975586 -1.119141 -0.068359 1310159589.204951
1.693359 -1.080078 -0.125977 1310159589.215021
1.693359 -1.080078 -0.125977 1310159589.248917
1.706055 -1.183594 0.005859 1310159589.298946
1.464844 -1.095703 -0.010742 1310159589.324954
1.291016 -1.077148 -0.035156 1310159589.348943
0.955078 -1.095703 0.172852 1310159589.388925
0.953125 -1.095703 0.172852 1310159589.399952
1.178711 -1.838867 0.948242 1310159589.447947
1.968750 -1.601562 1.987305 1310159589.473936
1.970703 -1.982422 1.987305 1310159589.517970
1.970703 -1.871094 1.992188 1310159589.538961
1.978516 -1.660156 1.987305 1310159589.587966
1.978516 -1.660156 1.987305 1310159589.609946
1.973633 -1.913086 1.278320 1310159589.634954
1.452148 -1.521484 0.609375 1310159589.687961
0.822266 -1.209961 0.130859 1310159589.709942
0.729492 -1.008789 -0.103516 1310159589.734963
0.820312 -0.875977 -0.164062 1310159589.819975
0.939453 -1.025391 -0.164062 1310159589.840981
1.059570 -1.114258 -0.067383 1310159589.861979
0.953125 -1.037109 -0.106445 1310159589.862973
1.158203 -1.233398 -0.371094 1310159589.913976
1.650391 -1.640625 -0.105469 1310159589.936964
1.369141 -1.043945 0.016602 1310159589.961982
0.869141 -1.043945 0.016602 1310159589.982987
0.443359 1.868164 -0.548828 1310159590.026982
-0.336914 1.980469 -1.933594 1310159590.072982
-1.218750 1.980469 -1.789062 1310159590.094986
-0.109375 1.977539 -0.779297 1310159590.118983
0.102539 1.808594 -0.849609 1310159590.157976
0.865234 0.294922 -0.830078 1310159590.202986
1.477539 -0.542969 -0.399414 1310159590.227986
1.978516 -1.041992 -0.372070 1310159590.253975
1.971680 -1.311523 -0.293945 1310159590.299002
1.756836 -1.373047 -0.117188 1310159590.321985
1.688477 -0.947266 -0.117188 1310159590.344990
1.680664 -0.897461 -0.157227 1310159590.388986
1.511719 -0.750000 -0.146484 1310159590.412990
1.308594 -0.924805 0.057617 1310159590.457991
1.084961 -0.981445 0.440430 1310159590.487989
1.257812 -1.217773 0.773438 1310159590.531990
1.971680 -1.249023 1.584961 1310159590.553992
1.845703 -1.038086 1.987305 1310159590.571989
1.976562 -1.763672 1.987305 1310159590.603987
1.971680 -1.125000 1.989258 1310159590.646995
1.980469 -0.667969 1.986328 1310159590.669985
1.973633 -1.981445 1.562500 1310159590.717002
1.973633 -1.981445 1.562500 1310159590.737995
1.608398 -1.036133 0.459961 1310159590.763992
1.079102 -0.845703 0.142578 1310159590.807991
1.005859 -0.797852 0.003906 1310159590.828992
1.044922 -0.769531 -0.133789 1310159590.878001
1.052734 -0.772461 -0.108398 1310159590.898996
1.289062 -0.853516 -0.157227 1310159590.942994
1.230469 -0.741211 -0.118164 1310159590.964046
1.207031 -0.773438 -0.195312 1310159591.007998
1.285156 -0.957031 -0.289062 1310159591.033002
1.124023 -0.654297 -0.216797 1310159591.084022
1.085938 -0.482422 -0.184570 1310159591.084991
0.747070 0.230469 -0.623047 1310159591.130003
0.213867 1.980469 -0.993164 1310159591.154995
-0.344727 1.986328 -1.344727 1310159591.181999
-0.666016 1.982422 -1.471680 1310159591.224003
-0.633789 1.981445 -0.507812 1310159591.263007
-0.528320 1.616211 -0.274414 1310159591.278019
0.005859 0.736328 -0.171875 1310159591.333007
0.492188 0.109375 0.005859 1310159591.357009
0.981445 -0.210938 -0.066406 1310159591.422006
1.837891 -0.750000 -0.103516 1310159591.423003
1.973633 -1.250000 -0.188477 1310159591.439979
1.897461 -1.250000 -0.188477 1310159591.464000
1.689453 -0.644531 -0.077148 1310159591.529014
1.340820 -0.669922 -0.117188 1310159591.552007
1.238281 -0.630859 -0.172852 1310159591.573011
1.270508 -0.507812 0.070312 1310159591.617005
0.958008 -0.397461 0.166016 1310159591.639012
1.098633 -0.855469 0.498047 1310159591.662010
1.975586 -1.416992 0.988281 1310159591.708015
1.971680 -1.983398 1.714844 1310159591.732017
1.975586 -1.484375 1.777344 1310159591.774016
1.977539 -0.505859 1.989258 1310159591.800013
1.487305 -1.109375 0.764648 1310159591.837013
1.231445 -0.607422 0.427734 1310159591.880015
0.780273 -0.259766 0.377930 1310159591.905027
0.572266 -0.661133 0.265625 1310159591.928011
0.500000 -0.581055 0.061523 1310159591.971998
0.442383 -0.495117 -0.024414 1310159591.997000
0.538086 -0.518555 -0.083984 1310159592.018021
0.855469 -0.562500 -0.112305 1310159592.067021
1.788086 -0.544922 -0.089844 1310159592.110008
0.990234 -0.277344 -0.180664 1310159592.133022
0.564453 -0.388672 -0.138672 1310159592.164994
0.443359 -0.461914 -0.037109 1310159592.183019
0.616211 -0.482422 0.011719 1310159592.227026
0.635742 -0.424805 -0.067383 1310159592.248024
0.765625 -0.438477 -0.094727 1310159592.298028
0.805664 -0.438477 -0.047852 1310159592.313024
