-0.079102 0.724609 -0.034180 1310510728.699572
-0.083008 0.724609 -0.034180 1310510728.701551
-0.085938 0.713867 -0.073242 1310510728.722498
-0.094727 0.730469 -0.069336 1310510728.763503
-0.082031 0.767578 -0.069336 1310510728.785520
-0.111328 0.746094 -0.070312 1310510728.808520
-0.132812 0.744141 -0.088867 1310510728.853566
-0.085938 0.738281 -0.087891 1310510728.883523
-0.083008 0.742188 -0.086914 1310510728.927539
-0.109375 0.754883 -0.077148 1310510728.949609
-0.066406 0.753906 -0.050781 1310510728.993592
-0.019531 0.773438 -0.080078 1310510729.015508
-0.075195 0.747070 -0.067383 1310510729.038592
-0.068359 0.728516 -0.054688 1310510729.083528
-0.056641 0.769531 -0.071289 1310510729.105557
-0.103516 0.738281 -0.065430 1310510729.148591
-0.090820 0.758789 -0.085938 1310510729.170543
-0.091797 0.742188 -0.093750 1310510729.193542
-0.100586 0.751953 -0.055664 1310510729.238549
-0.066406 0.745117 -0.078125 1310510729.283527
-0.106445 0.751953 -0.063477 1310510729.305529
-0.085938 0.735352 -0.067383 1310510729.349607
-0.064453 0.775391 -0.064453 1310510729.372546
-0.084961 0.740234 -0.041016 1310510729.394550
-0.084961 0.740234 -0.041016 1310510729.417549
-0.110352 0.740234 -0.041016 1310510729.459618
-0.052734 0.748047 -0.103516 1310510729.504518
-0.113281 0.716797 -0.102539 1310510729.528512
-0.125000 0.703125 -0.098633 1310510729.574502
-0.083008 0.713867 -0.059570 1310510729.575532
-0.083008 0.711914 -0.060547 1310510729.619606
-0.136719 0.738281 -0.106445 1310510729.663560
-0.111328 0.704102 -0.110352 1310510729.684566
-0.085938 0.713867 -0.080078 1310510729.728535
-0.084961 0.743164 -0.065430 1310510729.750535
-0.094727 0.765625 -0.099609 1310510729.793611
-0.084961 0.744141 -0.086914 1310510729.808570
-0.090820 0.733398 -0.116211 1310510729.850528
-0.094727 0.748047 -0.086914 1310510729.897562
-0.128906 0.755859 -0.107422 1310510729.919605
-0.130859 0.755859 -0.086914 1310510729.985569
-0.088867 0.751953 -0.078125 1310510729.987598
-0.088867 0.751953 -0.078125 1310510730.003582
-0.078125 0.730469 -0.070312 1310510730.048554
-0.045898 0.703125 -0.099609 1310510730.092551
-0.059570 0.723633 -0.043945 1310510730.114627
-0.074219 0.745117 -0.041992 1310510730.135526
-0.125000 0.995117 -0.041992 1310510730.158562
-0.126953 0.995117 -0.041992 1310510730.203600
-0.123047 0.762695 -0.097656 1310510730.247603
-0.083008 0.753906 -0.053711 1310510730.268577
-0.096680 0.767578 -0.075195 1310510730.294588
-0.081055 0.729492 -0.055664 1310510730.337537
-0.077148 0.730469 -0.052734 1310510730.367632
-0.091797 0.713867 -0.051758 1310510730.399556
-0.062500 0.727539 -0.050781 1310510730.422566
-0.104492 0.746094 -0.077148 1310510730.472619
-0.152344 0.766602 -0.101562 1310510730.493577
-0.088867 0.714844 -0.066406 1310510730.537559
-0.111328 0.750000 -0.044922 1310510730.560537
-0.117188 0.740234 -0.064453 1310510730.583550
-0.134766 0.734375 -0.061523 1310510730.627530
-0.097656 0.739258 -0.051758 1310510730.649630
-0.089844 0.737305 -0.043945 1310510730.693603
-0.049805 0.718750 -0.033203 1310510730.719684
-0.117188 0.694336 -0.002930 1310510730.762630
-0.095703 0.713867 -0.094727 1310510730.785581
-0.094727 0.741211 -0.016602 1310510730.829640
-0.114258 0.785156 -0.083008 1310510730.850582
-0.115234 0.746094 -0.058594 1310510730.873638
-0.120117 0.730469 -0.067383 1310510730.919649
-0.108398 0.720703 -0.041992 1310510730.950602
-0.094727 0.711914 -0.040039 1310510730.975630
-0.079102 0.732422 -0.040039 1310510731.018641
-0.086914 0.753906 -0.022461 1310510731.040568
-0.081055 0.746094 -0.059570 1310510731.063582
-0.076172 0.732422 -0.051758 1310510731.101612
-0.067383 0.734375 -0.108398 1310510731.145555
-0.067383 0.740234 -0.076172 1310510731.169561
-0.065430 0.759766 -0.046875 1310510731.224564
-0.110352 0.729492 -0.085938 1310510731.273544
-0.075195 0.739258 -0.028320 1310510731.290562
-0.095703 0.715820 -0.099609 1310510731.292547
-0.064453 0.728516 -0.046875 1310510731.339629
-0.077148 0.724609 -0.040039 1310510731.382558
-0.135742 0.759766 -0.054688 1310510731.404556
-0.110352 0.726562 -0.101562 1310510731.427584
-0.070312 0.768555 -0.069336 1310510731.472646
-0.070312 0.768555 -0.069336 1310510731.494655
-0.092773 0.708984 -0.057617 1310510731.518661
-0.099609 0.748047 -0.065430 1310510731.562565
-0.064453 0.724609 -0.107422 1310510731.584618
-0.096680 0.696289 -0.058594 1310510731.635580
-0.079102 0.758789 -0.085938 1310510731.658556
-0.106445 0.761719 -0.095703 1310510731.682653
-0.105469 0.747070 -0.086914 1310510731.732561
-0.107422 0.740234 -0.122070 1310510731.754646
-0.116211 0.732422 -0.074219 1310510731.775560
-0.114258 0.724609 -0.100586 1310510731.819679
-0.130859 0.750000 -0.101562 1310510731.841662
-0.129883 0.733398 -0.098633 1310510731.884618
-0.100586 0.722656 -0.062500 1310510731.908661
-0.079102 0.710938 -0.040039 1310510731.952653
-0.093750 0.731445 -0.075195 1310510731.974611
-0.084961 0.699219 -0.047852 1310510732.017653
-0.098633 0.732422 -0.089844 1310510732.039646
-0.071289 0.755859 -0.089844 1310510732.075570
-0.096680 0.733398 -0.090820 1310510732.097577
-0.125000 0.750000 -0.086914 1310510732.140546
-0.102539 0.742188 -0.097656 1310510732.184570
-0.064453 0.724609 -0.082031 1310510732.205593
-0.067383 0.724609 -0.082031 1310510732.229666
-0.071289 0.740234 -0.031250 1310510732.274575
-0.079102 0.738281 -0.060547 1310510732.297601
-0.101562 0.702148 -0.052734 1310510732.343599
-0.073242 0.764648 -0.069336 1310510732.364570
-0.096680 0.746094 -0.068359 1310510732.408575
-0.072266 0.736328 -0.096680 1310510732.410572
-0.091797 0.748047 -0.058594 1310510732.453583
-0.092773 0.743164 -0.114258 1310510732.499584
-0.101562 0.737305 -0.077148 1310510732.565559
-0.146484 0.743164 -0.076172 1310510732.567561
-0.150391 0.753906 -0.088867 1310510732.588593
-0.150391 0.753906 -0.088867 1310510732.630664
-0.102539 0.757812 -0.094727 1310510732.652648
-0.083008 0.734375 -0.089844 1310510732.694682
-0.112305 0.726562 -0.109375 1310510732.718663
-0.136719 0.789062 -0.060547 1310510732.760670
-0.129883 0.734375 -0.131836 1310510732.782669
-0.148438 0.728516 -0.126953 1310510732.824675
-0.161133 0.732422 -0.098633 1310510732.845616
-0.123047 0.744141 -0.102539 1310510732.879624
-0.130859 0.735352 -0.103516 1310510732.923602
-0.118164 0.697266 -0.115234 1310510732.945628
-0.118164 0.745117 -0.093750 1310510732.967674
