-0.146484 0.729492 -0.070312 1309565536.680088
-0.134766 0.751953 -0.075195 1309565536.680107
-0.134766 0.753906 -0.024414 1309565536.680118
-0.175781 0.750977 -0.047852 1309565536.680128
-0.165039 0.733398 -0.045898 1309565536.680138
-0.159180 0.730469 -0.080078 1309565536.680149
-0.135742 0.726562 -0.057617 1309565536.680159
-0.136719 0.719727 -0.083984 1309565536.869082
-0.139648 0.724609 -0.052734 1309565536.869096
-0.129883 0.726562 -0.076172 1309565536.869107
-0.156250 0.731445 -0.085938 1309565536.869117
-0.159180 0.757812 -0.061523 1309565536.962082
-0.138672 0.726562 -0.046875 1309565536.987124
-0.149414 0.727539 -0.074219 1309565537.050119
-0.161133 0.713867 -0.046875 1309565537.141080
-0.171875 0.696289 -0.058594 1309565537.141094
-0.127930 0.731445 -0.080078 1309565537.162109
-0.138672 0.718750 -0.099609 1309565537.162124
-0.157227 0.726562 -0.051758 1309565537.162135
-0.128906 0.708984 -0.076172 1309565537.162145
-0.132812 0.751953 -0.093750 1309565537.162156
-0.165039 0.758789 -0.062500 1309565537.162166
-0.165039 0.746094 -0.102539 1309565537.162176
-0.122070 0.709961 -0.047852 1309565537.162186
-0.157227 0.728516 -0.057617 1309565537.162196
-0.135742 0.720703 -0.053711 1309565537.162207
-0.159180 0.745117 -0.074219 1309565537.162217
-0.133789 0.739258 -0.074219 1309565537.162228
-0.147461 0.740234 -0.086914 1309565537.164090
-0.166992 0.738281 -0.094727 1309565537.164105
-0.143555 0.714844 -0.099609 1309565537.164116
-0.146484 0.748047 -0.071289 1309565537.164126
-0.161133 0.741211 -0.057617 1309565537.249138
-0.179688 0.729492 -0.083008 1309565537.318110
-0.189453 0.726562 -0.078125 1309565537.338112
-0.159180 0.720703 -0.061523 1309565537.360085
-0.163086 0.709961 -0.065430 1309565537.380111
-0.161133 0.701172 -0.052734 1309565537.383110
-0.137695 0.691406 -0.048828 1309565537.385133
-0.158203 0.736328 -0.066406 1309565537.403102
-0.180664 0.748047 -0.064453 1309565537.427111
-0.126953 0.757812 -0.079102 1309565537.497111
-0.181641 0.742188 -0.086914 1309565537.549105
-0.186523 0.751953 -0.137695 1309565538.156144
-0.229492 0.783203 -0.123047 1309565538.156161
-0.210938 0.735352 -0.083984 1309565538.272131
-0.200195 0.721680 -0.164062 1309565538.272144
-0.202148 0.714844 -0.183594 1309565538.272155
-0.182617 0.632812 -0.183594 1309565538.272166
-0.153320 0.569336 -0.086914 1309565538.317118
-0.111328 0.691406 -0.078125 1309565538.317137
-0.123047 0.704102 -0.089844 1309565538.348132
-0.140625 0.609375 -0.036133 1309565538.348150
-0.099609 0.710938 -0.054688 1309565538.348160
-0.147461 0.710938 -0.054688 1309565538.349121
-0.221680 0.632812 -0.190430 1309565538.352111
-0.168945 0.482422 -0.101562 1309565538.352130
-0.262695 0.417969 -0.022461 1309565538.374107
-0.178711 0.642578 0.030273 1309565538.374125
-0.103516 0.595703 -0.194336 1309565538.398131
-0.118164 0.522461 -0.037109 1309565538.416130
-0.256836 0.507812 -0.121094 1309565538.418113
-0.288086 0.668945 -0.281250 1309565538.433113
-0.258789 0.565430 -0.219727 1309565538.485110
-0.321289 0.583984 -0.244141 1309565538.553167
-0.304688 0.654297 -0.269531 1309565538.555130
-0.239258 0.662109 -0.230469 1309565538.578124
-0.226562 0.580078 -0.275391 1309565538.578162
-0.343750 0.665039 -0.291016 1309565538.578173
-0.337891 0.667969 -0.238281 1309565538.578183
-0.322266 0.649414 -0.242188 1309565538.578193
-0.373047 0.642578 -0.402344 1309565538.578204
-0.464844 0.779297 -0.416992 1309565538.578214
-0.613281 0.845703 -0.313477 1309565538.578224
-0.459961 0.816406 -0.241211 1309565538.578234
-0.378906 0.753906 -0.218750 1309565538.578245
-0.390625 0.765625 -0.224609 1309565538.578255
-0.370117 0.712891 -0.224609 1309565538.578267
-0.331055 0.666992 -0.139648 1309565538.620157
-0.272461 0.595703 -0.049805 1309565538.620172
-0.288086 0.803711 -0.073242 1309565538.620182
-0.594727 1.641602 0.348633 1309565538.620193
-0.456055 1.476562 0.066406 1309565538.620203
-0.202148 0.385742 -0.014648 1309565538.620214
0.034180 0.416992 0.306641 1309565538.620224
0.191406 0.446289 0.315430 1309565538.620234
0.119141 0.591797 0.420898 1309565538.620245
0.092773 0.725586 0.313477 1309565538.620255
0.041016 0.761719 0.235352 1309565538.620265
0.010742 0.596680 0.213867 1309565538.622121
0.015625 0.648438 0.281250 1309565538.622134
0.016602 0.701172 0.320312 1309565538.643102
-0.028320 0.655273 0.311523 1309565538.688165
-0.080078 0.616211 0.293945 1309565538.689127
-0.032227 0.572266 0.348633 1309565538.708127
-0.032227 0.572266 0.348633 1309565538.709121
0.022461 0.645508 0.338867 1309565538.725127
-0.032227 0.602539 0.361328 1309565538.760143
0.002930 0.611328 0.334961 1309565538.763126
0.012695 0.680664 0.367188 1309565538.783134
0.077148 0.554688 0.410156 1309565538.805153
0.093750 0.584961 0.371094 1309565538.807131
0.072266 0.603516 0.385742 1309565538.829124
0.075195 0.631836 0.432617 1309565538.842141
0.055664 0.640625 0.399414 1309565538.869137
0.114258 0.537109 0.391602 1309565538.897114
0.024414 0.562500 0.386719 1309565538.910139
0.021484 0.608398 0.387695 1309565538.943135
0.063477 0.625000 0.396484 1309565538.965135
0.070312 0.588867 0.377930 1309565538.988158
0.081055 0.601562 0.401367 1309565539.032121
0.053711 0.560547 0.447266 1309565539.052161
0.022461 0.560547 0.387695 1309565539.075145
0.032227 0.599609 0.420898 1309565539.099154
0.076172 0.595703 0.484375 1309565539.140137
0.103516 0.586914 0.441406 1309565539.165141
0.151367 0.552734 0.486328 1309565539.232105
0.105469 0.539062 0.476562 1309565539.238120
0.104492 0.289062 0.476562 1309565539.254132
0.061523 0.505859 0.533203 1309565539.319169
0.045898 0.450195 0.546875 1309565539.342136
0.066406 0.507812 0.549805 1309565539.452141
0.050781 0.551758 0.502930 1309565539.464127
0.070312 0.539062 0.453125 1309565539.510162
0.065430 0.531250 0.453125 1309565539.557164
0.110352 0.535156 0.484375 1309565539.570137
0.031250 0.509766 0.476562 1309565539.619191
