-0.198242 0.575195 0.333984 1309541146.188628
-0.196289 0.597656 0.334961 1309541146.216630
-0.204102 0.625000 0.339844 1309541146.258629
-0.231445 0.612305 0.321289 1309541146.281631
-0.193359 0.592773 0.336914 1309541146.302628
-0.201172 0.606445 0.336914 1309541146.350635
-0.170898 0.588867 0.350586 1309541146.398634
-0.196289 0.577148 0.357422 1309541146.400623
-0.202148 0.595703 0.316406 1309541146.432641
-0.199219 0.577148 0.358398 1309541146.463655
-0.212891 0.631836 0.348633 1309541146.497635
-0.202148 0.584961 0.348633 1309541146.541629
-0.251953 0.627930 0.322266 1309541146.566637
-0.184570 0.606445 0.334961 1309541146.611641
-0.161133 0.617188 0.340820 1309541146.633634
-0.196289 0.614258 0.343750 1309541146.656638
-0.196289 0.584961 0.328125 1309541146.698637
-0.196289 0.584961 0.328125 1309541146.743641
-0.200195 0.593750 0.308594 1309541146.767643
-0.206055 0.623047 0.343750 1309541146.790645
-0.196289 0.612305 0.347656 1309541146.837620
-0.226562 0.595703 0.332031 1309541146.858638
-0.220703 0.625000 0.308594 1309541146.902641
-0.223633 0.602539 0.311523 1309541146.926637
-0.225586 0.616211 0.333008 1309541146.958640
-0.198242 0.605469 0.332031 1309541146.985649
-0.211914 0.597656 0.322266 1309541147.027655
-0.212891 0.607422 0.331055 1309541147.070644
-0.210938 0.612305 0.315430 1309541147.071645
-0.210938 0.612305 0.315430 1309541147.116646
-0.230469 0.611328 0.334961 1309541147.162650
-0.208008 0.589844 0.321289 1309541147.184651
-0.235352 0.633789 0.308594 1309541147.281660
-0.228516 0.583984 0.328125 1309541147.282649
-0.273438 0.597656 0.323242 1309541147.301631
-0.232422 0.623047 0.288086 1309541147.318655
-0.195312 0.608398 0.354492 1309541147.349653
-0.189453 0.617188 0.313477 1309541147.372653
-0.214844 0.625000 0.324219 1309541147.416651
-0.222656 0.600586 0.341797 1309541147.437663
-0.219727 0.625000 0.316406 1309541147.461648
-0.194336 0.604492 0.316406 1309541147.506662
-0.211914 0.611328 0.323242 1309541147.549659
-0.230469 0.607422 0.338867 1309541147.574654
-0.211914 0.603516 0.333984 1309541147.597656
-0.201172 0.621094 0.272461 1309541147.622659
-0.211914 0.621094 0.272461 1309541147.655661
-0.219727 0.601562 0.322266 1309541147.701640
-0.255859 0.599609 0.297852 1309541147.723663
-0.221680 0.619141 0.332031 1309541147.756675
-0.191406 0.593750 0.333984 1309541147.794660
-0.218750 0.593750 0.334961 1309541147.819662
-0.216797 0.619141 0.334961 1309541147.862665
-0.187500 0.589844 0.348633 1309541147.907662
-0.207031 0.598633 0.355469 1309541147.931660
-0.211914 0.620117 0.296875 1309541147.954661
-0.206055 0.601562 0.317383 1309541147.986664
-0.185547 0.603516 0.344727 1309541148.007663
-0.173828 0.627930 0.331055 1309541148.049663
-0.246094 0.627930 0.331055 1309541148.073665
-0.208984 0.606445 0.310547 1309541148.123667
-0.215820 0.617188 0.319336 1309541148.144663
-0.222656 0.573242 0.325195 1309541148.189670
-0.204102 0.610352 0.286133 1309541148.211666
-0.217773 0.610352 0.286133 1309541148.233668
-0.217773 0.610352 0.286133 1309541148.278673
-0.229492 0.626953 0.294922 1309541148.303679
-0.200195 0.599609 0.332031 1309541148.344682
-0.234375 0.620117 0.323242 1309541148.366665
-0.227539 0.601562 0.323242 1309541148.392668
-0.223633 0.646484 0.309570 1309541148.434670
-0.209961 0.572266 0.307617 1309541148.482676
-0.214844 0.626953 0.345703 1309541148.503671
-0.238281 0.615234 0.320312 1309541148.571674
-0.216797 0.628906 0.308594 1309541148.572671
-0.222656 0.599609 0.319336 1309541148.590670
-0.195312 0.603516 0.307617 1309541148.633675
-0.237305 0.619141 0.303711 1309541148.676676
-0.238281 0.626953 0.297852 1309541148.697674
-0.212891 0.621094 0.306641 1309541148.739681
-0.211914 0.611328 0.310547 1309541148.762676
-0.211914 0.611328 0.310547 1309541148.806682
-0.221680 0.599609 0.330078 1309541148.828673
-0.184570 0.615234 0.337891 1309541148.871679
-0.205078 0.605469 0.307617 1309541148.897681
-0.216797 0.607422 0.316406 1309541148.918678
-0.197266 0.609375 0.348633 1309541148.942676
-0.226562 0.585938 0.348633 1309541148.988679
-0.241211 0.608398 0.333984 1309541149.031661
-0.233398 0.622070 0.293945 1309541149.053684
-0.204102 0.589844 0.306641 1309541149.096684
-0.189453 0.630859 0.331055 1309541149.118690
-0.208984 0.618164 0.311523 1309541149.141662
-0.183594 0.574219 0.327148 1309541149.183692
-0.138672 0.604492 0.333008 1309541149.227684
-0.210938 0.600586 0.342773 1309541149.249692
-0.202148 0.592773 0.349609 1309541149.272692
-0.197266 0.605469 0.350586 1309541149.316706
-0.212891 0.601562 0.351562 1309541149.339687
-0.230469 0.605469 0.329102 1309541149.386706
-0.219727 0.603516 0.332031 1309541149.414689
-0.243164 0.608398 0.333984 1309541149.437693
-0.228516 0.604492 0.309570 1309541149.461671
-0.204102 0.609375 0.364258 1309541149.508692
-0.164062 0.619141 0.317383 1309541149.529690
-0.209961 0.628906 0.328125 1309541149.572694
-0.243164 0.595703 0.308594 1309541149.618695
-0.194336 0.616211 0.347656 1309541149.642695
-0.194336 0.590820 0.319336 1309541149.667696
-0.240234 0.590820 0.330078 1309541149.688709
-0.187500 0.590820 0.330078 1309541149.731703
-0.212891 0.611328 0.310547 1309541149.759699
-0.211914 0.590820 0.333008 1309541149.792698
-0.186523 0.598633 0.310547 1309541149.858697
-0.221680 0.633789 0.327148 1309541149.859699
-0.210938 0.561523 0.322266 1309541149.901703
-0.205078 0.617188 0.352539 1309541149.926705
-0.206055 0.610352 0.311523 1309541149.968695
-0.194336 0.570312 0.350586 1309541149.992703
-0.233398 0.624023 0.324219 1309541150.014700
-0.223633 0.617188 0.314453 1309541150.058700
-0.226562 0.611328 0.306641 1309541150.079704
-0.195312 0.622070 0.331055 1309541150.124702
-0.252930 0.631836 0.308594 1309541150.146709
-0.225586 0.583008 0.311523 1309541150.189705
-0.241211 0.561523 0.323242 1309541150.212707
-0.185547 0.635742 0.311523 1309541150.237710
-0.211914 0.619141 0.332031 1309541150.280706
-0.205078 0.613281 0.343750 1309541150.324709
-0.214844 0.627930 0.342773 1309541150.347722
-0.202148 0.586914 0.343750 1309541150.372708
-0.200195 0.599609 0.287109 1309541150.396711
-0.201172 0.614258 0.329102 1309541150.438712
-0.227539 0.603516 0.329102 1309541150.462716
-0.204102 0.601562 0.327148 1309541150.507711
-0.178711 0.601562 0.318359 1309541150.529712
-0.211914 0.590820 0.316406 1309541150.577715
-0.238281 0.600586 0.342773 1309541150.598708
-0.186523 0.609375 0.342773 1309541150.642717
-0.167969 0.582031 0.366211 1309541150.664733
-0.213867 0.615234 0.295898 1309541150.697710
-0.199219 0.608398 0.332031 1309541150.737717
-0.210938 0.600586 0.333984 1309541150.758713
-0.225586 0.599609 0.307617 1309541150.802723
-0.198242 0.631836 0.320312 1309541150.823769
-0.198242 0.631836 0.320312 1309541150.844716
-0.203125 0.613281 0.354492 1309541150.889715
-0.232422 0.578125 0.333008 1309541150.914717
-0.223633 0.625977 0.325195 1309541150.962729
-0.233398 0.616211 0.330078 1309541150.983730
-0.213867 0.619141 0.350586 1309541151.007720
-0.213867 0.619141 0.350586 1309541151.051726
-0.219727 0.615234 0.331055 1309541151.076721
-0.205078 0.614258 0.328125 1309541151.143727
-0.188477 0.583984 0.312500 1309541151.144722
-0.231445 0.625000 0.326172 1309541151.181710
-0.228516 0.607422 0.334961 1309541151.203723
-0.235352 0.613281 0.327148 1309541151.247726
-0.233398 0.613281 0.318359 1309541151.271727
-0.183594 0.626953 0.310547 1309541151.316729
-0.196289 0.617188 0.307617 1309541151.338734
-0.211914 0.583984 0.305664 1309541151.363734
-0.212891 0.633789 0.341797 1309541151.404737
-0.212891 0.633789 0.341797 1309541151.447731
-0.203125 0.601562 0.308594 1309541151.479729
-0.226562 0.613281 0.316406 1309541151.497731
-0.240234 0.602539 0.323242 1309541151.527732
-0.227539 0.595703 0.312500 1309541151.571731
-0.210938 0.599609 0.315430 1309541151.592733
-0.206055 0.599609 0.315430 1309541151.616742
-0.187500 0.609375 0.327148 1309541151.661694
-0.211914 0.628906 0.354492 1309541151.716735
-0.215820 0.617188 0.339844 1309541151.718737
-0.175781 0.603516 0.319336 1309541151.754734
-0.204102 0.603516 0.319336 1309541151.776740
-0.185547 0.591797 0.319336 1309541151.820735
-0.195312 0.603516 0.323242 1309541151.867739
-0.179688 0.595703 0.359375 1309541151.889726
-0.212891 0.629883 0.337891 1309541151.933733
-0.211914 0.595703 0.339844 1309541151.958739
-0.194336 0.595703 0.339844 1309541151.982747
-0.208984 0.605469 0.351562 1309541152.011742
-0.200195 0.596680 0.346680 1309541152.057741
-0.188477 0.588867 0.310547 1309541152.078745
-0.208008 0.609375 0.383789 1309541152.122748
-0.190430 0.573242 0.339844 1309541152.146748
-0.190430 0.573242 0.339844 1309541152.168747
-0.193359 0.609375 0.360352 1309541152.213755
-0.222656 0.578125 0.336914 1309541152.236745
-0.209961 0.597656 0.337891 1309541152.278741
-0.219727 0.585938 0.374023 1309541152.304741
-0.201172 0.599609 0.348633 1309541152.329746
-0.205078 0.613281 0.342773 1309541152.366746
-0.186523 0.606445 0.349609 1309541152.432748
-0.177734 0.597656 0.330078 1309541152.433747
-0.184570 0.618164 0.347656 1309541152.454744
-0.180664 0.594727 0.325195 1309541152.504749
-0.207031 0.595703 0.340820 1309541152.526752
-0.196289 0.593750 0.330078 1309541152.571754
-0.208984 0.621094 0.334961 1309541152.594751
-0.191406 0.600586 0.365234 1309541152.638751
-0.213867 0.611328 0.317383 1309541152.667758
-0.204102 0.603516 0.320312 1309541152.691755
-0.271484 0.613281 0.318359 1309541152.714756
-0.224609 0.597656 0.340820 1309541152.761757
-0.208008 0.594727 0.347656 1309541152.807757
-0.208008 0.613281 0.368164 1309541152.828755
-0.198242 0.605469 0.326172 1309541152.854758
-0.262695 0.619141 0.318359 1309541152.877762
-0.012695 0.619141 0.318359 1309541152.924762
-0.213867 0.631836 0.351562 1309541152.951753
-0.208984 0.594727 0.351562 1309541152.974760
-0.197266 0.618164 0.344727 1309541153.022759
-0.197266 0.613281 0.356445 1309541153.043768
-0.197266 0.632812 0.311523 1309541153.088762
-0.195312 0.605469 0.322266 1309541153.111761
-0.185547 0.593750 0.347656 1309541153.159762
-0.205078 0.617188 0.327148 1309541153.181746
-0.166016 0.599609 0.338867 1309541153.203768
-0.206055 0.617188 0.337891 1309541153.249762
-0.214844 0.612305 0.334961 1309541153.272777
-0.174805 0.626953 0.347656 1309541153.294764
-0.186523 0.616211 0.323242 1309541153.337765
-0.171875 0.589844 0.358398 1309541153.381741
-0.224609 0.585938 0.338867 1309541153.404764
-0.216797 0.622070 0.343750 1309541153.432773
-0.214844 0.584961 0.346680 1309541153.456770
-0.205078 0.587891 0.347656 1309541153.501742
-0.211914 0.607422 0.334961 1309541153.523773
-0.206055 0.604492 0.310547 1309541153.568776
-0.237305 0.611328 0.331055 1309541153.611772
-0.215820 0.566406 0.345703 1309541153.632772
-0.214844 0.608398 0.366211 1309541153.653774
-0.210938 0.610352 0.318359 1309541153.719786
-0.227539 0.622070 0.341797 1309541153.721775
-0.191406 0.610352 0.350586 1309541153.762776
-0.169922 0.603516 0.319336 1309541153.787777
-0.211914 0.616211 0.304688 1309541153.829770
-0.192383 0.617188 0.354492 1309541153.851775
-0.184570 0.583008 0.320312 1309541153.893777
-0.197266 0.612305 0.319336 1309541153.914775
-0.197266 0.612305 0.319336 1309541153.936798
-0.207031 0.593750 0.313477 1309541154.006780
-0.254883 0.608398 0.342773 1309541154.007785
-0.208984 0.609375 0.337891 1309541154.031784
-0.228516 0.616211 0.354492 1309541154.078783
-0.190430 0.624023 0.308594 1309541154.102784
-0.178711 0.590820 0.333984 1309541154.147789
-0.203125 0.596680 0.328125 1309541154.174788
-0.223633 0.598633 0.337891 1309541154.196763
-0.223633 0.598633 0.337891 1309541154.239781
-0.219727 0.624023 0.332031 1309541154.274787
-0.234375 0.607422 0.315430 1309541154.298787
-0.195312 0.619141 0.320312 1309541154.342785
-0.245117 0.614258 0.328125 1309541154.363788
-0.208984 0.567383 0.328125 1309541154.412789
-0.215820 0.630859 0.295898 1309541154.436792
-0.203125 0.635742 0.328125 1309541154.472791
-0.209961 0.608398 0.327148 1309541154.493789
-0.211914 0.592773 0.305664 1309541154.538789
-0.231445 0.590820 0.340820 1309541154.562794
-0.220703 0.623047 0.340820 1309541154.589793
-0.230469 0.616211 0.320312 1309541154.632797
-0.198242 0.609375 0.320312 1309541154.654792
-0.197266 0.584961 0.305664 1309541154.698791
-0.224609 0.597656 0.316406 1309541154.719794
