-0.398438 0.645508 0.123047 1311189300.920276
-0.326172 0.654297 0.162109 1311189300.950278
-0.379883 0.665039 0.081055 1311189300.972273
-0.412109 0.665039 0.081055 1311189301.016268
-0.412109 0.665039 0.081055 1311189301.047271
-0.412109 0.665039 0.081055 1311189301.070271
-0.314453 0.609375 0.029297 1311189301.115274
-0.379883 0.491211 -0.046875 1311189301.139273
-0.287109 0.372070 0.108398 1311189301.183280
-0.250977 0.555664 0.070312 1311189301.217282
-0.386719 0.625000 0.004883 1311189301.239281
-0.372070 0.518555 0.049805 1311189301.286280
-0.303711 0.547852 0.001953 1311189301.310279
-0.374023 0.554688 0.022461 1311189301.354285
-0.432617 0.554688 0.022461 1311189301.355280
-0.314453 0.490234 0.000977 1311189301.405296
-0.435547 0.542969 -0.004883 1311189301.429285
-0.440430 0.545898 0.068359 1311189301.474286
-0.359375 0.581055 -0.040039 1311189301.499283
-0.424805 0.596680 -0.082031 1311189301.542293
-0.500977 0.596680 -0.082031 1311189301.552271
-0.500977 0.596680 -0.082031 1311189301.597284
-0.622070 0.610352 -0.150391 1311189301.635270
-0.545898 0.604492 -0.125977 1311189301.659279
-0.622070 0.588867 -0.111328 1311189301.734308
-0.642578 0.568359 -0.094727 1311189301.760302
-0.578125 0.691406 -0.148438 1311189301.761267
-0.623047 0.741211 -0.108398 1311189301.802286
-0.656250 0.732422 -0.101562 1311189301.825293
-0.579102 0.722656 -0.015625 1311189301.870302
-0.505859 0.716797 0.014648 1311189301.892294
-0.555664 0.923828 0.086914 1311189301.920291
-0.563477 1.079102 0.132812 1311189301.941318
-0.305664 0.712891 0.132812 1311189301.985302
-0.210938 0.528320 0.153320 1311189302.029308
-0.211914 0.552734 0.140625 1311189302.052294
-0.209961 0.603516 0.185547 1311189302.095303
-0.227539 0.703125 0.187500 1311189302.116294
-0.251953 0.724609 0.216797 1311189302.142300
-0.250000 0.676758 0.232422 1311189302.179298
-0.208984 0.642578 0.213867 1311189302.202298
-0.133789 0.698242 0.180664 1311189302.249288
-0.134766 0.650391 0.239258 1311189302.275294
-0.080078 0.650391 0.239258 1311189302.296284
-0.094727 0.627930 0.262695 1311189302.342310
-0.110352 0.671875 0.271484 1311189302.387305
-0.160156 0.690430 0.293945 1311189302.409299
-0.186523 0.650391 0.238281 1311189302.431307
-0.236328 0.643555 0.159180 1311189302.474305
-0.234375 0.665039 0.175781 1311189302.495297
-0.196289 0.687500 0.195312 1311189302.529294
-0.275391 0.657227 0.133789 1311189302.557326
-0.331055 0.678711 0.053711 1311189302.611305
-0.326172 0.647461 0.065430 1311189302.632304
-0.417969 0.676758 -0.026367 1311189302.660309
-0.667969 0.676758 -0.026367 1311189302.699301
-0.809570 0.911133 -0.140625 1311189302.722325
-0.800781 1.098633 -0.193359 1311189302.767324
-0.745117 0.965820 -0.172852 1311189302.789311
-0.786133 0.908203 -0.185547 1311189302.812294
-0.741211 0.803711 -0.125000 1311189302.840309
-0.597656 0.751953 -0.136719 1311189302.889317
-0.552734 0.641602 -0.101562 1311189302.924328
-0.511719 0.614258 -0.089844 1311189302.946336
-0.498047 0.547852 -0.120117 1311189303.021339
-0.395508 0.502930 -0.086914 1311189303.022313
-0.363281 0.440430 -0.071289 1311189303.047310
-0.367188 0.401367 -0.083008 1311189303.089315
-0.350586 0.417969 -0.054688 1311189303.132321
-0.277344 0.404297 -0.074219 1311189303.155315
-0.311523 0.369141 -0.052734 1311189303.177319
-0.343750 0.354492 -0.021484 1311189303.201321
-0.295898 0.363281 0.003906 1311189303.244316
-0.316406 0.470703 -0.038086 1311189303.267325
-0.361328 0.496094 0.002930 1311189303.316326
-0.350586 0.626953 -0.001953 1311189303.337322
-0.320312 0.611328 0.080078 1311189303.360317
-0.311523 0.642578 0.144531 1311189303.404319
-0.330078 0.642578 0.144531 1311189303.449330
-0.358398 0.580078 0.155273 1311189303.476330
-0.423828 0.632812 0.095703 1311189303.497322
-0.451172 0.701172 0.055664 1311189303.541327
-0.386719 0.757812 0.099609 1311189303.562321
-0.337891 0.698242 0.099609 1311189303.606332
-0.337891 0.698242 0.099609 1311189303.625327
-0.343750 0.618164 0.139648 1311189303.671321
-0.349609 0.639648 0.120117 1311189303.692322
-0.311523 0.621094 0.142578 1311189303.717333
-0.410156 0.678711 0.078125 1311189303.765334
-0.417969 0.625977 0.091797 1311189303.786333
-0.363281 0.580078 0.083984 1311189303.830336
-0.341797 0.558594 0.055664 1311189303.853760
-0.349609 0.544922 0.128906 1311189303.899333
-0.247070 0.464844 0.069336 1311189303.921334
-0.316406 0.594727 0.056641 1311189303.946333
-0.378906 0.569336 0.083008 1311189303.971336
-0.378906 0.569336 0.083008 1311189304.016329
-0.377930 0.611328 0.043945 1311189304.064336
-0.300781 0.620117 0.023438 1311189304.080326
-0.420898 0.370117 0.014648 1311189304.109340
-0.463867 0.571289 0.054688 1311189304.151339
-0.261719 0.595703 0.022461 1311189304.179330
-0.368164 0.457031 -0.059570 1311189304.221344
-0.450195 0.584961 0.018555 1311189304.242342
-0.318359 0.537109 0.018555 1311189304.276337
-0.425781 0.560547 -0.046875 1311189304.326345
-0.548828 0.646484 -0.056641 1311189304.343354
-0.548828 0.646484 -0.056641 1311189304.366342
-0.518555 0.582031 -0.041016 1311189304.402337
-0.591797 0.556641 -0.098633 1311189304.445345
-0.572266 0.675781 -0.101562 1311189304.467346
-0.518555 0.631836 -0.016602 1311189304.500339
-0.617188 0.713867 -0.099609 1311189304.522347
-0.709961 0.781250 -0.101562 1311189304.547345
-0.567383 0.830078 -0.024414 1311189304.597341
-0.494141 0.730469 0.016602 1311189304.641350
-0.584961 0.843750 0.047852 1311189304.666351
-0.699219 0.961914 0.133789 1311189304.694349
-0.593750 0.795898 0.176758 1311189304.717351
-0.354492 0.553711 0.175781 1311189304.761415
-0.229492 0.508789 0.205078 1311189304.784352
-0.239258 0.494141 0.202148 1311189304.817356
-0.233398 0.606445 0.228516 1311189304.842401
-0.295898 0.697266 0.282227 1311189304.890345
-0.243164 0.648438 0.318359 1311189304.911359
-0.255859 0.597656 0.317383 1311189304.956350
-0.200195 0.626953 0.304688 1311189304.979365
-0.187500 0.605469 0.328125 1311189305.024431
-0.186523 0.626953 0.320312 1311189305.046350
-0.194336 0.615234 0.298828 1311189305.070354
-0.180664 0.615234 0.343750 1311189305.114347
-0.174805 0.636719 0.280273 1311189305.147355
-0.180664 0.629883 0.315430 1311189305.169356
-0.175781 0.629883 0.270508 1311189305.215357
-0.214844 0.619141 0.251953 1311189305.239362
-0.224609 0.615234 0.243164 1311189305.264357
-0.228516 0.651367 0.254883 1311189305.306357
-0.252930 0.630859 0.249023 1311189305.335358
-0.240234 0.640625 0.186523 1311189305.384351
-0.193359 0.606445 0.252930 1311189305.405353
-0.208984 0.603516 0.214844 1311189305.426360
-0.147461 0.591797 0.296875 1311189305.469362
-0.305664 0.841797 0.296875 1311189305.514368
-0.883789 1.220703 -0.208008 1311189305.536363
-1.000000 1.189453 -0.148438 1311189305.579368
-0.765625 1.000000 -0.121094 1311189305.616357
-0.663086 0.757812 -0.125000 1311189305.617355
-0.638672 0.795898 -0.078125 1311189305.659418
-0.539062 0.545898 -0.078125 1311189305.685365
-0.510742 0.621094 -0.101562 1311189305.729370
-0.519531 0.623047 -0.126953 1311189305.752380
-0.425781 0.550781 -0.125000 1311189305.799364
-0.406250 0.492188 -0.084961 1311189305.821362
-0.328125 0.423828 -0.060547 1311189305.844359
-0.255859 0.445312 -0.030273 1311189305.886364
-0.299805 0.470703 -0.033203 1311189305.930384
-0.366211 0.429688 0.000977 1311189305.952376
-0.335938 0.440430 -0.031250 1311189305.974376
-0.306641 0.437500 -0.011719 1311189306.020376
-0.289062 0.533203 0.021484 1311189306.042368
-0.352539 0.486328 0.038086 1311189306.087374
-0.353516 0.457031 0.061523 1311189306.110373
-0.262695 0.437500 0.050781 1311189306.134372
-0.289062 0.474609 0.039062 1311189306.180378
-0.392578 0.519531 0.037109 1311189306.212366
-0.490234 0.640625 0.037109 1311189306.240368
-0.596680 0.683594 -0.020508 1311189306.271375
-0.546875 0.754883 0.026367 1311189306.297377
-0.443359 0.646484 0.101562 1311189306.340381
-0.336914 0.608398 0.134766 1311189306.362366
-0.301758 0.594727 0.123047 1311189306.406376
-0.334961 0.658203 0.115234 1311189306.431385
-0.369141 0.654297 0.089844 1311189306.476385
-0.369141 0.654297 0.089844 1311189306.497379
-0.339844 0.673828 0.079102 1311189306.542366
-0.371094 0.650391 0.081055 1311189306.565377
-0.350586 0.659180 0.101562 1311189306.587389
-0.346680 0.651367 0.123047 1311189306.611388
-0.315430 0.670898 0.123047 1311189306.655384
-0.329102 0.665039 0.111328 1311189306.700381
-0.343750 0.650391 0.159180 1311189306.722389
-0.353516 0.623047 0.129883 1311189306.765394
-0.360352 0.639648 0.088867 1311189306.787388
-0.321289 0.639648 0.088867 1311189306.831389
-0.342773 0.588867 0.062500 1311189306.884399
-0.338867 0.635742 0.116211 1311189306.885390
-0.310547 0.578125 0.152344 1311189306.910501
-0.252930 0.568359 0.105469 1311189306.954373
-0.310547 0.598633 0.065430 1311189306.976395
-0.307617 0.564453 0.108398 1311189307.019389
-0.325195 0.530273 0.034180 1311189307.041394
-0.382812 0.554688 0.042969 1311189307.079388
-0.236328 0.554688 0.109375 1311189307.102397
-0.369141 0.473633 0.058594 1311189307.150395
-0.349609 0.558594 0.044922 1311189307.177390
-0.336914 0.563477 0.034180 1311189307.199388
-0.399414 0.516602 0.055664 1311189307.244392
-0.338867 0.593750 0.039062 1311189307.267399
-0.342773 0.539062 0.019531 1311189307.314394
-0.458008 0.507812 -0.008789 1311189307.336399
-0.426758 0.577148 0.007812 1311189307.357404
-0.378906 0.533203 -0.060547 1311189307.401409
-0.394531 0.535156 -0.056641 1311189307.445384
-0.525391 0.578125 -0.073242 1311189307.467405
-0.597656 0.578125 -0.081055 1311189307.510402
-0.557617 0.602539 -0.085938 1311189307.532403
-0.522461 0.602539 -0.085938 1311189307.564404
-0.566406 0.648438 -0.041992 1311189307.586400
-0.567383 0.664062 -0.062500 1311189307.628408
-0.572266 0.693359 -0.001953 1311189307.671407
-0.566406 0.693359 0.029297 1311189307.691413
-0.638672 0.830078 0.143555 1311189307.717406
-0.716797 1.205078 0.143555 1311189307.750404
-0.516602 1.289062 0.404297 1311189307.795410
-0.257812 0.489258 0.343750 1311189307.815409
-0.041016 0.489258 0.343750 1311189307.837412
-0.050781 0.592773 0.268555 1311189307.883405
-0.188477 0.602539 0.226562 1311189307.917412
-0.218750 0.706055 0.260742 1311189307.962411
-0.139648 0.694336 0.287109 1311189307.975419
-0.141602 0.637695 0.293945 1311189308.021413
-0.089844 0.637695 0.301758 1311189308.043412
-0.034180 0.617188 0.359375 1311189308.088412
-0.123047 0.609375 0.331055 1311189308.111409
-0.048828 0.607422 0.381836 1311189308.154416
-0.087891 0.615234 0.388672 1311189308.191412
-0.066406 0.628906 0.323242 1311189308.212412
-0.102539 0.626953 0.319336 1311189308.233414
-0.100586 0.589844 0.243164 1311189308.257425
-0.102539 0.621094 0.493164 1311189308.306418
-0.117188 0.621094 0.493164 1311189308.330423
-0.100586 0.589844 0.224609 1311189308.373398
-0.107422 0.632812 0.303711 1311189308.396418
-0.211914 0.653320 0.230469 1311189308.421444
-0.268555 0.642578 0.227539 1311189308.455416
-0.257812 0.640625 0.227539 1311189308.479427
-0.303711 0.641602 0.179688 1311189308.542425
-0.308594 0.680664 0.122070 1311189308.565412
-0.348633 0.621094 0.122070 1311189308.590421
-0.314453 0.637695 0.092773 1311189308.613426
-0.352539 0.748047 0.071289 1311189308.656422
-0.548828 0.843750 -0.030273 1311189308.678436
-0.726562 0.885742 -0.148438 1311189308.726432
-0.759766 0.978516 -0.223633 1311189308.758446
-0.718750 0.817383 -0.201172 1311189308.780422
-0.694336 0.744141 -0.158203 1311189308.823423
-0.663086 0.712891 -0.211914 1311189308.846420
-0.576172 0.712891 -0.211914 1311189308.890428
-0.576172 0.712891 -0.211914 1311189308.912425
-0.561523 0.594727 -0.125977 1311189308.957406
-0.524414 0.624023 -0.128906 1311189308.980413
-0.499023 0.578125 -0.130859 1311189309.006433
-0.457031 0.544922 -0.076172 1311189309.032427
-0.416016 0.549805 -0.065430 1311189309.060447
-0.451172 0.520508 -0.046875 1311189309.123455
-0.374023 0.512695 -0.041992 1311189309.142438
-0.372070 0.513672 -0.008789 1311189309.187449
-0.393555 0.544922 -0.008789 1311189309.208417
-0.353516 0.560547 0.011719 1311189309.233443
-0.296875 0.534180 0.039062 1311189309.271406
-0.316406 0.561523 0.048828 1311189309.292434
-0.320312 0.527344 -0.004883 1311189309.336398
-0.344727 0.513672 0.026367 1311189309.358440
-0.331055 0.539062 0.041992 1311189309.401413
-0.324219 0.513672 -0.013672 1311189309.442442
-0.350586 0.525391 0.045898 1311189309.478439
-0.363281 0.576172 0.099609 1311189309.500436
-0.303711 0.583984 0.132812 1311189309.522440
-0.253906 0.654297 0.155273 1311189309.567508
-0.231445 0.593750 0.159180 1311189309.582445
-0.313477 0.605469 0.159180 1311189309.633456
-0.350586 0.569336 0.179688 1311189309.662442
-0.378906 0.599609 0.125977 1311189309.686443
-0.491211 0.630859 0.080078 1311189309.728448
-0.496094 0.693359 0.093750 1311189309.750443
-0.381836 0.708008 0.112305 1311189309.772449
-0.327148 0.628906 0.112305 1311189309.819465
-0.301758 0.581055 0.149414 1311189309.862444
-0.352539 0.643555 0.143555 1311189309.885460
-0.341797 0.650391 0.179688 1311189309.906458
-0.342773 0.654297 0.106445 1311189309.952448
-0.358398 0.666992 0.126953 1311189309.975453
-0.351562 0.660156 0.151367 1311189310.021448
-0.315430 0.657227 0.044922 1311189310.043454
-0.350586 0.671875 0.110352 1311189310.087448
-0.358398 0.669922 0.118164 1311189310.110453
-0.384766 0.593750 0.048828 1311189310.152448
-0.388672 0.663086 0.073242 1311189310.155449
-0.350586 0.607422 0.068359 1311189310.208431
-0.352539 0.572266 0.045898 1311189310.231452
-0.369141 0.544922 0.100586 1311189310.276465
-0.342773 0.558594 0.091797 1311189310.297451
-0.298828 0.590820 0.041016 1311189310.340459
-0.294922 0.532227 0.061523 1311189310.362454
-0.252930 0.482422 0.108398 1311189310.393443
-0.257812 0.576172 0.088867 1311189310.438464
-0.334961 0.597656 0.084961 1311189310.461462
-0.360352 0.526367 0.088867 1311189310.486463
-0.418945 0.541992 0.084961 1311189310.530455
-0.420898 0.489258 0.084961 1311189310.553469
-0.333984 0.425781 0.052734 1311189310.597456
-0.432617 0.510742 0.001953 1311189310.620465
-0.428711 0.564453 0.008789 1311189310.646466
-0.407227 0.488281 0.006836 1311189310.690468
-0.458984 0.568359 -0.018555 1311189310.731457
-0.708984 0.568359 -0.018555 1311189310.768465
-0.592773 0.583984 -0.053711 1311189310.785611
-0.544922 0.595703 -0.059570 1311189310.807470
-0.578125 0.580078 -0.055664 1311189310.855468
-0.639648 0.603516 -0.002930 1311189310.876469
-0.538086 0.634766 -0.023438 1311189310.901485
-0.538086 0.634766 -0.023438 1311189310.930469
-0.584961 0.630859 0.049805 1311189310.975471
-0.465820 0.716797 0.023438 1311189311.007466
-0.409180 0.670898 0.030273 1311189311.051473
-0.405273 0.616211 0.097656 1311189311.072465
-0.479492 0.750000 0.167969 1311189311.098471
-0.578125 1.142578 0.229492 1311189311.163477
-0.354492 1.137695 0.348633 1311189311.186473
-0.168945 0.582031 0.254883 1311189311.207472
-0.068359 0.523438 0.238281 1311189311.232476
-0.160156 0.458984 0.286133 1311189311.257462
-0.136719 0.606445 0.334961 1311189311.300472
-0.124023 0.703125 0.416992 1311189311.342478
-0.094727 0.638672 0.376953 1311189311.365479
-0.088867 0.599609 0.353516 1311189311.407473
-0.063477 0.567383 0.366211 1311189311.428480
-0.032227 0.537109 0.425781 1311189311.451476
-0.032227 0.527344 0.455078 1311189311.476473
0.023438 0.550781 0.523438 1311189311.525471
0.055664 0.607422 0.480469 1311189311.567478
-0.058594 0.563477 0.397461 1311189311.590479
-0.087891 0.588867 0.344727 1311189311.634484
-0.029297 0.542969 0.362305 1311189311.656483
-0.032227 0.542969 0.362305 1311189311.678478
-0.072266 0.595703 0.390625 1311189311.721479
-0.078125 0.599609 0.369141 1311189311.743493
-0.033203 0.581055 0.362305 1311189311.789749
-0.055664 0.650391 0.325195 1311189311.811483
-0.096680 0.625000 0.323242 1311189311.855489
-0.105469 0.625000 0.323242 1311189311.876490
-0.172852 0.627930 0.273438 1311189311.908477
-0.172852 0.627930 0.273438 1311189311.930480
-0.167969 0.637695 0.243164 1311189311.972491
-0.188477 0.643555 0.209961 1311189312.016493
-0.217773 0.675781 0.212891 1311189312.053491
-0.467773 0.675781 0.212891 1311189312.075492
-0.240234 0.673828 0.134766 1311189312.110492
-0.302734 0.637695 0.068359 1311189312.131471
-0.278320 0.645508 0.141602 1311189312.175500
-0.346680 0.740234 0.066406 1311189312.198496
-0.547852 0.841797 -0.020508 1311189312.242498
-0.756836 0.937500 -0.074219 1311189312.266490
-0.783203 0.946289 -0.199219 1311189312.310472
-0.737305 0.765625 -0.159180 1311189312.332496
-0.742188 0.730469 -0.172852 1311189312.355500
-0.664062 0.742188 -0.169922 1311189312.397480
-0.644531 0.726562 -0.169922 1311189312.419507
-0.568359 0.690430 -0.120117 1311189312.476495
-0.522461 0.672852 -0.101562 1311189312.498540
-0.566406 0.597656 -0.176758 1311189312.526503
-0.523438 0.600586 -0.194336 1311189312.547496
-0.462891 0.560547 -0.147461 1311189312.590500
-0.412109 0.511719 -0.147461 1311189312.614498
-0.422852 0.472656 -0.099609 1311189312.651522
-0.380859 0.485352 -0.141602 1311189312.693510
-0.334961 0.481445 -0.088867 1311189312.715499
-0.343750 0.416016 -0.086914 1311189312.761527
-0.315430 0.398438 -0.065430 1311189312.782505
-0.315430 0.398438 -0.065430 1311189312.805514
-0.292969 0.418945 -0.062500 1311189312.847505
-0.332031 0.462891 -0.002930 1311189312.871507
-0.330078 0.473633 -0.033203 1311189312.905507
-0.333008 0.549805 -0.002930 1311189312.948508
-0.383789 0.582031 0.038086 1311189312.977499
-0.383789 0.582031 0.038086 1311189313.000510
-0.429688 0.627930 0.028320 1311189313.055509
-0.541016 0.640625 0.018555 1311189313.076510
-0.480469 0.701172 0.038086 1311189313.098509
-0.403320 0.701172 0.072266 1311189313.142511
-0.368164 0.631836 0.070312 1311189313.165525
-0.348633 0.612305 0.097656 1311189313.186513
-0.375977 0.621094 0.078125 1311189313.228517
-0.375977 0.621094 0.078125 1311189313.251515
-0.375977 0.621094 0.078125 1311189313.323490
-0.425781 0.630859 0.051758 1311189313.351512
-0.410156 0.631836 0.018555 1311189313.370512
-0.454102 0.646484 0.051758 1311189313.393523
-0.434570 0.611328 0.087891 1311189313.436588
-0.350586 0.623047 0.035156 1311189313.458518
-0.341797 0.505859 0.122070 1311189313.502519
-0.200195 0.508789 0.135742 1311189313.528521
-0.249023 0.605469 0.119141 1311189313.553522
-0.322266 0.605469 0.119141 1311189313.576525
-0.363281 0.540039 0.074219 1311189313.618520
-0.404297 0.607422 0.100586 1311189313.662549
-0.356445 0.551758 0.077148 1311189313.675521
-0.402344 0.572266 0.032227 1311189313.703528
-0.378906 0.480469 0.094727 1311189313.746498
-0.333008 0.439453 0.067383 1311189313.790522
-0.379883 0.598633 0.054688 1311189313.812528
-0.290039 0.484375 0.061523 1311189313.856524
-0.412109 0.483398 0.032227 1311189313.878522
-0.465820 0.535156 0.007812 1311189313.901529
-0.441406 0.470703 0.007812 1311189313.925546
-0.503906 0.553711 -0.045898 1311189313.973534
-0.509766 0.562500 -0.051758 1311189314.006527
-0.508789 0.545898 -0.045898 1311189314.031533
-0.540039 0.587891 -0.040039 1311189314.076532
-0.571289 0.603516 -0.044922 1311189314.097532
-0.585938 0.592773 -0.048828 1311189314.140581
-0.602539 0.685547 -0.086914 1311189314.161534
-0.687500 0.737305 -0.122070 1311189314.205534
-0.731445 0.778320 -0.128906 1311189314.248534
-0.743164 0.827148 -0.108398 1311189314.269727
-0.633789 0.765625 -0.034180 1311189314.292539
-0.533203 0.515625 -0.034180 1311189314.315539
-0.460938 0.619141 0.041992 1311189314.360538
-0.473633 0.673828 0.069336 1311189314.403534
-0.603516 0.862305 0.115234 1311189314.425518
-0.501953 0.834961 0.190430 1311189314.452693
-0.364258 0.616211 0.190430 1311189314.474540
-0.216797 0.574219 0.158203 1311189314.517528
-0.172852 0.582031 0.193359 1311189314.573544
-0.228516 0.640625 0.206055 1311189314.611536
-0.245117 0.671875 0.296875 1311189314.638532
-0.219727 0.688477 0.327148 1311189314.640529
-0.214844 0.625977 0.262695 1311189314.686537
-0.185547 0.601562 0.294922 1311189314.712542
-0.177734 0.571289 0.305664 1311189314.740533
-0.168945 0.597656 0.313477 1311189314.771537
-0.152344 0.613281 0.310547 1311189314.817550
-0.202148 0.613281 0.277344 1311189314.838543
-0.202148 0.613281 0.277344 1311189314.861544
-0.163086 0.625000 0.258789 1311189314.906563
-0.201172 0.607422 0.267578 1311189314.953547
-0.173828 0.610352 0.206055 1311189314.976550
-0.236328 0.645508 0.234375 1311189315.021548
-0.269531 0.623047 0.218750 1311189315.043544
-0.019531 0.623047 0.218750 1311189315.066552
-0.417969 0.906250 0.153320 1311189315.113548
-0.764648 1.007812 -0.035156 1311189315.135547
-0.830078 1.101562 -0.108398 1311189315.177547
-0.709961 0.952148 -0.098633 1311189315.200543
-0.678711 0.779297 -0.086914 1311189315.222549
-0.653320 0.805664 -0.114258 1311189315.269551
-0.607422 0.697266 -0.124023 1311189315.290554
-0.521484 0.615234 -0.096680 1311189315.336561
-0.519531 0.625977 -0.105469 1311189315.351557
-0.469727 0.566406 -0.152344 1311189315.396554
-0.429688 0.471680 -0.117188 1311189315.436560
-0.374023 0.476562 -0.058594 1311189315.447557
-0.394531 0.430664 -0.066406 1311189315.493543
-0.378906 0.464844 -0.051758 1311189315.537559
-0.368164 0.472656 -0.062500 1311189315.558560
-0.316406 0.494141 0.001953 1311189315.585573
-0.313477 0.535156 -0.016602 1311189315.621528
-0.311523 0.508789 0.014648 1311189315.642599
-0.297852 0.521484 0.006836 1311189315.685563
-0.313477 0.552734 0.029297 1311189315.706558
-0.294922 0.535156 0.045898 1311189315.750546
-0.322266 0.536133 0.048828 1311189315.773576
-0.308594 0.536133 0.048828 1311189315.797567
-0.292969 0.536133 0.048828 1311189315.842563
-0.325195 0.558594 0.132812 1311189315.896572
-0.292969 0.566406 0.146484 1311189315.897563
-0.308594 0.578125 0.158203 1311189315.942566
-0.325195 0.609375 0.171875 1311189315.965569
-0.364258 0.568359 0.127930 1311189315.988566
-0.393555 0.654297 0.093750 1311189316.031568
-0.453125 0.639648 0.056641 1311189316.063571
-0.404297 0.685547 0.090820 1311189316.111571
-0.367188 0.670898 0.083984 1311189316.132573
-0.314453 0.660156 0.127930 1311189316.157569
