-0.197266 0.663086 0.308594 1309539702.859532
-0.204102 0.650391 0.249023 1309539702.882550
-0.242188 0.643555 0.211914 1309539702.924552
-0.250000 0.570312 0.162109 1309539702.952543
-0.223633 0.411133 0.085938 1309539702.974554
-0.223633 0.411133 0.085938 1309539703.019558
-0.102539 0.205078 0.272461 1309539703.063556
-0.119141 0.554688 0.257812 1309539703.077559
-0.102539 0.698242 0.318359 1309539703.126537
-0.080078 0.820312 0.526367 1309539703.154563
-0.322266 1.160156 0.743164 1309539703.176559
-0.322266 1.160156 0.743164 1309539703.198573
-0.168945 1.503906 0.972656 1309539703.244560
-0.349609 1.498047 0.649414 1309539703.292565
-0.465820 1.340820 0.458984 1309539703.314559
-0.180664 0.710938 0.250000 1309539703.357567
0.045898 -0.122070 -0.011719 1309539703.358558
0.058594 -0.540039 -0.156250 1309539703.409558
-0.121094 -0.163086 -0.252930 1309539703.436567
-0.245117 -0.099609 -0.223633 1309539703.479577
-0.096680 -0.133789 -0.132812 1309539703.503568
-0.013672 -0.133789 -0.214844 1309539703.528565
-0.046875 -0.055664 -0.225586 1309539703.551567
-0.104492 0.035156 -0.142578 1309539703.611569
-0.197266 0.658203 0.197266 1309539703.633572
-1.047852 1.676758 0.461914 1309539703.676570
-0.366211 1.981445 1.380859 1309539703.697567
-0.331055 1.838867 1.555664 1309539703.718565
-0.599609 1.975586 1.227539 1309539703.744570
-0.667969 1.853516 0.728516 1309539703.792567
-0.492188 1.000000 0.280273 1309539703.817578
-0.328125 0.075195 -0.140625 1309539703.859573
0.015625 -0.372070 -0.329102 1309539703.883572
0.195312 -0.149414 -0.086914 1309539703.929549
0.233398 -0.272461 -0.040039 1309539703.996574
0.158203 -0.111328 -0.123047 1309539703.997575
0.032227 -0.319336 -0.288086 1309539704.011577
-0.131836 -0.283203 -0.265625 1309539704.055577
-0.299805 -0.343750 -0.024414 1309539704.100577
-0.551758 0.402344 -0.156250 1309539704.103575
-0.551758 0.402344 -0.156250 1309539704.147578
0.039062 1.713867 1.148438 1309539704.184572
0.255859 1.756836 1.318359 1309539704.207581
-0.416016 1.975586 1.358398 1309539704.238580
-0.427734 1.626953 1.079102 1309539704.268578
-0.276367 1.510742 0.479492 1309539704.310577
-0.434570 0.988281 0.195312 1309539704.353562
-0.150391 -0.039062 -0.020508 1309539704.375587
-0.105469 -0.667969 -0.226562 1309539704.398589
0.115234 -0.195312 -0.181641 1309539704.442578
-0.094727 -0.113281 -0.205078 1309539704.467579
-0.122070 -0.176758 -0.137695 1309539704.509595
-0.009766 -0.279297 -0.145508 1309539704.532594
-0.007812 -0.128906 -0.242188 1309539704.555585
-0.256836 0.030273 -0.269531 1309539704.602585
-0.429688 0.079102 0.129883 1309539704.648587
-0.601562 0.841797 0.310547 1309539704.670589
-0.614258 1.979492 0.540039 1309539704.694589
0.135742 1.979492 0.540039 1309539704.726586
-0.376953 1.980469 1.549805 1309539704.767589
-0.730469 1.937500 1.028320 1309539704.800592
-0.703125 1.765625 0.572266 1309539704.823589
-0.381836 1.218750 0.342773 1309539704.844567
-0.083008 0.282227 -0.091797 1309539704.891599
-0.140625 -0.333984 -0.319336 1309539704.914589
0.043945 -0.224609 -0.053711 1309539704.957593
0.110352 -0.185547 -0.032227 1309539704.979598
0.041992 -0.167969 -0.159180 1309539705.023594
0.008789 -0.397461 -0.273438 1309539705.044597
-0.241211 -0.397461 -0.273438 1309539705.088595
-0.049805 -0.215820 -0.091797 1309539705.112596
-0.381836 0.278320 -0.195312 1309539705.138598
-0.453125 1.347656 0.025391 1309539705.182569
-0.066406 1.928711 1.389648 1309539705.204599
0.088867 1.775391 1.348633 1309539705.249572
0.088867 1.775391 1.348633 1309539705.288596
-0.323242 1.928711 0.930664 1309539705.309591
-0.585938 1.401367 0.296875 1309539705.332601
-0.597656 0.849609 0.104492 1309539705.374604
-0.185547 -0.363281 -0.166016 1309539705.395600
0.067383 -0.713867 -0.210938 1309539705.439597
0.193359 -0.228516 -0.178711 1309539705.482604
0.000000 -0.107422 -0.176758 1309539705.504607
-0.052734 -0.171875 -0.137695 1309539705.548601
0.043945 -0.336914 -0.146484 1309539705.570577
-0.012695 -0.203125 -0.254883 1309539705.593605
-0.280273 0.080078 -0.141602 1309539705.617610
-0.168945 0.357422 -0.098633 1309539705.663605
-0.572266 1.693359 0.364258 1309539705.697606
-0.541992 1.981445 1.095703 1309539705.739590
-0.055664 1.727539 1.566406 1309539705.760604
-0.379883 1.983398 1.284180 1309539705.783601
-0.707031 1.866211 0.786133 1309539705.812616
-0.616211 1.488281 0.469727 1309539705.862608
-0.493164 0.685547 0.094727 1309539705.883611
-0.384766 -0.129883 -0.191406 1309539705.930608
0.108398 -0.422852 -0.238281 1309539705.952618
0.094727 -0.060547 -0.121094 1309539705.973621
0.004883 -0.060547 -0.121094 1309539706.018609
0.004883 -0.260742 -0.174805 1309539706.065609
0.023438 -0.247070 -0.204102 1309539706.087617
-0.047852 -0.259766 -0.219727 1309539706.108600
-0.208984 0.166016 -0.183594 1309539706.133618
-0.416992 0.841797 0.016602 1309539706.187618
-0.529297 0.841797 0.016602 1309539706.212624
0.430664 1.978516 1.581055 1309539706.234620
-0.278320 1.867188 1.301758 1309539706.283619
-0.368164 1.976562 0.851562 1309539706.305624
-0.458984 1.500977 0.346680 1309539706.327620
-0.496094 0.763672 0.094727 1309539706.370605
-0.158203 -0.062500 -0.083008 1309539706.417623
0.014648 -0.594727 -0.217773 1309539706.439620
0.147461 -0.174805 -0.214844 1309539706.464624
-0.090820 -0.183594 -0.192383 1309539706.494620
-0.113281 -0.210938 -0.170898 1309539706.569600
0.003906 -0.194336 -0.080078 1309539706.570622
0.059570 -0.189453 -0.216797 1309539706.590627
-0.115234 0.002930 -0.286133 1309539706.633628
-0.312500 0.316406 -0.031250 1309539706.654616
-0.593750 1.202148 0.344727 1309539706.700626
-0.684570 1.915039 0.647461 1309539706.723629
0.270508 1.980469 1.647461 1309539706.748628
-0.623047 1.982422 1.245117 1309539706.792612
-1.002930 1.982422 0.867188 1309539706.813628
-0.520508 1.556641 0.535156 1309539706.857631
-0.195312 0.746094 0.138672 1309539706.878628
-0.290039 -0.159180 -0.144531 1309539706.920629
-0.051758 -0.425781 -0.179688 1309539706.943658
0.079102 -0.183594 -0.090820 1309539706.989634
0.260742 -0.248047 -0.115234 1309539707.010633
0.151367 -0.262695 -0.117188 1309539707.053634
0.002930 -0.339844 -0.338867 1309539707.075627
-0.150391 -0.253906 -0.265625 1309539707.118633
-0.400391 -0.253906 -0.265625 1309539707.139640
-0.557617 1.007812 0.050781 1309539707.182632
-0.484375 1.636719 0.691406 1309539707.205641
0.196289 1.980469 1.578125 1309539707.232642
-0.280273 1.700195 1.436523 1309539707.263639
0.027344 1.983398 1.235352 1309539707.299636
-0.362305 1.513672 0.735352 1309539707.343639
-0.672852 1.135742 0.278320 1309539707.374638
-0.355469 0.325195 0.022461 1309539707.397639
0.002930 -0.417969 -0.296875 1309539707.440642
0.173828 -0.460938 -0.222656 1309539707.462644
-0.012695 -0.179688 -0.226562 1309539707.505653
-0.012695 -0.179688 -0.226562 1309539707.530643
-0.023438 -0.210938 -0.174805 1309539707.553649
-0.020508 -0.124023 -0.123047 1309539707.590647
0.018555 -0.158203 -0.237305 1309539707.637645
-0.097656 -0.136719 -0.125000 1309539707.660646
-0.098633 0.369141 -0.063477 1309539707.688645
-0.692383 1.529297 0.286133 1309539707.734649
-0.408203 1.983398 0.674805 1309539707.758648
0.061523 1.980469 1.554688 1309539707.824659
-1.026367 1.982422 1.077148 1309539707.862653
-0.856445 1.983398 1.121094 1309539707.863648
-0.465820 1.696289 0.655273 1309539707.883649
-0.470703 0.946289 0.655273 1309539707.904650
-0.340820 -0.016602 -0.274414 1309539707.949629
-0.162109 -0.335938 -0.314453 1309539707.974651
0.020508 -0.052734 -0.039062 1309539708.018650
0.099609 -0.318359 -0.074219 1309539708.040658
0.108398 -0.216797 -0.129883 1309539708.084666
0.065430 -0.257812 -0.150391 1309539708.108647
-0.061523 -0.226562 -0.213867 1309539708.134669
-0.069336 -0.150391 -0.202148 1309539708.179664
-0.360352 0.483398 -0.202148 1309539708.202653
-0.756836 1.806641 0.467773 1309539708.245653
-0.349609 1.806641 0.467773 1309539708.269667
0.298828 0.857422 1.212891 1309539708.314653
-0.209961 1.406250 0.839844 1309539708.338658
0.088867 0.501953 0.353516 1309539708.364653
-0.179688 0.308594 -0.041016 1309539708.409638
-0.210938 0.300781 -0.054688 1309539708.430665
-0.237305 0.408203 -0.048828 1309539708.474660
-0.309570 0.714844 0.175781 1309539708.497661
-0.177734 0.666992 0.312500 1309539708.543663
-0.162109 0.562500 0.375000 1309539708.565662
-0.131836 0.624023 0.419922 1309539708.587663
-0.059570 0.583984 0.387695 1309539708.629658
-0.077148 0.592773 0.368164 1309539708.652662
-0.125000 0.619141 0.347656 1309539708.697663
-0.149414 0.570312 0.359375 1309539708.718668
-0.185547 0.588867 0.371094 1309539708.763670
-0.181641 0.600586 0.343750 1309539708.785665
-0.166016 0.593750 0.311523 1309539708.831673
-0.183594 0.598633 0.291992 1309539708.854671
-0.201172 0.640625 0.275391 1309539708.878669
-0.207031 0.646484 0.290039 1309539708.920667
-0.200195 0.614258 0.303711 1309539708.944664
-0.203125 0.628906 0.293945 1309539708.993680
-0.159180 0.625000 0.296875 1309539709.015680
-0.223633 0.656250 0.318359 1309539709.055678
-0.216797 0.640625 0.319336 1309539709.078673
-0.160156 0.625000 0.294922 1309539709.144672
-0.178711 0.644531 0.287109 1309539709.145674
-0.170898 0.631836 0.296875 1309539709.175679
-0.170898 0.631836 0.296875 1309539709.198673
-0.182617 0.627930 0.279297 1309539709.243678
-0.198242 0.645508 0.255859 1309539709.268679
-0.175781 0.617188 0.238281 1309539709.312674
-0.169922 0.638672 0.282227 1309539709.348676
