-0.110352 0.725586 0.080078 1309547453.939330
-0.125000 0.731445 0.047852 1309547453.961340
-0.120117 0.749023 0.061523 1309547453.984334
-0.108398 0.727539 0.051758 1309547454.029338
-0.154297 0.728516 0.054688 1309547454.051333
-0.129883 0.717773 0.066406 1309547454.101339
-0.148438 0.734375 0.032227 1309547454.103328
-0.117188 0.706055 0.056641 1309547454.148327
-0.090820 0.734375 0.099609 1309547454.181340
-0.126953 0.757812 0.089844 1309547454.205341
-0.072266 0.761719 0.070312 1309547454.248363
-0.100586 0.717773 0.049805 1309547454.270354
-0.094727 0.750000 0.077148 1309547454.368351
-0.104492 0.753906 0.048828 1309547454.369342
-0.112305 0.741211 0.059570 1309547454.385352
-0.097656 0.720703 0.038086 1309547454.408345
-0.147461 0.720703 0.054688 1309547454.430358
-0.099609 0.761719 0.066406 1309547454.474355
-0.119141 0.730469 0.039062 1309547454.507354
-0.146484 0.725586 0.057617 1309547454.547366
-0.139648 0.687500 0.056641 1309547454.556346
-0.129883 0.703125 0.056641 1309547454.605351
-0.138672 0.696289 0.050781 1309547454.624345
-0.150391 0.748047 0.091797 1309547454.674356
-0.110352 0.744141 0.059570 1309547454.700350
-0.164062 0.705078 0.059570 1309547454.722349
-0.125977 0.685547 0.026367 1309547454.765354
-0.141602 0.723633 0.062500 1309547454.787355
-0.079102 0.717773 0.081055 1309547454.830356
-0.100586 0.702148 0.100586 1309547454.852347
-0.083008 0.708984 0.084961 1309547454.889360
-0.083008 0.708984 0.084961 1309547454.911354
-0.041992 0.695312 0.091797 1309547454.960361
-0.088867 0.708008 0.108398 1309547455.040356
-0.100586 0.708008 0.075195 1309547455.042358
-0.155273 0.704102 0.063477 1309547455.055332
-0.189453 0.721680 0.077148 1309547455.081371
-0.147461 0.744141 0.051758 1309547455.125365
-0.164062 0.724609 0.046875 1309547455.184357
-0.169922 0.701172 0.045898 1309547455.185362
-0.242188 0.699219 0.036133 1309547455.211362
-0.208008 0.706055 0.036133 1309547455.234396
-0.247070 0.746094 0.036133 1309547455.279362
-0.305664 0.727539 0.049805 1309547455.321365
-0.297852 0.718750 0.032227 1309547455.344346
-0.231445 0.666016 0.042969 1309547455.369384
-0.196289 0.701172 0.039062 1309547455.419367
-0.171875 0.674805 0.031250 1309547455.439372
-0.130859 0.674805 0.031250 1309547455.464360
-0.162109 0.691406 0.060547 1309547455.506368
-0.183594 0.788086 0.038086 1309547455.529394
-0.136719 0.611328 0.085938 1309547455.574379
-0.167969 0.666016 0.084961 1309547455.586347
-0.131836 0.765625 0.070312 1309547455.639375
-0.131836 0.765625 0.070312 1309547455.666367
-0.116211 0.736328 0.088867 1309547455.690356
-0.114258 0.716797 0.077148 1309547455.735374
-0.111328 0.614258 0.056641 1309547455.777391
-0.250000 0.721680 0.041016 1309547455.797377
-0.327148 0.678711 -0.011719 1309547455.826372
-0.276367 0.644531 0.013672 1309547455.852372
-0.291992 0.681641 -0.045898 1309547455.887378
-0.395508 0.617188 -0.071289 1309547455.912397
-0.454102 0.671875 -0.109375 1309547455.969387
-0.486328 0.593750 -0.155273 1309547456.026379
-0.520508 0.578125 -0.160156 1309547456.029381
-0.566406 0.558594 -0.200195 1309547456.142378
-0.622070 0.541992 -0.255859 1309547456.202381
-0.654297 0.488281 -0.282227 1309547456.260382
-0.662109 0.467773 -0.307617 1309547456.262379
-0.640625 0.433594 -0.364258 1309547456.271381
-0.726562 0.437500 -0.372070 1309547456.292387
-0.724609 0.427734 -0.397461 1309547456.357419
-0.696289 0.396484 -0.435547 1309547456.370379
-0.750977 0.395508 -0.434570 1309547456.415356
-0.760742 0.372070 -0.443359 1309547456.476360
-0.741211 0.412109 -0.458984 1309547456.542393
-0.764648 0.349609 -0.503906 1309547456.555360
-0.739258 0.346680 -0.502930 1309547456.600391
-0.783203 0.377930 -0.458984 1309547456.670390
-0.752930 0.403320 -0.488281 1309547456.800399
-0.757812 0.400391 -0.446289 1309547456.809389
-0.744141 0.426758 -0.430664 1309547456.822392
-0.744141 0.426758 -0.430664 1309547456.842395
-0.736328 0.444336 -0.381836 1309547456.845388
-0.710938 0.503906 -0.348633 1309547456.867390
-0.658203 0.503906 -0.266602 1309547456.871395
-0.608398 0.533203 -0.238281 1309547456.972395
-0.600586 0.542969 -0.230469 1309547456.974390
-0.556641 0.570312 -0.175781 1309547456.994393
-0.511719 0.633789 -0.091797 1309547457.017415
-0.475586 0.640625 -0.098633 1309547457.037429
-0.389648 0.608398 -0.094727 1309547457.072392
-0.416016 0.651367 -0.042969 1309547457.090393
-0.395508 0.642578 0.033203 1309547457.102398
-0.317383 0.611328 0.010742 1309547457.120418
-0.303711 0.692383 0.000000 1309547457.127380
-0.286133 0.663086 0.025391 1309547457.134411
-0.234375 0.694336 0.040039 1309547457.141423
-0.219727 0.692383 0.057617 1309547457.142392
-0.224609 0.644531 0.055664 1309547457.154386
-0.195312 0.699219 0.036133 1309547457.181409
-0.203125 0.673828 0.054688 1309547457.204402
-0.149414 0.681641 0.048828 1309547457.260398
-0.169922 0.683594 0.045898 1309547457.265400
-0.183594 0.691406 0.052734 1309547457.312410
-0.185547 0.751953 0.051758 1309547457.332397
-0.132812 0.679688 0.045898 1309547457.356401
-0.226562 0.678711 0.042969 1309547457.416408
-0.211914 0.655273 0.033203 1309547457.440410
-0.208008 0.687500 0.056641 1309547457.461403
-0.168945 0.662109 0.044922 1309547457.486407
-0.185547 0.681641 0.055664 1309547457.520405
-0.168945 0.689453 0.064453 1309547457.591409
-0.200195 0.691406 0.067383 1309547457.592404
-0.117188 0.691406 0.084961 1309547457.675383
-0.127930 0.707031 0.124023 1309547457.676406
-0.156250 0.691406 0.107422 1309547457.699410
-0.166992 0.699219 0.098633 1309547457.710409
-0.129883 0.742188 0.068359 1309547457.752432
-0.165039 0.718750 0.055664 1309547457.778417
-0.160156 0.721680 0.073242 1309547457.834424
-0.133789 0.708008 0.063477 1309547457.880414
-0.139648 0.714844 0.034180 1309547457.881417
-0.197266 0.714844 0.053711 1309547457.914422
-0.141602 0.726562 0.065430 1309547457.938423
-0.166992 0.728516 0.083008 1309547458.006451
-0.133789 0.731445 0.003906 1309547458.030425
-0.172852 0.729492 0.062500 1309547458.075396
-0.242188 0.742188 0.057617 1309547458.095410
-0.208984 0.725586 0.070312 1309547458.097418
-0.202148 0.698242 0.070312 1309547458.136436
-0.222656 0.714844 0.030273 1309547458.212431
-0.244141 0.732422 0.040039 1309547458.259414
-0.257812 0.706055 0.029297 1309547458.260409
-0.218750 0.660156 0.026367 1309547458.283418
-0.177734 0.695312 0.105469 1309547458.305419
-0.237305 0.686523 0.064453 1309547458.350415
-0.239258 0.661133 0.012695 1309547458.372429
-0.218750 0.691406 0.077148 1309547458.394423
-0.060547 0.701172 0.069336 1309547458.435397
-0.087891 0.671875 0.081055 1309547458.460397
-0.019531 0.671875 0.081055 1309547458.482459
-0.012695 0.749023 0.096680 1309547458.529423
-0.047852 0.665039 0.051758 1309547458.572422
-0.063477 0.736328 0.131836 1309547458.595398
-0.096680 0.742188 0.050781 1309547458.619430
-0.096680 0.742188 0.050781 1309547458.641420
-0.240234 0.737305 0.041016 1309547458.754464
-0.333984 0.682617 -0.025391 1309547458.755400
-0.292969 0.619141 -0.004883 1309547458.794425
-0.289062 0.695312 0.000000 1309547458.819427
-0.344727 0.599609 -0.045898 1309547458.861435
-0.360352 0.644531 -0.067383 1309547458.865436
-0.375977 0.655273 -0.098633 1309547458.887432
-0.486328 0.570312 -0.172852 1309547459.069476
-0.503906 0.599609 -0.166016 1309547459.109499
-0.550781 0.607422 -0.204102 1309547459.242439
-0.562500 0.636719 -0.211914 1309547459.266444
-0.572266 0.550781 -0.272461 1309547459.321449
-0.629883 0.516602 -0.250000 1309547459.365443
-0.647461 0.544922 -0.308594 1309547459.690447
-0.598633 0.441406 -0.311523 1309547459.749449
-0.692383 0.468750 -0.374023 1309547459.811449
-0.767578 0.449219 -0.394531 1309547459.862457
-0.695312 0.462891 -0.437500 1309547459.899453
-0.694336 0.431641 -0.411133 1309547459.912486
-0.738281 0.433594 -0.443359 1309547459.914438
-0.701172 0.400391 -0.484375 1309547459.915417
-0.709961 0.389648 -0.495117 1309547459.916426
-0.710938 0.412109 -0.448242 1309547459.935434
-0.734375 0.412109 -0.448242 1309547459.936448
-0.713867 0.412109 -0.450195 1309547459.939442
-0.709961 0.476562 -0.411133 1309547459.956458
-0.696289 0.443359 -0.400391 1309547459.959450
-0.708008 0.467773 -0.427734 1309547459.974452
-0.667969 0.467773 -0.427734 1309547459.981460
-0.661133 0.515625 -0.343750 1309547460.003449
-0.658203 0.536133 -0.320312 1309547460.003461
-0.591797 0.522461 -0.265625 1309547460.003471
-0.577148 0.579102 -0.247070 1309547460.004424
-0.525391 0.628906 -0.193359 1309547460.004436
-0.499023 0.689453 -0.120117 1309547460.016454
-0.462891 0.716797 -0.034180 1309547460.016467
-0.403320 0.694336 -0.010742 1309547460.040455
-0.326172 0.655273 0.039062 1309547460.040484
-0.287109 0.627930 0.016602 1309547460.046457
-0.257812 0.690430 0.079102 1309547460.054461
-0.244141 0.613281 0.099609 1309547460.069474
-0.180664 0.699219 0.115234 1309547460.080452
-0.166016 0.671875 0.113281 1309547460.094461
-0.149414 0.701172 0.117188 1309547460.170457
-0.150391 0.680664 0.102539 1309547460.171453
-0.108398 0.734375 0.117188 1309547460.173454
-0.166016 0.665039 0.084961 1309547460.217461
-0.095703 0.634766 0.082031 1309547460.219462
-0.144531 0.689453 0.070312 1309547460.250457
-0.183594 0.665039 0.028320 1309547460.276467
-0.180664 0.651367 0.077148 1309547460.299453
-0.129883 0.687500 0.019531 1309547460.320459
-0.183594 0.724609 -0.026367 1309547460.384463
-0.233398 0.694336 0.005859 1309547460.392458
-0.218750 0.688477 0.007812 1309547460.435447
-0.176758 0.727539 0.029297 1309547460.456461
-0.193359 0.697266 0.035156 1309547460.481460
-0.155273 0.714844 0.040039 1309547460.524465
-0.142578 0.728516 0.040039 1309547460.549463
-0.167969 0.735352 0.095703 1309547460.635435
-0.142578 0.705078 0.056641 1309547460.636467
-0.155273 0.722656 0.026367 1309547460.657472
-0.190430 0.712891 0.044922 1309547460.685473
-0.169922 0.712891 0.044922 1309547460.706464
-0.133789 0.712891 0.044922 1309547460.804483
-0.183594 0.703125 0.048828 1309547460.825468
-0.162109 0.679688 0.081055 1309547460.826465
-0.161133 0.708984 0.038086 1309547460.846472
-0.161133 0.739258 0.050781 1309547460.870470
-0.097656 0.712891 0.070312 1309547460.912468
-0.209961 0.779297 0.024414 1309547460.956471
-0.205078 0.731445 0.009766 1309547460.977483
-0.184570 0.714844 0.007812 1309547461.021472
-0.212891 0.750977 0.017578 1309547461.045486
-0.211914 0.693359 0.005859 1309547461.075448
-0.284180 0.775391 -0.006836 1309547461.096474
-0.222656 0.741211 0.000000 1309547461.140476
-0.246094 0.714844 -0.004883 1309547461.185482
-0.253906 0.750000 0.005859 1309547461.190489
-0.288086 0.701172 -0.006836 1309547461.254452
-0.284180 0.734375 -0.015625 1309547461.256483
-0.267578 0.712891 0.234375 1309547461.293480
-0.271484 0.702148 0.010742 1309547461.339482
-0.203125 0.677734 0.062500 1309547461.355454
-0.177734 0.627930 0.051758 1309547461.435455
-0.107422 0.611328 0.032227 1309547461.452478
-0.129883 0.669922 0.032227 1309547461.459484
-0.147461 0.677734 0.044922 1309547461.496478
-0.122070 0.716797 0.116211 1309547461.539483
-0.125977 0.720703 0.087891 1309547461.560488
-0.101562 0.665039 0.107422 1309547461.624486
-0.084961 0.674805 0.122070 1309547461.645484
-0.176758 0.730469 0.128906 1309547461.647481
-0.185547 0.638672 0.090820 1309547461.712480
-0.139648 0.699219 0.121094 1309547461.716485
-0.174805 0.730469 0.039062 1309547461.752486
-0.246094 0.589844 0.050781 1309547461.779494
-0.311523 0.682617 0.039062 1309547461.822490
-0.336914 0.702148 -0.040039 1309547461.845492
-0.346680 0.637695 -0.040039 1309547461.889496
-0.458008 0.637695 -0.040039 1309547461.917497
-0.432617 0.686523 -0.134766 1309547461.954490
-0.491211 0.588867 -0.174805 1309547462.096497
-0.573242 0.564453 -0.166016 1309547462.154493
-0.562500 0.548828 -0.166016 1309547462.177495
-0.640625 0.519531 -0.261719 1309547462.219499
-0.626953 0.499023 -0.294922 1309547462.287493
-0.666016 0.491211 -0.339844 1309547462.305480
-0.690430 0.438477 -0.333008 1309547462.334508
-0.722656 0.407227 -0.383789 1309547462.403511
-0.698242 0.412109 -0.408203 1309547462.457509
-0.735352 0.351562 -0.482422 1309547462.460477
-0.784180 0.405273 -0.407227 1309547462.541503
-0.698242 0.354492 -0.458984 1309547462.545501
-0.715820 0.342773 -0.469727 1309547462.677512
-0.739258 0.356445 -0.485352 1309547462.717512
-0.739258 0.356445 -0.485352 1309547462.739501
-0.722656 0.402344 -0.455078 1309547462.761503
-0.722656 0.448242 -0.468750 1309547462.782504
-0.749023 0.351562 -0.452148 1309547462.816512
-0.696289 0.437500 -0.450195 1309547462.844518
-0.708984 0.388672 -0.413086 1309547462.886510
-0.698242 0.449219 -0.413086 1309547462.890512
-0.691406 0.465820 -0.387695 1309547462.901507
-0.735352 0.493164 -0.347656 1309547462.924509
-0.653320 0.509766 -0.300781 1309547462.945539
-0.626953 0.538086 -0.261719 1309547462.995488
-0.608398 0.609375 -0.210938 1309547462.997515
-0.574219 0.576172 -0.184570 1309547463.017516
-0.489258 0.585938 -0.121094 1309547463.019513
-0.481445 0.618164 -0.109375 1309547463.039513
-0.456055 0.628906 -0.068359 1309547463.041509
-0.352539 0.693359 0.000977 1309547463.060507
-0.405273 0.670898 0.017578 1309547463.062509
-0.271484 0.665039 0.001953 1309547463.086512
-0.279297 0.627930 0.039062 1309547463.092512
-0.226562 0.705078 0.079102 1309547463.109512
-0.186523 0.729492 0.092773 1309547463.117534
-0.146484 0.660156 0.096680 1309547463.125512
-0.146484 0.660156 0.096680 1309547463.167524
-0.111328 0.705078 0.094727 1309547463.214518
-0.084961 0.739258 0.110352 1309547463.247520
-0.217773 0.689453 0.078125 1309547463.270501
-0.151367 0.668945 0.082031 1309547463.291518
-0.141602 0.666992 0.081055 1309547463.381528
-0.089844 0.666992 0.080078 1309547463.429518
-0.155273 0.685547 0.072266 1309547463.434520
-0.186523 0.650391 0.063477 1309547463.446519
-0.107422 0.650391 0.078125 1309547463.469495
-0.167969 0.688477 0.036133 1309547463.509519
-0.203125 0.718750 0.036133 1309547463.523522
-0.164062 0.625000 0.070312 1309547463.547520
-0.090820 0.738281 0.075195 1309547463.606528
-0.126953 0.714844 0.078125 1309547463.630526
-0.185547 0.713867 0.079102 1309547463.651523
-0.068359 0.690430 0.090820 1309547463.674495
-0.099609 0.675781 0.081055 1309547463.727529
-0.185547 0.742188 0.037109 1309547463.751527
-0.196289 0.759766 0.055664 1309547463.779522
-0.162109 0.705078 0.055664 1309547463.822533
-0.106445 0.673828 0.053711 1309547463.850528
-0.142578 0.759766 0.030273 1309547463.892525
-0.142578 0.759766 0.030273 1309547463.901526
-0.125977 0.735352 0.063477 1309547463.951529
-0.143555 0.731445 0.028320 1309547463.975509
-0.150391 0.755859 0.039062 1309547463.995505
-0.158203 0.720703 0.022461 1309547464.039529
-0.168945 0.705078 0.020508 1309547464.060536
-0.152344 0.745117 0.048828 1309547464.125533
-0.166016 0.711914 0.010742 1309547464.127526
-0.196289 0.741211 0.054688 1309547464.170540
-0.171875 0.691406 -0.037109 1309547464.191522
-0.178711 0.736328 -0.016602 1309547464.237527
-0.206055 0.729492 -0.000977 1309547464.260545
-0.213867 0.713867 0.024414 1309547464.306511
-0.271484 0.728516 0.032227 1309547464.327533
-0.311523 0.721680 -0.022461 1309547464.352536
-0.336914 0.711914 -0.024414 1309547464.406539
-0.283203 0.685547 0.027344 1309547464.429537
-0.207031 0.638672 0.053711 1309547464.451542
-0.179688 0.625977 0.046875 1309547464.495544
-0.186523 0.681641 0.056641 1309547464.534542
-0.170898 0.615234 0.084961 1309547464.556540
-0.106445 0.685547 0.078125 1309547464.577545
-0.086914 0.662109 0.104492 1309547464.680547
-0.044922 0.662109 0.104492 1309547464.681535
-0.045898 0.782227 0.183594 1309547464.702515
-0.188477 0.613281 0.090820 1309547464.726532
-0.156250 0.638672 0.151367 1309547464.746547
-0.213867 0.803711 0.129883 1309547464.802548
-0.113281 0.694336 0.077148 1309547464.819544
-0.113281 0.694336 0.077148 1309547464.842550
-0.287109 0.708984 -0.016602 1309547464.877543
-0.391602 0.602539 -0.087891 1309547464.935552
-0.441406 0.608398 -0.083984 1309547464.996526
-0.490234 0.654297 -0.149414 1309547465.131565
-0.613281 0.632812 -0.189453 1309547465.182559
-0.576172 0.595703 -0.185547 1309547465.207558
-0.648438 0.585938 -0.192383 1309547465.241552
-0.644531 0.496094 -0.303711 1309547465.262576
-0.714844 0.480469 -0.313477 1309547465.264545
-0.783203 0.460938 -0.405273 1309547465.265545
-0.739258 0.405273 -0.448242 1309547465.295555
-0.764648 0.386719 -0.416992 1309547465.332561
-0.750000 0.367188 -0.476562 1309547465.334555
-0.808594 0.365234 -0.486328 1309547465.349556
-0.777344 0.375000 -0.503906 1309547465.417563
-0.778320 0.396484 -0.522461 1309547465.452556
-0.745117 0.385742 -0.489258 1309547465.462565
-0.775391 0.399414 -0.437500 1309547465.475534
-0.761719 0.424805 -0.459961 1309547465.505560
-0.752930 0.375000 -0.438477 1309547465.605561
-0.765625 0.453125 -0.411133 1309547465.662566
-0.719727 0.494141 -0.371094 1309547465.686565
-0.676758 0.519531 -0.371094 1309547465.705564
-0.623047 0.507812 -0.291992 1309547465.727560
-0.596680 0.562500 -0.202148 1309547465.750564
-0.584961 0.573242 -0.206055 1309547465.772561
-0.536133 0.582031 -0.142578 1309547465.786566
-0.454102 0.609375 -0.075195 1309547465.809571
-0.380859 0.670898 -0.045898 1309547465.818561
-0.375000 0.655273 -0.035156 1309547465.846577
-0.286133 0.654297 0.042969 1309547465.849570
-0.238281 0.652344 0.022461 1309547465.872568
-0.258789 0.678711 0.088867 1309547465.974571
-0.186523 0.681641 0.103516 1309547465.975537
-0.186523 0.681641 0.103516 1309547465.995541
-0.166992 0.708008 0.074219 1309547466.010493
-0.176758 0.668945 0.086914 1309547466.032956
-0.151367 0.679688 0.082031 1309547466.075555
-0.204102 0.661133 0.104492 1309547466.096580
-0.158203 0.701172 0.080078 1309547466.147574
-0.166992 0.701172 0.080078 1309547466.149572
-0.151367 0.701172 0.060547 1309547466.207589
-0.195312 0.739258 0.054688 1309547466.277586
-0.212891 0.710938 0.055664 1309547466.301577
-0.188477 0.644531 0.033203 1309547466.302572
-0.147461 0.689453 0.050781 1309547466.323584
-0.222656 0.673828 0.052734 1309547466.367587
-0.264648 0.712891 0.058594 1309547466.391580
-0.166992 0.690430 0.065430 1309547466.431575
-0.152344 0.686523 0.088867 1309547466.455579
-0.177734 0.660156 0.086914 1309547466.485579
-0.091797 0.724609 0.075195 1309547466.528587
-0.154297 0.702148 0.037109 1309547466.568577
-0.211914 0.726562 0.037109 1309547466.595557
-0.193359 0.708008 0.005859 1309547466.612588
-0.161133 0.743164 0.048828 1309547466.645601
-0.107422 0.714844 0.058594 1309547466.711585
-0.133789 0.731445 0.019531 1309547466.712580
-0.147461 0.734375 0.067383 1309547466.735588
-0.179688 0.755859 0.032227 1309547466.780593
-0.195312 0.734375 0.047852 1309547466.827587
-0.129883 0.714844 0.065430 1309547466.841590
-0.150391 0.749023 0.079102 1309547466.882591
-0.150391 0.749023 0.079102 1309547466.904590
-0.185547 0.709961 0.020508 1309547466.950566
-0.147461 0.722656 0.075195 1309547466.972592
-0.203125 0.736328 0.070312 1309547467.003603
-0.215820 0.688477 0.039062 1309547467.070558
-0.201172 0.705078 0.041016 1309547467.092588
-0.217773 0.732422 0.020508 1309547467.105603
-0.257812 0.726562 0.002930 1309547467.126593
-0.326172 0.741211 0.036133 1309547467.170596
-0.271484 0.689453 0.027344 1309547467.243592
-0.220703 0.667969 0.052734 1309547467.276585
-0.214844 0.677734 0.002930 1309547467.277594
-0.201172 0.686523 0.036133 1309547467.297594
-0.174805 0.659180 0.038086 1309547467.341595
-0.140625 0.657227 0.050781 1309547467.362595
-0.161133 0.693359 0.056641 1309547467.387598
-0.113281 0.668945 0.055664 1309547467.431593
-0.073242 0.697266 0.064453 1309547467.455594
-0.151367 0.670898 0.092773 1309547467.486598
-0.190430 0.638672 0.071289 1309547467.522601
-0.127930 0.738281 0.125000 1309547467.555578
-0.200195 0.630859 0.099609 1309547467.597609
-0.261719 0.655273 0.104492 1309547467.642598
-0.218750 0.754883 0.104492 1309547467.644592
-0.245117 0.628906 0.041016 1309547467.703576
-0.240234 0.653320 0.081055 1309547467.725605
-0.312500 0.728516 0.047852 1309547467.747603
-0.348633 0.634766 -0.036133 1309547467.800620
-0.418945 0.628906 -0.007812 1309547467.821602
-0.432617 0.679688 -0.118164 1309547467.846607
-0.533203 0.679688 -0.118164 1309547467.870604
-0.453125 0.567383 -0.158203 1309547468.002633
-0.549805 0.605469 -0.226562 1309547468.090615
-0.636719 0.563477 -0.245117 1309547468.113624
-0.595703 0.486328 -0.342773 1309547468.148605
-0.595703 0.486328 -0.342773 1309547468.168608
-0.666992 0.473633 -0.366211 1309547468.208609
-0.665039 0.420898 -0.416016 1309547468.253616
-0.746094 0.461914 -0.439453 1309547468.441620
-0.727539 0.444336 -0.490234 1309547468.598622
-0.705078 0.389648 -0.465820 1309547468.622623
-0.708984 0.390625 -0.491211 1309547468.623617
-0.755859 0.398438 -0.496094 1309547468.670626
-0.737305 0.425781 -0.460938 1309547468.692621
-0.718750 0.472656 -0.438477 1309547468.705611
-0.713867 0.453125 -0.438477 1309547468.728622
-0.688477 0.467773 -0.430664 1309547468.767626
-0.665039 0.479492 -0.430664 1309547468.783629
-0.586914 0.533203 -0.278320 1309547468.807634
-0.583008 0.536133 -0.240234 1309547468.877626
-0.590820 0.566406 -0.208008 1309547468.878620
-0.559570 0.621094 -0.149414 1309547468.881630
-0.469727 0.628906 -0.097656 1309547468.883623
-0.451172 0.708008 -0.065430 1309547468.902614
-0.379883 0.639648 -0.036133 1309547468.903606
-0.323242 0.657227 0.006836 1309547468.905636
-0.302734 0.695312 0.005859 1309547468.922631
-0.252930 0.686523 -0.021484 1309547468.926622
-0.239258 0.686523 -0.021484 1309547468.945643
-0.187500 0.726562 0.053711 1309547468.948617
-0.183594 0.760742 0.052734 1309547468.968629
-0.139648 0.648438 0.041992 1309547468.970602
-0.164062 0.692383 0.083984 1309547468.990624
-0.168945 0.692383 0.068359 1309547468.991627
-0.189453 0.692383 0.068359 1309547468.995600
-0.234375 0.672852 0.059570 1309547469.012630
-0.141602 0.666992 0.066406 1309547469.061622
-0.192383 0.669922 0.088867 1309547469.081632
-0.206055 0.630859 0.035156 1309547469.106644
-0.159180 0.725586 0.015625 1309547469.128627
-0.186523 0.702148 0.039062 1309547469.175603
-0.156250 0.723633 0.042969 1309547469.191632
-0.163086 0.699219 0.041016 1309547469.236638
-0.200195 0.691406 0.050781 1309547469.260636
-0.132812 0.740234 0.072266 1309547469.326639
-0.140625 0.707031 0.072266 1309547469.348632
-0.135742 0.728516 0.082031 1309547469.363640
-0.146484 0.703125 0.108398 1309547469.385634
-0.160156 0.667969 0.046875 1309547469.430634
-0.096680 0.719727 0.075195 1309547469.452639
-0.175781 0.714844 0.104492 1309547469.473640
-0.188477 0.689453 0.052734 1309547469.508645
-0.162109 0.753906 0.095703 1309547469.551632
-0.125000 0.719727 0.126953 1309547469.617639
-0.126953 0.701172 0.104492 1309547469.620637
-0.095703 0.691406 0.122070 1309547469.642638
-0.075195 0.708008 0.109375 1309547469.686637
-0.073242 0.731445 0.089844 1309547469.707640
-0.064453 0.751953 0.117188 1309547469.732609
-0.079102 0.713867 0.103516 1309547469.842650
-0.055664 0.741211 0.115234 1309547469.901666
-0.100586 0.679688 0.131836 1309547469.932640
-0.079102 0.717773 0.109375 1309547469.941644
-0.105469 0.721680 0.119141 1309547469.965658
-0.105469 0.721680 0.119141 1309547469.975620
-0.105469 0.721680 0.119141 1309547469.986645
-0.126953 0.731445 0.127930 1309547470.020642
-0.111328 0.681641 0.138672 1309547470.042644
-0.084961 0.753906 0.143555 1309547470.106646
-0.084961 0.753906 0.143555 1309547470.128663
-0.068359 0.687500 0.156250 1309547470.131640
-0.041016 0.705078 0.133789 1309547470.195632
-0.017578 0.685547 0.177734 1309547470.228658
-0.014648 0.716797 0.195312 1309547470.250654
-0.033203 0.722656 0.154297 1309547470.272644
-0.072266 0.701172 0.115234 1309547470.295654
-0.044922 0.702148 0.127930 1309547470.387667
-0.067383 0.738281 0.141602 1309547470.408654
-0.036133 0.697266 0.113281 1309547470.410653
-0.051758 0.722656 0.132812 1309547470.420656
-0.052734 0.699219 0.069336 1309547470.461679
-0.104492 0.775391 0.096680 1309547470.516664
-0.053711 0.708984 0.100586 1309547470.517654
-0.118164 0.731445 0.071289 1309547470.552656
-0.103516 0.706055 0.093750 1309547470.573658
-0.143555 0.726562 0.088867 1309547470.622660
-0.091797 0.745117 0.096680 1309547470.644665
-0.093750 0.717773 0.134766 1309547470.715640
-0.016602 0.730469 0.144531 1309547470.716659
-0.017578 0.707031 0.126953 1309547470.772684
-0.018555 0.713867 0.089844 1309547470.781659
-0.041992 0.724609 0.109375 1309547470.826667
-0.061523 0.726562 0.109375 1309547470.828662
-0.061523 0.726562 0.109375 1309547470.870643
-0.134766 0.751953 0.115234 1309547470.935684
-0.139648 0.734375 0.089844 1309547470.936664
