-0.259766 0.660156 -0.557617 1310580447.146382
-0.253906 0.548828 -0.602539 1310580447.178410
-0.221680 0.416016 -0.612305 1310580447.202412
-0.135742 0.347656 -0.413086 1310580447.245447
-0.046875 0.318359 -0.333008 1310580447.267512
-0.007812 0.447266 -0.291016 1310580447.311466
-0.147461 0.560547 -0.501953 1310580447.333515
-0.285156 0.527344 -0.588867 1310580447.356460
-0.396484 0.732422 -0.512695 1310580447.403480
-0.312500 0.918945 -0.540039 1310580447.425545
-0.273438 1.084961 -0.440430 1310580447.448410
-0.223633 1.929688 -0.440430 1310580447.493407
-0.465820 1.984375 -1.174805 1310580447.570537
-0.679688 1.982422 -1.047852 1310580447.571517
-0.621094 1.735352 -1.252930 1310580447.606517
-0.626953 0.320312 -0.619141 1310580447.607518
-0.287109 -0.416992 -0.326172 1310580447.651419
-0.287109 -0.416992 -0.326172 1310580447.675391
0.116211 -0.189453 -0.413086 1310580447.718403
0.137695 -0.010742 -0.037109 1310580447.747518
0.237305 -0.298828 0.013672 1310580447.791387
0.168945 -0.094727 0.013672 1310580447.814395
0.168945 -0.094727 0.013672 1310580447.838666
0.062500 -0.295898 -0.213867 1310580447.877441
0.018555 -0.238281 -0.115234 1310580447.907438
-0.103516 -0.269531 -0.605469 1310580447.951411
-0.213867 0.259766 -0.841797 1310580447.975437
-0.455078 0.509766 -0.841797 1310580448.001434
-0.565430 1.980469 -0.591797 1310580448.045539
-0.576172 1.979492 -1.513672 1310580448.091532
-0.625000 1.978516 -1.306641 1310580448.113433
-0.455078 1.980469 -1.361328 1310580448.136395
-0.447266 1.514648 -1.220703 1310580448.180427
-0.447266 1.514648 -1.220703 1310580448.201481
-0.275391 -0.649414 -0.646484 1310580448.247454
-0.138672 -1.323242 -0.583008 1310580448.273433
0.125977 0.068359 -0.167969 1310580448.295496
0.089844 0.197266 0.031250 1310580448.338488
0.054688 -0.258789 -0.057617 1310580448.361503
0.139648 -0.161133 -0.079102 1310580448.407400
0.049805 -0.110352 -0.010742 1310580448.421405
0.005859 -0.138672 -0.108398 1310580448.463485
0.042969 -0.136719 -0.210938 1310580448.486513
0.020508 -0.173828 -0.147461 1310580448.513469
-0.021484 -0.095703 0.000977 1310580448.546466
-0.543945 0.290039 -0.778320 1310580448.612433
-0.497070 1.977539 -0.779297 1310580448.613429
-0.668945 1.980469 -1.368164 1310580448.657412
-0.734375 1.979492 -1.148438 1310580448.701544
-0.030273 1.980469 -1.300781 1310580448.723413
-0.283203 1.749023 -0.915039 1310580448.745411
-0.594727 0.752930 -0.657227 1310580448.788437
-0.208984 -0.370117 -0.438477 1310580448.861482
0.281250 -1.121094 -1.141602 1310580448.881464
0.001953 -0.107422 -0.016602 1310580448.892490
-0.157227 -0.005859 -0.000977 1310580448.913460
-0.074219 -0.130859 -0.093750 1310580448.941417
0.028320 -0.202148 -0.001953 1310580448.963414
0.028320 -0.202148 -0.001953 1310580449.008508
0.068359 -0.208008 -0.207031 1310580449.053503
0.007812 -0.260742 -0.250977 1310580449.075464
0.008789 -0.259766 -0.331055 1310580449.100434
-0.086914 -0.160156 -0.383789 1310580449.127425
-0.354492 0.105469 -0.678711 1310580449.193491
-0.229492 1.675781 -0.364258 1310580449.195471
-0.086914 1.981445 -1.270508 1310580449.238523
-0.556641 1.982422 -1.255859 1310580449.261566
-0.515625 1.980469 -0.911133 1310580449.306553
-0.341797 1.980469 -1.017578 1310580449.328554
-0.428711 1.373047 -0.998047 1310580449.351499
-0.405273 0.423828 -0.698242 1310580449.396424
-0.170898 -0.552734 -0.451172 1310580449.420453
0.056641 -1.106445 -0.633789 1310580449.462557
0.114258 -0.130859 -0.292969 1310580449.483473
0.014648 0.140625 -0.205078 1310580449.530500
-0.096680 -0.177734 -0.168945 1310580449.556507
0.053711 -0.216797 0.060547 1310580449.581454
0.136719 -0.263672 -0.030273 1310580449.628427
0.101562 -0.256836 -0.108398 1310580449.652486
0.002930 -0.312500 -0.251953 1310580449.674428
-0.176758 -0.249023 -0.298828 1310580449.718456
-0.188477 0.115234 -0.097656 1310580449.741485
-0.255859 0.719727 -0.722656 1310580449.795434
-0.423828 1.980469 -0.811523 1310580449.816464
-0.504883 1.980469 -1.533203 1310580449.861560
-0.419922 1.981445 -1.425781 1310580449.883552
-0.390625 1.984375 -1.262695 1310580449.927442
-0.543945 1.978516 -1.046875 1310580449.948507
-0.300781 0.357422 -0.764648 1310580449.970497
-0.172852 -0.515625 -0.409180 1310580450.013483
0.063477 -1.171875 -1.222656 1310580450.048436
0.034180 0.007812 -0.087891 1310580450.070434
-0.219727 0.091797 -0.019531 1310580450.113529
-0.077148 -0.195312 -0.167969 1310580450.153467
0.208984 -0.169922 -0.018555 1310580450.173573
0.145508 -0.233398 0.116211 1310580450.196502
0.061523 -0.146484 -0.114258 1310580450.240568
-0.188477 -0.146484 -0.114258 1310580450.262539
-0.015625 -0.148438 -0.037109 1310580450.307573
0.030273 -0.148438 -0.161133 1310580450.330491
0.015625 -0.034180 -0.399414 1310580450.373445
-0.520508 1.711914 -1.424805 1310580450.396490
-0.680664 1.980469 -0.397461 1310580450.422516
-0.696289 1.316406 -0.931641 1310580450.453566
-0.484375 1.697266 -0.932617 1310580450.495528
-0.321289 1.808594 -0.615234 1310580450.517502
-0.290039 1.330078 -0.558594 1310580450.560494
-0.144531 0.603516 -0.386719 1310580450.582445
-0.186523 0.305664 -0.250000 1310580450.605448
-0.164062 0.277344 -0.276367 1310580450.671464
-0.110352 0.132812 -0.295898 1310580450.693470
-0.152344 0.001953 -0.272461 1310580450.716454
-0.273438 0.106445 -0.445312 1310580450.737484
-0.286133 0.340820 -0.429688 1310580450.801453
-0.322266 1.117188 -0.896484 1310580450.811450
-0.002930 1.316406 -0.800781 1310580450.843476
-0.241211 0.636719 -0.469727 1310580450.886477
-0.429688 0.348633 -0.443359 1310580450.911508
-0.169922 0.541992 -0.509766 1310580450.960512
-0.119141 0.714844 -0.445312 1310580450.970498
-0.092773 0.732422 -0.445312 1310580450.991522
-0.156250 0.561523 -0.446289 1310580451.036463
-0.254883 0.533203 -0.557617 1310580451.078487
-0.301758 0.690430 -0.538086 1310580451.102528
-0.259766 0.736328 -0.545898 1310580451.127578
-0.241211 0.638672 -0.504883 1310580451.171588
-0.263672 0.562500 -0.479492 1310580451.195497
-0.223633 0.562500 -0.479492 1310580451.218523
-0.223633 0.562500 -0.479492 1310580451.262591
-0.240234 0.682617 -0.517578 1310580451.306489
-0.258789 0.637695 -0.484375 1310580451.327465
-0.235352 0.664062 -0.515625 1310580451.351454
-0.235352 0.664062 -0.515625 1310580451.416568
-0.230469 0.660156 -0.522461 1310580451.444595
-0.231445 0.617188 -0.492188 1310580451.463585
-0.230469 0.628906 -0.486328 1310580451.486563
-0.240234 0.682617 -0.484375 1310580451.528487
-0.211914 0.637695 -0.454102 1310580451.551456
-0.209961 0.632812 -0.509766 1310580451.573513
-0.209961 0.616211 -0.487305 1310580451.618489
-0.227539 0.637695 -0.518555 1310580451.647500
-0.244141 0.612305 -0.474609 1310580451.690496
-0.232422 0.670898 -0.486328 1310580451.712475
-0.208984 0.647461 -0.491211 1310580451.738470
-0.187500 0.632812 -0.490234 1310580451.781525
