-0.223633 0.697266 -0.095703 1310682039.216449
-0.209961 0.675781 -0.096680 1310682039.243441
-0.184570 0.693359 -0.096680 1310682039.265472
-0.192383 0.740234 -0.132812 1310682039.308504
-0.151367 0.742188 -0.145508 1310682039.357482
-0.168945 0.746094 -0.193359 1310682039.395505
-0.218750 0.786133 -0.162109 1310682039.417506
-0.164062 0.753906 -0.133789 1310682039.438444
-0.125000 0.736328 -0.085938 1310682039.463441
-0.053711 0.721680 -0.129883 1310682039.507524
-0.055664 0.742188 -0.122070 1310682039.528456
-0.107422 0.778320 -0.116211 1310682039.573523
-0.178711 0.724609 -0.089844 1310682039.621427
-0.235352 0.732422 -0.073242 1310682039.627460
-0.255859 0.742188 -0.058594 1310682039.676450
-0.243164 0.689453 -0.073242 1310682039.698444
-0.186523 0.688477 -0.086914 1310682039.720521
-0.209961 0.658203 -0.091797 1310682039.771427
-0.232422 0.740234 -0.045898 1310682039.792672
-0.243164 0.692383 -0.045898 1310682039.816440
-0.272461 0.722656 -0.025391 1310682039.858474
-0.292969 0.710938 -0.078125 1310682039.880461
-0.248047 0.712891 -0.073242 1310682039.927476
-0.214844 0.713867 -0.035156 1310682039.960450
-0.231445 0.713867 -0.028320 1310682039.986471
-0.199219 0.722656 0.221680 1310682040.006443
-0.216797 0.689453 -0.040039 1310682040.052428
-0.188477 0.738281 -0.012695 1310682040.097524
-0.194336 0.726562 -0.010742 1310682040.123473
-0.211914 0.714844 -0.018555 1310682040.140536
-0.187500 0.710938 -0.000977 1310682040.186466
-0.239258 0.700195 -0.000977 1310682040.199478
-0.210938 0.703125 -0.022461 1310682040.251463
-0.222656 0.673828 -0.040039 1310682040.273433
-0.211914 0.691406 -0.045898 1310682040.316448
-0.230469 0.674805 -0.023438 1310682040.337437
-0.200195 0.668945 -0.045898 1310682040.362446
-0.230469 0.642578 -0.045898 1310682040.405423
-0.219727 0.727539 -0.041016 1310682040.430431
-0.205078 0.784180 -0.048828 1310682040.476433
-0.240234 0.759766 -0.059570 1310682040.497426
-0.127930 0.738281 0.032227 1310682040.541423
-0.068359 0.746094 0.067383 1310682040.563447
-0.149414 0.697266 0.032227 1310682040.588426
-0.219727 0.772461 -0.003906 1310682040.680425
-0.180664 0.701172 -0.080078 1310682040.681417
-0.265625 0.635742 -0.008789 1310682040.702420
-0.328125 0.619141 -0.048828 1310682040.735429
-0.392578 0.695312 -0.048828 1310682040.744437
-0.393555 0.704102 -0.047852 1310682040.806427
-0.334961 0.645508 -0.014648 1310682040.833432
-0.383789 0.697266 -0.024414 1310682040.855425
-0.342773 0.734375 -0.045898 1310682040.877474
-0.307617 0.821289 -0.076172 1310682040.920437
-0.251953 0.871094 -0.102539 1310682040.941428
-0.110352 0.750000 0.064453 1310682040.985440
-0.278320 0.634766 -0.124023 1310682041.028447
-0.425781 0.678711 -0.188477 1310682041.043457
-0.286133 0.712891 -0.210938 1310682041.087437
-0.230469 0.667969 -0.206055 1310682041.111438
-0.230469 0.667969 -0.206055 1310682041.145551
-0.254883 0.730469 -0.238281 1310682041.191437
-0.147461 0.781250 -0.205078 1310682041.213440
-0.047852 0.822266 -0.203125 1310682041.236436
0.011719 0.782227 -0.090820 1310682041.280473
-0.128906 0.728516 -0.065430 1310682041.302458
-0.188477 0.773438 0.019531 1310682041.326439
-0.141602 0.730469 0.019531 1310682041.371508
-0.091797 0.641602 0.042969 1310682041.415453
-0.120117 0.690430 0.140625 1310682041.437461
-0.149414 0.702148 0.173828 1310682041.461477
-0.120117 0.708984 0.192383 1310682041.500490
-0.144531 0.703125 0.112305 1310682041.547514
-0.166016 0.692383 0.075195 1310682041.557507
-0.153320 0.710938 0.012695 1310682041.590509
-0.172852 0.754883 -0.004883 1310682041.623542
-0.162109 0.747070 -0.070312 1310682041.668448
-0.108398 0.783203 -0.113281 1310682041.688447
-0.119141 0.749023 -0.166016 1310682041.733444
-0.155273 0.708008 -0.135742 1310682041.777447
-0.200195 0.642578 -0.144531 1310682041.801464
-0.152344 0.746094 -0.083008 1310682041.822463
-0.185547 0.697266 -0.088867 1310682041.845478
-0.235352 0.709961 -0.088867 1310682041.888484
-0.286133 0.662109 0.002930 1310682041.987474
-0.348633 0.681641 -0.027344 1310682041.995486
-0.398438 0.710938 -0.016602 1310682042.008476
-0.484375 0.720703 0.130859 1310682042.023486
-0.292969 0.650391 0.084961 1310682042.047483
-0.145508 0.664062 0.084961 1310682042.069492
-0.263672 0.733398 0.125000 1310682042.115457
-0.298828 0.702148 0.143555 1310682042.137500
-0.230469 0.692383 0.152344 1310682042.182450
-0.180664 0.733398 0.209961 1310682042.203449
-0.133789 0.711914 0.246094 1310682042.247477
-0.022461 0.677734 0.263672 1310682042.270491
-0.078125 0.677734 0.263672 1310682042.291524
-0.078125 0.677734 0.263672 1310682042.336553
-0.082031 0.705078 0.258789 1310682042.362588
-0.081055 0.727539 0.189453 1310682042.405545
-0.078125 0.712891 0.218750 1310682042.427531
-0.034180 0.709961 0.220703 1310682042.468500
-0.070312 0.689453 0.203125 1310682042.491515
-0.093750 0.675781 0.189453 1310682042.535516
-0.129883 0.669922 0.124023 1310682042.558512
-0.156250 0.725586 0.049805 1310682042.603532
-0.159180 0.754883 0.079102 1310682042.626534
-0.268555 0.694336 0.037109 1310682042.653502
-0.250977 0.716797 0.065430 1310682042.713545
-0.307617 0.712891 -0.053711 1310682042.730570
-0.415039 0.675781 -0.106445 1310682042.757575
-0.421875 0.644531 -0.113281 1310682042.783509
-0.294922 0.632812 -0.038086 1310682042.806547
-0.174805 0.736328 -0.038086 1310682042.853565
-0.174805 0.736328 -0.038086 1310682042.876545
-0.159180 0.853516 -0.163086 1310682042.932584
-0.175781 0.750000 -0.186523 1310682042.962524
-0.218750 0.706055 -0.200195 1310682042.992510
-0.237305 0.656250 -0.209961 1310682043.016513
-0.367188 0.723633 -0.220703 1310682043.041530
-0.174805 0.713867 -0.142578 1310682043.090548
0.042969 0.858398 -0.137695 1310682043.112543
0.086914 0.836914 -0.061523 1310682043.137583
0.061523 0.714844 0.074219 1310682043.180554
-0.188477 0.714844 0.074219 1310682043.232537
-0.064453 0.721680 0.127930 1310682043.278518
-0.152344 0.698242 0.067383 1310682043.281511
-0.279297 0.644531 0.124023 1310682043.313596
-0.267578 0.685547 0.191406 1310682043.348522
-0.163086 0.675781 0.129883 1310682043.392524
-0.062500 0.701172 0.129883 1310682043.394527
-0.104492 0.705078 0.041016 1310682043.440523
-0.240234 0.678711 0.086914 1310682043.463516
-0.132812 0.733398 0.007812 1310682043.533517
-0.197266 0.734375 -0.017578 1310682043.535497
-0.193359 0.729492 0.005859 1310682043.556494
-0.176758 0.670898 -0.074219 1310682043.603490
-0.198242 0.720703 -0.036133 1310682043.626539
-0.242188 0.712891 -0.098633 1310682043.653518
-0.230469 0.679688 -0.060547 1310682043.682494
-0.222656 0.630859 -0.051758 1310682043.726521
-0.281250 0.699219 -0.042969 1310682043.746505
-0.313477 0.658203 -0.052734 1310682043.792506
-0.313477 0.687500 -0.022461 1310682043.816512
-0.349609 0.703125 0.001953 1310682043.867507
-0.314453 0.689453 0.103516 1310682043.891513
-0.307617 0.711914 0.192383 1310682043.913501
-0.312500 0.639648 0.192383 1310682043.935497
-0.348633 0.707031 0.198242 1310682043.980514
-0.214844 0.671875 0.263672 1310682044.013504
-0.078125 0.665039 0.269531 1310682044.037518
-0.176758 0.673828 0.318359 1310682044.083488
-0.166016 0.657227 0.304688 1310682044.115489
-0.124023 0.753906 0.304688 1310682044.136495
-0.090820 0.660156 0.189453 1310682044.188493
-0.176758 0.651367 0.273438 1310682044.212493
-0.225586 0.633789 0.248047 1310682044.257525
-0.193359 0.678711 0.231445 1310682044.303521
-0.114258 0.669922 0.243164 1310682044.322512
-0.114258 0.669922 0.243164 1310682044.323510
-0.234375 0.644531 0.043945 1310682044.375498
-0.253906 0.720703 -0.039062 1310682044.442522
-0.382812 0.740234 -0.027344 1310682044.450498
-0.505859 0.698242 -0.058594 1310682044.460497
-0.417969 0.601562 -0.057617 1310682044.537534
-0.403320 0.696289 0.080078 1310682044.538506
-0.296875 0.777344 -0.031250 1310682044.551524
-0.141602 0.861328 -0.135742 1310682044.592518
-0.227539 0.814453 -0.095703 1310682044.615542
-0.270508 0.675781 -0.206055 1310682044.663522
-0.239258 0.671875 -0.225586 1310682044.687532
-0.324219 0.654297 -0.276367 1310682044.711537
-0.180664 0.744141 -0.289062 1310682044.760536
-0.041992 0.824219 -0.191406 1310682044.782505
-0.044922 0.795898 -0.134766 1310682044.826507
-0.086914 0.738281 -0.064453 1310682044.847515
-0.126953 0.787109 0.036133 1310682044.873553
0.049805 0.699219 0.038086 1310682044.927538
0.068359 0.722656 0.170898 1310682044.951567
-0.171875 0.722656 0.123047 1310682044.977565
-0.202148 0.743164 0.174805 1310682045.021594
-0.327148 0.708984 0.204102 1310682045.043598
-0.185547 0.707031 0.165039 1310682045.066645
-0.125977 0.695312 0.140625 1310682045.112621
-0.127930 0.620117 0.073242 1310682045.148549
-0.152344 0.699219 0.074219 1310682045.191576
-0.216797 0.762695 0.033203 1310682045.192562
-0.109375 0.751953 -0.061523 1310682045.242587
-0.142578 0.719727 -0.015625 1310682045.264619
-0.222656 0.698242 -0.036133 1310682045.306612
-0.211914 0.703125 -0.012695 1310682045.328608
-0.216797 0.710938 -0.042969 1310682045.371549
-0.232422 0.692383 -0.018555 1310682045.393593
-0.216797 0.726562 -0.043945 1310682045.436566
-0.283203 0.749023 0.206055 1310682045.460633
-0.332031 0.666992 0.052734 1310682045.500576
-0.323242 0.693359 0.153320 1310682045.542565
-0.317383 0.680664 0.125000 1310682045.556587
-0.302734 0.646484 0.178711 1310682045.621588
-0.282227 0.696289 0.225586 1310682045.622550
-0.295898 0.740234 0.233398 1310682045.650564
-0.222656 0.680664 0.191406 1310682045.700638
-0.157227 0.615234 0.272461 1310682045.721548
-0.200195 0.635742 0.270508 1310682045.746572
-0.201172 0.631836 0.237305 1310682045.791619
-0.135742 0.635742 0.208984 1310682045.828600
-0.146484 0.706055 0.239258 1310682045.851559
-0.160156 0.710938 0.217773 1310682045.873649
-0.182617 0.642578 0.264648 1310682045.926578
-0.143555 0.587891 0.279297 1310682045.947593
-0.138672 0.628906 0.269531 1310682045.970625
-0.158203 0.660156 0.019531 1310682045.995637
-0.208008 0.660156 0.019531 1310682046.033589
-0.276367 0.744141 0.086914 1310682046.078614
-0.274414 0.662109 0.067383 1310682046.101569
-0.343750 0.712891 -0.077148 1310682046.145602
-0.448242 0.687500 -0.058594 1310682046.173653
-0.437500 0.677734 -0.025391 1310682046.194612
-0.316406 0.630859 0.098633 1310682046.238592
-0.181641 0.824219 0.034180 1310682046.290600
-0.037109 0.993164 -0.122070 1310682046.292568
-0.190430 0.861328 -0.175781 1310682046.341603
-0.124023 0.731445 -0.137695 1310682046.366632
-0.124023 0.731445 -0.137695 1310682046.388572
-0.291016 0.661133 -0.251953 1310682046.443614
-0.248047 0.759766 -0.290039 1310682046.464598
0.003906 0.799805 -0.161133 1310682046.486589
-0.017578 0.866211 -0.139648 1310682046.533583
-0.117188 0.761719 0.011719 1310682046.554649
-0.095703 0.710938 -0.001953 1310682046.598637
-0.112305 0.661133 0.098633 1310682046.625616
-0.154297 0.758789 0.085938 1310682046.679623
-0.141602 0.703125 0.081055 1310682046.704640
-0.105469 0.642578 0.115234 1310682046.718642
-0.203125 0.749023 0.133789 1310682046.748630
-0.170898 0.695312 0.232422 1310682046.793645
-0.112305 0.696289 0.124023 1310682046.836648
-0.105469 0.627930 0.178711 1310682046.858625
-0.088867 0.688477 0.170898 1310682046.889603
0.000977 0.746094 0.072266 1310682046.973641
-0.024414 0.784180 0.012695 1310682046.975660
-0.086914 0.773438 -0.008789 1310682046.978580
-0.133789 0.738281 -0.012695 1310682047.022667
-0.139648 0.776367 -0.060547 1310682047.044646
-0.204102 0.759766 -0.044922 1310682047.096658
-0.216797 0.792969 -0.112305 1310682047.121621
-0.257812 0.729492 -0.086914 1310682047.143608
-0.328125 0.635742 0.006836 1310682047.187663
-0.344727 0.591797 -0.038086 1310682047.209615
-0.194336 0.691406 -0.037109 1310682047.251605
-0.338867 0.769531 0.021484 1310682047.272575
-0.342773 0.703125 0.058594 1310682047.293600
-0.449219 0.703125 0.058594 1310682047.316589
-0.209961 0.708984 0.161133 1310682047.362630
-0.137695 0.674805 0.140625 1310682047.407653
-0.188477 0.681641 0.171875 1310682047.433589
-0.269531 0.660156 0.174805 1310682047.478602
-0.224609 0.701172 0.167969 1310682047.479590
-0.126953 0.701172 0.167969 1310682047.526674
-0.111328 0.658203 0.204102 1310682047.571642
-0.149414 0.694336 0.140625 1310682047.591679
-0.151367 0.732422 0.170898 1310682047.614642
-0.194336 0.697266 0.191406 1310682047.657607
-0.138672 0.703125 0.233398 1310682047.679686
-0.056641 0.660156 0.264648 1310682047.724605
-0.042969 0.751953 0.222656 1310682047.761637
-0.047852 0.675781 0.265625 1310682047.774669
-0.037109 0.687500 0.249023 1310682047.824643
-0.019531 0.643555 0.219727 1310682047.848661
-0.021484 0.687500 0.189453 1310682047.869674
-0.022461 0.767578 0.140625 1310682047.913617
-0.098633 0.712891 0.013672 1310682047.938634
-0.267578 0.734375 0.000977 1310682048.002643
-0.272461 0.691406 0.002930 1310682048.006686
-0.304688 0.741211 -0.085938 1310682048.044644
-0.356445 0.764648 -0.085938 1310682048.066635
-0.421875 0.670898 -0.034180 1310682048.109643
-0.346680 0.691406 -0.033203 1310682048.151687
-0.184570 0.908203 -0.106445 1310682048.173630
-0.078125 0.833984 -0.131836 1310682048.196681
-0.135742 0.696289 -0.164062 1310682048.243628
-0.171875 0.685547 -0.153320 1310682048.257687
-0.208008 0.722656 -0.177734 1310682048.294671
-0.226562 0.735352 -0.192383 1310682048.366689
-0.194336 0.647461 -0.148438 1310682048.367680
0.091797 0.792969 -0.147461 1310682048.403644
-0.030273 0.859375 -0.082031 1310682048.424614
-0.030273 0.859375 -0.082031 1310682048.448689
-0.108398 0.804688 -0.017578 1310682048.494597
-0.072266 0.761719 0.041016 1310682048.518654
-0.106445 0.624023 0.069336 1310682048.588625
-0.187500 0.628906 0.142578 1310682048.621782
-0.155273 0.706055 0.152344 1310682048.643640
-0.085938 0.642578 0.208008 1310682048.644644
-0.058594 0.626953 0.181641 1310682048.712700
-0.098633 0.704102 0.124023 1310682048.736682
-0.117188 0.697266 0.125000 1310682048.784664
-0.107422 0.700195 0.078125 1310682048.786687
-0.118164 0.668945 0.088867 1310682048.815668
-0.108398 0.742188 0.057617 1310682048.867644
-0.153320 0.773438 0.011719 1310682048.888671
-0.248047 0.724609 0.014648 1310682048.916663
-0.270508 0.682617 0.079102 1310682048.937634
-0.158203 0.675781 0.078125 1310682048.984694
-0.124023 0.689453 -0.171875 1310682049.007710
-0.135742 0.695312 0.030273 1310682049.052685
-0.279297 0.637695 0.023438 1310682049.076635
-0.243164 0.705078 0.025391 1310682049.093709
-0.253906 0.644531 0.029297 1310682049.143622
-0.232422 0.725586 0.118164 1310682049.166664
-0.184570 0.725586 0.118164 1310682049.187645
-0.244141 0.666016 0.192383 1310682049.236705
-0.263672 0.662109 0.171875 1310682049.258691
-0.196289 0.679688 0.185547 1310682049.288654
-0.188477 0.712891 0.247070 1310682049.333659
-0.231445 0.726562 0.252930 1310682049.356651
-0.164062 0.716797 0.243164 1310682049.401730
-0.140625 0.660156 0.213867 1310682049.431675
-0.202148 0.638672 0.246094 1310682049.464676
-0.199219 0.673828 0.280273 1310682049.509643
-0.151367 0.684570 0.261719 1310682049.532704
-0.097656 0.712891 0.229492 1310682049.553692
-0.116211 0.730469 0.214844 1310682049.576659
-0.076172 0.647461 0.261719 1310682049.619641
-0.056641 0.651367 0.231445 1310682049.671720
-0.094727 0.646484 0.236328 1310682049.697692
-0.150391 0.693359 0.245117 1310682049.721680
-0.104492 0.587891 0.290039 1310682049.769662
-0.104492 0.587891 0.290039 1310682049.773696
-0.153320 0.630859 0.265625 1310682049.816689
-0.179688 0.585938 0.249023 1310682049.864720
-0.169922 0.601562 0.230469 1310682049.886710
-0.187500 0.604492 0.196289 1310682049.909725
-0.160156 0.696289 0.188477 1310682049.932725
-0.206055 0.837891 0.156250 1310682049.976717
-0.218750 1.007812 -0.023438 1310682050.022687
-0.129883 0.605469 0.112305 1310682050.046653
-0.220703 0.468750 0.181641 1310682050.063679
-0.205078 0.616211 0.141602 1310682050.108649
-0.160156 0.685547 0.141602 1310682050.130730
-0.135742 0.667969 0.140625 1310682050.174660
-0.125977 0.639648 0.121094 1310682050.197672
-0.199219 0.668945 0.074219 1310682050.241692
-0.269531 0.640625 0.094727 1310682050.254670
-0.358398 0.687500 0.030273 1310682050.302672
-0.449219 0.818359 -0.017578 1310682050.324677
