-0.153320 0.719727 -0.201172 1310511092.385601
-0.179688 0.660156 -0.130859 1310511092.439676
-0.150391 0.791016 -0.080078 1310511092.479589
-0.157227 0.777344 -0.096680 1310511092.499656
-0.203125 0.755859 -0.079102 1310511092.521619
-0.157227 0.708984 -0.088867 1310511092.544666
-0.155273 0.707031 -0.095703 1310511092.568640
-0.110352 0.733398 -0.149414 1310511092.615582
-0.027344 0.748047 -0.165039 1310511092.639626
-0.104492 0.749023 -0.128906 1310511092.684630
-0.201172 0.714844 -0.080078 1310511092.708617
-0.164062 0.682617 -0.102539 1310511092.750605
-0.237305 0.737305 -0.136719 1310511092.774637
-0.237305 0.737305 -0.136719 1310511092.811667
-0.208984 0.738281 -0.067383 1310511092.835681
-0.207031 0.710938 -0.082031 1310511092.878678
-0.166992 0.764648 -0.049805 1310511092.904595
-0.150391 0.724609 -0.057617 1310511092.928665
-0.249023 0.717773 -0.016602 1310511092.971676
-0.198242 0.717773 -0.032227 1310511093.015600
-0.239258 0.675781 -0.076172 1310511093.038685
-0.231445 0.694336 -0.021484 1310511093.061686
-0.225586 0.702148 -0.054688 1310511093.091594
-0.228516 0.699219 -0.055664 1310511093.143683
-0.249023 0.699219 -0.055664 1310511093.144678
-0.256836 0.714844 -0.055664 1310511093.194591
-0.226562 0.718750 -0.029297 1310511093.217681
-0.210938 0.710938 -0.090820 1310511093.264686
-0.212891 0.722656 -0.041016 1310511093.306624
-0.274414 0.726562 -0.116211 1310511093.332603
-0.247070 0.675781 -0.116211 1310511093.355626
-0.184570 0.718750 -0.042969 1310511093.400601
-0.249023 0.680664 -0.118164 1310511093.422640
-0.201172 0.703125 -0.125000 1310511093.445616
-0.269531 0.685547 -0.148438 1310511093.491695
-0.240234 0.726562 -0.176758 1310511093.512638
-0.193359 0.729492 -0.176758 1310511093.557656
-0.225586 0.760742 -0.212891 1310511093.587613
-0.160156 0.739258 -0.174805 1310511093.610635
-0.153320 0.781250 -0.129883 1310511093.654626
-0.117188 0.793945 -0.181641 1310511093.676602
-0.097656 0.754883 -0.237305 1310511093.765638
-0.288086 0.643555 -0.232422 1310511093.767657
-0.525391 0.659180 -0.152344 1310511093.809632
-0.450195 0.532227 -0.207031 1310511093.810683
-0.423828 0.700195 -0.100586 1310511093.839670
-0.239258 0.801758 -0.358398 1310511093.861698
-0.145508 0.759766 -0.122070 1310511093.906634
-0.141602 0.769531 -0.105469 1310511093.941668
-0.144531 0.690430 -0.176758 1310511093.966638
-0.247070 0.648438 -0.248047 1310511094.010666
-0.262695 0.730469 -0.192383 1310511094.034665
-0.285156 0.752930 -0.200195 1310511094.062698
-0.292969 0.688477 -0.233398 1310511094.080698
-0.313477 0.703125 -0.200195 1310511094.147684
-0.256836 0.703125 -0.200195 1310511094.151706
-0.244141 0.716797 -0.192383 1310511094.199648
-0.254883 0.691406 -0.196289 1310511094.220702
-0.312500 0.724609 -0.204102 1310511094.266707
-0.258789 0.736328 -0.206055 1310511094.288642
-0.250977 0.716797 -0.206055 1310511094.313680
-0.213867 0.679688 -0.197266 1310511094.349673
-0.207031 0.706055 -0.147461 1310511094.401715
-0.205078 0.732422 -0.169922 1310511094.427650
-0.207031 0.711914 -0.165039 1310511094.459657
-0.173828 0.711914 -0.165039 1310511094.480714
-0.200195 0.721680 -0.157227 1310511094.527649
-0.177734 0.730469 -0.155273 1310511094.576710
-0.242188 0.719727 -0.123047 1310511094.579699
-0.234375 0.708984 -0.144531 1310511094.629720
-0.203125 0.730469 -0.136719 1310511094.650678
-0.151367 0.737305 -0.110352 1310511094.695697
-0.196289 0.715820 -0.106445 1310511094.719647
-0.231445 0.690430 -0.099609 1310511094.750630
-0.206055 0.710938 -0.132812 1310511094.771671
-0.243164 0.708984 -0.125977 1310511094.839715
-0.211914 0.742188 -0.117188 1310511094.854658
-0.214844 0.708984 -0.103516 1310511094.890654
-0.238281 0.700195 -0.120117 1310511094.914716
-0.222656 0.732422 -0.126953 1310511094.935671
-0.253906 0.722656 -0.100586 1310511094.979719
-0.235352 0.745117 -0.091797 1310511095.051675
-0.211914 0.706055 -0.125977 1310511095.066713
-0.176758 0.695312 -0.098633 1310511095.067670
