-0.204102 0.615234 -0.529297 1310583774.896113
-0.204102 0.634766 -0.539062 1310583774.919175
-0.254883 0.537109 -0.559570 1310583774.962119
-0.293945 0.621094 -0.559570 1310583774.991117
-0.312500 0.567383 -0.583984 1310583775.060162
-0.297852 0.409180 -0.648438 1310583775.061137
-0.372070 0.298828 -0.659180 1310583775.084116
-0.339844 0.239258 -0.614258 1310583775.130148
-0.184570 0.222656 -0.438477 1310583775.153249
-0.177734 0.227539 -0.543945 1310583775.199221
-0.137695 0.110352 -0.431641 1310583775.220163
-0.149414 0.226562 -0.614258 1310583775.258124
-0.188477 0.341797 -0.364258 1310583775.281120
-0.252930 0.485352 -0.618164 1310583775.327195
-0.380859 0.535156 -0.682617 1310583775.368174
-0.301758 0.431641 -0.752930 1310583775.481268
-0.421875 0.518555 -0.920898 1310583775.521215
-0.431641 0.639648 -0.905273 1310583775.543157
-0.268555 0.418945 -1.034180 1310583775.559128
-0.219727 0.490234 -0.970703 1310583775.563123
-0.309570 0.455078 -0.988281 1310583775.564126
-0.412109 0.473633 -1.056641 1310583775.580123
-0.372070 0.468750 -1.038086 1310583775.624180
-0.330078 0.502930 -0.949219 1310583775.663266
-0.312500 0.652344 -1.072266 1310583775.665254
-0.358398 0.634766 -1.037109 1310583775.709259
-0.309570 0.694336 -0.902344 1310583775.786193
-0.224609 0.598633 -0.725586 1310583775.791262
-0.164062 0.548828 -0.428711 1310583775.813192
-0.138672 0.582031 -0.430664 1310583775.836133
-0.173828 0.614258 -0.417969 1310583775.871131
-0.218750 0.720703 -0.532227 1310583775.896204
-0.181641 0.739258 -0.500977 1310583775.935134
-0.217773 0.775391 -0.418945 1310583775.958162
-0.163086 0.802734 -0.434570 1310583775.984198
-0.122070 0.712891 -0.313477 1310583776.030133
-0.138672 0.670898 -0.330078 1310583776.056136
-0.117188 0.613281 -0.302734 1310583776.086221
-0.145508 0.697266 -0.332031 1310583776.130196
-0.148438 0.652344 -0.332031 1310583776.158230
-0.147461 0.692383 -0.355469 1310583776.209179
-0.151367 0.755859 -0.329102 1310583776.211171
-0.127930 0.673828 -0.297852 1310583776.270156
-0.118164 0.765625 -0.295898 1310583776.290211
-0.094727 0.765625 -0.257812 1310583776.315217
-0.076172 0.735352 -0.291016 1310583776.360193
-0.119141 0.725586 -0.266602 1310583776.391282
-0.107422 0.715820 -0.296875 1310583776.413171
-0.132812 0.727539 -0.224609 1310583776.458145
-0.106445 0.738281 -0.258789 1310583776.493189
-0.143555 0.714844 -0.254883 1310583776.514264
-0.141602 0.779297 -0.260742 1310583776.536290
-0.110352 0.741211 -0.216797 1310583776.581252
-0.055664 0.741211 -0.216797 1310583776.601229
-0.094727 0.722656 -0.235352 1310583776.740209
-0.084961 0.701172 -0.247070 1310583776.760233
-0.130859 0.732422 -0.206055 1310583776.786261
-0.110352 0.763672 -0.202148 1310583776.805296
-0.101562 0.719727 -0.228516 1310583776.830176
-0.094727 0.749023 -0.196289 1310583776.939158
-0.059570 0.713867 -0.211914 1310583776.983221
-0.091797 0.726562 -0.209961 1310583777.018217
-0.066406 0.741211 -0.179688 1310583777.085179
-0.078125 0.706055 -0.213867 1310583777.115290
-0.132812 0.726562 -0.212891 1310583777.173164
