-0.240234 0.676758 0.001953 1310681054.910358
-0.245117 0.712891 0.014648 1310681054.934355
-0.254883 0.689453 0.011719 1310681054.972360
-0.246094 0.701172 0.008789 1310681055.017366
-0.247070 0.687500 0.022461 1310681055.039350
-0.259766 0.686523 -0.009766 1310681055.062363
-0.247070 0.682617 0.046875 1310681055.099319
-0.242188 0.697266 0.049805 1310681055.122360
-0.236328 0.680664 0.049805 1310681055.170367
-0.251953 0.671875 0.018555 1310681055.216322
-0.252930 0.689453 0.007812 1310681055.237342
-0.295898 0.696289 0.058594 1310681055.259331
-0.277344 0.699219 0.055664 1310681055.285368
-0.219727 0.698242 0.038086 1310681055.327284
-0.231445 0.683594 0.024414 1310681055.372309
-0.262695 0.730469 0.045898 1310681055.395329
-0.265625 0.707031 0.030273 1310681055.417407
-0.240234 0.702148 0.009766 1310681055.461307
-0.261719 0.694336 0.005859 1310681055.487386
-0.265625 0.691406 0.003906 1310681055.509339
-0.274414 0.714844 0.062500 1310681055.555332
-0.256836 0.689453 0.047852 1310681055.575301
-0.263672 0.700195 -0.005859 1310681055.619385
-0.265625 0.703125 -0.028320 1310681055.641345
-0.265625 0.708984 -0.042969 1310681055.716303
-0.270508 0.718750 -0.001953 1310681055.717295
-0.253906 0.719727 -0.017578 1310681055.737325
-0.252930 0.707031 -0.036133 1310681055.780306
-0.257812 0.708984 -0.002930 1310681055.822330
-0.236328 0.701172 -0.020508 1310681055.844363
-0.286133 0.710938 -0.057617 1310681055.866594
-0.277344 0.710938 -0.057617 1310681055.891393
-0.266602 0.710938 -0.087891 1310681055.939318
-0.271484 0.695312 -0.074219 1310681055.973302
-0.282227 0.713867 -0.035156 1310681056.018332
-0.239258 0.711914 -0.038086 1310681056.042348
-0.257812 0.723633 -0.049805 1310681056.065323
-0.275391 0.705078 -0.049805 1310681056.086383
-0.278320 0.707031 -0.090820 1310681056.132383
-0.296875 0.724609 -0.051758 1310681056.175334
-0.267578 0.727539 -0.092773 1310681056.198306
-0.275391 0.699219 -0.083984 1310681056.241316
-0.322266 0.699219 -0.105469 1310681056.263320
-0.322266 0.699219 -0.105469 1310681056.309389
-0.285156 0.708008 -0.102539 1310681056.332319
-0.283203 0.685547 -0.068359 1310681056.375323
-0.264648 0.702148 -0.074219 1310681056.397364
-0.264648 0.683594 -0.065430 1310681056.420389
-0.300781 0.705078 -0.096680 1310681056.441357
-0.267578 0.711914 -0.104492 1310681056.483309
-0.270508 0.681641 -0.083008 1310681056.505325
-0.253906 0.681641 -0.083008 1310681056.549391
-0.259766 0.703125 -0.070312 1310681056.588344
-0.253906 0.730469 -0.112305 1310681056.626329
-0.291016 0.691406 -0.092773 1310681056.648416
-0.265625 0.687500 -0.129883 1310681056.692351
-0.265625 0.697266 -0.125000 1310681056.720361
-0.305664 0.728516 -0.112305 1310681056.741326
-0.275391 0.714844 -0.130859 1310681056.785309
-0.308594 0.705078 -0.124023 1310681056.807333
-0.284180 0.697266 -0.132812 1310681056.833351
-0.266602 0.723633 -0.101562 1310681056.875321
-0.289062 0.708984 -0.077148 1310681056.897400
-0.266602 0.707031 -0.102539 1310681057.015333
-0.286133 0.716797 -0.135742 1310681057.016315
-0.289062 0.685547 -0.157227 1310681057.017351
-0.246094 0.685547 -0.157227 1310681057.019319
-0.246094 0.685547 -0.157227 1310681057.062316
-0.284180 0.669922 -0.121094 1310681057.100348
-0.310547 0.635742 -0.161133 1310681057.122341
-0.276367 0.653320 -0.146484 1310681057.170325
-0.315430 0.693359 -0.172852 1310681057.191347
-0.315430 0.693359 -0.172852 1310681057.235339
-0.354492 0.693359 -0.172852 1310681057.257323
-0.347656 0.680664 -0.218750 1310681057.286375
-0.301758 0.644531 -0.195312 1310681057.325407
-0.343750 0.654297 -0.278320 1310681057.351380
-0.383789 0.656250 -0.288086 1310681057.375411
-0.364258 0.629883 -0.265625 1310681057.418348
-0.355469 0.605469 -0.255859 1310681057.463354
-0.392578 0.632812 -0.326172 1310681057.487358
-0.450195 0.590820 -0.349609 1310681057.526342
-0.433594 0.571289 -0.338867 1310681057.547335
-0.413086 0.564453 -0.326172 1310681057.570346
-0.476562 0.548828 -0.377930 1310681057.617359
-0.446289 0.630859 -0.374023 1310681057.638342
-0.478516 0.557617 -0.458984 1310681057.682355
-0.508789 0.494141 -0.497070 1310681057.705346
-0.366211 0.552734 -0.476562 1310681057.742356
-0.416992 0.552734 -0.579102 1310681057.765336
-0.576172 0.428711 -0.563477 1310681057.813344
-0.518555 0.397461 -0.543945 1310681057.841359
-0.530273 0.525391 -0.620117 1310681057.868325
-0.566406 0.355469 -0.692383 1310681057.950321
-0.583008 0.296875 -0.598633 1310681057.987356
-0.542969 0.296875 -0.598633 1310681057.989423
-0.599609 0.291016 -0.687500 1310681057.995411
-0.665039 0.260742 -0.704102 1310681058.031383
-0.563477 0.255859 -0.683594 1310681058.076328
-0.604492 0.225586 -0.756836 1310681058.098355
-0.737305 0.197266 -0.740234 1310681058.120383
-0.694336 0.047852 -0.753906 1310681058.146427
-0.595703 0.106445 -0.755859 1310681058.336358
-0.658203 0.053711 -0.780273 1310681058.362363
-0.661133 0.043945 -0.821289 1310681058.382370
-0.637695 -0.011719 -0.822266 1310681058.405382
-0.674805 -0.060547 -0.780273 1310681058.441422
-0.674805 -0.060547 -0.780273 1310681058.442371
-0.642578 -0.125000 -0.830078 1310681058.708382
-0.658203 -0.157227 -0.824219 1310681058.756401
-0.624023 -0.165039 -0.836914 1310681058.797432
-0.648438 -0.204102 -0.858398 1310681058.822436
-0.702148 -0.199219 -0.854492 1310681058.870386
-0.639648 -0.208984 -0.864258 1310681058.871357
-0.667969 -0.223633 -0.852539 1310681058.966396
-0.647461 -0.249023 -0.867188 1310681058.983449
-0.683594 -0.295898 -0.846680 1310681058.990437
-0.662109 -0.285156 -0.881836 1310681059.011370
-0.643555 -0.281250 -0.844727 1310681059.013403
-0.605469 -0.297852 -0.838867 1310681059.042440
-0.667969 -0.264648 -0.802734 1310681059.096339
-0.645508 -0.365234 -0.812500 1310681059.100356
-0.618164 -0.357422 -0.855469 1310681059.121401
-0.623047 -0.330078 -0.822266 1310681059.156448
-0.585938 -0.375977 -0.847656 1310681059.165375
-0.567383 -0.396484 -0.860352 1310681059.201446
-0.590820 -0.386719 -0.857422 1310681059.210403
-0.569336 -0.375000 -0.878906 1310681059.218397
-0.568359 -0.373047 -0.896484 1310681059.222385
-0.600586 -0.413086 -0.877930 1310681059.231401
-0.546875 -0.413086 -0.877930 1310681059.236384
-0.557617 -0.367188 -0.870117 1310681059.252439
-0.555664 -0.346680 -0.883789 1310681059.262401
-0.553711 -0.375977 -0.912109 1310681059.283406
-0.567383 -0.416016 -0.875977 1310681059.310377
-0.555664 -0.367188 -0.870117 1310681059.337397
-0.555664 -0.367188 -0.870117 1310681059.348393
-0.577148 -0.375977 -0.891602 1310681059.366442
-0.587891 -0.381836 -0.892578 1310681059.387417
-0.616211 -0.380859 -0.915039 1310681059.388366
-0.595703 -0.386719 -0.887695 1310681059.410380
-0.562500 -0.378906 -0.906250 1310681059.445347
-0.625000 -0.333984 -0.921875 1310681059.487357
-0.579102 -0.398438 -0.926758 1310681059.590412
-0.687500 -0.338867 -0.899414 1310681059.622385
-0.591797 -0.332031 -0.900391 1310681059.637387
-0.582031 -0.316406 -0.940430 1310681059.640385
-0.642578 -0.308594 -0.954102 1310681059.645396
-0.642578 -0.308594 -0.954102 1310681059.660451
-0.614258 -0.108398 -0.944336 1310681059.715453
-0.633789 -0.044922 -0.879883 1310681059.736463
-0.570312 -0.005859 -0.867188 1310681059.805413
-0.550781 0.051758 -0.853516 1310681059.828423
-0.567383 0.100586 -0.843750 1310681059.851454
-0.516602 0.214844 -0.757812 1310681059.933462
-0.554688 0.242188 -0.735352 1310681059.937460
-0.546875 0.295898 -0.700195 1310681059.966394
-0.500977 0.355469 -0.665039 1310681059.967420
-0.480469 0.410156 -0.655273 1310681060.008457
-0.488281 0.427734 -0.592773 1310681060.031427
-0.449219 0.491211 -0.528320 1310681060.053422
-0.434570 0.518555 -0.511719 1310681060.097468
-0.461914 0.552734 -0.463867 1310681060.120418
-0.386719 0.543945 -0.406250 1310681060.151463
-0.404297 0.587891 -0.416992 1310681060.195466
-0.413086 0.555664 -0.323242 1310681060.208457
-0.385742 0.598633 -0.302734 1310681060.283462
-0.320312 0.658203 -0.290039 1310681060.285465
-0.344727 0.654297 -0.231445 1310681060.330462
-0.344727 0.664062 -0.184570 1310681060.352468
-0.256836 0.625977 -0.174805 1310681060.373467
-0.223633 0.637695 -0.108398 1310681060.416411
-0.252930 0.637695 -0.108398 1310681060.453465
-0.236328 0.709961 -0.034180 1310681060.500472
-0.294922 0.664062 -0.066406 1310681060.522404
-0.231445 0.649414 -0.043945 1310681060.545419
-0.244141 0.642578 -0.052734 1310681060.567470
-0.300781 0.681641 -0.049805 1310681060.610419
-0.353516 0.697266 -0.037109 1310681060.635424
-0.260742 0.695312 -0.027344 1310681060.680483
-0.263672 0.695312 -0.032227 1310681060.702459
-0.315430 0.686523 0.019531 1310681060.746469
-0.267578 0.642578 0.001953 1310681060.770435
-0.239258 0.675781 0.000977 1310681060.865471
-0.235352 0.710938 -0.022461 1310681060.866466
-0.220703 0.667969 0.030273 1310681060.886411
-0.241211 0.701172 0.017578 1310681060.907462
-0.251953 0.691406 0.008789 1310681060.931429
-0.253906 0.722656 -0.075195 1310681060.954490
-0.258789 0.715820 -0.054688 1310681060.998474
-0.250000 0.721680 -0.083008 1310681061.043480
-0.228516 0.685547 -0.084961 1310681061.066478
-0.238281 0.720703 -0.069336 1310681061.087424
-0.265625 0.695312 -0.053711 1310681061.131414
-0.261719 0.695312 -0.053711 1310681061.153484
-0.241211 0.726562 -0.042969 1310681061.201485
-0.229492 0.714844 -0.075195 1310681061.223482
-0.254883 0.698242 -0.081055 1310681061.247401
-0.219727 0.705078 -0.087891 1310681061.291444
-0.231445 0.734375 -0.073242 1310681061.312424
-0.242188 0.734375 -0.073242 1310681061.336487
-0.256836 0.704102 -0.097656 1310681061.403451
-0.249023 0.690430 -0.085938 1310681061.426474
-0.253906 0.714844 -0.110352 1310681061.448426
-0.228516 0.713867 -0.136719 1310681061.473462
-0.231445 0.703125 -0.154297 1310681061.516439
-0.288086 0.695312 -0.115234 1310681061.560493
-0.271484 0.685547 -0.161133 1310681061.582441
-0.280273 0.705078 -0.162109 1310681061.605459
-0.305664 0.691406 -0.152344 1310681061.648422
-0.275391 0.701172 -0.187500 1310681061.675495
-0.301758 0.704102 -0.188477 1310681061.696488
-0.297852 0.704102 -0.150391 1310681061.741500
-0.319336 0.697266 -0.185547 1310681061.763500
-0.336914 0.677734 -0.231445 1310681061.807426
-0.315430 0.668945 -0.205078 1310681061.828491
-0.331055 0.669922 -0.186523 1310681061.871504
-0.308594 0.674805 -0.169922 1310681061.892458
-0.317383 0.671875 -0.236328 1310681061.938455
-0.322266 0.643555 -0.259766 1310681061.982496
-0.343750 0.644531 -0.314453 1310681062.005495
-0.341797 0.611328 -0.325195 1310681062.028507
-0.358398 0.656250 -0.333984 1310681062.066496
-0.358398 0.656250 -0.333984 1310681062.101500
-0.373047 0.622070 -0.322266 1310681062.169491
-0.361328 0.609375 -0.359375 1310681062.170489
-0.444336 0.616211 -0.361328 1310681062.198499
-0.442383 0.583008 -0.370117 1310681062.220501
-0.416016 0.607422 -0.398438 1310681062.266454
-0.457031 0.557617 -0.395508 1310681062.289506
-0.447266 0.531250 -0.389648 1310681062.335463
-0.494141 0.595703 -0.400391 1310681062.357488
-0.445312 0.556641 -0.538086 1310681062.380459
-0.480469 0.457031 -0.504883 1310681062.423506
-0.511719 0.578125 -0.447266 1310681062.446473
-0.476562 0.470703 -0.573242 1310681062.491499
-0.501953 0.416992 -0.584961 1310681062.506510
-0.506836 0.510742 -0.567383 1310681062.550514
-0.543945 0.354492 -0.642578 1310681062.577514
-0.567383 0.349609 -0.661133 1310681062.682489
-0.568359 0.352539 -0.634766 1310681062.706510
-0.481445 0.316406 -0.591797 1310681062.718451
-0.533203 0.316406 -0.591797 1310681062.725451
-0.679688 0.199219 -0.744141 1310681062.752510
-0.558594 0.254883 -0.565430 1310681062.775520
-0.541016 0.204102 -0.777344 1310681062.797456
-0.761719 0.123047 -0.854492 1310681062.826470
-0.623047 0.148438 -0.722656 1310681062.883516
-0.588867 0.145508 -0.810547 1310681062.908519
-0.735352 0.008789 -0.800781 1310681062.931510
-0.664062 -0.064453 -0.768555 1310681062.953522
-0.698242 -0.049805 -0.829102 1310681063.006515
-0.650391 -0.104492 -0.829102 1310681063.030516
-0.647461 -0.178711 -0.853516 1310681063.092524
-0.643555 -0.195312 -0.856445 1310681063.093508
-0.662109 -0.261719 -0.796875 1310681063.168523
-0.660156 -0.253906 -0.817383 1310681063.188519
-0.621094 -0.353516 -0.861328 1310681063.193508
-0.635742 -0.353516 -0.861328 1310681063.206520
-0.662109 -0.365234 -0.883789 1310681063.257439
-0.618164 -0.400391 -0.791992 1310681063.316462
-0.673828 -0.412109 -0.883789 1310681063.365538
-0.620117 -0.433594 -0.791992 1310681063.441526
-0.639648 -0.466797 -0.771484 1310681063.516534
-0.644531 -0.466797 -0.771484 1310681063.532527
-0.670898 -0.479492 -0.821289 1310681063.555537
-0.652344 -0.502930 -0.807617 1310681063.585488
-0.622070 -0.511719 -0.792969 1310681063.613536
-0.645508 -0.492188 -0.766602 1310681063.615468
-0.667969 -0.502930 -0.738281 1310681063.616451
-0.651367 -0.498047 -0.765625 1310681063.618454
-0.684570 -0.497070 -0.750977 1310681063.641470
-0.667969 -0.469727 -0.725586 1310681063.678529
-0.627930 -0.485352 -0.771484 1310681063.702538
-0.630859 -0.492188 -0.776367 1310681063.750530
-0.623047 -0.500977 -0.792969 1310681063.772511
-0.676758 -0.499023 -0.773438 1310681063.818485
-0.615234 -0.499023 -0.786133 1310681063.840531
-0.625977 -0.503906 -0.798828 1310681063.865476
-0.624023 -0.464844 -0.806641 1310681063.897456
-0.625977 -0.404297 -0.791992 1310681063.928534
-0.626953 -0.458008 -0.811523 1310681063.953534
-0.614258 -0.460938 -0.840820 1310681063.996539
-0.670898 -0.400391 -0.831055 1310681064.031526
-0.680664 -0.394531 -0.860352 1310681064.053495
-0.652344 -0.425781 -0.894531 1310681064.100551
-0.679688 -0.428711 -0.857422 1310681064.121551
-0.684570 -0.428711 -0.857422 1310681064.142488
-0.692383 -0.365234 -0.879883 1310681064.199552
-0.664062 -0.304688 -0.908203 1310681064.221551
-0.638672 -0.249023 -0.889648 1310681064.272546
-0.677734 -0.199219 -0.869141 1310681064.285486
-0.615234 -0.111328 -0.867188 1310681064.322470
-0.634766 -0.067383 -0.856445 1310681064.345498
-0.634766 -0.067383 -0.856445 1310681064.367537
-0.605469 0.055664 -0.801758 1310681064.483529
-0.618164 0.153320 -0.779297 1310681064.575540
-0.598633 0.218750 -0.770508 1310681064.613547
-0.560547 0.289062 -0.757812 1310681064.662549
-0.530273 0.331055 -0.687500 1310681064.786497
-0.519531 0.400391 -0.622070 1310681064.802552
-0.489258 0.451172 -0.608398 1310681064.828550
-0.465820 0.462891 -0.559570 1310681064.851563
-0.474609 0.516602 -0.493164 1310681064.852548
-0.443359 0.509766 -0.459961 1310681064.853545
-0.415039 0.505859 -0.458008 1310681064.876553
-0.438477 0.574219 -0.407227 1310681064.880561
-0.395508 0.566406 -0.363281 1310681064.887559
-0.349609 0.573242 -0.300781 1310681064.908472
-0.353516 0.683594 -0.269531 1310681064.910464
-0.322266 0.651367 -0.285156 1310681064.927540
-0.327148 0.699219 -0.199219 1310681064.928542
-0.334961 0.652344 -0.147461 1310681064.973515
-0.357422 0.673828 -0.157227 1310681064.997513
-0.287109 0.635742 -0.137695 1310681065.020499
-0.307617 0.652344 -0.152344 1310681065.071471
-0.321289 0.661133 -0.083984 1310681065.078483
-0.286133 0.688477 -0.115234 1310681065.122495
-0.244141 0.702148 -0.098633 1310681065.148471
-0.264648 0.691406 -0.026367 1310681065.195500
-0.287109 0.677734 -0.005859 1310681065.237490
-0.401367 0.722656 -0.089844 1310681065.258469
-0.348633 0.675781 -0.060547 1310681065.281551
-0.322266 0.736328 -0.060547 1310681065.304490
-0.311523 0.703125 -0.001953 1310681065.350559
-0.293945 0.679688 0.053711 1310681065.377496
-0.215820 0.701172 0.001953 1310681065.420491
-0.213867 0.732422 -0.020508 1310681065.441485
-0.224609 0.732422 -0.020508 1310681065.462519
-0.261719 0.728516 -0.047852 1310681065.506519
-0.240234 0.661133 -0.036133 1310681065.551499
-0.229492 0.740234 -0.083008 1310681065.596482
-0.222656 0.713867 -0.041992 1310681065.597452
-0.238281 0.708008 -0.042969 1310681065.641517
-0.198242 0.705078 0.011719 1310681065.683511
-0.167969 0.749023 -0.011719 1310681065.706531
-0.208008 0.718750 0.028320 1310681065.733505
-0.200195 0.690430 -0.000977 1310681065.767570
-0.217773 0.695312 -0.012695 1310681065.813573
-0.242188 0.701172 -0.050781 1310681065.836580
-0.492188 0.701172 -0.050781 1310681065.873577
-0.245117 0.702148 0.016602 1310681065.897506
-0.225586 0.705078 -0.007812 1310681065.920575
-0.224609 0.734375 0.001953 1310681065.996587
-0.234375 0.702148 -0.025391 1310681065.997494
-0.265625 0.720703 -0.027344 1310681066.022500
-0.238281 0.725586 -0.027344 1310681066.045486
-0.228516 0.695312 -0.012695 1310681066.090588
-0.279297 0.703125 -0.068359 1310681066.133541
-0.270508 0.699219 -0.067383 1310681066.157528
-0.311523 0.712891 -0.079102 1310681066.181590
-0.288086 0.693359 -0.079102 1310681066.204531
-0.268555 0.693359 -0.079102 1310681066.248583
-0.267578 0.686523 -0.092773 1310681066.292573
-0.291992 0.722656 -0.118164 1310681066.313534
-0.330078 0.683594 -0.121094 1310681066.357584
-0.319336 0.670898 -0.099609 1310681066.378594
-0.307617 0.669922 -0.175781 1310681066.401508
-0.365234 0.697266 -0.149414 1310681066.446596
-0.300781 0.666992 -0.164062 1310681066.468587
-0.358398 0.629883 -0.143555 1310681066.507590
-0.365234 0.625000 -0.212891 1310681066.533518
-0.350586 0.656250 -0.307617 1310681066.576526
-0.393555 0.656250 -0.307617 1310681066.597539
-0.375977 0.631836 -0.240234 1310681066.629494
-0.349609 0.568359 -0.212891 1310681066.671553
-0.371094 0.594727 -0.295898 1310681066.692538
-0.417969 0.669922 -0.375977 1310681066.737511
-0.454102 0.623047 -0.388672 1310681066.760558
-0.458984 0.509766 -0.333984 1310681066.803586
-0.450195 0.526367 -0.320312 1310681066.828567
-0.516602 0.517578 -0.473633 1310681066.872535
-0.517578 0.500000 -0.450195 1310681066.893514
-0.411133 0.565430 -0.467773 1310681066.917593
-0.410156 0.559570 -0.619141 1310681066.949520
-0.527344 0.357422 -0.557617 1310681066.995549
-0.521484 0.455078 -0.502930 1310681067.038517
-0.538086 0.411133 -0.653320 1310681067.060549
-0.586914 0.325195 -0.641602 1310681067.102550
-0.542969 0.393555 -0.637695 1310681067.127557
-0.554688 0.265625 -0.741211 1310681067.155568
-0.635742 0.214844 -0.713867 1310681067.198516
-0.490234 0.223633 -0.665039 1310681067.221521
-0.613281 0.129883 -0.831055 1310681067.306595
-0.788086 0.112305 -0.805664 1310681067.347561
-0.724609 0.132812 -0.781250 1310681067.372609
-0.673828 0.132812 -0.781250 1310681067.395606
-0.662109 0.011719 -0.809570 1310681067.675543
-0.645508 -0.068359 -0.870117 1310681067.677521
-0.704102 -0.111328 -0.843750 1310681067.720547
-0.625000 -0.161133 -0.823242 1310681067.722548
-0.620117 -0.212891 -0.858398 1310681067.762568
-0.664062 -0.462891 -0.858398 1310681067.763528
-0.617188 -0.368164 -0.827148 1310681067.782546
-0.682617 -0.295898 -0.872070 1310681067.805542
-0.642578 -0.352539 -0.904297 1310681067.845616
-0.639648 -0.378906 -0.815430 1310681067.890548
-0.619141 -0.435547 -0.798828 1310681067.893615
-0.671875 -0.380859 -0.814453 1310681067.930548
-0.684570 -0.391602 -0.867188 1310681067.933532
-0.673828 -0.391602 -0.867188 1310681067.936597
-0.673828 -0.391602 -0.867188 1310681067.938529
-0.672852 -0.424805 -0.791992 1310681068.021543
-0.628906 -0.444336 -0.778320 1310681068.023517
-0.628906 -0.444336 -0.778320 1310681068.025544
-0.628906 -0.444336 -0.778320 1310681068.038640
-0.634766 -0.445312 -0.804688 1310681068.066622
-0.623047 -0.462891 -0.786133 1310681068.070615
-0.679688 -0.464844 -0.805664 1310681068.088617
-0.678711 -0.476562 -0.805664 1310681068.090608
-0.604492 -0.472656 -0.780273 1310681068.113618
-0.607422 -0.415039 -0.800781 1310681068.177551
-0.628906 -0.429688 -0.735352 1310681068.178548
-0.584961 -0.423828 -0.813477 1310681068.262574
-0.664062 -0.405273 -0.821289 1310681068.294605
-0.633789 -0.432617 -0.821289 1310681068.296618
-0.616211 -0.447266 -0.801758 1310681068.316533
-0.656250 -0.410156 -0.847656 1310681068.341560
-0.668945 -0.382812 -0.847656 1310681068.388624
-0.640625 -0.425781 -0.823242 1310681068.432584
-0.615234 -0.443359 -0.783203 1310681068.434619
-0.631836 -0.384766 -0.916016 1310681068.518570
-0.631836 -0.384766 -0.916016 1310681068.588637
-0.670898 -0.404297 -0.883789 1310681068.610563
-0.666016 -0.386719 -0.867188 1310681068.629582
-0.694336 -0.335938 -0.868164 1310681068.631581
-0.648438 -0.333008 -0.843750 1310681068.632548
-0.712891 -0.269531 -0.880859 1310681068.673634
-0.688477 -0.240234 -0.886719 1310681068.697637
-0.750000 -0.214844 -0.947266 1310681068.739626
-0.676758 -0.160156 -0.860352 1310681068.762631
-0.646484 -0.059570 -0.800781 1310681068.791596
-0.624023 -0.025391 -0.865234 1310681068.817597
-0.636719 0.060547 -0.823242 1310681068.863578
-0.583984 0.138672 -0.848633 1310681068.887629
-0.540039 0.216797 -0.810547 1310681068.932633
-0.552734 0.265625 -0.737305 1310681068.956581
-0.490234 0.296875 -0.692383 1310681069.099657
-0.497070 0.371094 -0.677734 1310681069.101567
-0.490234 0.363281 -0.612305 1310681069.113570
-0.491211 0.434570 -0.594727 1310681069.124572
-0.408203 0.460938 -0.505859 1310681069.136586
-0.422852 0.507812 -0.496094 1310681069.218604
-0.359375 0.593750 -0.430664 1310681069.219543
-0.359375 0.632812 -0.375977 1310681069.234582
-0.359375 0.632812 -0.375977 1310681069.236552
-0.359375 0.609375 -0.289062 1310681069.307619
-0.320312 0.625000 -0.267578 1310681069.329634
-0.338867 0.664062 -0.199219 1310681069.354639
-0.328125 0.689453 -0.208008 1310681069.399644
-0.293945 0.689453 -0.208008 1310681069.401640
-0.272461 0.631836 -0.124023 1310681069.433603
-0.335938 0.673828 -0.153320 1310681069.467583
-0.322266 0.684570 -0.189453 1310681069.509646
-0.320312 0.643555 -0.074219 1310681069.534645
-0.281250 0.669922 -0.083984 1310681069.581633
-0.283203 0.679688 -0.083984 1310681069.604647
-0.289062 0.687500 -0.042969 1310681069.653639
-0.328125 0.726562 -0.134766 1310681069.674602
-0.325195 0.686523 -0.070312 1310681069.697648
-0.319336 0.654297 -0.077148 1310681069.742646
-0.314453 0.671875 -0.042969 1310681069.764654
-0.293945 0.703125 -0.005859 1310681069.796638
-0.261719 0.737305 -0.034180 1310681069.826619
-0.256836 0.728516 -0.025391 1310681069.892574
-0.234375 0.750000 -0.001953 1310681069.896637
-0.204102 0.664062 -0.046875 1310681069.917637
-0.208984 0.706055 -0.084961 1310681069.941669
-0.240234 0.706055 -0.070312 1310681069.986660
-0.174805 0.681641 -0.014648 1310681070.029640
-0.200195 0.681641 -0.014648 1310681070.052597
-0.240234 0.739258 -0.047852 1310681070.079607
-0.204102 0.691406 -0.051758 1310681070.124655
-0.189453 0.690430 -0.051758 1310681070.139329
-0.231445 0.714844 -0.088867 1310681070.183616
-0.256836 0.680664 -0.078125 1310681070.227605
-0.196289 0.682617 -0.069336 1310681070.248659
-0.208984 0.705078 -0.057617 1310681070.271603
-0.258789 0.701172 -0.039062 1310681070.314618
-0.258789 0.691406 -0.039062 1310681070.337661
-0.241211 0.732422 -0.121094 1310681070.388666
-0.250977 0.717773 -0.080078 1310681070.411668
-0.228516 0.689453 -0.111328 1310681070.456664
-0.204102 0.734375 -0.054688 1310681070.478610
-0.197266 0.732422 -0.089844 1310681070.501630
-0.182617 0.719727 -0.092773 1310681070.523612
-0.238281 0.719727 -0.092773 1310681070.569684
-0.242188 0.726562 -0.107422 1310681070.601668
-0.248047 0.732422 -0.125000 1310681070.636663
-0.245117 0.719727 -0.100586 1310681070.678592
-0.237305 0.722656 -0.128906 1310681070.699600
-0.246094 0.701172 -0.108398 1310681070.743660
-0.268555 0.694336 -0.125000 1310681070.767669
-0.256836 0.711914 -0.159180 1310681070.789666
-0.297852 0.683594 -0.117188 1310681070.836632
-0.277344 0.689453 -0.166016 1310681070.858672
-0.271484 0.694336 -0.160156 1310681070.879659
-0.255859 0.709961 -0.147461 1310681070.926672
-0.290039 0.710938 -0.169922 1310681070.968669
-0.311523 0.701172 -0.202148 1310681070.991675
-0.317383 0.674805 -0.223633 1310681071.013674
-0.318359 0.656250 -0.215820 1310681071.057607
-0.383789 0.625977 -0.261719 1310681071.079671
-0.388672 0.652344 -0.268555 1310681071.169672
-0.376953 0.607422 -0.273438 1310681071.189602
-0.316406 0.572266 -0.275391 1310681071.191601
-0.328125 0.600586 -0.285156 1310681071.208626
-0.376953 0.596680 -0.356445 1310681071.271678
-0.415039 0.589844 -0.369141 1310681071.272633
-0.409180 0.621094 -0.386719 1310681071.316636
-0.477539 0.566406 -0.321289 1310681071.341635
-0.484375 0.557617 -0.384766 1310681071.382680
-0.516602 0.550781 -0.402344 1310681071.404642
-0.572266 0.511719 -0.403320 1310681071.427691
-0.534180 0.511719 -0.403320 1310681071.471682
-0.430664 0.477539 -0.540039 1310681071.514680
-0.457031 0.423828 -0.566406 1310681071.596633
-0.517578 0.505859 -0.581055 1310681071.619682
-0.500977 0.331055 -0.494141 1310681071.664687
-0.580078 0.373047 -0.666016 1310681071.686609
-0.580078 0.373047 -0.666016 1310681071.687598
-0.670898 0.246094 -0.666016 1310681071.713648
-0.583008 0.253906 -0.710938 1310681071.758655
-0.628906 0.173828 -0.735352 1310681071.838635
-0.718750 0.070312 -0.697266 1310681071.861679
-0.686523 0.083984 -0.804688 1310681071.873697
-0.661133 0.067383 -0.755859 1310681071.879603
-0.710938 -0.034180 -0.807617 1310681071.881619
-0.754883 -0.101562 -0.805664 1310681071.952669
-0.637695 -0.130859 -0.776367 1310681071.962689
-0.694336 -0.164062 -0.864258 1310681072.017689
-0.697266 -0.242188 -0.858398 1310681072.019695
-0.655273 -0.273438 -0.839844 1310681072.068692
-0.700195 -0.328125 -0.842773 1310681072.078721
-0.660156 -0.302734 -0.826172 1310681072.119609
-0.673828 -0.375000 -0.802734 1310681072.144680
-0.633789 -0.419922 -0.791016 1310681072.203697
-0.608398 -0.419922 -0.791016 1310681072.222688
-0.644531 -0.419922 -0.791016 1310681072.244634
-0.679688 -0.465820 -0.858398 1310681072.361704
-0.641602 -0.493164 -0.817383 1310681072.367658
-0.650391 -0.480469 -0.854492 1310681072.368621
-0.631836 -0.483398 -0.798828 1310681072.481636
-0.608398 -0.733398 -0.798828 1310681072.482625
-0.638672 -0.547852 -0.828125 1310681072.504643
-0.601562 -0.495117 -0.802734 1310681072.524696
-0.598633 -0.491211 -0.843750 1310681072.526686
-0.640625 -0.478516 -0.801758 1310681072.551647
-0.648438 -0.463867 -0.824219 1310681072.612703
-0.648438 -0.463867 -0.824219 1310681072.616662
-0.627930 -0.470703 -0.784180 1310681072.652649
-0.637695 -0.429688 -0.820312 1310681072.663708
-0.613281 -0.440430 -0.810547 1310681072.714659
-0.716797 -0.412109 -0.869141 1310681072.729698
-0.686523 -0.450195 -0.860352 1310681072.771709
-0.686523 -0.450195 -0.860352 1310681072.793634
-0.694336 -0.362305 -0.907227 1310681072.852710
-0.594727 -0.343750 -0.809570 1310681072.863681
-0.568359 -0.366211 -0.909180 1310681072.892662
-0.659180 -0.294922 -0.898438 1310681072.927709
-0.600586 -0.242188 -0.837891 1310681072.981677
-0.613281 -0.197266 -0.895508 1310681073.003700
-0.665039 -0.116211 -0.851562 1310681073.013679
-0.589844 -0.089844 -0.814453 1310681073.046703
-0.652344 -0.011719 -0.879883 1310681073.092685
-0.655273 0.052734 -0.784180 1310681073.169654
-0.640625 0.086914 -0.751953 1310681073.174732
-0.648438 0.189453 -0.812500 1310681073.197711
-0.609375 0.263672 -0.693359 1310681073.222655
-0.572266 0.278320 -0.680664 1310681073.252669
-0.599609 0.361328 -0.666992 1310681073.274657
-0.604492 0.410156 -0.607422 1310681073.344713
-0.509766 0.380859 -0.516602 1310681073.350725
-0.463867 0.475586 -0.455078 1310681073.387682
-0.473633 0.535156 -0.431641 1310681073.412720
-0.412109 0.577148 -0.388672 1310681073.456721
-0.381836 0.612305 -0.344727 1310681073.457710
-0.411133 0.635742 -0.310547 1310681073.502656
-0.379883 0.635742 -0.310547 1310681073.523734
-0.353516 0.623047 -0.250000 1310681073.573650
-0.323242 0.598633 -0.177734 1310681073.602719
-0.380859 0.649414 -0.160156 1310681073.641680
-0.348633 0.670898 -0.142578 1310681073.668676
-0.250000 0.648438 -0.085938 1310681073.742719
-0.296875 0.695312 -0.085938 1310681073.744715
-0.284180 0.685547 -0.123047 1310681073.764642
-0.328125 0.683594 -0.116211 1310681073.793716
-0.308594 0.661133 -0.107422 1310681073.817684
-0.274414 0.652344 -0.088867 1310681073.846735
-0.267578 0.677734 -0.089844 1310681073.877671
-0.341797 0.679688 -0.123047 1310681073.923682
-0.339844 0.691406 -0.104492 1310681073.978725
-0.297852 0.705078 -0.049805 1310681074.001657
-0.239258 0.748047 -0.032227 1310681074.023682
-0.295898 0.723633 -0.016602 1310681074.044683
-0.286133 0.729492 -0.083008 1310681074.088721
-0.336914 0.705078 -0.052734 1310681074.111645
-0.291016 0.712891 -0.065430 1310681074.157652
-0.288086 0.708984 -0.051758 1310681074.179734
-0.272461 0.701172 -0.025391 1310681074.202667
-0.166016 0.676758 0.015625 1310681074.243672
-0.199219 0.710938 -0.234375 1310681074.265669
-0.299805 0.737305 -0.111328 1310681074.308674
-0.250977 0.701172 -0.069336 1310681074.332690
-0.245117 0.728516 -0.076172 1310681074.376730
-0.213867 0.712891 -0.002930 1310681074.397685
-0.262695 0.697266 -0.030273 1310681074.442650
-0.184570 0.697266 -0.065430 1310681074.463672
-0.238281 0.717773 -0.046875 1310681074.511729
-0.187500 0.728516 -0.058594 1310681074.532688
-0.230469 0.710938 -0.093750 1310681074.556731
-0.240234 0.712891 -0.053711 1310681074.609743
-0.223633 0.699219 -0.041992 1310681074.636675
-0.223633 0.699219 -0.041992 1310681074.657673
-0.267578 0.727539 -0.049805 1310681074.691728
-0.255859 0.732422 -0.079102 1310681074.735704
-0.254883 0.721680 -0.041016 1310681074.757741
-0.254883 0.700195 -0.075195 1310681074.781677
-0.261719 0.699219 -0.071289 1310681074.823702
-0.261719 0.699219 -0.071289 1310681074.848740
-0.210938 0.691406 -0.064453 1310681074.908744
-0.230469 0.722656 -0.095703 1310681074.909698
-0.237305 0.705078 -0.093750 1310681074.953715
-0.217773 0.724609 -0.094727 1310681075.027667
-0.233398 0.703125 -0.106445 1310681075.028659
-0.224609 0.701172 -0.111328 1310681075.048699
-0.263672 0.699219 -0.157227 1310681075.092710
-0.305664 0.687500 -0.197266 1310681075.114682
-0.305664 0.666992 -0.204102 1310681075.136697
-0.317383 0.656250 -0.213867 1310681075.179684
-0.325195 0.667969 -0.241211 1310681075.202697
-0.329102 0.677734 -0.246094 1310681075.251698
-0.287109 0.642578 -0.250977 1310681075.274704
-0.305664 0.627930 -0.271484 1310681075.297702
-0.357422 0.603516 -0.270508 1310681075.364692
-0.342773 0.628906 -0.305664 1310681075.439723
-0.396484 0.656250 -0.355469 1310681075.528698
-0.400391 0.656250 -0.355469 1310681075.548690
-0.391602 0.610352 -0.332031 1310681075.551674
-0.463867 0.559570 -0.306641 1310681075.569759
-0.485352 0.530273 -0.375977 1310681075.572755
-0.543945 0.561523 -0.459961 1310681075.573735
-0.450195 0.544922 -0.350586 1310681075.591757
-0.410156 0.551758 -0.416016 1310681075.634676
-0.481445 0.517578 -0.435547 1310681075.683768
-0.404297 0.517578 -0.374023 1310681075.684696
-0.386719 0.564453 -0.526367 1310681075.722696
-0.560547 0.463867 -0.474609 1310681075.752708
-0.584961 0.559570 -0.444336 1310681075.776755
-0.551758 0.401367 -0.694336 1310681075.820771
-0.551758 0.401367 -0.694336 1310681075.856758
-0.426758 0.530273 -0.637695 1310681075.894704
-0.565430 0.353516 -0.757812 1310681075.938705
-0.670898 0.296875 -0.627930 1310681075.939675
-0.670898 0.296875 -0.627930 1310681075.982688
-0.625977 0.260742 -0.818359 1310681076.037776
-0.746094 0.125977 -0.686523 1310681076.052710
-0.574219 0.142578 -0.727539 1310681076.068734
-0.697266 0.100586 -0.818359 1310681076.113767
-0.737305 0.038086 -0.730469 1310681076.137748
-0.605469 0.002930 -0.784180 1310681076.179726
-0.708008 -0.070312 -0.790039 1310681076.247712
-0.705078 -0.140625 -0.804688 1310681076.297703
-0.655273 -0.196289 -0.834961 1310681076.501742
-0.669922 -0.244141 -0.832031 1310681076.516768
-0.686523 -0.249023 -0.832031 1310681076.520737
-0.641602 -0.341797 -0.868164 1310681076.533789
-0.651367 -0.315430 -0.807617 1310681076.542786
-0.644531 -0.367188 -0.878906 1310681076.622743
-0.681641 -0.344727 -0.832031 1310681076.632741
-0.625977 -0.416992 -0.846680 1310681076.654739
-0.673828 -0.404297 -0.861328 1310681076.656691
-0.773438 -0.413086 -0.805664 1310681076.663732
-0.721680 -0.392578 -0.772461 1310681076.664769
-0.688477 -0.460938 -0.771484 1310681076.708791
-0.667969 -0.441406 -0.766602 1310681076.719793
-0.699219 -0.400391 -0.760742 1310681076.729736
-0.699219 -0.400391 -0.760742 1310681076.742792
-0.644531 -0.456055 -0.792969 1310681076.768773
-0.621094 -0.457031 -0.763672 1310681076.802793
-0.609375 -0.444336 -0.787109 1310681076.827762
-0.645508 -0.474609 -0.758789 1310681076.874749
-0.648438 -0.489258 -0.819336 1310681076.877786
-0.626953 -0.459961 -0.819336 1310681076.921732
-0.635742 -0.457031 -0.798828 1310681076.943737
-0.647461 -0.457031 -0.798828 1310681077.061737
-0.648438 -0.466797 -0.816406 1310681077.123727
-0.608398 -0.446289 -0.812500 1310681077.124695
-0.615234 -0.470703 -0.799805 1310681077.149734
-0.633789 -0.458984 -0.824219 1310681077.194760
-0.660156 -0.460938 -0.861328 1310681077.196781
-0.651367 -0.480469 -0.898438 1310681077.197748
-0.601562 -0.443359 -0.830078 1310681077.221758
-0.664062 -0.424805 -0.912109 1310681077.242809
-0.624023 -0.437500 -0.849609 1310681077.265813
-0.624023 -0.437500 -0.849609 1310681077.311738
-0.639648 -0.345703 -0.875000 1310681077.338798
-0.661133 -0.308594 -0.880859 1310681077.362776
-0.642578 -0.248047 -0.910156 1310681077.404751
-0.673828 -0.208008 -0.897461 1310681077.449744
-0.623047 -0.132812 -0.916992 1310681077.451724
-0.646484 -0.044922 -0.843750 1310681077.497791
-0.674805 -0.037109 -0.815430 1310681077.519804
-0.659180 0.080078 -0.830078 1310681077.672731
-0.681641 0.171875 -0.794922 1310681077.681731
-0.613281 0.192383 -0.714844 1310681077.714736
-0.602539 0.279297 -0.743164 1310681077.716804
-0.565430 0.267578 -0.642578 1310681077.802778
-0.542969 0.384766 -0.637695 1310681077.899734
-0.491211 0.446289 -0.556641 1310681077.922762
-0.501953 0.452148 -0.513672 1310681077.924761
-0.477539 0.529297 -0.480469 1310681077.944813
-0.418945 0.578125 -0.421875 1310681077.946784
-0.407227 0.577148 -0.330078 1310681077.957756
-0.405273 0.562500 -0.335938 1310681077.977744
-0.398438 0.609375 -0.338867 1310681077.978735
-0.368164 0.587891 -0.208008 1310681077.981782
-0.356445 0.614258 -0.234375 1310681078.002818
-0.356445 0.614258 -0.234375 1310681078.041812
-0.299805 0.632812 -0.133789 1310681078.106764
-0.307617 0.669922 -0.037109 1310681078.148758
-0.265625 0.664062 -0.091797 1310681078.149741
-0.294922 0.647461 -0.055664 1310681078.202809
-0.265625 0.662109 -0.027344 1310681078.308805
-0.257812 0.677734 -0.061523 1310681078.317763
-0.295898 0.684570 -0.061523 1310681078.324763
-0.359375 0.694336 -0.072266 1310681078.326811
-0.361328 0.656250 -0.049805 1310681078.331813
-0.319336 0.670898 -0.041016 1310681078.373814
-0.285156 0.652344 0.003906 1310681078.397815
-0.326172 0.663086 -0.041016 1310681078.443766
-0.343750 0.707031 -0.077148 1310681078.467832
-0.333008 0.700195 -0.041016 1310681078.489803
-0.344727 0.683594 -0.010742 1310681078.534766
-0.302734 0.692383 -0.032227 1310681078.557803
-0.259766 0.714844 -0.034180 1310681078.578802
-0.292969 0.708008 0.001953 1310681078.621770
-0.302734 0.710938 -0.168945 1310681078.671833
-0.316406 0.687500 -0.070312 1310681078.693786
-0.274414 0.694336 -0.040039 1310681078.714756
-0.352539 0.729492 -0.041016 1310681078.759780
-0.352539 0.729492 -0.041016 1310681078.782817
-0.257812 0.679688 -0.082031 1310681078.891825
-0.287109 0.685547 -0.006836 1310681078.893742
-0.254883 0.710938 -0.025391 1310681078.912769
-0.243164 0.686523 -0.001953 1310681078.913737
-0.247070 0.707031 -0.006836 1310681078.934762
-0.254883 0.707031 -0.006836 1310681078.976842
-0.277344 0.703125 -0.021484 1310681079.019747
-0.279297 0.717773 -0.014648 1310681079.063752
-0.250977 0.711914 -0.047852 1310681079.084795
-0.282227 0.701172 -0.017578 1310681079.107837
-0.275391 0.674805 -0.032227 1310681079.129742
-0.275391 0.708008 -0.033203 1310681079.173777
-0.275391 0.704102 -0.030273 1310681079.217779
-0.266602 0.675781 -0.041992 1310681079.239802
-0.259766 0.685547 -0.002930 1310681079.263794
-0.235352 0.691406 0.010742 1310681079.307775
-0.250000 0.697266 -0.029297 1310681079.328796
-0.258789 0.670898 -0.071289 1310681079.372832
-0.313477 0.703125 -0.041016 1310681079.394838
-0.294922 0.703125 -0.069336 1310681079.437763
-0.232422 0.738281 -0.031250 1310681079.479842
-0.233398 0.695312 -0.012695 1310681079.504835
-0.269531 0.701172 -0.044922 1310681079.527770
-0.260742 0.710938 0.003906 1310681079.571851
-0.281250 0.732422 -0.051758 1310681079.593781
-0.311523 0.712891 -0.079102 1310681079.636847
-0.298828 0.674805 -0.057617 1310681079.658848
-0.248047 0.674805 -0.031250 1310681079.683795
-0.273438 0.674805 -0.031250 1310681079.706824
-0.273438 0.703125 -0.056641 1310681079.753860
-0.259766 0.708984 -0.050781 1310681079.796783
-0.303711 0.710938 -0.063477 1310681079.818812
-0.299805 0.707031 -0.093750 1310681079.862844
-0.282227 0.683594 -0.021484 1310681079.872789
-0.225586 0.666016 0.014648 1310681079.899818
-0.258789 0.681641 -0.047852 1310681079.947849
-0.261719 0.709961 0.000977 1310681079.994779
-0.235352 0.695312 -0.011719 1310681080.017777
-0.248047 0.696289 0.000000 1310681080.038805
-0.279297 0.701172 -0.007812 1310681080.059852
-0.246094 0.681641 -0.012695 1310681080.103857
-0.181641 0.692383 0.020508 1310681080.178909
-0.247070 0.701172 -0.028320 1310681080.179818
-0.235352 0.691406 -0.017578 1310681080.219814
-0.214844 0.710938 0.002930 1310681080.242853
-0.290039 0.699219 -0.082031 1310681080.264851
-0.313477 0.705078 -0.082031 1310681080.287854
-0.313477 0.705078 -0.082031 1310681080.331847
-0.397461 0.687500 -0.130859 1310681080.378825
-0.206055 0.642578 -0.164062 1310681080.399865
-0.260742 0.679688 -0.064453 1310681080.422857
-0.424805 0.692383 -0.064453 1310681080.447866
-0.305664 0.746094 -0.064453 1310681080.492860
