-0.196289 0.679688 -0.012695 1310162043.785706
-0.170898 0.743164 -0.051758 1310162043.829713
-0.131836 0.745117 -0.051758 1310162043.852718
-0.166016 0.734375 -0.062500 1310162043.881689
-0.202148 0.677734 -0.062500 1310162043.926716
-0.175781 0.726562 -0.100586 1310162043.949737
-0.142578 0.736328 -0.053711 1310162043.991713
-0.127930 0.730469 -0.093750 1310162044.013717
-0.158203 0.730469 -0.093750 1310162044.054719
-0.165039 0.742188 -0.109375 1310162044.093716
-0.163086 0.710938 -0.105469 1310162044.113719
-0.137695 0.743164 -0.075195 1310162044.156718
-0.162109 0.736328 -0.067383 1310162044.178711
-0.164062 0.741211 -0.046875 1310162044.201721
-0.132812 0.738281 -0.057617 1310162044.246686
-0.132812 0.738281 -0.057617 1310162044.271896
-0.102539 0.779297 -0.020508 1310162044.300707
-0.129883 0.758789 -0.062500 1310162044.333710
-0.270508 0.708008 0.020508 1310162044.355697
-0.399414 0.609375 0.073242 1310162044.399726
-0.182617 0.560547 0.045898 1310162044.423727
-0.003906 0.705078 0.203125 1310162044.469727
0.054688 0.832031 0.226562 1310162044.493740
-0.009766 0.722656 0.165039 1310162044.528729
-0.073242 0.632812 0.263672 1310162044.570728
0.002930 0.670898 0.263672 1310162044.592738
-0.165039 0.568359 0.280273 1310162044.636726
-0.166016 0.560547 0.183594 1310162044.660729
-0.308594 0.494141 0.174805 1310162044.684730
-0.119141 0.780273 0.203125 1310162044.726730
-0.173828 0.562500 0.167969 1310162044.748728
-0.266602 0.667969 0.226562 1310162044.771733
-0.154297 0.855469 0.208984 1310162044.828742
-0.154297 0.855469 0.208984 1310162044.849733
-0.293945 0.726562 0.139648 1310162044.889744
-0.399414 0.823242 0.186523 1310162044.911734
-0.506836 0.874023 0.121094 1310162044.936732
-0.541992 0.690430 0.053711 1310162044.970750
-0.503906 0.744141 0.080078 1310162045.016736
-0.361328 0.724609 -0.067383 1310162045.039734
-0.370117 0.646484 0.044922 1310162045.085736
-0.311523 0.611328 -0.066406 1310162045.115717
-0.119141 0.683594 -0.174805 1310162045.138718
-0.216797 0.710938 -0.279297 1310162045.163721
-0.212891 0.681641 -0.090820 1310162045.211738
-0.134766 0.681641 -0.007812 1310162045.235744
-0.097656 0.724609 -0.099609 1310162045.258746
-0.207031 0.667969 0.046875 1310162045.302736
-0.242188 0.685547 0.092773 1310162045.375746
-0.164062 0.751953 0.065430 1310162045.394728
-0.180664 0.726562 0.046875 1310162045.395738
-0.220703 0.763672 0.034180 1310162045.438741
-0.264648 0.694336 0.041016 1310162045.460750
-0.347656 0.563477 0.090820 1310162045.481749
-0.419922 0.671875 0.101562 1310162045.527751
-0.391602 0.716797 -0.014648 1310162045.560747
-0.360352 0.705078 0.011719 1310162045.591744
-0.314453 0.673828 0.018555 1310162045.628730
-0.289062 0.658203 -0.002930 1310162045.650698
-0.285156 0.667969 0.000000 1310162045.673696
-0.313477 0.681641 0.017578 1310162045.715766
-0.226562 0.681641 0.017578 1310162045.736750
-0.222656 0.718750 0.046875 1310162045.780751
-0.252930 0.703125 0.018555 1310162045.808758
-0.286133 0.709961 0.032227 1310162045.849753
-0.209961 0.722656 -0.004883 1310162045.871751
-0.244141 0.722656 -0.004883 1310162045.895759
-0.248047 0.686523 0.022461 1310162045.938751
-0.231445 0.697266 0.022461 1310162045.981756
-0.290039 0.701172 0.014648 1310162046.003752
-0.255859 0.683594 0.022461 1310162046.046761
-0.266602 0.715820 0.026367 1310162046.069754
-0.223633 0.697266 0.042969 1310162046.118761
-0.241211 0.707031 0.046875 1310162046.140761
-0.266602 0.685547 0.071289 1310162046.164763
-0.223633 0.718750 0.079102 1310162046.198760
-0.203125 0.691406 0.046875 1310162046.241772
-0.221680 0.674805 0.034180 1310162046.263757
-0.235352 0.699219 0.032227 1310162046.306762
-0.328125 0.708984 0.024414 1310162046.329764
-0.272461 0.703125 0.006836 1310162046.375755
-0.293945 0.731445 -0.005859 1310162046.388764
