-0.150391 0.663086 0.303711 1309983216.174034
-0.146484 0.646484 0.254883 1309983216.216067
-0.166016 0.642578 0.245117 1309983216.237056
-0.168945 0.620117 0.249023 1309983216.279076
-0.167969 0.612305 0.257812 1309983216.302107
-0.198242 0.603516 0.241211 1309983216.343125
-0.187500 0.611328 0.194336 1309983216.369033
-0.217773 0.581055 0.248047 1309983216.412035
-0.173828 0.578125 0.228516 1309983216.456035
-0.212891 0.580078 0.209961 1309983216.482033
-0.208984 0.562500 0.217773 1309983216.503031
-0.267578 0.590820 0.276367 1309983216.528030
-0.236328 0.590820 0.269531 1309983216.571030
-0.233398 0.551758 0.301758 1309983216.613084
-0.195312 0.564453 0.280273 1309983216.637099
-0.267578 0.609375 0.294922 1309983216.659102
-0.290039 0.634766 0.310547 1309983216.702097
-0.283203 0.605469 0.310547 1309983216.725099
-0.306641 0.605469 0.310547 1309983216.758065
-0.306641 0.605469 0.310547 1309983216.804040
-0.326172 0.537109 0.325195 1309983216.828075
-0.315430 0.531250 0.314453 1309983216.851052
-0.338867 0.564453 0.274414 1309983216.894076
-0.365234 0.565430 0.324219 1309983216.917111
-0.396484 0.555664 0.343750 1309983216.948048
-0.349609 0.496094 0.357422 1309983216.991081
-0.325195 0.517578 0.295898 1309983217.012067
-0.343750 0.564453 0.322266 1309983217.054050
-0.378906 0.525391 0.398438 1309983217.077068
-0.378906 0.525391 0.398438 1309983217.099147
-0.417969 0.459961 0.368164 1309983217.217090
-0.409180 0.501953 0.401367 1309983217.403149
-0.399414 0.527344 0.397461 1309983217.423144
-0.437500 0.499023 0.452148 1309983217.447131
-0.430664 0.420898 0.446289 1309983217.491101
-0.479492 0.465820 0.430664 1309983217.492104
-0.416992 0.464844 0.449219 1309983217.514095
-0.424805 0.463867 0.458984 1309983217.527103
-0.421875 0.437500 0.483398 1309983217.528064
-0.409180 0.412109 0.487305 1309983217.534072
-0.419922 0.407227 0.485352 1309983217.536067
-0.343750 0.370117 0.517578 1309983217.537133
-0.314453 0.357422 0.481445 1309983217.558155
-0.323242 0.385742 0.543945 1309983217.613104
-0.285156 0.315430 0.530273 1309983217.618139
-0.329102 0.353516 0.599609 1309983217.657105
-0.219727 0.382812 0.631836 1309983217.659067
-0.217773 0.382812 0.631836 1309983217.682083
-0.220703 0.375000 0.753906 1309983218.502130
-0.231445 0.433594 0.796875 1309983218.526181
-0.187500 0.343750 0.728516 1309983218.536144
-0.123047 0.231445 0.710938 1309983218.588182
-0.055664 0.154297 0.706055 1309983218.861141
-0.085938 0.123047 0.697266 1309983218.885127
-0.072266 0.087891 0.739258 1309983219.058187
-0.084961 0.152344 0.774414 1309983219.132137
-0.079102 0.173828 0.785156 1309983219.154163
-0.081055 0.155273 0.745117 1309983219.223120
-0.083984 0.155273 0.745117 1309983219.224131
-0.008789 0.185547 0.739258 1309983219.237176
-0.033203 0.158203 0.738281 1309983219.237194
-0.005859 0.175781 0.743164 1309983219.237226
0.025391 0.136719 0.734375 1309983219.237237
-0.003906 0.149414 0.742188 1309983219.237247
-0.019531 0.175781 0.745117 1309983219.237257
-0.002930 0.146484 0.725586 1309983219.237267
0.010742 0.126953 0.752930 1309983219.237278
0.000000 0.105469 0.761719 1309983219.237288
0.032227 0.099609 0.681641 1309983219.237298
0.042969 0.126953 0.735352 1309983219.237308
0.031250 0.103516 0.735352 1309983219.237321
0.017578 0.107422 0.775391 1309983219.257129
0.028320 0.083984 0.777344 1309983219.257145
0.032227 0.052734 0.751953 1309983219.257155
0.037109 0.095703 0.763672 1309983219.258116
0.077148 0.097656 0.769531 1309983219.260086
0.087891 0.074219 0.753906 1309983219.268167
