-0.306641 0.707031 -0.112305 1310683871.574079
-0.258789 0.670898 -0.148438 1310683871.590107
-0.273438 0.708984 -0.097656 1310683871.591198
-0.224609 0.695312 -0.124023 1310683871.634136
-0.474609 0.695312 -0.124023 1310683871.670118
-0.286133 0.644531 -0.059570 1310683871.715099
-0.262695 0.686523 -0.120117 1310683871.740166
-0.261719 0.727539 -0.083008 1310683871.770086
-0.257812 0.681641 -0.071289 1310683871.790116
-0.230469 0.660156 -0.079102 1310683871.813159
-0.210938 0.702148 -0.060547 1310683871.871158
-0.198242 0.747070 -0.041992 1310683871.939120
-0.241211 0.695312 -0.035156 1310683871.940087
-0.198242 0.735352 -0.033203 1310683871.951118
-0.210938 0.705078 -0.042969 1310683871.991121
-0.240234 0.702148 -0.066406 1310683872.013108
-0.202148 0.706055 -0.040039 1310683872.059107
-0.258789 0.723633 -0.034180 1310683872.106128
-0.217773 0.710938 -0.065430 1310683872.143165
-0.200195 0.690430 -0.059570 1310683872.166170
-0.239258 0.676758 -0.050781 1310683872.174172
-0.233398 0.734375 -0.012695 1310683872.210160
-0.233398 0.734375 -0.012695 1310683872.234132
-0.219727 0.693359 -0.081055 1310683872.284112
-0.231445 0.704102 -0.024414 1310683872.329131
-0.222656 0.702148 -0.020508 1310683872.349092
-0.240234 0.706055 -0.037109 1310683872.393175
-0.198242 0.706055 -0.037109 1310683872.394160
-0.240234 0.697266 -0.065430 1310683872.441129
-0.257812 0.706055 -0.045898 1310683872.468121
-0.250977 0.680664 -0.009766 1310683872.511084
-0.234375 0.726562 -0.073242 1310683872.533136
-0.194336 0.695312 -0.020508 1310683872.558119
-0.194336 0.695312 -0.020508 1310683872.600170
-0.224609 0.658203 -0.008789 1310683872.645129
-0.149414 0.750000 -0.059570 1310683872.669136
-0.203125 0.701172 -0.044922 1310683872.690139
-0.267578 0.708008 -0.021484 1310683872.735166
-0.203125 0.710938 -0.062500 1310683872.773145
-0.226562 0.710938 -0.062500 1310683872.839105
-0.141602 0.714844 -0.049805 1310683872.841129
-0.163086 0.750000 -0.092773 1310683872.864104
-0.143555 0.730469 -0.062500 1310683872.886109
-0.174805 0.711914 -0.077148 1310683872.931104
-0.218750 0.726562 -0.151367 1310683872.955101
-0.199219 0.738281 -0.030273 1310683872.978138
-0.150391 0.670898 -0.046875 1310683873.020155
-0.155273 0.663086 0.015625 1310683873.064119
-0.144531 0.670898 0.071289 1310683873.086125
-0.104492 0.692383 0.053711 1310683873.108133
-0.121094 0.676758 0.070312 1310683873.134145
-0.221680 0.636719 0.000000 1310683873.198122
-0.307617 0.651367 -0.027344 1310683873.221169
-0.311523 0.631836 -0.026367 1310683873.244182
-0.345703 0.704102 -0.078125 1310683873.286110
-0.257812 0.733398 -0.127930 1310683873.310136
-0.274414 0.761719 -0.127930 1310683873.340137
-0.141602 0.732422 -0.166016 1310683873.386199
-0.103516 0.815430 -0.222656 1310683873.409317
-0.172852 0.757812 -0.266602 1310683873.433193
-0.211914 0.687500 -0.252930 1310683873.461126
-0.285156 0.687500 -0.341797 1310683873.505124
-0.290039 0.814453 -0.352539 1310683873.530145
-0.202148 0.855469 -0.421875 1310683873.584119
-0.181641 0.789062 -0.416016 1310683873.627149
-0.056641 0.642578 -0.308594 1310683873.675164
-0.158203 0.658203 -0.273438 1310683873.695198
-0.195312 0.654297 -0.422852 1310683873.696149
-0.195312 0.654297 -0.422852 1310683873.723143
-0.238281 0.583984 -0.441406 1310683873.770132
-0.402344 0.566406 -0.341797 1310683873.815167
-0.364258 0.683594 -0.474609 1310683873.837186
-0.271484 0.661133 -0.588867 1310683873.862145
-0.245117 0.672852 -0.455078 1310683873.905163
-0.310547 0.627930 -0.404297 1310683873.907179
-0.302734 0.643555 -0.414062 1310683873.955168
-0.322266 0.616211 -0.464844 1310683873.987152
-0.339844 0.591797 -0.425781 1310683874.026151
-0.345703 0.653320 -0.405273 1310683874.061169
-0.337891 0.640625 -0.465820 1310683874.129505
-0.332031 0.605469 -0.437500 1310683874.130135
-0.355469 0.587891 -0.399414 1310683874.155180
-0.342773 0.627930 -0.428711 1310683874.202201
-0.348633 0.607422 -0.404297 1310683874.240138
-0.325195 0.641602 -0.413086 1310683874.264180
-0.332031 0.618164 -0.378906 1310683874.285204
-0.326172 0.659180 -0.379883 1310683874.675165
-0.280273 0.638672 -0.434570 1310683874.695183
-0.289062 0.668945 -0.409180 1310683874.696136
-0.357422 0.638672 -0.414062 1310683874.697133
-0.346680 0.667969 -0.421875 1310683874.739170
-0.291992 0.667969 -0.421875 1310683874.740140
-0.301758 0.645508 -0.385742 1310683874.784169
-0.279297 0.662109 -0.389648 1310683874.785138
-0.333984 0.656250 -0.382812 1310683874.805143
-0.316406 0.642578 -0.380859 1310683874.835169
-0.323242 0.656250 -0.360352 1310683874.837135
-0.323242 0.656250 -0.360352 1310683874.839161
-0.324219 0.690430 -0.357422 1310683874.859165
-0.283203 0.702148 -0.329102 1310683874.874180
-0.191406 0.676758 -0.346680 1310683874.877203
-0.242188 0.681641 -0.361328 1310683874.880185
-0.260742 0.667969 -0.357422 1310683874.882136
-0.233398 0.670898 -0.297852 1310683874.902133
-0.281250 0.651367 -0.348633 1310683874.941214
-0.295898 0.679688 -0.401367 1310683874.979185
-0.310547 0.660156 -0.382812 1310683875.024191
-0.279297 0.675781 -0.375000 1310683875.112155
-0.333008 0.679688 -0.366211 1310683875.126181
-0.314453 0.686523 -0.345703 1310683875.142183
-0.281250 0.663086 -0.314453 1310683875.167182
-0.217773 0.656250 -0.314453 1310683875.169181
-0.211914 0.687500 -0.350586 1310683875.174225
-0.235352 0.718750 -0.315430 1310683875.175214
-0.210938 0.675781 -0.317383 1310683875.211189
-0.197266 0.694336 -0.321289 1310683875.275189
-0.181641 0.686523 -0.247070 1310683875.276172
-0.182617 0.651367 -0.308594 1310683875.320227
-0.351562 0.716797 -0.238281 1310683875.417154
-0.357422 0.749023 -0.252930 1310683875.419150
-0.342773 0.716797 -0.252930 1310683875.420156
-0.220703 0.681641 -0.250977 1310683875.435145
-0.269531 0.765625 -0.168945 1310683875.472205
-0.366211 0.780273 -0.130859 1310683875.495159
