-0.121094 0.620117 0.346680 1309981284.220470
-0.211914 0.648438 0.383789 1309981284.241473
-0.207031 0.625000 0.408203 1309981284.286472
-0.155273 0.586914 0.408203 1309981284.308472
-0.129883 0.589844 0.426758 1309981284.359442
-0.166016 0.634766 0.362305 1309981284.380446
-0.151367 0.655273 0.381836 1309981284.422472
-0.128906 0.639648 0.342773 1309981284.446549
-0.119141 0.607422 0.328125 1309981284.469474
-0.119141 0.607422 0.328125 1309981284.491483
-0.136719 0.594727 0.328125 1309981284.586491
-0.181641 0.662109 0.299805 1309981284.607457
-0.223633 0.769531 0.276367 1309981284.620475
-0.185547 0.650391 0.306641 1309981284.635476
-0.195312 0.642578 0.237305 1309981284.651479
-0.155273 0.638672 0.216797 1309981284.696450
-0.202148 0.675781 0.169922 1309981284.727486
-0.224609 0.656250 0.166016 1309981284.772483
-0.161133 0.645508 0.204102 1309981284.801482
-0.085938 0.762695 0.147461 1309981284.854480
-0.061523 0.738281 0.166992 1309981284.863486
0.025391 0.730469 0.123047 1309981284.886485
0.015625 0.715820 0.050781 1309981284.949485
0.045898 0.714844 0.104492 1309981285.011481
0.069336 0.717773 0.149414 1309981285.012479
0.062500 0.729492 0.168945 1309981285.032485
0.034180 0.751953 0.168945 1309981285.057484
-0.033203 0.652344 0.193359 1309981285.096462
-0.093750 0.613281 0.181641 1309981285.121493
-0.062500 0.657227 0.261719 1309981285.175494
0.021484 0.668945 0.233398 1309981285.195487
0.170898 0.690430 0.176758 1309981285.217498
0.126953 0.724609 0.165039 1309981285.266491
0.097656 0.749023 0.276367 1309981285.355489
0.026367 0.687500 0.313477 1309981285.545496
-0.032227 0.711914 0.269531 1309981285.551492
0.008789 0.627930 0.221680 1309981285.605490
0.014648 0.701172 0.153320 1309981285.627495
-0.235352 0.701172 0.153320 1309981285.629491
-0.067383 0.649414 0.236328 1309981285.698502
-0.058594 0.682617 0.188477 1309981285.700496
-0.103516 0.677734 0.201172 1309981285.740497
-0.049805 0.676758 0.260742 1309981285.785505
0.004883 0.666016 0.236328 1309981285.876502
-0.005859 0.665039 0.236328 1309981285.878496
0.014648 0.673828 0.159180 1309981285.920512
-0.003906 0.718750 0.180664 1309981285.930505
-0.065430 0.692383 0.210938 1309981285.951502
-0.018555 0.668945 0.168945 1309981285.952499
-0.031250 0.681641 0.139648 1309981285.993503
-0.089844 0.705078 0.193359 1309981285.996477
-0.022461 0.679688 0.211914 1309981286.008503
-0.025391 0.710938 0.145508 1309981286.042495
-0.036133 0.696289 0.209961 1309981286.043497
-0.046875 0.746094 0.215820 1309981286.065507
-0.025391 0.692383 0.182617 1309981286.067499
-0.020508 0.697266 0.185547 1309981286.086563
-0.024414 0.695312 0.185547 1309981286.107524
-0.063477 0.690430 0.173828 1309981286.152701
-0.066406 0.707031 0.181641 1309981286.168503
-0.086914 0.675781 0.233398 1309981286.171504
-0.082031 0.666992 0.233398 1309981286.173501
-0.080078 0.663086 0.186523 1309981286.298514
-0.077148 0.652344 0.241211 1309981286.381508
-0.124023 0.689453 0.235352 1309981286.403509
-0.109375 0.656250 0.301758 1309981286.406507
-0.089844 0.621094 0.264648 1309981286.425526
-0.115234 0.621094 0.264648 1309981286.426506
-0.114258 0.627930 0.304688 1309981286.429514
-0.113281 0.626953 0.266602 1309981286.446498
-0.127930 0.638672 0.345703 1309981286.473515
-0.112305 0.610352 0.313477 1309981286.581521
-0.074219 0.619141 0.322266 1309981286.586518
-0.074219 0.619141 0.322266 1309981286.599526
-0.064453 0.666016 0.345703 1309981286.604507
-0.095703 0.633789 0.331055 1309981286.628519
