-0.218750 0.623047 0.324219 1309540317.700510
-0.213867 0.613281 0.320312 1309540317.721514
-0.175781 0.612305 0.312500 1309540317.767517
-0.199219 0.609375 0.317383 1309540317.794509
-0.205078 0.609375 0.317383 1309540317.816515
-0.215820 0.619141 0.315430 1309540317.871521
-0.227539 0.632812 0.302734 1309540317.895516
-0.217773 0.615234 0.320312 1309540317.916519
-0.205078 0.595703 0.313477 1309540317.950490
-0.198242 0.614258 0.327148 1309540317.990504
-0.201172 0.614258 0.327148 1309540318.014513
-0.192383 0.620117 0.293945 1309540318.039522
-0.247070 0.649414 0.329102 1309540318.084524
-0.204102 0.664062 0.310547 1309540318.146524
-0.174805 0.617188 0.323242 1309540318.147513
-0.162109 0.607422 0.323242 1309540318.172561
-0.175781 0.599609 0.310547 1309540318.214539
-0.188477 0.595703 0.321289 1309540318.236518
-0.224609 0.608398 0.306641 1309540318.281528
-0.200195 0.623047 0.322266 1309540318.310527
-0.230469 0.619141 0.307617 1309540318.332524
-0.218750 0.599609 0.305664 1309540318.380526
-0.209961 0.605469 0.305664 1309540318.404502
-0.213867 0.602539 0.294922 1309540318.435522
-0.249023 0.575195 0.318359 1309540318.482523
-0.230469 0.632812 0.323242 1309540318.504505
-0.247070 0.573242 0.303711 1309540318.527526
-0.236328 0.573242 0.303711 1309540318.560529
-0.196289 0.628906 0.305664 1309540318.604533
-0.250977 0.632812 0.305664 1309540318.626527
-0.195312 0.621094 0.304688 1309540318.670534
-0.221680 0.599609 0.355469 1309540318.691531
-0.228516 0.642578 0.298828 1309540318.716533
-0.202148 0.614258 0.300781 1309540318.743512
-0.272461 0.634766 0.328125 1309540318.789535
-0.217773 0.635742 0.282227 1309540318.837536
-0.260742 0.621094 0.286133 1309540318.859533
-0.265625 0.624023 0.283203 1309540318.905541
-0.260742 0.627930 0.268555 1309540318.931529
-0.316406 0.627930 0.268555 1309540318.932544
-0.271484 0.635742 0.255859 1309540318.980530
-0.302734 0.597656 0.243164 1309540319.026544
-0.308594 0.632812 0.250000 1309540319.050539
-0.284180 0.651367 0.242188 1309540319.074536
-0.287109 0.642578 0.226562 1309540319.096541
-0.287109 0.642578 0.226562 1309540319.139536
-0.331055 0.615234 0.224609 1309540319.185541
-0.333008 0.631836 0.191406 1309540319.207544
-0.363281 0.606445 0.185547 1309540319.250546
-0.316406 0.597656 0.147461 1309540319.275543
-0.331055 0.557617 0.147461 1309540319.287556
-0.329102 0.602539 0.147461 1309540319.335545
-0.304688 0.541992 0.017578 1309540319.371558
-0.265625 0.531250 0.087891 1309540319.432531
-0.252930 0.586914 0.186523 1309540319.434524
-0.316406 0.543945 0.217773 1309540319.477547
-0.403320 0.399414 0.248047 1309540319.480547
-0.262695 0.611328 0.315430 1309540319.530539
-0.208008 0.600586 0.088867 1309540319.575549
-0.407227 0.585938 0.146484 1309540319.602550
-0.587891 0.639648 0.121094 1309540319.632547
-0.541992 0.670898 -0.003906 1309540319.655549
-0.541992 0.670898 -0.003906 1309540319.697551
-0.608398 0.570312 -0.165039 1309540319.725543
-0.746094 0.632812 -0.248047 1309540319.761553
-0.719727 0.609375 -0.332031 1309540319.836556
-0.730469 0.568359 -0.465820 1309540319.845552
-0.812500 0.447266 -0.548828 1309540319.861565
-0.812500 0.447266 -0.548828 1309540319.882552
-0.713867 0.298828 -0.674805 1309540319.926572
-0.791992 0.300781 -0.696289 1309540319.955599
-0.813477 0.148438 -0.720703 1309540319.986559
-0.813477 0.191406 -0.732422 1309540320.039558
-0.811523 0.317383 -0.635742 1309540320.040553
-0.797852 0.278320 -0.536133 1309540320.109574
-0.714844 0.371094 -0.502930 1309540320.110550
-0.680664 0.432617 -0.448242 1309540320.132555
-0.706055 0.471680 -0.394531 1309540320.181561
-0.667969 0.513672 -0.231445 1309540320.222561
-0.615234 0.619141 -0.157227 1309540320.225559
-0.547852 0.592773 -0.164062 1309540320.275563
-0.501953 0.616211 -0.032227 1309540320.319574
-0.556641 0.609375 -0.016602 1309540320.340566
-0.513672 0.734375 0.064453 1309540320.397563
-0.470703 0.614258 0.028320 1309540320.399564
-0.422852 0.668945 0.028320 1309540320.428571
-0.354492 0.559570 0.028320 1309540320.452566
-0.327148 0.597656 0.127930 1309540320.517567
-0.262695 0.592773 0.132812 1309540320.519566
-0.334961 0.591797 0.017578 1309540320.561554
-0.365234 0.507812 0.006836 1309540320.586573
-0.430664 0.507812 0.006836 1309540320.609567
-0.312500 0.549805 0.031250 1309540320.712568
-0.288086 0.577148 0.061523 1309540320.714568
-0.355469 0.635742 0.079102 1309540320.735569
-0.415039 0.687500 0.018555 1309540320.759571
-0.348633 0.585938 0.129883 1309540320.780572
-0.277344 0.648438 0.169922 1309540320.803575
-0.223633 0.607422 0.258789 1309540320.850567
-0.306641 0.576172 0.248047 1309540320.904572
-0.301758 0.656250 0.226562 1309540320.930579
-0.261719 0.613281 0.228516 1309540320.955576
-0.231445 0.651367 0.254883 1309540320.979574
-0.223633 0.677734 0.252930 1309540321.001576
-0.211914 0.591797 0.279297 1309540321.046578
-0.215820 0.607422 0.278320 1309540321.070768
-0.209961 0.630859 0.257812 1309540321.126585
-0.271484 0.595703 0.272461 1309540321.147585
-0.220703 0.617188 0.292969 1309540321.171574
-0.280273 0.626953 0.292969 1309540321.194581
-0.273438 0.650391 0.236328 1309540321.237580
-0.262695 0.653320 0.255859 1309540321.280581
-0.305664 0.676758 0.178711 1309540321.325569
-0.296875 0.661133 0.165039 1309540321.326576
-0.303711 0.643555 0.165039 1309540321.359584
-0.354492 0.629883 0.145508 1309540321.406580
-0.345703 0.667969 0.135742 1309540321.430584
-0.397461 0.627930 0.138672 1309540321.473588
-0.352539 0.599609 0.101562 1309540321.503584
-0.328125 0.541016 0.088867 1309540321.526585
-0.340820 0.540039 0.099609 1309540321.549591
-0.279297 0.554688 0.139648 1309540321.596587
-0.244141 0.538086 0.151367 1309540321.641588
-0.248047 0.560547 0.130859 1309540321.665592
-0.268555 0.563477 0.265625 1309540321.687594
-0.275391 0.546875 0.212891 1309540321.710592
-0.275391 0.546875 0.212891 1309540321.739590
-0.275391 0.546875 0.212891 1309540321.785587
-0.446289 0.703125 0.112305 1309540321.821596
-0.543945 0.737305 0.043945 1309540321.853592
-0.556641 0.646484 -0.050781 1309540321.876593
-0.630859 0.629883 -0.140625 1309540321.916600
-0.685547 0.629883 -0.140625 1309540321.977603
-0.689453 0.523438 -0.324219 1309540322.007598
-0.716797 0.577148 -0.458984 1309540322.027598
-0.736328 0.494141 -0.517578 1309540322.050611
-0.747070 0.351562 -0.574219 1309540322.072596
-0.772461 0.322266 -0.641602 1309540322.097594
-0.726562 0.286133 -0.677734 1309540322.155599
-0.787109 0.274414 -0.725586 1309540322.176598
-0.738281 0.234375 -0.717773 1309540322.197598
-0.708008 0.261719 -0.695312 1309540322.241597
-0.757812 0.338867 -0.621094 1309540322.266606
-0.678711 0.442383 -0.518555 1309540322.313613
-0.637695 0.420898 -0.452148 1309540322.332604
-0.668945 0.512695 -0.376953 1309540322.388611
-0.625977 0.489258 -0.336914 1309540322.390601
-0.616211 0.577148 -0.230469 1309540322.432600
-0.607422 0.647461 -0.177734 1309540322.477605
-0.573242 0.632812 -0.177734 1309540322.495605
-0.525391 0.606445 -0.083008 1309540322.520612
-0.456055 0.613281 0.011719 1309540322.592607
-0.505859 0.654297 0.051758 1309540322.635607
-0.409180 0.590820 0.088867 1309540322.636605
-0.400391 0.612305 0.127930 1309540322.660607
-0.387695 0.612305 0.127930 1309540322.681610
-0.275391 0.585938 0.086914 1309540322.725612
-0.324219 0.556641 0.028320 1309540322.745618
-0.398438 0.560547 0.113281 1309540322.787605
-0.282227 0.526367 0.141602 1309540322.810608
-0.265625 0.546875 -0.005859 1309540322.853607
-0.397461 0.615234 0.074219 1309540322.876615
-0.397461 0.615234 0.074219 1309540322.900614
-0.291992 0.648438 0.063477 1309540322.943592
-0.330078 0.646484 0.117188 1309540322.966610
-0.454102 0.573242 0.117188 1309540323.010613
-0.361328 0.610352 0.129883 1309540323.032617
-0.391602 0.662109 0.145508 1309540323.078615
-0.348633 0.632812 0.146484 1309540323.123618
-0.351562 0.656250 0.270508 1309540323.146620
-0.339844 0.662109 0.204102 1309540323.170617
-0.317383 0.582031 0.180664 1309540323.192619
-0.346680 0.680664 0.125000 1309540323.265628
-0.413086 0.739258 0.159180 1309540323.291623
-0.357422 0.675781 0.131836 1309540323.313617
-0.370117 0.679688 0.100586 1309540323.337628
-0.384766 0.665039 0.083984 1309540323.358620
-0.385742 0.672852 0.077148 1309540323.402599
-0.410156 0.665039 0.049805 1309540323.425628
-0.382812 0.622070 0.080078 1309540323.477631
-0.386719 0.581055 0.031250 1309540323.500624
-0.378906 0.573242 0.018555 1309540323.521623
-0.383789 0.547852 0.081055 1309540323.553617
-0.288086 0.564453 0.128906 1309540323.602627
-0.274414 0.529297 0.113281 1309540323.603625
-0.305664 0.532227 0.120117 1309540323.657627
-0.376953 0.573242 0.205078 1309540323.678626
-0.319336 0.583984 0.213867 1309540323.722634
-0.327148 0.551758 0.187500 1309540323.756634
-0.321289 0.584961 0.280273 1309540323.780630
-0.405273 0.584961 0.280273 1309540323.808636
-0.469727 0.574219 0.071289 1309540323.853633
-0.523438 0.547852 0.156250 1309540323.881633
-0.562500 0.681641 0.055664 1309540323.915629
-0.575195 0.654297 -0.044922 1309540323.997635
-0.613281 0.565430 -0.100586 1309540324.015634
-0.660156 0.568359 -0.149414 1309540324.016634
-0.678711 0.572266 -0.149414 1309540324.040637
-0.708984 0.554688 -0.383789 1309540324.065632
-0.756836 0.509766 -0.448242 1309540324.106647
-0.773438 0.443359 -0.498047 1309540324.137638
-0.718750 0.415039 -0.546875 1309540324.171632
-0.750977 0.377930 -0.592773 1309540324.215644
-0.750000 0.375000 -0.598633 1309540324.250643
-0.766602 0.390625 -0.600586 1309540324.271639
-0.711914 0.405273 -0.576172 1309540324.293636
-0.726562 0.339844 -0.546875 1309540324.320641
-0.760742 0.413086 -0.456055 1309540324.361643
-0.728516 0.413086 -0.456055 1309540324.390641
-0.646484 0.498047 -0.375977 1309540324.450645
-0.636719 0.544922 -0.288086 1309540324.471645
-0.634766 0.525391 -0.232422 1309540324.493643
-0.609375 0.568359 -0.175781 1309540324.568649
-0.544922 0.593750 -0.175781 1309540324.591648
-0.569336 0.591797 -0.038086 1309540324.638646
-0.493164 0.620117 0.021484 1309540324.640647
-0.457031 0.605469 0.032227 1309540324.663623
-0.459961 0.607422 0.087891 1309540324.685647
-0.441406 0.570312 0.115234 1309540324.707644
-0.390625 0.560547 0.115234 1309540324.750649
-0.325195 0.572266 0.166016 1309540324.775652
-0.311523 0.522461 0.135742 1309540324.822653
-0.353516 0.561523 0.144531 1309540324.843623
-0.345703 0.513672 0.189453 1309540324.867655
-0.300781 0.550781 0.111328 1309540324.916647
-0.300781 0.550781 0.111328 1309540324.947648
-0.490234 0.541016 0.064453 1309540324.972656
-0.403320 0.574219 0.098633 1309540325.016655
-0.334961 0.612305 0.132812 1309540325.038652
-0.344727 0.619141 0.083008 1309540325.081656
-0.339844 0.638672 0.081055 1309540325.106656
-0.455078 0.605469 0.134766 1309540325.128657
-0.375977 0.665039 0.128906 1309540325.171658
-0.319336 0.634766 0.184570 1309540325.195661
-0.341797 0.637695 0.162109 1309540325.225657
-0.365234 0.683594 0.159180 1309540325.258656
-0.402344 0.694336 0.190430 1309540325.301665
-0.326172 0.665039 0.182617 1309540325.323658
-0.235352 0.636719 0.229492 1309540325.366660
-0.299805 0.625977 0.190430 1309540325.388663
-0.294922 0.647461 0.171875 1309540325.435664
-0.342773 0.651367 0.131836 1309540325.456656
-0.361328 0.632812 0.131836 1309540325.481661
-0.339844 0.635742 0.154297 1309540325.525667
-0.426758 0.668945 0.107422 1309540325.547663
-0.372070 0.646484 0.112305 1309540325.596665
-0.387695 0.659180 0.112305 1309540325.620669
-0.430664 0.652344 0.035156 1309540325.666675
-0.440430 0.636719 0.043945 1309540325.667667
-0.403320 0.597656 0.044922 1309540325.711670
-0.389648 0.580078 0.053711 1309540325.757669
-0.391602 0.587891 0.074219 1309540325.778650
-0.291992 0.526367 0.131836 1309540325.855680
-0.231445 0.491211 0.070312 1309540325.856669
-0.223633 0.566406 0.167969 1309540325.873672
-0.266602 0.568359 0.161133 1309540325.896652
-0.377930 0.318359 0.161133 1309540325.940671
-0.381836 0.544922 0.271484 1309540325.986681
-0.395508 0.606445 0.180664 1309540326.010676
-0.424805 0.673828 0.174805 1309540326.047675
-0.424805 0.673828 0.174805 1309540326.068675
-0.524414 0.595703 0.039062 1309540326.112676
-0.498047 0.582031 -0.054688 1309540326.157677
-0.590820 0.620117 -0.119141 1309540326.200678
-0.651367 0.718750 -0.134766 1309540326.201673
-0.698242 0.619141 -0.278320 1309540326.222677
-0.695312 0.531250 -0.395508 1309540326.270664
-0.739258 0.469727 -0.485352 1309540326.301674
-0.766602 0.377930 -0.557617 1309540326.331674
-0.754883 0.345703 -0.646484 1309540326.352680
-0.767578 0.284180 -0.672852 1309540326.395682
-0.739258 0.280273 -0.723633 1309540326.416678
-0.735352 0.226562 -0.774414 1309540326.463681
-0.709961 0.231445 -0.706055 1309540326.487685
-0.758789 0.302734 -0.659180 1309540326.525684
-0.712891 0.406250 -0.537109 1309540326.567678
-0.725586 0.437500 -0.486328 1309540326.590691
-0.619141 0.464844 -0.486328 1309540326.611688
-0.632812 0.445312 -0.375977 1309540326.708692
-0.561523 0.517578 -0.289062 1309540326.727689
-0.650391 0.546875 -0.278320 1309540326.728679
-0.612305 0.544922 -0.220703 1309540326.751687
-0.568359 0.606445 -0.374023 1309540326.773689
-0.564453 0.568359 -0.374023 1309540326.796691
-0.540039 0.568359 -0.374023 1309540326.842699
-0.479492 0.539062 -0.032227 1309540326.887696
-0.439453 0.563477 0.046875 1309540326.908694
-0.422852 0.583984 0.073242 1309540326.941690
-0.392578 0.601562 0.069336 1309540326.965695
-0.392578 0.601562 0.069336 1309540327.008693
-0.342773 0.602539 0.046875 1309540327.053692
-0.273438 0.625000 0.169922 1309540327.076698
-0.282227 0.592773 0.105469 1309540327.127702
-0.395508 0.597656 0.103516 1309540327.153688
-0.459961 0.535156 0.084961 1309540327.155687
-0.376953 0.535156 0.084961 1309540327.198702
-0.359375 0.575195 0.099609 1309540327.243697
-0.377930 0.567383 0.097656 1309540327.265699
-0.403320 0.615234 0.126953 1309540327.291682
-0.396484 0.651367 0.148438 1309540327.327709
-0.309570 0.672852 0.171875 1309540327.350699
-0.238281 0.627930 0.205078 1309540327.415706
-0.272461 0.589844 0.219727 1309540327.416698
-0.291992 0.590820 0.236328 1309540327.462700
-0.327148 0.619141 0.229492 1309540327.483700
-0.312500 0.652344 0.257812 1309540327.528703
-0.283203 0.585938 0.251953 1309540327.553699
-0.246094 0.645508 0.282227 1309540327.573701
-0.246094 0.645508 0.282227 1309540327.617702
-0.274414 0.618164 0.255859 1309540327.643706
-0.245117 0.611328 0.255859 1309540327.675707
-0.248047 0.591797 0.267578 1309540327.722708
-0.250000 0.613281 0.275391 1309540327.743710
-0.256836 0.613281 0.275391 1309540327.765707
-0.266602 0.662109 0.248047 1309540327.812718
-0.296875 0.634766 0.194336 1309540327.855708
-0.309570 0.628906 0.197266 1309540327.877711
-0.313477 0.642578 0.191406 1309540327.921710
-0.313477 0.642578 0.191406 1309540327.922708
-0.402344 0.648438 0.106445 1309540327.967708
-0.439453 0.585938 0.026367 1309540328.000710
-0.409180 0.611328 0.078125 1309540328.043712
-0.384766 0.574219 0.105469 1309540328.065690
-0.287109 0.539062 0.117188 1309540328.088735
-0.255859 0.541016 0.117188 1309540328.121714
-0.239258 0.515625 0.208984 1309540328.186720
-0.263672 0.556641 0.158203 1309540328.207730
-0.258789 0.606445 0.169922 1309540328.230720
-0.372070 0.579102 0.158203 1309540328.252717
-0.447266 0.564453 0.211914 1309540328.301736
-0.415039 0.587891 0.155273 1309540328.328717
-0.486328 0.569336 0.022461 1309540328.438722
-0.530273 0.682617 0.065430 1309540328.440718
-0.562500 0.637695 0.062500 1309540328.473726
-0.544922 0.660156 -0.085938 1309540328.475721
-0.595703 0.625977 -0.123047 1309540328.482720
-0.629883 0.588867 -0.206055 1309540328.536730
-0.684570 0.512695 -0.356445 1309540328.557722
-0.753906 0.529297 -0.428711 1309540328.600465
-0.803711 0.482422 -0.472656 1309540328.625724
-0.711914 0.404297 -0.562500 1309540328.740731
-0.722656 0.300781 -0.643555 1309540328.752726
-0.795898 0.282227 -0.675781 1309540328.775738
-0.742188 0.291992 -0.756836 1309540328.795763
-0.719727 0.154297 -0.761719 1309540328.797725
-0.738281 0.261719 -0.689453 1309540328.803719
-0.711914 0.318359 -0.669922 1309540328.838729
-0.708984 0.355469 -0.669922 1309540328.861728
-0.668945 0.425781 -0.548828 1309540328.933719
-0.743164 0.445312 -0.465820 1309540328.942725
-0.633789 0.487305 -0.376953 1309540328.983710
-0.661133 0.570312 -0.317383 1309540329.011735
-0.644531 0.550781 -0.195312 1309540329.035735
-0.644531 0.550781 -0.195312 1309540329.063729
-0.599609 0.627930 -0.195312 1309540329.105733
-0.599609 0.627930 -0.195312 1309540329.128736
-0.518555 0.618164 -0.056641 1309540329.168733
-0.464844 0.568359 -0.004883 1309540329.191736
-0.466797 0.638672 0.049805 1309540329.214735
-0.450195 0.611328 0.049805 1309540329.261737
-0.438477 0.587891 -0.017578 1309540329.306739
-0.372070 0.537109 0.060547 1309540329.330738
-0.369141 0.539062 0.023438 1309540329.373737
-0.392578 0.500000 0.035156 1309540329.417739
-0.327148 0.538086 0.073242 1309540329.419738
-0.324219 0.606445 -0.021484 1309540329.447741
-0.424805 0.625000 0.079102 1309540329.490738
-0.383789 0.613281 0.096680 1309540329.533743
-0.286133 0.593750 0.083008 1309540329.556737
-0.370117 0.638672 0.093750 1309540329.580753
-0.437500 0.628906 0.161133 1309540329.605748
-0.378906 0.599609 0.082031 1309540329.647744
-0.396484 0.671875 0.107422 1309540329.701746
-0.365234 0.667969 0.108398 1309540329.727743
-0.342773 0.638672 0.168945 1309540329.747748
-0.292969 0.651367 0.191406 1309540329.770744
-0.254883 0.650391 0.203125 1309540329.812744
-0.299805 0.673828 0.166016 1309540329.855749
-0.335938 0.654297 0.198242 1309540329.876750
-0.276367 0.628906 0.219727 1309540329.897747
-0.248047 0.622070 0.226562 1309540329.942746
-0.258789 0.573242 0.267578 1309540329.965744
-0.008789 0.573242 0.267578 1309540329.987718
-0.008789 0.573242 0.267578 1309540330.032750
-0.237305 0.607422 0.275391 1309540330.075751
-0.224609 0.596680 0.283203 1309540330.097753
-0.250000 0.618164 0.267578 1309540330.141754
-0.242188 0.656250 0.265625 1309540330.162747
-0.271484 0.644531 0.265625 1309540330.188759
-0.258789 0.650391 0.252930 1309540330.237753
-0.314453 0.604492 0.275391 1309540330.280756
-0.274414 0.627930 0.255859 1309540330.281754
-0.259766 0.602539 0.284180 1309540330.323764
-0.265625 0.618164 0.276367 1309540330.347765
-0.246094 0.626953 0.275391 1309540330.391759
-0.256836 0.605469 0.266602 1309540330.413759
-0.285156 0.601562 0.291016 1309540330.461739
-0.229492 0.628906 0.286133 1309540330.485762
-0.253906 0.609375 0.284180 1309540330.507886
-0.278320 0.642578 0.305664 1309540330.551762
-0.228516 0.609375 0.266602 1309540330.576764
-0.245117 0.605469 0.288086 1309540330.622761
-0.233398 0.597656 0.264648 1309540330.645760
-0.250000 0.599609 0.290039 1309540330.668763
-0.250000 0.635742 0.308594 1309540330.713895
-0.272461 0.642578 0.308594 1309540330.735765
-0.421875 0.441406 0.342773 1309540330.780767
-0.275391 0.622070 0.276367 1309540330.806784
-0.188477 0.651367 0.300781 1309540330.848772
-0.277344 0.620117 0.302734 1309540330.871770
-0.291992 0.593750 0.296875 1309540330.897769
-0.258789 0.586914 0.296875 1309540330.940765
-0.238281 0.607422 0.305664 1309540330.991770
-0.223633 0.639648 0.314453 1309540331.017763
-0.250977 0.580078 0.320312 1309540331.040772
-0.228516 0.626953 0.312500 1309540331.062769
-0.209961 0.620117 0.322266 1309540331.087776
-0.209961 0.620117 0.322266 1309540331.132772
-0.205078 0.611328 0.306641 1309540331.156778
-0.216797 0.609375 0.319336 1309540331.200774
-0.235352 0.607422 0.311523 1309540331.222774
-0.235352 0.605469 0.317383 1309540331.267773
-0.254883 0.597656 0.318359 1309540331.292777
-0.226562 0.597656 0.310547 1309540331.317774
-0.227539 0.627930 0.305664 1309540331.360776
-0.223633 0.619141 0.269531 1309540331.383763
-0.238281 0.623047 0.307617 1309540331.433748
-0.230469 0.591797 0.298828 1309540331.458795
