-0.065430 0.749023 -0.212891 1310078665.165762
-0.096680 0.746094 -0.219727 1310078665.186782
-0.090820 0.717773 -0.243164 1310078665.231864
-0.125977 0.719727 -0.272461 1310078665.252763
-0.129883 0.642578 -0.232422 1310078665.297872
-0.129883 0.649414 -0.226562 1310078665.321799
-0.147461 0.524414 -0.249023 1310078665.344880
-0.115234 0.492188 -0.262695 1310078665.365873
-0.080078 0.492188 -0.262695 1310078665.409832
-0.038086 0.400391 -0.132812 1310078665.446864
-0.040039 0.593750 -0.169922 1310078665.469873
-0.057617 0.594727 -0.294922 1310078665.514582
-0.068359 0.590820 -0.305664 1310078665.535803
-0.114258 0.546875 -0.305664 1310078665.560859
-0.207031 0.546875 -0.305664 1310078665.604818
-0.131836 0.598633 -0.322266 1310078665.684817
-0.108398 0.709961 -0.252930 1310078665.709792
-0.221680 0.878906 -0.355469 1310078665.775813
-0.230469 0.670898 -0.373047 1310078665.814792
-0.480469 0.670898 -0.373047 1310078665.837865
-0.369141 0.944336 -0.330078 1310078665.848789
-0.122070 0.699219 -0.422852 1310078665.873865
-0.157227 0.773438 -0.387695 1310078665.894833
-0.346680 0.836914 -0.382812 1310078665.920867
-0.346680 0.836914 -0.382812 1310078665.965859
-0.227539 0.833008 -0.351562 1310078665.992837
-0.202148 0.870117 -0.391602 1310078666.036830
-0.192383 0.833008 -0.402344 1310078666.057824
-0.228516 0.857422 -0.329102 1310078666.079856
-0.189453 0.824219 -0.277344 1310078666.122847
-0.156250 0.947266 -0.244141 1310078666.147848
-0.182617 0.876953 -0.285156 1310078666.186825
-0.189453 0.905273 -0.178711 1310078666.226850
-0.102539 0.862305 -0.176758 1310078666.259538
-0.074219 0.781250 -0.110352 1310078666.281868
-0.026367 0.755859 0.008789 1310078666.302828
-0.000977 0.679688 -0.025391 1310078666.345844
-0.025391 0.722656 0.006836 1310078666.390854
-0.010742 0.678711 0.036133 1310078666.411879
-0.009766 0.732422 0.032227 1310078666.439888
-0.006836 0.769531 0.013672 1310078666.489829
-0.006836 0.750977 0.054688 1310078666.490887
0.021484 0.745117 0.009766 1310078666.602098
0.005859 0.722656 -0.007812 1310078666.624835
0.005859 0.682617 0.027344 1310078666.629892
-0.007812 0.689453 0.012695 1310078666.630799
0.018555 0.732422 0.003906 1310078666.672883
-0.001953 0.783203 0.003906 1310078666.695816
0.036133 0.732422 -0.016602 1310078666.739758
-0.014648 0.701172 0.013672 1310078666.787801
0.035156 0.682617 0.004883 1310078666.807828
0.037109 0.769531 0.029297 1310078666.844799
0.035156 0.920898 0.005859 1310078666.857784
-0.041992 1.048828 -0.121094 1310078666.888855
-0.206055 1.206055 -0.271484 1310078666.920840
-0.165039 0.994141 -0.267578 1310078666.962803
-0.145508 0.982422 -0.288086 1310078667.059833
-0.288086 0.927734 -0.384766 1310078667.060803
-0.265625 0.873047 -0.383789 1310078667.076852
-0.265625 0.873047 -0.383789 1310078667.077819
-0.269531 0.865234 -0.387695 1310078667.122801
-0.248047 0.871094 -0.355469 1310078667.145810
-0.259766 0.855469 -0.279297 1310078667.179822
-0.168945 0.782227 -0.271484 1310078667.221847
-0.177734 0.706055 -0.254883 1310078667.242833
-0.149414 0.577148 -0.232422 1310078667.285893
-0.094727 0.596680 -0.227539 1310078667.308809
-0.125977 0.515625 -0.190430 1310078667.350844
-0.107422 0.459961 -0.226562 1310078667.371804
-0.060547 0.467773 -0.261719 1310078667.414874
-0.120117 0.457031 -0.212891 1310078667.435821
-0.123047 0.416016 -0.198242 1310078667.477820
-0.078125 0.479492 -0.220703 1310078667.500908
-0.032227 0.508789 -0.247070 1310078667.542853
-0.143555 0.570312 -0.263672 1310078667.566904
-0.174805 0.592773 -0.248047 1310078667.591836
-0.154297 0.630859 -0.242188 1310078667.636914
-0.119141 0.657227 -0.256836 1310078667.681880
-0.095703 0.686523 -0.288086 1310078667.705864
-0.205078 0.729492 -0.215820 1310078667.731842
-0.155273 0.716797 -0.204102 1310078667.757852
-0.123047 0.729492 -0.195312 1310078667.800845
-0.067383 0.719727 -0.167969 1310078667.821841
-0.083984 0.756836 -0.139648 1310078667.863898
-0.074219 0.726562 -0.154297 1310078667.886905
-0.049805 0.732422 -0.160156 1310078667.932919
-0.067383 0.742188 -0.154297 1310078667.965911
-0.083984 0.746094 -0.149414 1310078667.988830
-0.083984 0.746094 -0.149414 1310078668.012913
-0.073242 0.740234 -0.144531 1310078668.056841
-0.041992 0.745117 -0.144531 1310078668.078909
-0.029297 0.760742 -0.160156 1310078668.126885
-0.070312 0.733398 -0.124023 1310078668.148873
-0.096680 0.730469 -0.163086 1310078668.171928
-0.096680 0.730469 -0.163086 1310078668.216917
-0.126953 0.733398 -0.249023 1310078668.241948
-0.176758 0.726562 -0.247070 1310078668.285866
-0.147461 0.667969 -0.284180 1310078668.351829
-0.143555 0.607422 -0.334961 1310078668.352824
-0.151367 0.517578 -0.279297 1310078668.372814
-0.115234 0.503906 -0.301758 1310078668.417880
-0.074219 0.550781 -0.296875 1310078668.438910
-0.139648 0.431641 -0.270508 1310078668.463877
-0.130859 0.389648 -0.179688 1310078668.500920
-0.043945 0.478516 -0.245117 1310078668.526906
-0.065430 0.490234 -0.226562 1310078668.570891
-0.091797 0.591797 -0.263672 1310078668.615891
-0.115234 0.619141 -0.284180 1310078668.640889
-0.139648 0.605469 -0.276367 1310078668.663867
-0.194336 0.681641 -0.356445 1310078668.697917
-0.166016 0.660156 -0.263672 1310078668.740922
-0.188477 0.706055 -0.301758 1310078668.761853
-0.370117 0.833984 -0.304688 1310078668.807924
-0.261719 0.876953 -0.384766 1310078668.838926
-0.200195 0.695312 -0.359375 1310078668.861925
-0.294922 0.811523 -0.246094 1310078668.905853
-0.321289 0.847656 -0.331055 1310078668.927812
-0.210938 0.726562 -0.331055 1310078668.949824
-0.182617 0.798828 -0.323242 1310078668.998860
-0.280273 0.916016 -0.408203 1310078669.021870
-0.200195 0.881836 -0.367188 1310078669.045858
-0.176758 0.942383 -0.415039 1310078669.091883
-0.200195 0.951172 -0.292969 1310078669.135934
-0.200195 0.951172 -0.292969 1310078669.156867
-0.124023 0.937500 -0.193359 1310078669.180929
-0.090820 0.988281 -0.108398 1310078669.221925
-0.043945 0.765625 -0.110352 1310078669.246940
-0.064453 0.689453 -0.083008 1310078669.272818
-0.081055 0.625000 -0.023438 1310078669.315861
-0.070312 0.694336 0.002930 1310078669.340896
-0.088867 0.726562 -0.004883 1310078669.385893
-0.116211 0.773438 0.025391 1310078669.410937
-0.067383 0.759766 -0.004883 1310078669.442950
-0.093750 0.719727 0.062500 1310078669.475955
-0.053711 0.757812 0.060547 1310078669.503952
-0.067383 0.685547 0.057617 1310078669.543860
-0.001953 0.665039 0.026367 1310078669.617903
0.048828 0.666992 -0.006836 1310078669.642919
-0.010742 0.685547 0.011719 1310078669.643858
-0.020508 0.710938 0.035156 1310078669.665894
-0.007812 0.732422 0.033203 1310078669.701938
0.009766 0.914062 0.006836 1310078669.725893
-0.137695 1.139648 -0.073242 1310078669.768913
-0.227539 1.144531 -0.197266 1310078669.817863
-0.233398 1.031250 -0.229492 1310078669.818866
-0.213867 1.065430 -0.294922 1310078669.852868
-0.175781 0.962891 -0.341797 1310078669.895901
-0.275391 0.949219 -0.363281 1310078669.921890
-0.280273 0.922852 -0.364258 1310078669.967852
-0.266602 0.910156 -0.352539 1310078669.992928
-0.291016 0.933594 -0.325195 1310078670.013877
-0.238281 0.828125 -0.285156 1310078670.057910
-0.238281 0.828125 -0.285156 1310078670.080872
-0.156250 0.686523 -0.229492 1310078670.123874
-0.088867 0.600586 -0.210938 1310078670.150897
-0.087891 0.554688 -0.178711 1310078670.197897
-0.048828 0.467773 -0.193359 1310078670.220884
-0.067383 0.473633 -0.132812 1310078670.242885
-0.072266 0.462891 -0.132812 1310078670.265905
-0.065430 0.393555 -0.224609 1310078670.307860
-0.119141 0.449219 -0.230469 1310078670.341957
-0.159180 0.449219 -0.230469 1310078670.365874
-0.130859 0.492188 -0.193359 1310078670.412884
-0.113281 0.565430 -0.233398 1310078670.433897
-0.093750 0.622070 -0.219727 1310078670.463887
-0.136719 0.673828 -0.154297 1310078670.511874
-0.117188 0.725586 -0.133789 1310078670.536896
-0.109375 0.708008 -0.151367 1310078670.580886
-0.139648 0.742188 -0.145508 1310078670.605876
-0.109375 0.699219 -0.122070 1310078670.627873
-0.099609 0.699219 -0.122070 1310078670.651871
-0.099609 0.699219 -0.122070 1310078670.696862
-0.043945 0.718750 -0.109375 1310078670.730851
-0.058594 0.730469 -0.090820 1310078670.753886
-0.065430 0.759766 -0.113281 1310078670.792891
-0.079102 0.734375 -0.113281 1310078670.814859
-0.110352 0.755859 -0.124023 1310078670.859557
-0.094727 0.716797 -0.109375 1310078670.927881
-0.071289 0.747070 -0.104492 1310078670.928860
-0.037109 0.720703 -0.092773 1310078670.948863
-0.048828 0.752930 -0.118164 1310078670.995907
-0.079102 0.721680 -0.118164 1310078671.016969
-0.077148 0.726562 -0.156250 1310078671.046879
-0.145508 0.680664 -0.201172 1310078671.091900
-0.130859 0.626953 -0.253906 1310078671.115931
-0.122070 0.652344 -0.230469 1310078671.138912
-0.151367 0.606445 -0.243164 1310078671.182862
-0.151367 0.606445 -0.243164 1310078671.207884
-0.126953 0.447266 -0.285156 1310078671.253904
-0.112305 0.407227 -0.259766 1310078671.276904
-0.102539 0.467773 -0.204102 1310078671.321936
-0.076172 0.483398 -0.208008 1310078671.343919
-0.125977 0.592773 -0.275391 1310078671.366908
-0.181641 0.565430 -0.271484 1310078671.408903
-0.153320 0.552734 -0.190430 1310078671.432901
-0.189453 0.670898 -0.245117 1310078671.476926
-0.212891 0.762695 -0.330078 1310078671.520881
-0.212891 0.727539 -0.265625 1310078671.541930
-0.270508 0.784180 -0.289062 1310078671.564920
-0.266602 0.802734 -0.367188 1310078671.616978
-0.250000 0.803711 -0.297852 1310078671.640933
-0.230469 0.774414 -0.278320 1310078671.663929
-0.213867 0.827148 -0.321289 1310078671.687946
-0.254883 0.785156 -0.329102 1310078671.721986
-0.236328 0.857422 -0.329102 1310078671.745934
-0.234375 0.883789 -0.348633 1310078671.798930
-0.143555 0.860352 -0.367188 1310078671.821866
-0.191406 0.898438 -0.383789 1310078671.865931
-0.225586 0.890625 -0.383789 1310078671.910939
-0.170898 0.976562 -0.313477 1310078671.911963
-0.065430 1.216797 -0.178711 1310078671.959964
-0.041992 0.866211 -0.198242 1310078671.981945
-0.049805 0.860352 -0.120117 1310078672.026979
-0.038086 0.816406 -0.047852 1310078672.048936
-0.022461 0.707031 0.005859 1310078672.093987
-0.080078 0.687500 0.086914 1310078672.117957
-0.040039 0.644531 0.086914 1310078672.193967
-0.039062 0.695312 0.132812 1310078672.238910
0.022461 0.679688 0.115234 1310078672.241935
0.013672 0.714844 0.113281 1310078672.243894
0.036133 0.692383 0.098633 1310078672.287944
0.017578 0.699219 0.079102 1310078672.311997
0.015625 0.738281 0.079102 1310078672.324934
0.017578 0.715820 0.055664 1310078672.367901
-0.026367 0.707031 0.067383 1310078672.412248
-0.005859 0.686523 0.078125 1310078672.453927
-0.013672 0.706055 0.051758 1310078672.488011
0.038086 0.714844 0.068359 1310078672.488961
0.053711 0.688477 0.076172 1310078672.535938
0.016602 0.742188 0.088867 1310078672.578957
0.096680 0.793945 0.081055 1310078672.600933
0.176758 1.188477 -0.012695 1310078672.623945
-0.258789 1.073242 -0.337891 1310078672.668939
-0.380859 1.121094 -0.339844 1310078672.678912
-0.380859 1.121094 -0.339844 1310078672.723920
-0.189453 0.936523 -0.381836 1310078672.760964
-0.279297 0.939453 -0.387695 1310078672.783932
-0.369141 0.949219 -0.379883 1310078672.830941
-0.304688 0.906250 -0.366211 1310078672.851922
-0.313477 0.821289 -0.366211 1310078672.894940
-0.264648 0.792969 -0.317383 1310078672.927109
-0.224609 0.754883 -0.267578 1310078672.947907
-0.133789 0.673828 -0.271484 1310078672.991923
-0.136719 0.576172 -0.234375 1310078673.015927
-0.150391 0.557617 -0.230469 1310078673.058910
-0.074219 0.307617 -0.230469 1310078673.081954
-0.106445 0.409180 -0.184570 1310078673.125983
-0.095703 0.451172 -0.237305 1310078673.146965
-0.105469 0.439453 -0.240234 1310078673.169017
-0.145508 0.436523 -0.222656 1310078673.203987
-0.112305 0.469727 -0.218750 1310078673.247948
-0.112305 0.469727 -0.218750 1310078673.270969
-0.177734 0.611328 -0.260742 1310078673.319028
-0.133789 0.630859 -0.237305 1310078673.342027
-0.128906 0.673828 -0.239258 1310078673.386962
-0.115234 0.660156 -0.249023 1310078673.413933
-0.125000 0.689453 -0.229492 1310078673.450942
-0.114258 0.722656 -0.183594 1310078673.512022
-0.097656 0.717773 -0.184570 1310078673.512936
-0.062500 0.727539 -0.193359 1310078673.536018
-0.074219 0.722656 -0.182617 1310078673.557953
-0.106445 0.749023 -0.129883 1310078673.602963
-0.093750 0.734375 -0.141602 1310078673.624979
-0.065430 0.708984 -0.157227 1310078673.680939
-0.060547 0.772461 -0.153320 1310078673.704931
-0.077148 0.740234 -0.163086 1310078673.725966
-0.102539 0.738281 -0.196289 1310078673.766034
-0.085938 0.736328 -0.189453 1310078673.788023
-0.116211 0.711914 -0.251953 1310078673.811976
-0.116211 0.711914 -0.251953 1310078673.857918
-0.149414 0.660156 -0.223633 1310078673.881935
-0.137695 0.627930 -0.244141 1310078673.925972
-0.141602 0.521484 -0.263672 1310078673.949040
-0.172852 0.450195 -0.293945 1310078673.981952
-0.105469 0.398438 -0.250977 1310078674.026996
-0.112305 0.365234 -0.160156 1310078674.048963
-0.031250 0.405273 -0.196289 1310078674.092035
-0.054688 0.491211 -0.236328 1310078674.112962
-0.207031 0.502930 -0.220703 1310078674.138940
-0.237305 0.603516 -0.252930 1310078674.183945
-0.237305 0.603516 -0.252930 1310078674.206986
-0.089844 0.678711 -0.229492 1310078674.238951
-0.218750 0.809570 -0.324219 1310078674.287042
-0.275391 0.721680 -0.246094 1310078674.308055
-0.325195 0.832031 -0.305664 1310078674.331012
-0.207031 0.873047 -0.316406 1310078674.380990
-0.117188 0.873047 -0.316406 1310078674.402043
-0.235352 0.840820 -0.330078 1310078674.436117
-0.222656 0.726562 -0.324219 1310078674.478000
-0.185547 0.853516 -0.383789 1310078674.522039
-0.244141 0.931641 -0.416992 1310078674.523034
-0.233398 1.011719 -0.431641 1310078674.548996
-0.233398 1.011719 -0.431641 1310078674.592952
-0.194336 1.132812 -0.343750 1310078674.636040
-0.154297 1.164062 -0.262695 1310078674.657998
-0.041016 0.771484 -0.270508 1310078674.700978
0.039062 0.859375 -0.068359 1310078674.721967
0.074219 0.669922 0.004883 1310078674.788941
0.010742 0.724609 0.015625 1310078674.790940
-0.011719 0.692383 0.052734 1310078674.831944
0.024414 0.730469 0.096680 1310078674.858982
-0.003906 0.726562 0.083984 1310078674.908936
0.000000 0.720703 0.098633 1310078674.912972
-0.016602 0.693359 0.138672 1310078674.958951
0.002930 0.688477 0.113281 1310078675.051009
0.015625 0.658203 0.127930 1310078675.071977
0.012695 0.698242 0.125000 1310078675.072957
-0.012695 0.701172 0.109375 1310078675.112013
-0.014648 0.745117 0.072266 1310078675.117975
-0.021484 0.666016 0.030273 1310078675.134967
0.002930 0.698242 0.040039 1310078675.180984
0.008789 0.708984 0.076172 1310078675.203980
0.004883 0.698242 0.069336 1310078675.265983
0.006836 0.698242 0.102539 1310078675.268050
0.012695 0.697266 0.134766 1310078675.296046
0.012695 0.697266 0.134766 1310078675.337988
0.065430 0.998047 -0.010742 1310078675.363011
-0.300781 1.284180 -0.225586 1310078675.406988
-0.226562 1.158203 -0.263672 1310078675.427965
-0.228516 1.025391 -0.257812 1310078675.474011
-0.209961 0.990234 -0.303711 1310078675.495992
-0.190430 0.998047 -0.303711 1310078675.542022
-0.218750 0.954102 -0.346680 1310078675.572015
-0.247070 0.885742 -0.321289 1310078675.597057
-0.260742 0.888672 -0.263672 1310078675.621015
-0.198242 0.789062 -0.263672 1310078675.662985
-0.171875 0.757812 -0.234375 1310078675.684986
-0.157227 0.703125 -0.192383 1310078675.728072
-0.098633 0.552734 -0.215820 1310078675.751031
-0.117188 0.462891 -0.186523 1310078675.781017
-0.089844 0.490234 -0.191406 1310078675.822002
-0.116211 0.463867 -0.191406 1310078675.844024
-0.109375 0.462891 -0.192383 1310078675.889092
-0.088867 0.437500 -0.195312 1310078675.931572
-0.100586 0.460938 -0.214844 1310078675.958017
-0.111328 0.456055 -0.294922 1310078675.978980
-0.137695 0.523438 -0.196289 1310078676.056043
-0.108398 0.570312 -0.219727 1310078676.081026
-0.106445 0.597656 -0.203125 1310078676.082026
-0.104492 0.669922 -0.190430 1310078676.103067
-0.127930 0.726562 -0.170898 1310078676.144006
-0.131836 0.736328 -0.166992 1310078676.168082
-0.074219 0.701172 -0.181641 1310078676.212081
-0.102539 0.715820 -0.133789 1310078676.233077
-0.063477 0.715820 -0.133789 1310078676.269033
-0.063477 0.715820 -0.133789 1310078676.303972
-0.057617 0.729492 -0.141602 1310078676.348048
-0.083008 0.744141 -0.129883 1310078676.369070
-0.058594 0.702148 -0.111328 1310078676.393051
-0.024414 0.753906 -0.125000 1310078676.432083
-0.000977 0.736328 -0.065430 1310078676.454085
-0.050781 0.755859 -0.065430 1310078676.497084
-0.108398 0.755859 -0.065430 1310078676.519087
-0.067383 0.711914 -0.136719 1310078676.567021
-0.129883 0.725586 -0.210938 1310078676.611129
-0.164062 0.724609 -0.307617 1310078676.611992
-0.186523 0.671875 -0.261719 1310078676.664005
-0.115234 0.582031 -0.198242 1310078676.686040
-0.077148 0.561523 -0.228516 1310078676.729039
-0.112305 0.554688 -0.215820 1310078676.751995
-0.099609 0.446289 -0.265625 1310078676.777051
-0.082031 0.466797 -0.229492 1310078676.821005
-0.067383 0.418945 -0.180664 1310078676.866039
-0.125977 0.399414 -0.166016 1310078676.888035
-0.174805 0.537109 -0.174805 1310078676.909115
-0.126953 0.654297 -0.212891 1310078676.953050
-0.067383 0.613281 -0.251953 1310078676.977022
-0.165039 0.599609 -0.251953 1310078677.007009
-0.337891 0.737305 -0.215820 1310078677.061033
-0.367188 0.871094 -0.305664 1310078677.082007
-0.310547 0.811523 -0.352539 1310078677.126989
-0.417969 0.904297 -0.214844 1310078677.152994
-0.202148 0.886719 -0.346680 1310078677.175982
-0.063477 0.587891 -0.267578 1310078677.199001
-0.223633 0.652344 -0.214844 1310078677.243997
-0.317383 0.712891 -0.264648 1310078677.288028
-0.206055 0.825195 -0.287109 1310078677.362027
-0.214844 0.874023 -0.222656 1310078677.362991
-0.213867 0.977539 -0.277344 1310078677.384018
-0.463867 0.977539 -0.277344 1310078677.403985
-0.223633 1.134766 -0.295898 1310078677.426015
-0.151367 1.082031 -0.244141 1310078677.468096
-0.021484 0.930664 -0.100586 1310078677.489002
0.015625 0.927734 0.041992 1310078677.533022
-0.008789 0.686523 0.010742 1310078677.556022
-0.067383 0.624023 -0.016602 1310078677.598006
-0.048828 0.650391 0.063477 1310078677.626001
-0.092773 0.697266 0.044922 1310078677.649002
-0.158203 0.773438 0.061523 1310078677.693012
-0.048828 0.868164 0.151367 1310078677.726990
-0.017578 0.749023 0.141602 1310078677.750006
0.067383 0.675781 0.164062 1310078677.828007
0.088867 0.634766 0.196289 1310078677.828999
0.069336 0.694336 0.211914 1310078677.872102
0.026367 0.655273 0.223633 1310078677.873017
-0.012695 0.720703 0.197266 1310078677.926227
0.000977 0.755859 0.150391 1310078677.941084
0.000977 0.755859 0.150391 1310078677.967099
0.039062 0.722656 0.185547 1310078678.011041
0.027344 0.639648 0.154297 1310078678.056110
0.053711 0.648438 0.164062 1310078678.078023
0.019531 0.691406 0.181641 1310078678.101117
0.050781 0.691406 0.181641 1310078678.146070
0.052734 0.612305 0.142578 1310078678.177119
0.017578 0.681641 0.137695 1310078678.198106
0.034180 0.634766 0.129883 1310078678.243020
0.049805 0.820312 0.086914 1310078678.288073
0.094727 1.024414 0.082031 1310078678.311071
-0.176758 1.274414 0.082031 1310078678.332118
-0.237305 1.150391 -0.286133 1310078678.377115
-0.272461 1.043945 -0.371094 1310078678.399124
-0.286133 0.968750 -0.389648 1310078678.443062
-0.253906 0.882812 -0.340820 1310078678.468120
-0.267578 0.963867 -0.362305 1310078678.512126
-0.284180 0.929688 -0.398438 1310078678.514114
-0.258789 0.865234 -0.335938 1310078678.558063
-0.228516 0.837891 -0.295898 1310078678.632028
-0.170898 0.773438 -0.297852 1310078678.659092
-0.162109 0.728516 -0.269531 1310078678.661091
-0.087891 0.617188 -0.218750 1310078678.683050
-0.087891 0.617188 -0.218750 1310078678.727093
-0.086914 0.460938 -0.187500 1310078678.764054
-0.071289 0.451172 -0.189453 1310078678.787114
-0.047852 0.429688 -0.210938 1310078678.809077
-0.095703 0.421875 -0.219727 1310078678.852046
-0.125977 0.482422 -0.244141 1310078678.873120
-0.140625 0.439453 -0.207031 1310078678.916120
-0.119141 0.506836 -0.202148 1310078678.962143
-0.101562 0.537109 -0.241211 1310078678.983134
-0.117188 0.584961 -0.279297 1310078679.006067
-0.074219 0.616211 -0.250000 1310078679.047133
-0.071289 0.697266 -0.221680 1310078679.070148
-0.101562 0.693359 -0.190430 1310078679.104062
-0.105469 0.764648 -0.165039 1310078679.147141
-0.067383 0.757812 -0.121094 1310078679.176132
-0.063477 0.714844 -0.140625 1310078679.199042
-0.034180 0.705078 -0.134766 1310078679.244036
-0.071289 0.707031 -0.134766 1310078679.268126
-0.071289 0.707031 -0.134766 1310078679.291069
-0.078125 0.773438 -0.160156 1310078679.337089
-0.079102 0.781250 -0.195312 1310078679.358107
