-0.375000 0.703125 -0.597656 1310581353.202036
-0.320312 0.765625 -0.613281 1310581353.223005
-0.215820 0.675781 -0.499023 1310581353.267030
-0.131836 0.667969 -0.498047 1310581353.310127
-0.132812 0.685547 -0.479492 1310581353.332091
-0.198242 0.648438 -0.503906 1310581353.377028
-0.147461 0.661133 -0.479492 1310581353.398007
-0.115234 0.661133 -0.479492 1310581353.420008
-0.197266 0.603516 -0.496094 1310581353.475126
-0.190430 0.608398 -0.516602 1310581353.516151
-0.163086 0.571289 -0.509766 1310581353.517141
-0.114258 0.607422 -0.431641 1310581353.562063
-0.097656 0.587891 -0.407227 1310581353.586078
-0.076172 0.587891 -0.407227 1310581353.610120
-0.184570 0.648438 -0.460938 1310581353.652150
-0.228516 0.650391 -0.444336 1310581353.675042
-0.248047 0.746094 -0.479492 1310581353.717014
-0.208008 0.787109 -0.511719 1310581353.740065
-0.270508 0.771484 -0.416992 1310581353.773093
-0.232422 0.775391 -0.385742 1310581353.818146
-0.125977 0.714844 -0.333008 1310581353.843048
-0.162109 0.673828 -0.354492 1310581353.907181
-0.182617 0.583984 -0.372070 1310581353.973051
-0.179688 0.619141 -0.424805 1310581353.975040
-0.285156 0.599609 -0.426758 1310581353.995020
-0.385742 0.634766 -0.547852 1310581354.017018
-0.365234 0.603516 -0.499023 1310581354.040088
-0.237305 0.637695 -0.365234 1310581354.066025
-0.118164 0.801758 -0.225586 1310581354.091023
-0.000977 0.773438 -0.360352 1310581354.142079
-0.006836 0.745117 -0.474609 1310581354.163093
-0.130859 0.674805 -0.420898 1310581354.185083
-0.192383 0.638672 -0.437500 1310581354.230153
-0.202148 0.661133 -0.418945 1310581354.276048
-0.280273 0.701172 -0.451172 1310581354.297027
-0.269531 0.646484 -0.451172 1310581354.320057
-0.227539 0.683594 -0.451172 1310581354.364036
-0.211914 0.669922 -0.425781 1310581354.386026
-0.283203 0.691406 -0.425781 1310581354.430105
-0.258789 0.666016 -0.435547 1310581354.473121
-0.258789 0.646484 -0.408203 1310581354.495163
-0.193359 0.667969 -0.388672 1310581354.517151
-0.148438 0.710938 -0.291992 1310581354.540174
-0.146484 0.735352 -0.284180 1310581354.587167
-0.063477 0.696289 -0.335938 1310581354.636038
-0.129883 0.677734 -0.313477 1310581354.652036
-0.199219 0.690430 -0.230469 1310581354.673063
-0.180664 0.736328 -0.342773 1310581354.717082
-0.180664 0.736328 -0.342773 1310581354.740092
-0.183594 0.689453 -0.391602 1310581354.783092
-0.228516 0.720703 -0.358398 1310581354.851038
-0.247070 0.745117 -0.351562 1310581354.866098
-0.143555 0.669922 -0.399414 1310581354.867090
-0.176758 0.657227 -0.449219 1310581354.892109
-0.300781 0.657227 -0.449219 1310581354.935041
-0.285156 0.613281 -0.388672 1310581354.971047
-0.237305 0.625000 -0.417969 1310581354.996066
-0.281250 0.646484 -0.403320 1310581355.047088
-0.255859 0.686523 -0.373047 1310581355.073112
-0.116211 0.736328 -0.354492 1310581355.096182
-0.121094 0.750000 -0.369141 1310581355.138187
-0.090820 0.658203 -0.529297 1310581355.160061
-0.309570 0.639648 -0.513672 1310581355.285101
-0.354492 0.609375 -0.432617 1310581355.286103
-0.271484 0.654297 -0.421875 1310581355.287084
-0.211914 0.686523 -0.467773 1310581355.296152
-0.168945 0.643555 -0.448242 1310581355.338074
-0.156250 0.672852 -0.440430 1310581355.360043
-0.166016 0.667969 -0.395508 1310581355.382047
-0.233398 0.667969 -0.406250 1310581355.426130
-0.250977 0.747070 -0.424805 1310581355.471178
-0.253906 0.747070 -0.424805 1310581355.472127
-0.003906 0.747070 -0.424805 1310581355.519142
-0.150391 0.642578 -0.350586 1310581355.562074
-0.037109 0.750000 -0.309570 1310581355.585106
-0.056641 0.724609 -0.397461 1310581355.606065
-0.113281 0.681641 -0.337891 1310581355.648085
-0.151367 0.668945 -0.337891 1310581355.670117
-0.214844 0.722656 -0.443359 1310581355.716153
-0.241211 0.692383 -0.449219 1310581355.752104
-0.284180 0.708008 -0.411133 1310581355.773082
-0.241211 0.663086 -0.407227 1310581355.803058
-0.214844 0.675781 -0.406250 1310581355.848130
-0.261719 0.642578 -0.415039 1310581355.869196
-0.261719 0.642578 -0.415039 1310581355.900076
-0.284180 0.654297 -0.437500 1310581355.976085
-0.270508 0.625000 -0.438477 1310581356.005089
-0.281250 0.565430 -0.448242 1310581356.006080
-0.228516 0.623047 -0.469727 1310581356.026079
-0.254883 0.699219 -0.401367 1310581356.070192
-0.221680 0.668945 -0.316406 1310581356.106193
-0.089844 0.726562 -0.322266 1310581356.128160
0.062500 0.791992 -0.450195 1310581356.152136
-0.108398 0.691406 -0.571289 1310581356.190065
-0.321289 0.600586 -0.391602 1310581356.218067
-0.313477 0.594727 -0.450195 1310581356.263195
-0.228516 0.630859 -0.483398 1310581356.307067
-0.185547 0.671875 -0.387695 1310581356.328098
-0.137695 0.714844 -0.402344 1310581356.353086
-0.166016 0.703125 -0.403320 1310581356.397132
-0.192383 0.692383 -0.403320 1310581356.408159
-0.183594 0.674805 -0.403320 1310581356.451163
-0.183594 0.674805 -0.403320 1310581356.477199
-0.180664 0.666016 -0.400391 1310581356.529229
-0.147461 0.701172 -0.359375 1310581356.554122
-0.109375 0.697266 -0.356445 1310581356.577092
-0.167969 0.654297 -0.403320 1310581356.621100
-0.208984 0.691406 -0.495117 1310581356.649076
-0.250977 0.716797 -0.495117 1310581356.667172
-0.200195 0.708984 -0.380859 1310581356.714181
-0.166992 0.646484 -0.405273 1310581356.757074
-0.237305 0.659180 -0.426758 1310581356.779074
-0.237305 0.659180 -0.426758 1310581356.801108
-0.206055 0.708984 -0.425781 1310581356.854103
-0.208008 0.654297 -0.431641 1310581356.876076
-0.234375 0.654297 -0.398438 1310581356.898109
-0.233398 0.662109 -0.397461 1310581356.943082
-0.216797 0.665039 -0.414062 1310581356.966078
-0.196289 0.683594 -0.415039 1310581357.011196
-0.239258 0.658203 -0.471680 1310581357.034156
-0.228516 0.631836 -0.458008 1310581357.058213
-0.262695 0.666992 -0.412109 1310581357.102135
-0.171875 0.692383 -0.389648 1310581357.147085
-0.076172 0.710938 -0.427734 1310581357.171110
-0.177734 0.712891 -0.505859 1310581357.179108
-0.283203 0.634766 -0.458984 1310581357.227110
-0.260742 0.635742 -0.475586 1310581357.269108
-0.276367 0.661133 -0.420898 1310581357.294125
-0.249023 0.660156 -0.405273 1310581357.356219
-0.188477 0.676758 -0.457031 1310581357.357215
-0.148438 0.664062 -0.403320 1310581357.399122
-0.180664 0.694336 -0.375977 1310581357.425507
-0.191406 0.699219 -0.430664 1310581357.463171
-0.220703 0.738281 -0.380859 1310581357.486190
-0.165039 0.669922 -0.393555 1310581357.509228
-0.122070 0.669922 -0.393555 1310581357.552092
-0.127930 0.714844 -0.360352 1310581357.576090
-0.162109 0.712891 -0.399414 1310581357.619142
-0.231445 0.657227 -0.446289 1310581357.642155
-0.237305 0.652344 -0.353516 1310581357.684185
-0.180664 0.667969 -0.341797 1310581357.707117
-0.144531 0.681641 -0.367188 1310581357.752095
-0.191406 0.678711 -0.388672 1310581357.799167
-0.142578 0.710938 -0.347656 1310581357.859097
-0.138672 0.724609 -0.360352 1310581357.861093
-0.168945 0.664062 -0.412109 1310581357.869096
-0.212891 0.689453 -0.422852 1310581357.904140
-0.183594 0.730469 -0.432617 1310581357.932149
-0.213867 0.694336 -0.510742 1310581357.967137
-0.282227 0.584961 -0.491211 1310581358.011123
-0.344727 0.559570 -0.483398 1310581358.032127
-0.353516 0.647461 -0.423828 1310581358.054199
-0.254883 0.677734 -0.408203 1310581358.098144
-0.148438 0.702148 -0.361328 1310581358.142102
-0.100586 0.701172 -0.347656 1310581358.164099
-0.078125 0.699219 -0.495117 1310581358.186182
-0.234375 0.660156 -0.436523 1310581358.231110
-0.250000 0.689453 -0.402344 1310581358.252131
-0.198242 0.707031 -0.438477 1310581358.281125
-0.205078 0.710938 -0.437500 1310581358.324197
-0.223633 0.666016 -0.389648 1310581358.382192
-0.180664 0.670898 -0.406250 1310581358.383237
-0.151367 0.698242 -0.457031 1310581358.414212
-0.194336 0.669922 -0.425781 1310581358.469178
-0.203125 0.677734 -0.425781 1310581358.471132
-0.206055 0.697266 -0.416016 1310581358.513112
-0.188477 0.666992 -0.386719 1310581358.557238
-0.181641 0.680664 -0.371094 1310581358.579246
-0.173828 0.711914 -0.380859 1310581358.602174
-0.191406 0.642578 -0.400391 1310581358.646162
-0.223633 0.617188 -0.488281 1310581358.671107
-0.264648 0.640625 -0.507812 1310581358.724158
-0.285156 0.676758 -0.503906 1310581358.744259
-0.325195 0.648438 -0.474609 1310581358.767211
-0.236328 0.689453 -0.440430 1310581358.811115
-0.225586 0.683594 -0.491211 1310581358.832141
-0.225586 0.683594 -0.491211 1310581358.853146
