-0.080078 0.699219 0.287109 1309980501.603287
-0.107422 0.665039 0.262695 1309980501.646248
-0.110352 0.648438 0.289062 1309980501.669218
-0.079102 0.660156 0.289062 1309980501.744262
-0.056641 0.671875 0.298828 1309980501.769249
-0.081055 0.667969 0.284180 1309980501.789247
-0.052734 0.657227 0.272461 1309980501.812295
-0.088867 0.655273 0.276367 1309980501.834265
-0.078125 0.638672 0.285156 1309980501.878250
-0.086914 0.649414 0.285156 1309980501.899224
-0.052734 0.649414 0.285156 1309980501.926247
-0.055664 0.686523 0.215820 1309980501.968213
-0.046875 0.678711 0.258789 1309980501.991213
-0.101562 0.688477 0.250977 1309980502.037266
-0.080078 0.682617 0.245117 1309980502.059272
-0.058594 0.682617 0.245117 1309980502.083253
-0.056641 0.675781 0.262695 1309980502.127267
-0.039062 0.681641 0.256836 1309980502.171279
-0.058594 0.683594 0.261719 1309980502.193266
-0.063477 0.679688 0.272461 1309980502.214229
-0.032227 0.675781 0.294922 1309980502.259398
-0.056641 0.654297 0.269531 1309980502.304262
-0.035156 0.666992 0.259766 1309980502.327257
-0.016602 0.631836 0.266602 1309980502.348271
-0.025391 0.648438 0.290039 1309980502.393261
-0.011719 0.651367 0.286133 1309980502.416262
-0.030273 0.652344 0.292969 1309980502.440257
0.008789 0.639648 0.278320 1309980502.482271
-0.007812 0.643555 0.303711 1309980502.507282
0.021484 0.631836 0.284180 1309980502.557241
0.019531 0.664062 0.307617 1309980502.579267
-0.013672 0.648438 0.307617 1309980502.613270
0.010742 0.662109 0.270508 1309980502.642248
0.006836 0.662109 0.270508 1309980502.686251
0.001953 0.643555 0.312500 1309980502.708271
-0.014648 0.650391 0.280273 1309980502.732245
-0.009766 0.627930 0.298828 1309980502.777270
-0.021484 0.628906 0.304688 1309980502.801275
-0.021484 0.628906 0.304688 1309980502.822293
-0.031250 0.648438 0.283203 1309980502.866269
-0.026367 0.671875 0.314453 1309980502.917270
-0.036133 0.666992 0.246094 1309980502.938248
-0.035156 0.649414 0.290039 1309980502.961268
-0.037109 0.645508 0.265625 1309980502.983277
-0.044922 0.671875 0.255859 1309980503.053265
-0.020508 0.691406 0.255859 1309980503.073248
0.000977 0.674805 0.283203 1309980503.096300
-0.032227 0.657227 0.283203 1309980503.138279
-0.031250 0.671875 0.289062 1309980503.163273
-0.014648 0.687500 0.286133 1309980503.185283
-0.028320 0.667969 0.272461 1309980503.217276
-0.020508 0.652344 0.244141 1309980503.263282
-0.023438 0.669922 0.246094 1309980503.297275
-0.031250 0.692383 0.252930 1309980503.318240
-0.016602 0.658203 0.194336 1309980503.342282
-0.011719 0.704102 0.245117 1309980503.388282
-0.025391 0.674805 0.219727 1309980503.431283
-0.024414 0.699219 0.264648 1309980503.454281
-0.045898 0.689453 0.244141 1309980503.477291
-0.009766 0.696289 0.230469 1309980503.503893
-0.032227 0.664062 0.245117 1309980503.548315
-0.016602 0.664062 0.245117 1309980503.569288
-0.029297 0.652344 0.268555 1309980503.616284
-0.037109 0.653320 0.251953 1309980503.638281
-0.060547 0.677734 0.264648 1309980503.683287
-0.075195 0.671875 0.267578 1309980503.704286
-0.054688 0.660156 0.283203 1309980503.748290
-0.091797 0.660156 0.283203 1309980503.769276
-0.075195 0.666992 0.304688 1309980503.813289
-0.114258 0.664062 0.277344 1309980503.837281
-0.039062 0.684570 0.263672 1309980503.869289
-0.044922 0.666016 0.266602 1309980503.891295
-0.040039 0.667969 0.262695 1309980503.934292
-0.011719 0.658203 0.238281 1309980503.957287
-0.024414 0.654297 0.268555 1309980503.998296
-0.005859 0.670898 0.287109 1309980504.024318
-0.006836 0.630859 0.257812 1309980504.070263
0.014648 0.659180 0.311523 1309980504.092276
0.015625 0.651367 0.255859 1309980504.115290
-0.012695 0.636719 0.262695 1309980504.158292
-0.019531 0.664062 0.282227 1309980504.183271
-0.063477 0.666016 0.289062 1309980504.230292
-0.028320 0.698242 0.269531 1309980504.253321
-0.046875 0.651367 0.275391 1309980504.334324
-0.029297 0.686523 0.256836 1309980504.336295
-0.032227 0.648438 0.291992 1309980504.352297
-0.037109 0.665039 0.275391 1309980504.375273
0.000000 0.640625 0.253906 1309980504.415297
0.008789 0.645508 0.295898 1309980504.459306
-0.041016 0.640625 0.288086 1309980504.480305
0.030273 0.625000 0.299805 1309980504.505316
-0.012695 0.634766 0.319336 1309980504.538306
-0.026367 0.638672 0.288086 1309980504.583303
-0.020508 0.658203 0.298828 1309980504.607313
-0.025391 0.650391 0.311523 1309980504.653280
0.017578 0.659180 0.307617 1309980504.674306
-0.020508 0.659180 0.307617 1309980504.697309
0.011719 0.650391 0.322266 1309980504.740288
-0.011719 0.642578 0.291992 1309980504.763305
0.010742 0.652344 0.318359 1309980504.808308
-0.054688 0.668945 0.323242 1309980504.824327
-0.016602 0.667969 0.314453 1309980504.870310
-0.016602 0.667969 0.314453 1309980504.892296
0.005859 0.656250 0.295898 1309980504.935309
-0.034180 0.656250 0.297852 1309980504.958300
-0.023438 0.641602 0.312500 1309980505.000313
-0.019531 0.647461 0.295898 1309980505.024322
0.014648 0.674805 0.338867 1309980505.067287
0.014648 0.640625 0.295898 1309980505.089313
-0.017578 0.648438 0.294922 1309980505.119324
0.003906 0.657227 0.323242 1309980505.163334
-0.040039 0.636719 0.291992 1309980505.189321
-0.006836 0.661133 0.304688 1309980505.232316
0.003906 0.677734 0.286133 1309980505.255353
-0.012695 0.646484 0.276367 1309980505.288306
-0.003906 0.654297 0.298828 1309980505.310315
0.006836 0.650391 0.293945 1309980505.354319
0.002930 0.651367 0.270508 1309980505.377323
-0.071289 0.685547 0.274414 1309980505.404317
0.000977 0.665039 0.299805 1309980505.449314
-0.075195 0.597656 0.285156 1309980505.494308
-0.026367 0.672852 0.300781 1309980505.517300
-0.053711 0.669922 0.280273 1309980505.539329
-0.037109 0.644531 0.299805 1309980505.574359
-0.060547 0.673828 0.300781 1309980505.640299
-0.026367 0.673828 0.300781 1309980505.642318
-0.011719 0.664062 0.299805 1309980505.688335
-0.016602 0.677734 0.243164 1309980505.710323
-0.025391 0.670898 0.293945 1309980505.734305
-0.012695 0.630859 0.256836 1309980505.778358
-0.014648 0.652344 0.279297 1309980505.799308
-0.047852 0.652344 0.277344 1309980505.825332
-0.072266 0.675781 0.257812 1309980505.869353
-0.040039 0.664062 0.273438 1309980505.912334
-0.051758 0.669922 0.289062 1309980505.933329
-0.006836 0.650391 0.280273 1309980505.979369
0.006836 0.664062 0.272461 1309980505.990348
0.006836 0.664062 0.272461 1309980506.033326
-0.055664 0.646484 0.287109 1309980506.057339
-0.009766 0.662109 0.295898 1309980506.100329
-0.036133 0.671875 0.275391 1309980506.122355
-0.013672 0.655273 0.276367 1309980506.146316
-0.005859 0.657227 0.262695 1309980506.192316
0.010742 0.667969 0.270508 1309980506.218334
0.008789 0.652344 0.272461 1309980506.255335
0.004883 0.657227 0.303711 1309980506.278373
-0.024414 0.656250 0.289062 1309980506.324341
0.020508 0.637695 0.293945 1309980506.346470
-0.009766 0.660156 0.271484 1309980506.368350
0.023438 0.660156 0.271484 1309980506.412342
-0.035156 0.648438 0.305664 1309980506.457324
-0.006836 0.669922 0.314453 1309980506.480358
0.001953 0.656250 0.266602 1309980506.503324
-0.020508 0.644531 0.270508 1309980506.547342
-0.027344 0.653320 0.276367 1309980506.570353
-0.016602 0.644531 0.328125 1309980506.613352
-0.023438 0.642578 0.285156 1309980506.634354
-0.021484 0.653320 0.318359 1309980506.678357
0.025391 0.656250 0.293945 1309980506.722354
-0.003906 0.583984 0.303711 1309980506.743325
-0.029297 0.583984 0.303711 1309980506.764378
-0.006836 0.648438 0.303711 1309980506.808354
-0.019531 0.642578 0.312500 1309980506.830353
0.051758 0.638672 0.321289 1309980506.880353
0.015625 0.633789 0.347656 1309980506.917345
0.012695 0.665039 0.307617 1309980506.918346
0.012695 0.665039 0.307617 1309980506.960341
0.023438 0.640625 0.318359 1309980507.005347
-0.009766 0.633789 0.311523 1309980507.027337
0.000000 0.625977 0.319336 1309980507.050357
0.009766 0.633789 0.289062 1309980507.097349
0.013672 0.656250 0.305664 1309980507.119349
-0.004883 0.646484 0.298828 1309980507.142370
0.034180 0.634766 0.331055 1309980507.184369
-0.015625 0.634766 0.331055 1309980507.228373
0.006836 0.666016 0.304688 1309980507.258331
0.004883 0.661133 0.305664 1309980507.282320
-0.002930 0.664062 0.321289 1309980507.303358
0.021484 0.646484 0.305664 1309980507.348353
0.001953 0.644531 0.314453 1309980507.378384
0.034180 0.652344 0.306641 1309980507.422359
-0.000977 0.651367 0.291016 1309980507.443349
-0.006836 0.657227 0.280273 1309980507.468371
0.016602 0.665039 0.306641 1309980507.494371
-0.001953 0.658203 0.281250 1309980507.545342
-0.025391 0.651367 0.279297 1309980507.572363
0.002930 0.682617 0.301758 1309980507.610362
0.018555 0.662109 0.259766 1309980507.633380
-0.009766 0.648438 0.303711 1309980507.679365
-0.016602 0.664062 0.289062 1309980507.700362
-0.017578 0.685547 0.282227 1309980507.723328
-0.008789 0.667969 0.264648 1309980507.768357
-0.068359 0.678711 0.288086 1309980507.803368
-0.035156 0.641602 0.274414 1309980507.834368
-0.045898 0.642578 0.282227 1309980507.857382
-0.031250 0.679688 0.287109 1309980507.881385
-0.017578 0.664062 0.297852 1309980507.924362
-0.046875 0.644531 0.281250 1309980507.967370
-0.033203 0.640625 0.277344 1309980507.989357
-0.047852 0.657227 0.267578 1309980508.032371
-0.038086 0.647461 0.240234 1309980508.053387
-0.038086 0.647461 0.240234 1309980508.094371
-0.021484 0.652344 0.259766 1309980508.118383
-0.039062 0.664062 0.285156 1309980508.201392
-0.021484 0.666016 0.280273 1309980508.202371
-0.059570 0.653320 0.294922 1309980508.222373
-0.030273 0.658203 0.301758 1309980508.243363
-0.024414 0.638672 0.297852 1309980508.287365
-0.040039 0.672852 0.289062 1309980508.309413
0.018555 0.666016 0.281250 1309980508.352398
-0.034180 0.702148 0.303711 1309980508.395375
-0.019531 0.646484 0.266602 1309980508.418380
-0.031250 0.678711 0.279297 1309980508.440377
-0.008789 0.656250 0.279297 1309980508.483374
-0.009766 0.710938 0.309570 1309980508.505396
0.018555 0.642578 0.274414 1309980508.534388
-0.006836 0.642578 0.294922 1309980508.577430
0.002930 0.670898 0.252930 1309980508.600354
0.029297 0.638672 0.277344 1309980508.623385
-0.007812 0.673828 0.305664 1309980508.675379
-0.022461 0.643555 0.281250 1309980508.697388
-0.004883 0.630859 0.295898 1309980508.739379
0.008789 0.660156 0.288086 1309980508.760388
0.003906 0.644531 0.276367 1309980508.805384
-0.010742 0.638672 0.290039 1309980508.828388
0.023438 0.615234 0.290039 1309980508.872389
-0.013672 0.615234 0.290039 1309980508.894382
-0.051758 0.644531 0.302734 1309980508.918380
0.004883 0.656250 0.303711 1309980508.962381
-0.023438 0.653320 0.306641 1309980508.983384
0.016602 0.653320 0.306641 1309980509.009380
0.020508 0.654297 0.306641 1309980509.053410
0.006836 0.615234 0.300781 1309980509.097389
0.007812 0.628906 0.316406 1309980509.118393
-0.017578 0.638672 0.321289 1309980509.163388
0.025391 0.660156 0.304688 1309980509.184394
0.003906 0.611328 0.325195 1309980509.207393
0.032227 0.649414 0.324219 1309980509.252396
-0.035156 0.639648 0.331055 1309980509.274416
0.011719 0.645508 0.310547 1309980509.319391
-0.007812 0.650391 0.276367 1309980509.342398
0.005859 0.649414 0.307617 1309980509.385396
0.000000 0.669922 0.303711 1309980509.408396
0.001953 0.641602 0.298828 1309980509.484422
-0.022461 0.654297 0.303711 1309980509.485420
-0.029297 0.662109 0.291992 1309980509.505423
-0.034180 0.663086 0.291992 1309980509.548400
-0.014648 0.642578 0.303711 1309980509.569436
-0.012695 0.644531 0.303711 1309980509.592397
-0.033203 0.620117 0.305664 1309980509.635403
0.048828 0.644531 0.319336 1309980509.679405
-0.034180 0.682617 0.278320 1309980509.700386
0.007812 0.666992 0.275391 1309980509.725430
-0.012695 0.666992 0.275391 1309980509.750427
-0.018555 0.669922 0.286133 1309980509.802408
0.009766 0.681641 0.266602 1309980509.824409
-0.019531 0.679688 0.276367 1309980509.872412
-0.024414 0.632812 0.272461 1309980509.893407
-0.022461 0.654297 0.281250 1309980509.915408
-0.087891 0.671875 0.264648 1309980509.960413
-0.032227 0.666992 0.326172 1309980510.004387
-0.027344 0.658203 0.294922 1309980510.027404
0.000977 0.656250 0.304688 1309980510.049429
0.003906 0.627930 0.272461 1309980510.093412
-0.021484 0.613281 0.280273 1309980510.122412
0.000000 0.666992 0.278320 1309980510.144405
-0.031250 0.655273 0.306641 1309980510.187410
0.007812 0.628906 0.287109 1309980510.229454
-0.010742 0.670898 0.269531 1309980510.250398
-0.008789 0.670898 0.275391 1309980510.275427
-0.046875 0.660156 0.262695 1309980510.309422
-0.012695 0.654297 0.251953 1309980510.354413
-0.028320 0.648438 0.289062 1309980510.377414
-0.039062 0.634766 0.300781 1309980510.419418
-0.072266 0.700195 0.262695 1309980510.440405
-0.060547 0.657227 0.294922 1309980510.468435
-0.046875 0.659180 0.283203 1309980510.511426
-0.027344 0.648438 0.271484 1309980510.542416
0.001953 0.677734 0.252930 1309980510.564411
-0.027344 0.639648 0.275391 1309980510.612381
-0.017578 0.653320 0.270508 1309980510.634423
0.005859 0.687500 0.296875 1309980510.677425
-0.007812 0.647461 0.296875 1309980510.700396
0.039062 0.662109 0.266602 1309980510.775416
-0.003906 0.647461 0.289062 1309980510.792403
0.012695 0.668945 0.304688 1309980510.804443
-0.035156 0.670898 0.282227 1309980510.827424
-0.016602 0.671875 0.257812 1309980510.869445
-0.035156 0.656250 0.288086 1309980510.893429
-0.021484 0.666016 0.291016 1309980510.918432
-0.030273 0.657227 0.280273 1309980510.950430
-0.001953 0.623047 0.266602 1309980510.997472
-0.000977 0.630859 0.267578 1309980511.019399
0.018555 0.659180 0.292969 1309980511.062428
0.018555 0.659180 0.292969 1309980511.084428
-0.056641 0.646484 0.283203 1309980511.128435
0.002930 0.670898 0.293945 1309980511.149430
-0.001953 0.621094 0.271484 1309980511.192409
0.008789 0.631836 0.295898 1309980511.213458
0.024414 0.639648 0.324219 1309980511.235437
0.013672 0.623047 0.293945 1309980511.279433
0.018555 0.654297 0.269531 1309980511.324437
-0.005859 0.652344 0.302734 1309980511.347437
-0.024414 0.646484 0.304688 1309980511.371429
0.013672 0.681641 0.319336 1309980511.414433
0.005859 0.651367 0.307617 1309980511.435448
-0.008789 0.596680 0.319336 1309980511.478432
0.002930 0.652344 0.303711 1309980511.500499
-0.030273 0.628906 0.291992 1309980511.544460
-0.016602 0.639648 0.324219 1309980511.565450
-0.062500 0.658203 0.291016 1309980511.612439
0.005859 0.664062 0.320312 1309980511.637462
-0.008789 0.648438 0.324219 1309980511.680428
-0.000977 0.646484 0.292969 1309980511.702446
0.018555 0.652344 0.292969 1309980511.724466
-0.022461 0.645508 0.337891 1309980511.757445
0.019531 0.626953 0.275391 1309980511.799451
-0.030273 0.619141 0.275391 1309980511.822469
0.003906 0.673828 0.304688 1309980511.867474
0.004883 0.636719 0.262695 1309980511.899449
-0.014648 0.651367 0.298828 1309980511.922447
-0.020508 0.640625 0.264648 1309980511.965514
-0.010742 0.662109 0.281250 1309980511.987450
-0.003906 0.599609 0.291992 1309980512.062465
0.028320 0.623047 0.275391 1309980512.082455
-0.018555 0.675781 0.295898 1309980512.083419
-0.022461 0.632812 0.305664 1309980512.125407
0.000977 0.696289 0.302734 1309980512.147416
-0.049805 0.706055 0.274414 1309980512.192425
-0.022461 0.670898 0.270508 1309980512.214443
-0.014648 0.636719 0.288086 1309980512.258440
-0.031250 0.647461 0.295898 1309980512.282474
-0.007812 0.666016 0.287109 1309980512.323443
-0.040039 0.658203 0.278320 1309980512.344454
