-0.020508 0.749023 -0.101562 1310159657.817311
-0.043945 0.742188 -0.097656 1310159657.860250
-0.019531 0.740234 -0.115234 1310159657.904316
-0.047852 0.725586 -0.092773 1310159657.927316
-0.046875 0.744141 -0.114258 1310159657.949315
-0.024414 0.745117 -0.141602 1310159657.995284
-0.036133 0.730469 -0.088867 1310159658.046301
-0.036133 0.744141 -0.111328 1310159658.071398
-0.082031 0.738281 -0.097656 1310159658.092274
-0.039062 0.713867 -0.114258 1310159658.115265
-0.038086 0.727539 -0.102539 1310159658.137270
-0.049805 0.712891 -0.122070 1310159658.176281
-0.092773 0.725586 -0.144531 1310159658.221296
-0.074219 0.693359 -0.141602 1310159658.244309
-0.118164 0.685547 -0.156250 1310159658.267325
-0.115234 0.622070 -0.236328 1310159658.311306
-0.193359 0.404297 -0.236328 1310159658.355310
-0.163086 0.405273 -0.125000 1310159658.376309
-0.040039 0.479492 -0.105469 1310159658.399310
0.041016 0.502930 -0.156250 1310159658.442285
0.052734 0.810547 0.050781 1310159658.465314
0.034180 1.005859 0.073242 1310159658.511309
-0.221680 1.291016 0.073242 1310159658.534309
-0.203125 1.617188 -0.062500 1310159658.569310
-0.190430 1.976562 -0.100586 1310159658.590319
-0.227539 1.983398 -0.022461 1310159658.634314
-0.005859 1.391602 -0.236328 1310159658.677340
0.035156 0.681641 -0.210938 1310159658.699319
-0.102539 -0.027344 -0.343750 1310159658.721294
-0.286133 -0.593750 -0.213867 1310159658.764293
-0.040039 -0.421875 -0.090820 1310159658.786310
-0.006836 -0.199219 -0.167969 1310159658.835321
-0.268555 -0.130859 -0.321289 1310159658.857320
-0.229492 -0.014648 -0.309570 1310159658.879346
-0.185547 -0.238281 -0.386719 1310159658.925329
-0.293945 0.091797 -0.080078 1310159658.970314
-0.375977 0.570312 -0.092773 1310159658.975304
-0.149414 1.795898 -0.220703 1310159659.019324
0.380859 1.838867 0.272461 1310159659.046331
0.305664 1.979492 0.487305 1310159659.082367
-0.079102 1.980469 0.188477 1310159659.103324
-0.512695 1.980469 -0.013672 1310159659.146329
-0.048828 1.767578 -0.291016 1310159659.195350
-0.228516 0.790039 -0.355469 1310159659.212319
-0.430664 0.089844 -0.194336 1310159659.235340
-0.217773 -0.926758 -0.377930 1310159659.258351
0.051758 -0.277344 -0.198242 1310159659.319310
-0.040039 -0.058594 -0.114258 1310159659.357332
-0.003906 -0.204102 -0.111328 1310159659.379335
-0.082031 -0.216797 -0.137695 1310159659.400332
-0.190430 -0.263672 -0.171875 1310159659.422361
0.024414 -0.212891 0.078125 1310159659.467336
-0.116211 0.134766 -0.420898 1310159659.492335
-0.038086 1.747070 -0.313477 1310159659.544295
-0.070312 1.753906 0.110352 1310159659.569332
-0.206055 1.903320 0.250977 1310159659.592326
0.320312 1.892578 0.219727 1310159659.616340
-0.166992 1.892578 0.219727 1310159659.664321
-0.338867 1.979492 0.129883 1310159659.709337
0.099609 1.671875 -0.022461 1310159659.734364
0.202148 0.826172 -0.357422 1310159659.777353
-0.083984 0.244141 -0.289062 1310159659.779339
-0.512695 -0.498047 -0.257812 1310159659.824334
-0.313477 -0.767578 -0.257812 1310159659.847345
0.119141 -0.184570 -0.131836 1310159659.902363
0.169922 -0.089844 -0.116211 1310159659.914318
0.016602 -0.181641 -0.231445 1310159659.942354
-0.147461 -0.189453 -0.153320 1310159659.979341
-0.111328 -0.136719 -0.130859 1310159660.002354
-0.042969 0.098633 -0.130859 1310159660.045340
-0.042969 0.098633 -0.130859 1310159660.070353
-0.522461 1.806641 0.127930 1310159660.139368
-0.289062 1.767578 0.125977 1310159660.140319
-0.149414 1.979492 0.217773 1310159660.184341
-0.066406 1.979492 0.315430 1310159660.205369
-0.407227 1.979492 0.315430 1310159660.247350
-0.520508 1.843750 -0.184570 1310159660.258355
-0.136719 1.102539 -0.313477 1310159660.317351
-0.267578 0.326172 -0.254883 1310159660.340350
-0.226562 -0.640625 -0.363281 1310159660.361346
0.103516 -0.532227 -0.363281 1310159660.404349
0.019531 -0.114258 -0.133789 1310159660.427352
-0.037109 -0.205078 -0.123047 1310159660.464345
-0.092773 -0.235352 -0.142578 1310159660.507347
-0.176758 -0.127930 -0.220703 1310159660.530358
-0.096680 -0.181641 -0.137695 1310159660.586364
-0.125000 -0.142578 -0.137695 1310159660.588350
-0.217773 0.523438 -0.057617 1310159660.654362
0.112305 1.789062 -0.018555 1310159660.656357
0.021484 1.988281 0.184570 1310159660.700367
-0.216797 1.840820 0.182617 1310159660.721368
-0.001953 1.979492 0.064453 1310159660.745364
-0.336914 1.978516 -0.047852 1310159660.791359
-0.331055 1.683594 0.034180 1310159660.815375
0.030273 0.897461 -0.166016 1310159660.857363
-0.057617 0.110352 -0.266602 1310159660.881466
-0.256836 -0.430664 -0.311523 1310159660.927334
-0.110352 -0.500000 -0.222656 1310159660.950370
0.054688 -0.203125 -0.218750 1310159660.977363
-0.003906 -0.156250 -0.228516 1310159661.011359
-0.162109 -0.074219 -0.199219 1310159661.054357
-0.184570 -0.216797 -0.227539 1310159661.076367
-0.153320 -0.195312 -0.237305 1310159661.115343
-0.129883 0.028320 -0.284180 1310159661.137375
-0.261719 0.291016 -0.151367 1310159661.182386
-0.555664 1.218750 0.319336 1310159661.226391
0.731445 1.975586 0.362305 1310159661.247373
0.202148 1.981445 0.292969 1310159661.270359
-0.700195 1.979492 0.411133 1310159661.314367
-0.646484 1.983398 0.220703 1310159661.356363
-0.168945 1.980469 -0.091797 1310159661.379369
-0.176758 1.050781 -0.224609 1310159661.402362
-0.346680 0.355469 -0.230469 1310159661.449385
-0.345703 -0.706055 -0.492188 1310159661.471368
-0.008789 -0.316406 -0.145508 1310159661.492375
0.017578 -0.159180 -0.053711 1310159661.515341
0.169922 -0.312500 -0.120117 1310159661.559375
0.165039 -0.246094 -0.120117 1310159661.580372
-0.039062 -0.246094 -0.120117 1310159661.624378
0.008789 -0.169922 -0.108398 1310159661.670378
-0.058594 -0.121094 -0.178711 1310159661.692351
-0.363281 -0.121094 -0.178711 1310159661.715381
-0.445312 1.982422 -0.189453 1310159661.761419
-0.140625 1.982422 -0.234375 1310159661.784377
-0.043945 1.933594 0.299805 1310159661.827383
0.041992 1.983398 0.253906 1310159661.850380
-0.320312 1.980469 0.076172 1310159661.894378
-0.320312 1.980469 0.076172 1310159661.931378
0.219727 1.175781 -0.109375 1310159661.967382
-0.090820 0.314453 -0.183594 1310159661.975381
-0.167969 -0.414062 -0.212891 1310159662.021384
-0.242188 -0.675781 -0.084961 1310159662.049390
0.022461 -0.170898 -0.176758 1310159662.071378
0.062500 -0.095703 -0.195312 1310159662.115379
0.094727 -0.258789 -0.212891 1310159662.136380
-0.000977 -0.125977 -0.145508 1310159662.180403
-0.079102 -0.154297 -0.221680 1310159662.202386
-0.272461 -0.072266 -0.196289 1310159662.246391
-0.367188 0.192383 -0.204102 1310159662.267386
-0.526367 0.192383 -0.204102 1310159662.290388
0.227539 1.980469 0.157227 1310159662.345388
0.041016 1.589844 0.232422 1310159662.366385
-0.459961 1.979492 0.417969 1310159662.410389
-0.415039 1.982422 0.452148 1310159662.432386
-0.112305 1.910156 0.202148 1310159662.477419
-0.163086 1.697266 -0.052734 1310159662.494393
-0.240234 0.878906 -0.351562 1310159662.547392
-0.230469 0.150391 -0.136719 1310159662.560389
-0.130859 -0.821289 -0.542969 1310159662.590392
0.031250 -0.204102 -0.137695 1310159662.614397
0.081055 0.048828 -0.137695 1310159662.644398
0.092773 -0.343750 -0.120117 1310159662.689414
-0.055664 -0.330078 -0.300781 1310159662.737404
-0.046875 -0.138672 -0.163086 1310159662.760398
0.223633 -0.035156 -0.147461 1310159662.790397
-0.147461 0.038086 -0.346680 1310159662.815398
-0.647461 0.038086 -0.346680 1310159662.842390
-0.141602 1.984375 -0.002930 1310159662.877415
-0.114258 1.980469 0.387695 1310159662.906399
0.315430 1.980469 0.380859 1310159662.950402
-0.051758 1.981445 0.116211 1310159662.971402
-0.463867 1.916992 0.003906 1310159663.018396
-0.463867 1.916992 0.003906 1310159663.040404
-0.004883 -0.026367 -0.519531 1310159663.082402
-0.364258 -0.664062 -0.359375 1310159663.105425
-0.232422 -0.323242 -0.154297 1310159663.161408
-0.050781 -0.216797 -0.191406 1310159663.162402
-0.118164 -0.295898 -0.209961 1310159663.199407
0.060547 -0.210938 -0.148438 1310159663.245407
0.055664 -0.202148 -0.178711 1310159663.269409
-0.026367 -0.109375 -0.227539 1310159663.312394
-0.254883 0.024414 -0.248047 1310159663.335408
-0.412109 0.163086 -0.299805 1310159663.357412
-0.441406 0.802734 0.057617 1310159663.402410
0.169922 1.979492 0.107422 1310159663.425411
0.127930 1.982422 0.098633 1310159663.469423
0.177734 1.980469 0.119141 1310159663.490410
-0.461914 1.981445 0.017578 1310159663.534384
-0.459961 1.687500 0.014648 1310159663.557413
-0.474609 1.007812 -0.228516 1310159663.579412
-0.144531 0.007812 -0.228516 1310159663.624417
-0.019531 -0.638672 -0.315430 1310159663.667421
0.084961 -0.187500 -0.244141 1310159663.690413
-0.106445 -0.066406 -0.098633 1310159663.711415
-0.017578 -0.248047 -0.025391 1310159663.754418
-0.012695 -0.248047 -0.025391 1310159663.780417
-0.029297 -0.240234 -0.197266 1310159663.824415
-0.036133 -0.206055 -0.126953 1310159663.867416
-0.102539 -0.166016 -0.186523 1310159663.890418
-0.214844 0.685547 -0.012695 1310159663.920420
0.001953 1.980469 -0.090820 1310159663.942414
-0.137695 1.977539 0.409180 1310159663.964395
0.375977 1.797852 0.409180 1310159664.010417
0.484375 1.717773 0.248047 1310159664.044414
-0.197266 0.909180 -0.039062 1310159664.087396
-0.287109 0.893555 -0.110352 1310159664.110421
0.074219 0.437500 -0.182617 1310159664.152421
0.008789 0.093750 -0.192383 1310159664.174424
-0.234375 0.223633 -0.208008 1310159664.197427
-0.254883 0.283203 -0.108398 1310159664.240429
-0.121094 0.340820 -0.093750 1310159664.261422
-0.135742 1.132812 -0.084961 1310159664.307420
0.068359 1.076172 -0.262695 1310159664.332426
-0.075195 0.826172 -0.262695 1310159664.357435
-0.346680 0.586914 -0.010742 1310159664.401430
-0.193359 0.614258 -0.038086 1310159664.432424
-0.003906 0.650391 -0.041992 1310159664.485429
0.070312 0.722656 -0.054688 1310159664.511423
0.083984 0.820312 -0.054688 1310159664.513433
0.041016 0.775391 -0.076172 1310159664.555456
-0.081055 0.769531 -0.081055 1310159664.600432
-0.083008 0.747070 -0.051758 1310159664.622429
-0.020508 0.710938 -0.087891 1310159664.645480
-0.004883 0.697266 -0.095703 1310159664.689451
-0.252930 0.520508 -0.081055 1310159664.715434
-0.195312 0.843750 -0.204102 1310159664.755440
-0.019531 0.597656 0.135742 1310159664.777435
-0.215820 0.722656 -0.153320 1310159664.820434
