-0.071289 0.713867 0.147461 1309550620.932906
-0.031250 0.680664 0.136719 1309550620.976888
0.006836 0.725586 0.106445 1309550621.000883
-0.025391 0.725586 0.147461 1309550621.045938
-0.057617 0.703125 0.127930 1309550621.067930
-0.041016 0.726562 0.082031 1309550621.106928
-0.057617 0.748047 0.136719 1309550621.130935
-0.036133 0.722656 0.136719 1309550621.152947
-0.081055 0.722656 0.136719 1309550621.195893
-0.100586 0.727539 0.096680 1309550621.240936
-0.116211 0.721680 0.129883 1309550621.262911
-0.116211 0.749023 0.094727 1309550621.322926
-0.121094 0.718750 0.084961 1309550621.332951
-0.127930 0.718750 0.084961 1309550621.355952
-0.117188 0.685547 0.058594 1309550621.400897
-0.138672 0.690430 0.085938 1309550621.424894
-0.141602 0.676758 0.054688 1309550621.444926
-0.055664 0.641602 -0.003906 1309550621.489895
-0.007812 0.697266 0.083008 1309550621.507897
-0.007812 0.697266 0.083008 1309550621.551965
-0.005859 0.663086 0.171875 1309550621.596957
-0.159180 0.631836 0.058594 1309550621.640960
-0.090820 0.654297 0.158203 1309550621.643953
-0.077148 0.648438 0.145508 1309550621.690953
-0.112305 0.566406 0.082031 1309550621.716955
-0.219727 0.627930 0.129883 1309550621.739945
-0.195312 0.608398 0.098633 1309550621.781958
-0.221680 0.583984 0.139648 1309550621.804958
-0.163086 0.547852 0.132812 1309550621.846961
-0.186523 0.510742 0.077148 1309550621.889942
-0.284180 0.552734 0.150391 1309550621.890924
-0.284180 0.552734 0.150391 1309550621.939914
-0.329102 0.541016 0.095703 1309550621.961938
-0.279297 0.669922 0.166992 1309550622.003162
-0.303711 0.558594 0.157227 1309550622.046970
-0.337891 0.656250 0.276367 1309550622.070937
-0.350586 0.724609 0.287109 1309550622.092965
-0.422852 0.605469 0.217773 1309550622.179911
-0.356445 0.654297 0.322266 1309550622.180924
-0.375000 0.726562 0.424805 1309550622.222914
-0.430664 0.662109 0.397461 1309550622.225909
-0.392578 0.654297 0.420898 1309550622.271943
-0.308594 0.580078 0.405273 1309550622.295933
-0.281250 0.574219 0.463867 1309550622.341917
-0.203125 0.581055 0.501953 1309550622.356920
-0.207031 0.630859 0.678711 1309550622.436943
-0.121094 0.767578 0.783203 1309550622.444947
-0.088867 0.767578 0.752930 1309550622.480949
-0.088867 0.767578 0.752930 1309550622.485951
0.041992 0.391602 0.478516 1309550622.522948
0.065430 0.388672 0.430664 1309550622.567981
0.157227 0.449219 0.526367 1309550622.590974
0.171875 0.435547 0.525391 1309550622.626973
0.167969 0.490234 0.584961 1309550622.669973
0.143555 0.531250 0.584961 1309550622.670949
0.202148 0.574219 0.596680 1309550622.714979
0.204102 0.511719 0.573242 1309550622.735977
0.206055 0.500977 0.459961 1309550622.801985
0.229492 0.478516 0.472656 1309550622.803978
0.209961 0.522461 0.537109 1309550622.860981
0.182617 0.513672 0.485352 1309550622.881958
0.208984 0.517578 0.501953 1309550622.903948
0.170898 0.527344 0.536133 1309550622.996976
0.152344 0.499023 0.512695 1309550622.997970
0.173828 0.488281 0.515625 1309550623.017977
0.157227 0.512695 0.510742 1309550623.018952
0.190430 0.496094 0.536133 1309550623.080416
0.173828 0.489258 0.506836 1309550623.107976
0.183594 0.515625 0.506836 1309550623.138929
0.143555 0.498047 0.517578 1309550623.161930
0.108398 0.525391 0.491211 1309550623.203987
0.148438 0.515625 0.500000 1309550623.226930
0.163086 0.514648 0.515625 1309550623.272934
0.086914 0.498047 0.458008 1309550623.305958
0.172852 0.490234 0.497070 1309550623.326929
0.185547 0.472656 0.462891 1309550623.347932
0.163086 0.514648 0.528320 1309550623.395937
0.158203 0.527344 0.494141 1309550623.412966
0.166016 0.500000 0.510742 1309550623.445983
