-0.227539 0.648438 -0.636719 1310581226.078614
-0.330078 0.625000 -0.579102 1310581226.101613
-0.377930 0.601562 -0.540039 1310581226.144662
-0.249023 0.509766 -0.572266 1310581226.166666
-0.231445 0.624023 -0.549805 1310581226.209535
-0.218750 0.704102 -0.462891 1310581226.247535
-0.224609 0.619141 -0.460938 1310581226.248532
-0.269531 0.669922 -0.472656 1310581226.296671
-0.224609 0.710938 -0.471680 1310581226.322539
-0.230469 0.659180 -0.391602 1310581226.366615
-0.227539 0.638672 -0.344727 1310581226.388574
-0.180664 0.675781 -0.370117 1310581226.432539
-0.219727 0.703125 -0.405273 1310581226.506537
-0.219727 0.684570 -0.381836 1310581226.507531
-0.205078 0.699219 -0.400391 1310581226.524641
-0.118164 0.671875 -0.477539 1310581226.562570
-0.137695 0.620117 -0.476562 1310581226.583622
-0.230469 0.663086 -0.440430 1310581226.608679
-0.228516 0.560547 -0.533203 1310581226.652614
-0.235352 0.560547 -0.533203 1310581226.673582
-0.316406 0.581055 -0.576172 1310581226.716542
-0.299805 0.524414 -0.646484 1310581226.737625
-0.252930 0.582031 -0.717773 1310581226.781564
-0.266602 0.554688 -0.677734 1310581226.798578
-0.268555 0.500000 -0.704102 1310581226.843638
-0.258789 0.517578 -0.640625 1310581226.866618
-0.267578 0.535156 -0.690430 1310581226.914598
-0.318359 0.509766 -0.679688 1310581226.937678
-0.297852 0.479492 -0.711914 1310581226.962682
-0.300781 0.519531 -0.727539 1310581227.006645
-0.348633 0.500977 -0.723633 1310581227.027614
-0.357422 0.477539 -0.757812 1310581227.072640
-0.332031 0.512695 -0.732422 1310581227.094693
-0.340820 0.499023 -0.673828 1310581227.138684
-0.354492 0.523438 -0.603516 1310581227.161601
-0.208984 0.501953 -0.606445 1310581227.184554
-0.116211 0.500000 -0.450195 1310581227.212550
-0.224609 0.521484 -0.559570 1310581227.268589
-0.247070 0.545898 -0.472656 1310581227.288581
-0.196289 0.567383 -0.629883 1310581227.332557
-0.360352 0.679688 -0.690430 1310581227.354615
-0.107422 0.539062 -0.527344 1310581227.397597
-0.120117 0.660156 -0.607422 1310581227.422562
-0.314453 0.588867 -0.801758 1310581227.469576
-0.377930 0.523438 -0.657227 1310581227.491559
-0.396484 0.503906 -0.657227 1310581227.517596
-0.356445 0.331055 -0.708008 1310581227.560612
-0.389648 0.366211 -0.755859 1310581227.582663
-0.376953 0.317383 -0.801758 1310581227.605692
-0.292969 0.293945 -0.841797 1310581227.654646
-0.417969 0.347656 -0.806641 1310581227.708596
-0.352539 0.359375 -0.854492 1310581227.833683
-0.375000 0.366211 -0.923828 1310581227.863654
-0.366211 0.335938 -0.870117 1310581227.866595
-0.325195 0.335938 -0.870117 1310581227.869615
-0.330078 0.193359 -0.928711 1310581227.919620
-0.400391 0.197266 -0.982422 1310581228.185631
-0.435547 0.150391 -0.982422 1310581228.209658
-0.505859 0.203125 -0.990234 1310581228.210705
-0.472656 0.171875 -0.955078 1310581228.212702
-0.415039 0.171875 -0.955078 1310581228.224716
-0.448242 0.257812 -1.005859 1310581228.232639
-0.444336 0.265625 -0.949219 1310581228.233614
-0.512695 0.353516 -0.914062 1310581228.234612
-0.453125 0.400391 -0.867188 1310581228.247688
-0.375000 0.435547 -0.797852 1310581228.267596
-0.398438 0.455078 -0.735352 1310581228.269588
-0.348633 0.509766 -0.736328 1310581228.274593
-0.342773 0.598633 -0.607422 1310581228.282577
-0.246094 0.650391 -0.544922 1310581228.288573
-0.181641 0.574219 -0.461914 1310581228.332631
-0.125000 0.606445 -0.380859 1310581228.355582
-0.127930 0.614258 -0.375000 1310581228.392605
-0.124023 0.639648 -0.339844 1310581228.435666
-0.159180 0.691406 -0.277344 1310581228.458621
-0.165039 0.697266 -0.237305 1310581228.480594
-0.166992 0.730469 -0.239258 1310581228.507599
-0.130859 0.683594 -0.239258 1310581228.551664
-0.086914 0.667969 -0.232422 1310581228.574646
-0.129883 0.643555 -0.249023 1310581228.620686
-0.142578 0.593750 -0.185547 1310581228.643651
-0.163086 0.702148 -0.307617 1310581228.667582
-0.253906 0.670898 -0.358398 1310581228.704583
-0.322266 0.670898 -0.358398 1310581228.729618
-0.219727 0.693359 -0.286133 1310581228.794603
-0.243164 0.716797 -0.334961 1310581228.815638
-0.290039 0.693359 -0.313477 1310581228.840671
-0.258789 0.619141 -0.327148 1310581228.860688
-0.227539 0.582031 -0.333008 1310581228.904637
-0.184570 0.752930 -0.480469 1310581228.925699
-0.222656 0.776367 -0.443359 1310581228.969719
-0.224609 0.655273 -0.381836 1310581228.992651
-0.268555 0.607422 -0.352539 1310581229.083677
-0.238281 0.689453 -0.381836 1310581229.084634
-0.200195 0.693359 -0.424805 1310581229.102657
-0.211914 0.693359 -0.424805 1310581229.124605
-0.242188 0.710938 -0.426758 1310581229.170650
-0.244141 0.696289 -0.379883 1310581229.194725
-0.238281 0.658203 -0.436523 1310581229.240596
-0.219727 0.667969 -0.417969 1310581229.263594
-0.292969 0.639648 -0.431641 1310581229.288762
-0.307617 0.546875 -0.472656 1310581229.310645
-0.314453 0.561523 -0.446289 1310581229.365617
-0.342773 0.685547 -0.555664 1310581229.382656
-0.289062 0.669922 -0.596680 1310581229.427593
-0.233398 0.591797 -0.630859 1310581229.448624
-0.253906 0.531250 -0.491211 1310581229.472619
-0.136719 0.352539 -0.360352 1310581229.525690
-0.199219 0.410156 -0.473633 1310581229.548665
-0.334961 0.473633 -0.669922 1310581229.590651
-0.364258 0.617188 -0.560547 1310581229.612600
-0.320312 0.669922 -0.566406 1310581229.633601
-0.252930 0.456055 -0.543945 1310581229.659673
-0.252930 0.456055 -0.543945 1310581229.695602
-0.422852 0.675781 -0.646484 1310581229.742640
-0.407227 0.602539 -0.691406 1310581229.768665
-0.405273 0.577148 -0.695312 1310581229.839746
-0.310547 0.375000 -0.666016 1310581229.840672
-0.310547 0.375000 -0.666016 1310581229.862713
-0.581055 0.346680 -0.925781 1310581229.908658
-0.592773 0.116211 -0.847656 1310581230.417624
-0.456055 0.159180 -0.858398 1310581230.438747
-0.485352 0.254883 -0.876953 1310581230.439654
-0.445312 0.131836 -1.013672 1310581230.480711
-0.459961 0.131836 -1.013672 1310581230.482761
-0.431641 0.129883 -0.918945 1310581230.484745
-0.473633 0.065430 -0.931641 1310581230.500744
-0.532227 0.059570 -0.919922 1310581230.520716
-0.520508 -0.003906 -0.988281 1310581230.524744
-0.504883 -0.064453 -0.981445 1310581230.525700
-0.439453 -0.055664 -0.947266 1310581230.542647
-0.473633 0.012695 -1.008789 1310581230.543639
-0.544922 0.014648 -1.007812 1310581230.544638
-0.481445 0.057617 -1.006836 1310581230.545777
-0.495117 0.202148 -1.002930 1310581230.547613
-0.487305 0.193359 -0.912109 1310581230.548622
-0.512695 0.193359 -0.877930 1310581230.563620
-0.504883 0.317383 -0.868164 1310581230.563626
-0.361328 0.522461 -0.847656 1310581230.563632
-0.346680 0.539062 -0.658203 1310581230.564617
-0.297852 0.484375 -0.513672 1310581230.587645
-0.243164 0.482422 -0.537109 1310581230.608644
-0.229492 0.598633 -0.465820 1310581230.631657
-0.142578 0.617188 -0.465820 1310581230.675630
-0.121094 0.601562 -0.293945 1310581230.717757
-0.142578 0.669922 -0.279297 1310581230.760725
-0.110352 0.650391 -0.256836 1310581230.782725
-0.133789 0.650391 -0.256836 1310581230.804691
-0.146484 0.699219 -0.322266 1310581230.829693
-0.211914 0.632812 -0.394531 1310581230.878760
-0.193359 0.654297 -0.367188 1310581230.899755
-0.165039 0.651367 -0.412109 1310581230.922756
-0.238281 0.656250 -0.440430 1310581230.967718
-0.238281 0.656250 -0.440430 1310581230.988665
-0.243164 0.656250 -0.440430 1310581231.023695
-0.254883 0.644531 -0.343750 1310581231.068636
-0.307617 0.542969 -0.380859 1310581231.089702
-0.293945 0.617188 -0.460938 1310581231.133706
-0.364258 0.632812 -0.674805 1310581231.154650
-0.347656 0.632812 -0.674805 1310581231.178633
-0.282227 0.647461 -0.492188 1310581231.224670
-0.258789 0.605469 -0.506836 1310581231.267652
-0.307617 0.630859 -0.485352 1310581231.288661
-0.240234 0.588867 -0.504883 1310581231.309649
-0.297852 0.627930 -0.553711 1310581231.349691
-0.272461 0.591797 -0.567383 1310581231.372632
-0.261719 0.620117 -0.593750 1310581231.417668
-0.308594 0.625977 -0.535156 1310581231.453772
-0.262695 0.604492 -0.546875 1310581231.484862
-0.300781 0.564453 -0.574219 1310581231.505710
-0.268555 0.568359 -0.574219 1310581231.548646
-0.314453 0.566406 -0.711914 1310581231.592739
-0.347656 0.580078 -0.707031 1310581231.658665
-0.291992 0.527344 -0.562500 1310581231.659658
-0.351562 0.388672 -0.279297 1310581231.680667
-0.211914 0.535156 -0.463867 1310581231.714772
-0.287109 0.644531 -0.212891 1310581231.735734
-0.037109 0.644531 -0.212891 1310581231.758726
-0.274414 0.742188 -0.483398 1310581231.803729
-0.111328 0.733398 -0.550781 1310581231.833728
-0.249023 0.608398 -0.566406 1310581231.877774
-0.469727 0.531250 -0.438477 1310581231.907705
-0.469727 0.531250 -0.438477 1310581231.934721
-0.420898 0.433594 -0.626953 1310581231.960728
-0.410156 0.550781 -0.753906 1310581232.005672
-0.259766 0.419922 -0.746094 1310581232.029673
-0.413086 0.409180 -0.888672 1310581232.052686
-0.480469 0.277344 -0.821289 1310581232.117788
-0.400391 0.271484 -0.821289 1310581232.118697
-0.393555 0.220703 -0.952148 1310581232.575692
-0.405273 0.159180 -0.895508 1310581232.605683
-0.378906 0.129883 -0.955078 1310581232.614691
-0.376953 0.169922 -0.926758 1310581232.617680
-0.438477 0.148438 -1.013672 1310581232.639700
-0.404297 0.028320 -0.976562 1310581232.659659
-0.465820 0.056641 -0.964844 1310581232.660658
-0.493164 -0.022461 -0.978516 1310581232.668738
-0.456055 0.017578 -0.999023 1310581232.672708
-0.490234 0.025391 -0.926758 1310581232.682537
-0.462891 0.069336 -0.988281 1310581232.683790
-0.497070 0.069336 -0.988281 1310581232.694796
-0.501953 0.161133 -0.943359 1310581232.724719
-0.490234 0.214844 -0.945312 1310581232.725705
-0.521484 0.336914 -0.919922 1310581232.727709
-0.451172 0.366211 -0.895508 1310581232.739764
-0.397461 0.397461 -0.895508 1310581232.745710
-0.367188 0.397461 -0.895508 1310581232.747685
-0.326172 0.540039 -0.651367 1310581232.749696
-0.232422 0.542969 -0.593750 1310581232.783763
-0.245117 0.599609 -0.452148 1310581232.805725
-0.183594 0.574219 -0.390625 1310581232.828693
-0.156250 0.583984 -0.390625 1310581232.853751
-0.125977 0.507812 -0.257812 1310581232.928781
-0.123047 0.652344 -0.298828 1310581232.954740
-0.162109 0.693359 -0.207031 1310581232.977688
-0.119141 0.636719 -0.265625 1310581232.999665
-0.127930 0.697266 -0.247070 1310581233.022667
-0.127930 0.697266 -0.247070 1310581233.044720
-0.222656 0.628906 -0.372070 1310581233.088666
-0.289062 0.614258 -0.300781 1310581233.137748
-0.247070 0.673828 -0.370117 1310581233.158726
-0.231445 0.615234 -0.397461 1310581233.205669
-0.268555 0.634766 -0.386719 1310581233.207667
-0.252930 0.731445 -0.343750 1310581233.273678
-0.268555 0.701172 -0.443359 1310581233.294695
-0.258789 0.569336 -0.391602 1310581233.340729
-0.285156 0.644531 -0.427734 1310581233.357813
-0.288086 0.667969 -0.439453 1310581233.383808
-0.271484 0.692383 -0.408203 1310581233.405774
-0.259766 0.654297 -0.356445 1310581233.448807
-0.243164 0.634766 -0.386719 1310581233.490693
-0.201172 0.719727 -0.379883 1310581233.510682
-0.211914 0.730469 -0.430664 1310581233.554705
-0.219727 0.669922 -0.419922 1310581233.577680
-0.242188 0.627930 -0.419922 1310581233.601716
-0.269531 0.683594 -0.394531 1310581233.658810
-0.188477 0.646484 -0.359375 1310581233.679763
-0.179688 0.660156 -0.435547 1310581233.702781
-0.207031 0.644531 -0.535156 1310581233.725771
-0.290039 0.595703 -0.612305 1310581233.769754
-0.371094 0.613281 -0.631836 1310581233.795780
-0.373047 0.634766 -0.567383 1310581233.838774
-0.313477 0.592773 -0.524414 1310581233.860761
-0.191406 0.501953 -0.506836 1310581233.903741
-0.158203 0.425781 -0.415039 1310581233.924745
-0.215820 0.577148 -0.443359 1310581233.968717
-0.465820 0.577148 -0.443359 1310581233.989707
-0.242188 0.593750 -0.477539 1310581234.033779
-0.310547 0.640625 -0.614258 1310581234.055691
-0.307617 0.482422 -0.432617 1310581234.099691
-0.278320 0.640625 -0.496094 1310581234.122730
-0.357422 0.587891 -0.806641 1310581234.144779
-0.357422 0.587891 -0.806641 1310581234.215714
-0.295898 0.690430 -0.741211 1310581234.243688
-0.250000 0.336914 -0.730469 1310581234.244686
-0.358398 0.449219 -0.693359 1310581234.289755
-0.419922 0.479492 -0.879883 1310581234.313801
-0.303711 0.255859 -0.760742 1310581234.335829
-0.394531 0.407227 -0.799805 1310581234.899737
-0.405273 0.311523 -0.899414 1310581234.920707
-0.402344 0.148438 -0.916992 1310581234.930703
-0.500977 0.166016 -0.971680 1310581234.932705
-0.528320 0.075195 -0.998047 1310581234.933702
-0.433594 -0.010742 -0.929688 1310581234.943704
-0.496094 -0.047852 -0.949219 1310581234.957751
-0.520508 -0.023438 -0.988281 1310581234.977832
-0.473633 -0.075195 -0.943359 1310581234.978826
-0.465820 -0.021484 -1.019531 1310581234.979825
-0.520508 0.013672 -1.011719 1310581234.988761
-0.461914 -0.001953 -0.974609 1310581234.998833
-0.474609 0.035156 -1.027344 1310581234.999754
-0.494141 0.084961 -1.016602 1310581235.000732
-0.458984 0.057617 -0.979492 1310581235.002764
-0.455078 0.119141 -0.993164 1310581235.003834
-0.399414 0.198242 -0.892578 1310581235.004834
-0.387695 0.223633 -0.892578 1310581235.006809
-0.375000 0.358398 -0.836914 1310581235.022771
-0.397461 0.490234 -0.734375 1310581235.023833
-0.368164 0.580078 -0.751953 1310581235.024829
-0.267578 0.573242 -0.551758 1310581235.069710
-0.239258 0.629883 -0.487305 1310581235.092744
-0.239258 0.629883 -0.487305 1310581235.114842
-0.101562 0.585938 -0.378906 1310581235.158742
-0.137695 0.662109 -0.305664 1310581235.180706
-0.145508 0.697266 -0.271484 1310581235.224826
-0.135742 0.699219 -0.231445 1310581235.245838
-0.156250 0.716797 -0.221680 1310581235.293796
-0.180664 0.710938 -0.215820 1310581235.315791
-0.185547 0.663086 -0.220703 1310581235.359754
-0.140625 0.641602 -0.300781 1310581235.402758
-0.172852 0.630859 -0.340820 1310581235.404719
-0.216797 0.683594 -0.291016 1310581235.443763
-0.214844 0.677734 -0.338867 1310581235.487754
-0.229492 0.661133 -0.331055 1310581235.545767
-0.228516 0.629883 -0.267578 1310581235.547732
-0.180664 0.682617 -0.166992 1310581235.590802
-0.197266 0.744141 -0.325195 1310581235.613849
-0.351562 0.634766 -0.339844 1310581235.635769
-0.251953 0.751953 -0.403320 1310581235.658687
-0.219727 0.792969 -0.396484 1310581235.702828
-0.210938 0.649414 -0.338867 1310581235.725842
-0.170898 0.722656 -0.391602 1310581235.780811
-0.159180 0.644531 -0.380859 1310581235.803803
-0.207031 0.714844 -0.403320 1310581235.824849
-0.200195 0.696289 -0.345703 1310581235.868757
-0.219727 0.687500 -0.358398 1310581235.890722
-0.239258 0.667969 -0.429688 1310581235.937774
-0.261719 0.670898 -0.382812 1310581235.958775
-0.231445 0.656250 -0.388672 1310581236.003727
-0.203125 0.666016 -0.392578 1310581236.025808
-0.203125 0.666016 -0.392578 1310581236.048791
-0.254883 0.651367 -0.443359 1310581236.082831
-0.229492 0.637695 -0.464844 1310581236.117730
-0.229492 0.581055 -0.550781 1310581236.160758
-0.294922 0.597656 -0.616211 1310581236.204852
-0.315430 0.577148 -0.587891 1310581236.205858
-0.065430 0.577148 -0.587891 1310581236.248862
-0.041016 0.538086 -0.359375 1310581236.293871
-0.271484 0.677734 -0.542969 1310581236.314827
-0.305664 0.650391 -0.462891 1310581236.358737
-0.317383 0.651367 -0.547852 1310581236.379730
-0.318359 0.582031 -0.560547 1310581236.403781
-0.220703 0.652344 -0.473633 1310581236.452737
-0.206055 0.765625 -0.411133 1310581236.473763
-0.205078 0.576172 -0.514648 1310581236.517863
-0.296875 0.628906 -0.565430 1310581236.540817
-0.399414 0.545898 -0.841797 1310581236.564878
-0.313477 0.357422 -0.632812 1310581236.597849
-0.361328 0.466797 -0.727539 1310581236.640838
-0.374023 0.269531 -0.823242 1310581236.683871
-0.441406 0.371094 -0.792969 1310581236.725838
-0.431641 0.252930 -0.945312 1310581237.247808
-0.349609 0.214844 -0.808594 1310581237.270811
-0.456055 0.164062 -0.808594 1310581237.272798
-0.467773 0.132812 -0.875000 1310581237.283889
-0.550781 0.169922 -0.942383 1310581237.292885
-0.500000 0.001953 -0.927734 1310581237.293874
-0.542969 -0.009766 -0.943359 1310581237.294880
-0.607422 0.036133 -0.998047 1310581237.309781
-0.544922 -0.003906 -0.979492 1310581237.313751
-0.527344 -0.071289 -1.007812 1310581237.337752
-0.525391 -0.095703 -0.951172 1310581237.354751
-0.521484 -0.121094 -0.959961 1310581237.375775
-0.575195 -0.082031 -0.966797 1310581237.377774
-0.528320 -0.045898 -0.959961 1310581237.392753
-0.528320 -0.045898 -0.959961 1310581237.405751
-0.510742 0.040039 -0.928711 1310581237.407756
-0.550781 0.130859 -0.999023 1310581237.407762
-0.520508 0.230469 -0.939453 1310581237.408748
-0.495117 0.382812 -0.886719 1310581237.408754
-0.424805 0.426758 -0.753906 1310581237.413752
-0.424805 0.426758 -0.753906 1310581237.414750
-0.345703 0.558594 -0.638672 1310581237.431773
-0.337891 0.565430 -0.553711 1310581237.438771
-0.249023 0.597656 -0.513672 1310581237.469804
-0.166016 0.609375 -0.384766 1310581237.512871
-0.149414 0.599609 -0.365234 1310581237.533861
-0.153320 0.612305 -0.334961 1310581237.577923
-0.172852 0.601562 -0.302734 1310581237.599894
-0.141602 0.625977 -0.331055 1310581237.645279
-0.153320 0.667969 -0.286133 1310581237.667845
-0.197266 0.645508 -0.290039 1310581237.713882
-0.175781 0.658203 -0.290039 1310581237.715807
-0.162109 0.635742 -0.299805 1310581237.779909
-0.226562 0.610352 -0.273438 1310581237.803787
-0.258789 0.742188 -0.342773 1310581237.819778
-0.293945 0.654297 -0.397461 1310581237.867913
-0.308594 0.648438 -0.408203 1310581237.889882
-0.290039 0.609375 -0.426758 1310581237.932766
-0.321289 0.609375 -0.426758 1310581237.954772
-0.344727 0.664062 -0.447266 1310581237.999791
-0.331055 0.707031 -0.420898 1310581238.031774
-0.299805 0.701172 -0.397461 1310581238.097768
-0.255859 0.739258 -0.463867 1310581238.119793
-0.225586 0.690430 -0.476562 1310581238.137789
-0.249023 0.678711 -0.551758 1310581238.138785
-0.296875 0.689453 -0.301758 1310581238.183808
-0.256836 0.615234 -0.342773 1310581238.230872
-0.233398 0.613281 -0.278320 1310581238.242857
-0.166016 0.689453 -0.342773 1310581238.299772
-0.183594 0.719727 -0.259766 1310581238.301770
-0.138672 0.716797 -0.255859 1310581238.343859
-0.124023 0.765625 -0.194336 1310581238.369818
-0.086914 0.748047 -0.213867 1310581238.414802
-0.181641 0.728516 -0.171875 1310581238.438802
-0.163086 0.689453 -0.237305 1310581238.458983
-0.148438 0.663086 -0.264648 1310581238.505878
-0.200195 0.691406 -0.303711 1310581238.547841
-0.231445 0.712891 -0.340820 1310581238.570911
-0.240234 0.716797 -0.333008 1310581238.594899
-0.187500 0.726562 -0.327148 1310581238.638898
-0.157227 0.725586 -0.328125 1310581238.659841
-0.171875 0.724609 -0.242188 1310581238.703867
-0.163086 0.740234 -0.253906 1310581238.727832
-0.180664 0.729492 -0.286133 1310581238.772806
-0.235352 0.675781 -0.272461 1310581238.795094
-0.257812 0.694336 -0.273438 1310581238.837828
-0.190430 0.700195 -0.310547 1310581238.859903
-0.214844 0.712891 -0.340820 1310581238.883829
-0.208008 0.743164 -0.319336 1310581238.925784
-0.208008 0.746094 -0.291016 1310581238.949868
-0.205078 0.701172 -0.331055 1310581238.994791
-0.232422 0.668945 -0.336914 1310581239.024821
-0.225586 0.694336 -0.333008 1310581239.047806
-0.155273 0.721680 -0.362305 1310581239.097926
-0.171875 0.701172 -0.310547 1310581239.118884
-0.179688 0.683594 -0.302734 1310581239.161917
-0.182617 0.682617 -0.340820 1310581239.184912
-0.197266 0.718750 -0.374023 1310581239.228858
-0.197266 0.718750 -0.374023 1310581239.229845
