-0.052734 0.741211 -0.141602 1310076360.179934
-0.078125 0.741211 -0.129883 1310076360.203943
-0.043945 0.733398 -0.101562 1310076360.248948
-0.051758 0.729492 -0.139648 1310076360.270948
-0.092773 0.746094 -0.125000 1310076360.293948
-0.027344 0.725586 -0.125000 1310076360.338952
-0.054688 0.756836 -0.079102 1310076360.381950
-0.034180 0.755859 -0.102539 1310076360.404950
-0.040039 0.728516 -0.082031 1310076360.449926
-0.067383 0.771484 -0.110352 1310076360.473957
-0.070312 0.721680 -0.125977 1310076360.496950
-0.082031 0.732422 -0.103516 1310076360.519952
-0.047852 0.724609 -0.096680 1310076360.561949
-0.007812 0.754883 -0.097656 1310076360.605959
-0.059570 0.744141 -0.084961 1310076360.628919
-0.032227 0.746094 -0.041992 1310076360.671967
-0.014648 0.746094 -0.051758 1310076360.693953
-0.014648 0.746094 -0.051758 1310076360.718955
-0.047852 0.747070 -0.078125 1310076360.765957
-0.062500 0.738281 -0.088867 1310076360.786959
-0.012695 0.746094 -0.072266 1310076360.823929
-0.003906 0.746094 -0.083008 1310076360.846948
-0.026367 0.732422 -0.084961 1310076360.869972
-0.042969 0.767578 -0.107422 1310076360.911976
-0.034180 0.727539 -0.107422 1310076360.954958
0.002930 0.740234 -0.085938 1310076360.975955
-0.024414 0.753906 -0.107422 1310076361.018958
-0.051758 0.751953 -0.139648 1310076361.051970
-0.062500 0.736328 -0.141602 1310076361.101958
-0.035156 0.749023 -0.136719 1310076361.120935
-0.067383 0.728516 -0.110352 1310076361.141960
-0.065430 0.752930 -0.137695 1310076361.165964
-0.044922 0.742188 -0.150391 1310076361.198966
-0.045898 0.715820 -0.131836 1310076361.243964
-0.067383 0.715820 -0.141602 1310076361.266946
-0.056641 0.744141 -0.176758 1310076361.314967
-0.051758 0.748047 -0.170898 1310076361.336973
-0.082031 0.751953 -0.195312 1310076361.360969
-0.108398 0.725586 -0.207031 1310076361.405968
-0.095703 0.695312 -0.216797 1310076361.434972
-0.129883 0.695312 -0.216797 1310076361.455964
-0.119141 0.761719 -0.233398 1310076361.499968
-0.138672 0.750000 -0.224609 1310076361.525969
-0.116211 0.736328 -0.238281 1310076361.569954
-0.136719 0.730469 -0.262695 1310076361.592056
-0.174805 0.716797 -0.214844 1310076361.615971
-0.174805 0.716797 -0.214844 1310076361.659974
-0.125977 0.699219 -0.211914 1310076361.704943
-0.135742 0.758789 -0.152344 1310076361.726973
-0.175781 0.678711 -0.127930 1310076361.771972
-0.156250 0.711914 -0.111328 1310076361.793978
-0.129883 0.744141 -0.083008 1310076361.814974
-0.149414 0.697266 -0.142578 1310076361.839952
-0.154297 0.660156 -0.067383 1310076361.884970
-0.105469 0.749023 -0.065430 1310076361.926958
-0.132812 0.720703 -0.209961 1310076361.949977
-0.180664 0.650391 -0.087891 1310076361.975971
-0.221680 0.798828 -0.074219 1310076361.998979
-0.158203 0.785156 -0.155273 1310076362.041977
-0.182617 0.657227 -0.156250 1310076362.086979
-0.221680 0.800781 -0.092773 1310076362.109986
-0.331055 0.722656 -0.267578 1310076362.154988
-0.297852 0.562500 -0.157227 1310076362.184952
-0.302734 0.744141 -0.153320 1310076362.206954
-0.315430 0.677734 -0.293945 1310076362.231986
-0.321289 0.600586 -0.244141 1310076363.291012
-0.310547 0.775391 -0.223633 1310076363.305002
-0.321289 0.679688 -0.303711 1310076363.305981
-0.355469 0.574219 -0.266602 1310076363.325988
-0.334961 0.574219 -0.266602 1310076363.326987
-0.389648 0.609375 -0.371094 1310076363.343002
-0.417969 0.586914 -0.352539 1310076363.343999
-0.391602 0.630859 -0.406250 1310076363.354000
-0.406250 0.628906 -0.419922 1310076363.354974
-0.371094 0.599609 -0.441406 1310076363.365004
-0.416992 0.599609 -0.441406 1310076363.365997
-0.388672 0.631836 -0.414062 1310076363.377995
-0.398438 0.615234 -0.477539 1310076363.387006
-0.352539 0.595703 -0.477539 1310076363.404065
-0.367188 0.568359 -0.420898 1310076363.405011
-0.428711 0.623047 -0.458008 1310076363.416001
-0.390625 0.607422 -0.459961 1310076363.416014
-0.370117 0.605469 -0.450195 1310076363.416025
-0.403320 0.580078 -0.495117 1310076363.416035
-0.382812 0.594727 -0.463867 1310076363.416045
-0.317383 0.604492 -0.491211 1310076363.416056
-0.388672 0.635742 -0.450195 1310076363.416066
-0.400391 0.658203 -0.459961 1310076363.416076
-0.373047 0.666992 -0.422852 1310076363.416086
-0.394531 0.684570 -0.435547 1310076363.416096
-0.366211 0.664062 -0.405273 1310076363.416106
-0.377930 0.691406 -0.405273 1310076363.416117
-0.338867 0.674805 -0.329102 1310076363.419014
-0.334961 0.714844 -0.264648 1310076363.419026
-0.298828 0.693359 -0.274414 1310076363.419036
-0.296875 0.732422 -0.204102 1310076363.419046
-0.270508 0.702148 -0.187500 1310076363.419057
-0.248047 0.692383 -0.153320 1310076363.419067
-0.188477 0.679688 -0.089844 1310076363.419095
-0.204102 0.687500 -0.066406 1310076363.419986
-0.180664 0.699219 -0.026367 1310076363.420997
-0.150391 0.681641 -0.020508 1310076363.425004
-0.146484 0.705078 0.003906 1310076363.466989
-0.099609 0.705078 0.006836 1310076363.490013
-0.109375 0.705078 0.006836 1310076363.525021
-0.105469 0.713867 0.015625 1310076363.561006
-0.083008 0.702148 -0.002930 1310076363.586062
-0.089844 0.694336 -0.039062 1310076363.659033
-0.052734 0.695312 -0.052734 1310076363.685013
-0.116211 0.717773 -0.084961 1310076363.686007
-0.093750 0.717773 -0.084961 1310076363.709016
-0.094727 0.726562 -0.095703 1310076363.754012
-0.078125 0.723633 -0.083008 1310076363.797016
-0.097656 0.730469 -0.103516 1310076363.823982
-0.027344 0.728516 -0.128906 1310076363.849015
-0.018555 0.738281 -0.141602 1310076363.872009
-0.064453 0.741211 -0.104492 1310076363.908991
-0.079102 0.721680 -0.159180 1310076363.954019
-0.111328 0.767578 -0.160156 1310076363.975014
-0.048828 0.746094 -0.166016 1310076364.019033
-0.044922 0.739258 -0.162109 1310076364.041013
-0.095703 0.759766 -0.208984 1310076364.063993
-0.095703 0.759766 -0.208984 1310076364.109025
-0.043945 0.746094 -0.200195 1310076364.134020
-0.032227 0.757812 -0.204102 1310076364.169025
-0.029297 0.777344 -0.201172 1310076364.195026
-0.041016 0.727539 -0.195312 1310076364.239034
-0.071289 0.744141 -0.205078 1310076364.282025
-0.014648 0.757812 -0.205078 1310076364.304005
-0.077148 0.732422 -0.208984 1310076364.327026
-0.069336 0.744141 -0.236328 1310076364.374041
-0.099609 0.765625 -0.222656 1310076364.395021
-0.116211 0.743164 -0.242188 1310076364.440033
-0.129883 0.752930 -0.225586 1310076364.461021
-0.093750 0.744141 -0.231445 1310076364.484993
-0.135742 0.744141 -0.264648 1310076364.529013
-0.167969 0.761719 -0.192383 1310076364.554032
-0.181641 0.728516 -0.237305 1310076364.597032
-0.177734 0.753906 -0.212891 1310076364.621031
-0.163086 0.732422 -0.188477 1310076364.664002
-0.123047 0.674805 -0.186523 1310076364.685040
-0.097656 0.674805 -0.186523 1310076364.707032
-0.057617 0.672852 -0.153320 1310076364.747033
-0.088867 0.780273 -0.148438 1310076364.794041
-0.145508 0.682617 -0.122070 1310076364.815017
-0.141602 0.729492 -0.125977 1310076364.860038
-0.167969 0.761719 -0.139648 1310076364.886038
-0.176758 0.656250 -0.107422 1310076364.931049
-0.190430 0.733398 -0.095703 1310076364.970034
-0.244141 0.718750 -0.095703 1310076364.991034
-0.137695 0.634766 -0.049805 1310076365.014041
-0.090820 0.750000 -0.105469 1310076365.036036
-0.096680 0.682617 -0.093750 1310076365.080042
-0.163086 0.686523 -0.067383 1310076365.101036
-0.154297 0.769531 -0.041992 1310076365.143994
-0.277344 0.711914 -0.219727 1310076365.167033
-0.302734 0.693359 -0.083008 1310076365.192043
-0.165039 0.667969 -0.083008 1310076365.235047
-0.259766 0.667969 -0.290039 1310076365.467024
-0.352539 0.775391 -0.210938 1310076365.559026
-0.293945 0.754883 -0.213867 1310076366.339039
-0.350586 0.575195 -0.337891 1310076366.342062
-0.381836 0.600586 -0.337891 1310076366.358062
-0.355469 0.614258 -0.368164 1310076366.360035
-0.408203 0.585938 -0.445312 1310076366.361042
-0.361328 0.597656 -0.415039 1310076366.364076
-0.342773 0.653320 -0.417969 1310076366.379062
-0.415039 0.589844 -0.447266 1310076366.380059
-0.423828 0.589844 -0.447266 1310076366.382063
-0.357422 0.655273 -0.507812 1310076366.384057
-0.429688 0.627930 -0.490234 1310076366.385038
-0.440430 0.612305 -0.458008 1310076366.402067
-0.419922 0.587891 -0.465820 1310076366.404059
-0.409180 0.550781 -0.519531 1310076366.405049
-0.413086 0.550781 -0.519531 1310076366.406066
-0.411133 0.542969 -0.524414 1310076366.420065
-0.387695 0.541992 -0.532227 1310076366.420078
-0.441406 0.553711 -0.509766 1310076366.420089
-0.390625 0.545898 -0.516602 1310076366.420099
-0.375977 0.583984 -0.467773 1310076366.420109
-0.396484 0.603516 -0.470703 1310076366.420119
-0.393555 0.569336 -0.459961 1310076366.420130
-0.348633 0.639648 -0.435547 1310076366.420140
-0.403320 0.646484 -0.403320 1310076366.420150
-0.367188 0.652344 -0.418945 1310076366.420160
-0.341797 0.639648 -0.403320 1310076366.420171
-0.342773 0.676758 -0.403320 1310076366.420181
-0.344727 0.710938 -0.313477 1310076366.436049
-0.319336 0.744141 -0.275391 1310076366.436079
-0.338867 0.666016 -0.196289 1310076366.436090
-0.250000 0.718750 -0.205078 1310076366.436100
-0.247070 0.682617 -0.188477 1310076366.436110
-0.239258 0.661133 -0.194336 1310076366.436121
-0.219727 0.702148 -0.155273 1310076366.436131
-0.239258 0.702148 -0.125977 1310076366.442040
-0.243164 0.705078 -0.047852 1310076366.457074
-0.166992 0.709961 -0.063477 1310076366.484058
-0.155273 0.709961 -0.063477 1310076366.519067
-0.121094 0.727539 -0.024414 1310076366.564069
-0.142578 0.732422 -0.024414 1310076366.586072
-0.170898 0.691406 -0.000977 1310076366.629061
-0.121094 0.721680 -0.046875 1310076366.650073
-0.134766 0.705078 -0.031250 1310076366.694069
-0.146484 0.733398 -0.031250 1310076366.718071
-0.148438 0.687500 -0.105469 1310076366.746054
-0.118164 0.718750 -0.159180 1310076366.789081
-0.099609 0.730469 -0.109375 1310076366.810047
-0.105469 0.729492 -0.104492 1310076366.854078
-0.122070 0.687500 -0.119141 1310076366.876073
-0.078125 0.733398 -0.112305 1310076366.922065
-0.062500 0.743164 -0.121094 1310076366.947082
-0.122070 0.736328 -0.130859 1310076366.970074
-0.106445 0.746094 -0.118164 1310076367.016074
-0.061523 0.769531 -0.112305 1310076367.039055
-0.110352 0.757812 -0.146484 1310076367.085075
-0.112305 0.750977 -0.177734 1310076367.111084
-0.094727 0.751953 -0.187500 1310076367.155077
-0.107422 0.755859 -0.148438 1310076367.180078
-0.077148 0.724609 -0.212891 1310076367.204086
-0.078125 0.690430 -0.251953 1310076367.227081
-0.083984 0.730469 -0.233398 1310076367.274080
-0.084961 0.763672 -0.233398 1310076367.297087
-0.113281 0.756836 -0.193359 1310076367.327087
-0.083984 0.756836 -0.193359 1310076367.349082
-0.083984 0.756836 -0.193359 1310076367.396078
-0.094727 0.751953 -0.202148 1310076367.429126
-0.079102 0.750000 -0.209961 1310076367.442096
-0.104492 0.768555 -0.187500 1310076367.539078
-0.098633 0.720703 -0.186523 1310076367.540059
-0.095703 0.735352 -0.215820 1310076367.559084
-0.125977 0.732422 -0.224609 1310076367.602082
-0.094727 0.710938 -0.252930 1310076367.624061
-0.141602 0.710938 -0.252930 1310076367.646091
-0.159180 0.704102 -0.226562 1310076367.684068
-0.185547 0.747070 -0.244141 1310076367.721090
-0.167969 0.755859 -0.256836 1310076367.743087
-0.139648 0.700195 -0.235352 1310076367.787094
-0.141602 0.732422 -0.218750 1310076367.810093
-0.115234 0.732422 -0.218750 1310076367.835090
-0.097656 0.722656 -0.141602 1310076367.877070
-0.112305 0.707031 -0.208008 1310076367.902079
-0.132812 0.677734 -0.205078 1310076367.950101
-0.164062 0.741211 -0.199219 1310076367.992093
-0.146484 0.669922 -0.078125 1310076367.993090
-0.120117 0.669922 -0.078125 1310076368.037097
-0.120117 0.669922 -0.078125 1310076368.071101
-0.208008 0.699219 -0.193359 1310076368.115115
-0.202148 0.598633 -0.078125 1310076368.137094
-0.124023 0.779297 -0.020508 1310076368.159096
-0.173828 0.706055 -0.230469 1310076368.203101
-0.218750 0.768555 -0.098633 1310076368.227100
-0.230469 0.774414 -0.165039 1310076368.271103
-0.244141 0.617188 -0.245117 1310076368.313132
-0.315430 0.712891 -0.103516 1310076368.336100
-0.295898 0.683594 -0.206055 1310076368.381117
-0.206055 0.687500 -0.456055 1310076368.404103
-0.286133 0.751953 -0.277344 1310076368.445109
-0.290039 0.703125 -0.242188 1310076369.557128
-0.295898 0.573242 -0.321289 1310076369.575127
-0.369141 0.781250 -0.281250 1310076369.576121
-0.430664 0.675781 -0.334961 1310076369.577123
-0.453125 0.607422 -0.334961 1310076369.579123
-0.362305 0.688477 -0.392578 1310076369.592103
-0.404297 0.624023 -0.404297 1310076369.597122
-0.421875 0.624023 -0.500000 1310076369.598124
-0.418945 0.614258 -0.473633 1310076369.600122
-0.370117 0.593750 -0.420898 1310076369.601117
-0.436523 0.589844 -0.439453 1310076369.615124
-0.446289 0.564453 -0.427734 1310076369.620127
-0.392578 0.594727 -0.457031 1310076369.622124
-0.416016 0.558594 -0.485352 1310076369.622136
-0.410156 0.556641 -0.493164 1310076369.622146
-0.404297 0.589844 -0.494141 1310076369.622157
-0.414062 0.544922 -0.530273 1310076369.622167
-0.420898 0.585938 -0.515625 1310076369.622177
-0.407227 0.567383 -0.509766 1310076369.622188
-0.364258 0.577148 -0.507812 1310076369.622198
-0.395508 0.617188 -0.532227 1310076369.622208
-0.430664 0.539062 -0.462891 1310076369.622227
-0.400391 0.547852 -0.501953 1310076369.622237
-0.369141 0.660156 -0.501953 1310076369.622248
-0.424805 0.636719 -0.501953 1310076369.625135
-0.453125 0.625000 -0.426758 1310076369.625148
-0.421875 0.650391 -0.447266 1310076369.625158
-0.390625 0.630859 -0.434570 1310076369.625169
-0.366211 0.679688 -0.358398 1310076369.625179
-0.336914 0.681641 -0.314453 1310076369.625189
-0.321289 0.735352 -0.269531 1310076369.625200
-0.308594 0.701172 -0.221680 1310076369.625210
-0.262695 0.667969 -0.209961 1310076369.625220
-0.264648 0.658203 -0.137695 1310076369.625230
-0.236328 0.725586 -0.095703 1310076369.625241
-0.230469 0.682617 -0.056641 1310076369.642124
-0.195312 0.685547 -0.031250 1310076369.643123
-0.161133 0.652344 -0.003906 1310076369.645104
-0.129883 0.680664 0.042969 1310076369.688105
-0.098633 0.680664 0.042969 1310076369.711130
-0.103516 0.726562 0.028320 1310076369.753130
-0.081055 0.690430 0.046875 1310076369.776130
-0.043945 0.734375 -0.033203 1310076369.818133
-0.133789 0.723633 -0.050781 1310076369.863135
-0.115234 0.671875 -0.052734 1310076369.886132
-0.115234 0.671875 -0.052734 1310076369.910139
-0.156250 0.726562 -0.087891 1310076369.933126
-0.150391 0.706055 -0.085938 1310076369.977126
-0.104492 0.716797 -0.122070 1310076370.000123
-0.123047 0.704102 -0.122070 1310076370.043153
-0.110352 0.667969 -0.151367 1310076370.096134
-0.058594 0.726562 -0.146484 1310076370.124103
-0.077148 0.740234 -0.111328 1310076370.146140
-0.106445 0.729492 -0.140625 1310076370.168113
-0.108398 0.707031 -0.129883 1310076370.191139
-0.084961 0.691406 -0.136719 1310076370.236139
-0.104492 0.756836 -0.128906 1310076370.259140
-0.043945 0.752930 -0.180664 1310076370.302144
-0.048828 0.740234 -0.107422 1310076370.325145
-0.041016 0.727539 -0.151367 1310076370.368153
-0.062500 0.753906 -0.180664 1310076370.390140
0.004883 0.751953 -0.209961 1310076370.435140
-0.111328 0.742188 -0.209961 1310076370.458146
-0.106445 0.734375 -0.192383 1310076370.488145
-0.067383 0.711914 -0.195312 1310076370.532124
-0.060547 0.759766 -0.174805 1310076370.553141
-0.073242 0.723633 -0.180664 1310076370.576151
-0.140625 0.732422 -0.219727 1310076370.620147
-0.132812 0.775391 -0.219727 1310076370.643148
-0.089844 0.742188 -0.243164 1310076370.685154
-0.133789 0.774414 -0.223633 1310076370.707152
-0.117188 0.734375 -0.219727 1310076370.751151
-0.109375 0.741211 -0.237305 1310076370.772150
-0.170898 0.752930 -0.250977 1310076370.816153
-0.126953 0.714844 -0.191406 1310076370.838149
-0.144531 0.714844 -0.191406 1310076370.882151
-0.119141 0.713867 -0.144531 1310076370.906149
-0.117188 0.737305 -0.187500 1310076370.947157
-0.155273 0.756836 -0.225586 1310076370.968150
-0.193359 0.746094 -0.204102 1310076371.011157
-0.156250 0.651367 -0.165039 1310076371.033158
-0.115234 0.670898 -0.165039 1310076371.078159
-0.136719 0.719727 -0.165039 1310076371.101168
-0.137695 0.591797 -0.119141 1310076371.126159
-0.091797 0.742188 -0.106445 1310076371.175160
-0.183594 0.791016 -0.113281 1310076371.198160
-0.166016 0.642578 -0.127930 1310076371.241165
-0.053711 0.766602 -0.065430 1310076371.263160
-0.078125 0.806641 -0.125000 1310076371.287159
-0.181641 0.623047 -0.138672 1310076371.330158
-0.179688 0.689453 -0.056641 1310076371.382175
-0.155273 0.814453 -0.103516 1310076371.409166
-0.207031 0.659180 -0.220703 1310076371.430234
-0.198242 0.693359 -0.075195 1310076371.473158
-0.291992 0.780273 -0.114258 1310076371.495160
-0.311523 0.534180 -0.198242 1310076371.521152
-0.227539 0.747070 -0.195312 1310076371.556174
-0.242188 0.811523 -0.305664 1310076371.583185
-0.374023 0.811523 -0.305664 1310076371.612166
-0.333008 0.636719 -0.276367 1310076372.132257
-0.369141 0.721680 -0.325195 1310076372.372198
-0.412109 0.665039 -0.431641 1310076372.688185
-0.392578 0.640625 -0.419922 1310076372.710196
-0.385742 0.612305 -0.450195 1310076372.722183
-0.385742 0.599609 -0.421875 1310076372.740192
-0.402344 0.546875 -0.459961 1310076372.741184
-0.398438 0.572266 -0.393555 1310076372.742188
-0.367188 0.607422 -0.483398 1310076372.745189
-0.455078 0.616211 -0.459961 1310076372.763192
-0.476562 0.616211 -0.459961 1310076372.765189
-0.388672 0.572266 -0.459961 1310076372.781191
-0.392578 0.592773 -0.517578 1310076372.790190
-0.419922 0.560547 -0.505859 1310076372.790203
-0.418945 0.535156 -0.526367 1310076372.790214
-0.436523 0.591797 -0.512695 1310076372.790224
-0.388672 0.560547 -0.535156 1310076372.790234
-0.385742 0.549805 -0.521484 1310076372.790245
-0.409180 0.570312 -0.526367 1310076372.790255
-0.455078 0.554688 -0.503906 1310076372.790265
-0.393555 0.593750 -0.495117 1310076372.790275
-0.401367 0.550781 -0.510742 1310076372.790286
-0.398438 0.600586 -0.435547 1310076372.790296
-0.415039 0.607422 -0.435547 1310076372.790307
-0.423828 0.670898 -0.440430 1310076372.811216
-0.356445 0.644531 -0.403320 1310076372.811233
-0.389648 0.669922 -0.380859 1310076372.811244
-0.364258 0.708984 -0.374023 1310076372.811254
-0.331055 0.703125 -0.297852 1310076372.811265
-0.303711 0.708008 -0.280273 1310076372.811275
-0.281250 0.677734 -0.178711 1310076372.811286
-0.237305 0.662109 -0.181641 1310076372.811296
-0.211914 0.669922 -0.124023 1310076372.811306
-0.198242 0.719727 -0.103516 1310076372.811316
-0.167969 0.693359 -0.084961 1310076372.812179
-0.158203 0.713867 -0.060547 1310076372.831188
-0.146484 0.686523 -0.029297 1310076372.832185
-0.159180 0.714844 -0.012695 1310076372.833190
-0.103516 0.667969 -0.003906 1310076372.877194
-0.103516 0.667969 -0.003906 1310076372.900162
-0.060547 0.760742 0.006836 1310076372.943189
-0.039062 0.695312 -0.000977 1310076372.968195
-0.041992 0.727539 -0.045898 1310076373.012193
-0.071289 0.695312 -0.039062 1310076373.035191
-0.032227 0.737305 -0.064453 1310076373.078193
-0.032227 0.737305 -0.064453 1310076373.080192
-0.062500 0.750000 -0.067383 1310076373.123193
-0.086914 0.704102 -0.109375 1310076373.168204
-0.096680 0.690430 -0.144531 1310076373.190199
-0.109375 0.711914 -0.113281 1310076373.233197
-0.114258 0.758789 -0.102539 1310076373.248205
-0.076172 0.753906 -0.120117 1310076373.285177
-0.081055 0.708984 -0.138672 1310076373.321202
-0.081055 0.708984 -0.138672 1310076373.342204
-0.046875 0.750977 -0.106445 1310076373.386199
-0.064453 0.732422 -0.103516 1310076373.430202
-0.067383 0.736328 -0.137695 1310076373.452202
-0.010742 0.746094 -0.143555 1310076373.473192
-0.010742 0.746094 -0.143555 1310076373.520203
-0.123047 0.756836 -0.139648 1310076373.542195
-0.060547 0.757812 -0.126953 1310076373.585211
-0.043945 0.710938 -0.166992 1310076373.615210
-0.056641 0.764648 -0.140625 1310076373.637185
-0.041992 0.733398 -0.151367 1310076373.685218
-0.052734 0.724609 -0.176758 1310076373.706235
-0.070312 0.725586 -0.182617 1310076373.750207
-0.058594 0.786133 -0.163086 1310076373.771218
-0.051758 0.757812 -0.221680 1310076373.816210
-0.095703 0.746094 -0.229492 1310076373.838205
-0.108398 0.710938 -0.217773 1310076373.860210
-0.084961 0.755859 -0.226562 1310076373.957230
-0.065430 0.740234 -0.212891 1310076373.982205
-0.087891 0.749023 -0.224609 1310076373.983203
-0.083008 0.714844 -0.241211 1310076374.003211
-0.089844 0.718750 -0.241211 1310076374.026218
-0.105469 0.744141 -0.240234 1310076374.070213
-0.134766 0.774414 -0.220703 1310076374.098213
-0.124023 0.746094 -0.279297 1310076374.120209
-0.145508 0.755859 -0.267578 1310076374.165206
-0.138672 0.769531 -0.252930 1310076374.188213
-0.168945 0.719727 -0.261719 1310076374.232227
-0.137695 0.704102 -0.224609 1310076374.276218
-0.123047 0.662109 -0.209961 1310076374.298216
-0.116211 0.706055 -0.185547 1310076374.322223
-0.215820 0.693359 -0.175781 1310076374.372211
-0.183594 0.669922 -0.131836 1310076374.373233
-0.109375 0.679688 -0.139648 1310076374.421221
-0.109375 0.703125 -0.062500 1310076374.465223
-0.030273 0.738281 -0.063477 1310076374.486230
-0.124023 0.708984 -0.122070 1310076374.509219
-0.194336 0.718750 0.011719 1310076374.551225
-0.130859 0.702148 -0.238281 1310076374.574225
-0.125977 0.701172 -0.164062 1310076374.617223
-0.271484 0.763672 0.005859 1310076374.640219
-0.239258 0.753906 -0.103516 1310076374.683231
-0.132812 0.685547 -0.203125 1310076374.705228
-0.224609 0.789062 -0.229492 1310076374.759227
-0.374023 0.697266 -0.229492 1310076374.760227
-0.433594 0.615234 -0.270508 1310076375.557242
-0.333984 0.618164 -0.327148 1310076375.817254
-0.333008 0.653320 -0.373047 1310076375.818244
-0.343750 0.652344 -0.354492 1310076375.828257
-0.360352 0.628906 -0.346680 1310076375.852249
-0.360352 0.628906 -0.346680 1310076375.853246
-0.328125 0.628906 -0.346680 1310076375.873253
-0.372070 0.618164 -0.429688 1310076375.895256
-0.458984 0.627930 -0.465820 1310076375.896247
-0.427734 0.557617 -0.495117 1310076375.910250
-0.394531 0.548828 -0.526367 1310076375.918250
-0.394531 0.548828 -0.526367 1310076375.920250
-0.415039 0.573242 -0.504883 1310076375.941247
-0.433594 0.577148 -0.502930 1310076375.943247
-0.417969 0.553711 -0.525391 1310076375.943258
-0.386719 0.554688 -0.521484 1310076375.943269
-0.430664 0.554688 -0.524414 1310076375.943279
-0.400391 0.568359 -0.532227 1310076375.943289
-0.398438 0.554688 -0.512695 1310076375.943299
-0.374023 0.571289 -0.487305 1310076375.943310
-0.368164 0.598633 -0.492188 1310076375.943320
-0.377930 0.607422 -0.489258 1310076375.943330
-0.359375 0.618164 -0.499023 1310076375.943363
-0.430664 0.665039 -0.480469 1310076375.943374
-0.396484 0.646484 -0.480469 1310076375.943385
-0.407227 0.621094 -0.394531 1310076375.962257
-0.355469 0.653320 -0.394531 1310076375.962269
-0.384766 0.664062 -0.357422 1310076375.962279
-0.311523 0.708008 -0.280273 1310076375.962289
-0.264648 0.713867 -0.326172 1310076375.962299
-0.305664 0.703125 -0.240234 1310076375.962310
-0.253906 0.693359 -0.215820 1310076375.962320
-0.237305 0.654297 -0.178711 1310076375.962330
-0.201172 0.728516 -0.136719 1310076375.962340
-0.212891 0.715820 -0.151367 1310076375.963244
-0.142578 0.764648 -0.073242 1310076375.965266
-0.160156 0.695312 -0.041992 1310076375.977261
-0.119141 0.708008 0.000000 1310076375.998248
-0.125977 0.694336 0.031250 1310076376.025257
-0.083984 0.729492 0.016602 1310076376.070277
-0.083984 0.747070 0.016602 1310076376.091250
-0.090820 0.720703 0.031250 1310076376.135260
-0.066406 0.746094 0.019531 1310076376.177248
-0.042969 0.741211 -0.055664 1310076376.198248
-0.101562 0.718750 -0.099609 1310076376.241259
-0.073242 0.648438 -0.132812 1310076376.242253
-0.036133 0.648438 -0.095703 1310076376.285261
-0.016602 0.759766 -0.012695 1310076376.328263
-0.043945 0.771484 -0.051758 1310076376.360264
-0.045898 0.740234 -0.064453 1310076376.393261
-0.032227 0.727539 -0.096680 1310076376.415261
-0.096680 0.748047 -0.125977 1310076376.447266
-0.061523 0.748047 -0.125977 1310076376.471278
-0.083008 0.771484 -0.141602 1310076376.557263
-0.096680 0.776367 -0.086914 1310076376.558256
-0.071289 0.707031 -0.092773 1310076376.578259
-0.040039 0.752930 -0.094727 1310076376.601262
-0.029297 0.756836 -0.094727 1310076376.644245
-0.052734 0.712891 -0.081055 1310076376.690264
-0.023438 0.729492 -0.098633 1310076376.712225
-0.003906 0.739258 -0.095703 1310076376.755272
-0.023438 0.723633 -0.129883 1310076376.776266
-0.094727 0.748047 -0.109375 1310076376.798265
-0.063477 0.742188 -0.125977 1310076376.825242
-0.057617 0.773438 -0.125977 1310076376.867272
-0.083984 0.744141 -0.101562 1310076376.893267
-0.071289 0.734375 -0.111328 1310076376.946278
-0.070312 0.733398 -0.117188 1310076376.970273
-0.054688 0.708984 -0.132812 1310076376.995262
-0.054688 0.708984 -0.132812 1310076377.026279
-0.093750 0.762695 -0.074219 1310076377.077272
-0.060547 0.732422 -0.109375 1310076377.097274
-0.041992 0.755859 -0.074219 1310076377.121275
-0.037109 0.751953 -0.068359 1310076377.167275
-0.066406 0.736328 -0.059570 1310076377.191250
-0.066406 0.736328 -0.059570 1310076377.213275
-0.048828 0.744141 -0.118164 1310076377.261270
-0.029297 0.770508 -0.094727 1310076377.305280
-0.089844 0.772461 -0.090820 1310076377.326281
-0.020508 0.720703 -0.059570 1310076377.373272
-0.021484 0.738281 -0.075195 1310076377.375270
-0.048828 0.729492 -0.083008 1310076377.418278
-0.037109 0.707031 -0.066406 1310076377.461278
-0.023438 0.744141 -0.085938 1310076377.482278
-0.019531 0.746094 -0.048828 1310076377.525257
-0.061523 0.739258 -0.058594 1310076377.551286
-0.097656 0.724609 -0.038086 1310076377.576280
-0.047852 0.756836 -0.081055 1310076377.598282
-0.043945 0.756836 -0.081055 1310076377.646282
-0.057617 0.734375 -0.073242 1310076377.681283
-0.060547 0.746094 -0.076172 1310076377.708291
-0.058594 0.691406 -0.092773 1310076377.731287
-0.012695 0.734375 -0.090820 1310076377.757291
-0.034180 0.752930 -0.092773 1310076377.805255
-0.034180 0.746094 -0.129883 1310076377.843282
-0.083984 0.744141 -0.131836 1310076377.866284
-0.084961 0.705078 -0.134766 1310076377.890272
