-0.208984 0.593750 0.337891 1309541269.772032
-0.210938 0.616211 0.330078 1309541269.817031
-0.256836 0.610352 0.332031 1309541269.840034
-0.246094 0.599609 0.346680 1309541269.864033
-0.216797 0.533203 0.344727 1309541269.893034
-0.229492 0.615234 0.349609 1309541269.946031
-0.225586 0.617188 0.342773 1309541269.970034
-0.225586 0.626953 0.338867 1309541269.992038
-0.201172 0.586914 0.337891 1309541270.019038
-0.233398 0.607422 0.339844 1309541270.064049
-0.223633 0.597656 0.339844 1309541270.087040
-0.210938 0.624023 0.352539 1309541270.132038
-0.209961 0.625977 0.340820 1309541270.159044
-0.197266 0.625000 0.307617 1309541270.180037
-0.195312 0.611328 0.322266 1309541270.221019
-0.231445 0.621094 0.305664 1309541270.245054
-0.192383 0.605469 0.320312 1309541270.287044
-0.170898 0.584961 0.327148 1309541270.311042
-0.181641 0.612305 0.331055 1309541270.357105
-0.188477 0.608398 0.334961 1309541270.401025
-0.190430 0.610352 0.333008 1309541270.402040
-0.182617 0.589844 0.354492 1309541270.457044
-0.182617 0.589844 0.354492 1309541270.481050
-0.205078 0.583008 0.345703 1309541270.504467
-0.219727 0.630859 0.328125 1309541270.552046
-0.211914 0.621094 0.309570 1309541270.574047
-0.228516 0.634766 0.327148 1309541270.597048
-0.204102 0.621094 0.341797 1309541270.646031
-0.192383 0.587891 0.341797 1309541270.669048
-0.192383 0.603516 0.350586 1309541270.711049
-0.230469 0.579102 0.336914 1309541270.732044
-0.212891 0.577148 0.335938 1309541270.779040
-0.209961 0.596680 0.340820 1309541270.800051
-0.213867 0.590820 0.318359 1309541270.847057
-0.209961 0.599609 0.343750 1309541270.887044
-0.212891 0.622070 0.331055 1309541270.907052
-0.207031 0.589844 0.330078 1309541270.930054
-0.211914 0.574219 0.327148 1309541270.955057
-0.194336 0.607422 0.317383 1309541270.999055
-0.208008 0.602539 0.292969 1309541271.021035
-0.222656 0.609375 0.338867 1309541271.065059
-0.207031 0.609375 0.314453 1309541271.102062
-0.192383 0.633789 0.340820 1309541271.125058
-0.218750 0.587891 0.309570 1309541271.171063
-0.199219 0.632812 0.327148 1309541271.194065
-0.202148 0.621094 0.327148 1309541271.217057
-0.219727 0.638672 0.300781 1309541271.262065
-0.225586 0.601562 0.314453 1309541271.284068
-0.219727 0.570312 0.345703 1309541271.330062
-0.250977 0.591797 0.343750 1309541271.354062
-0.251953 0.605469 0.334961 1309541271.380064
-0.242188 0.605469 0.347656 1309541271.402069
-0.242188 0.592773 0.344727 1309541271.446071
-0.246094 0.598633 0.334961 1309541271.471071
-0.223633 0.583984 0.300781 1309541271.515066
-0.200195 0.611328 0.329102 1309541271.559069
-0.194336 0.625000 0.327148 1309541271.581043
-0.178711 0.625000 0.318359 1309541271.604072
-0.203125 0.625000 0.318359 1309541271.625064
-0.203125 0.625000 0.318359 1309541271.671070
-0.195312 0.627930 0.327148 1309541271.701046
-0.247070 0.622070 0.311523 1309541271.727076
-0.242188 0.619141 0.330078 1309541271.752071
-0.226562 0.618164 0.342773 1309541271.811074
-0.223633 0.611328 0.314453 1309541271.832073
-0.237305 0.607422 0.302734 1309541271.856066
-0.200195 0.604492 0.326172 1309541271.900081
-0.212891 0.625000 0.326172 1309541271.922075
-0.219727 0.613281 0.349609 1309541271.952086
-0.214844 0.607422 0.323242 1309541271.997074
-0.230469 0.595703 0.324219 1309541272.020077
-0.220703 0.578125 0.344727 1309541272.067077
-0.204102 0.590820 0.299805 1309541272.092083
-0.207031 0.605469 0.340820 1309541272.135088
-0.188477 0.585938 0.340820 1309541272.173079
-0.209961 0.601562 0.309570 1309541272.194076
-0.241211 0.576172 0.337891 1309541272.215084
-0.210938 0.599609 0.331055 1309541272.257080
-0.227539 0.603516 0.350586 1309541272.302078
-0.182617 0.615234 0.333008 1309541272.307081
-0.210938 0.625000 0.357422 1309541272.345080
-0.165039 0.625000 0.357422 1309541272.368087
-0.165039 0.625000 0.357422 1309541272.410098
-0.228516 0.578125 0.319336 1309541272.459084
-0.203125 0.612305 0.344727 1309541272.481084
-0.234375 0.619141 0.314453 1309541272.527089
-0.206055 0.592773 0.314453 1309541272.550085
-0.196289 0.592773 0.314453 1309541272.574090
-0.222656 0.634766 0.349609 1309541272.617073
-0.216797 0.614258 0.332031 1309541272.641105
-0.205078 0.597656 0.309570 1309541272.662087
-0.208008 0.593750 0.334961 1309541272.707089
-0.218750 0.593750 0.334961 1309541272.730087
-0.223633 0.585938 0.344727 1309541272.772088
-0.207031 0.598633 0.331055 1309541272.817090
-0.251953 0.572266 0.370117 1309541272.839089
-0.256836 0.581055 0.360352 1309541272.861069
-0.290039 0.591797 0.313477 1309541272.882097
-0.240234 0.614258 0.337891 1309541272.927099
-0.239258 0.604492 0.329102 1309541272.959092
-0.216797 0.648438 0.329102 1309541272.982093
-0.167969 0.598633 0.267578 1309541273.031091
-0.168945 0.631836 0.345703 1309541273.055097
-0.170898 0.622070 0.338867 1309541273.100097
-0.192383 0.612305 0.310547 1309541273.121093
-0.219727 0.620117 0.328125 1309541273.146101
-0.179688 0.599609 0.338867 1309541273.190098
-0.195312 0.589844 0.319336 1309541273.212098
-0.241211 0.596680 0.348633 1309541273.261078
-0.219727 0.586914 0.331055 1309541273.272101
-0.239258 0.614258 0.312500 1309541273.329101
-0.250000 0.588867 0.331055 1309541273.350076
-0.281250 0.605469 0.337891 1309541273.371113
-0.241211 0.633789 0.326172 1309541273.459102
-0.241211 0.627930 0.342773 1309541273.460101
-0.239258 0.619141 0.349609 1309541273.480099
-0.247070 0.621094 0.312500 1309541273.506103
-0.228516 0.612305 0.319336 1309541273.535103
-0.230469 0.594727 0.360352 1309541273.577107
-0.204102 0.597656 0.309570 1309541273.599106
-0.196289 0.638672 0.332031 1309541273.644112
-0.199219 0.598633 0.316406 1309541273.666106
-0.203125 0.598633 0.316406 1309541273.687109
-0.197266 0.553711 0.338867 1309541273.732107
-0.177734 0.605469 0.319336 1309541273.777109
-0.197266 0.623047 0.328125 1309541273.800108
-0.212891 0.608398 0.329102 1309541273.824113
-0.214844 0.605469 0.348633 1309541273.869115
-0.210938 0.594727 0.323242 1309541273.890109
-0.217773 0.609375 0.341797 1309541273.934091
-0.232422 0.643555 0.322266 1309541273.955112
-0.198242 0.615234 0.323242 1309541273.997116
-0.198242 0.617188 0.330078 1309541274.019112
-0.199219 0.585938 0.325195 1309541274.061080
-0.205078 0.578125 0.331055 1309541274.086119
-0.208008 0.564453 0.345703 1309541274.134121
-0.221680 0.625000 0.360352 1309541274.156123
-0.232422 0.576172 0.319336 1309541274.179118
-0.250000 0.582031 0.339844 1309541274.203117
-0.253906 0.615234 0.340820 1309541274.246120
-0.222656 0.615234 0.343750 1309541274.291120
-0.232422 0.631836 0.354492 1309541274.314120
-0.184570 0.597656 0.334961 1309541274.356128
-0.191406 0.600586 0.328125 1309541274.382124
-0.166016 0.615234 0.301758 1309541274.414102
-0.146484 0.599609 0.329102 1309541274.439122
-0.186523 0.601562 0.342773 1309541274.481127
-0.177734 0.601562 0.346680 1309541274.525126
-0.188477 0.574219 0.322266 1309541274.547124
-0.208008 0.595703 0.323242 1309541274.570125
-0.208008 0.595703 0.323242 1309541274.592125
-0.205078 0.601562 0.334961 1309541274.639124
-0.203125 0.632812 0.342773 1309541274.660127
-0.215820 0.601562 0.328125 1309541274.695138
-0.203125 0.597656 0.338867 1309541274.756133
-0.221680 0.613281 0.343750 1309541274.759127
-0.208984 0.642578 0.351562 1309541274.803133
-0.215820 0.603516 0.353516 1309541274.826134
-0.210938 0.593750 0.356445 1309541274.870133
-0.247070 0.605469 0.354492 1309541274.896133
-0.229492 0.584961 0.327148 1309541274.919135
-0.213867 0.601562 0.335938 1309541274.945135
-0.187500 0.597656 0.357422 1309541274.990137
-0.200195 0.615234 0.338867 1309541275.034133
-0.214844 0.593750 0.327148 1309541275.055133
-0.234375 0.609375 0.308594 1309541275.077136
-0.219727 0.603516 0.328125 1309541275.144141
-0.228516 0.613281 0.315430 1309541275.145134
-0.219727 0.615234 0.315430 1309541275.171136
-0.197266 0.619141 0.305664 1309541275.219138
-0.193359 0.640625 0.327148 1309541275.242140
-0.197266 0.640625 0.323242 1309541275.285140
-0.183594 0.600586 0.319336 1309541275.327141
-0.203125 0.597656 0.319336 1309541275.329134
-0.245117 0.607422 0.311523 1309541275.385144
-0.235352 0.619141 0.318359 1309541275.407140
-0.215820 0.593750 0.345703 1309541275.451141
-0.208008 0.605469 0.316406 1309541275.476144
-0.232422 0.604492 0.340820 1309541275.497145
-0.208984 0.592773 0.325195 1309541275.523146
-0.212891 0.575195 0.331055 1309541275.582139
-0.228516 0.593750 0.340820 1309541275.609148
-0.261719 0.596680 0.339844 1309541275.630140
-0.243164 0.616211 0.331055 1309541275.677148
-0.235352 0.596680 0.322266 1309541275.698133
-0.235352 0.596680 0.322266 1309541275.721124
-0.217773 0.624023 0.298828 1309541275.768149
-0.194336 0.627930 0.288086 1309541275.790148
-0.172852 0.638672 0.316406 1309541275.836154
-0.172852 0.602539 0.299805 1309541275.867160
-0.189453 0.611328 0.324219 1309541275.889151
-0.179688 0.636719 0.324219 1309541275.934144
-0.198242 0.636719 0.324219 1309541275.959153
-0.207031 0.593750 0.334961 1309541276.031153
-0.177734 0.554688 0.326172 1309541276.032154
-0.217773 0.610352 0.341797 1309541276.070154
-0.219727 0.592773 0.332031 1309541276.075149
-0.243164 0.606445 0.332031 1309541276.125172
-0.221680 0.593750 0.312500 1309541276.147156
-0.192383 0.587891 0.292969 1309541276.191156
-0.226562 0.594727 0.353516 1309541276.215157
-0.205078 0.596680 0.324219 1309541276.257158
-0.178711 0.594727 0.324219 1309541276.279161
-0.208008 0.609375 0.319336 1309541276.308160
-0.245117 0.620117 0.326172 1309541276.353160
-0.166992 0.599609 0.321289 1309541276.377160
-0.207031 0.607422 0.310547 1309541276.400158
-0.222656 0.627930 0.326172 1309541276.446160
-0.208008 0.627930 0.326172 1309541276.467162
-0.213867 0.600586 0.329102 1309541276.513162
-0.210938 0.599609 0.332031 1309541276.536164
-0.197266 0.611328 0.351562 1309541276.562165
-0.193359 0.606445 0.333984 1309541276.605166
-0.170898 0.592773 0.309570 1309541276.627160
-0.213867 0.592773 0.309570 1309541276.650170
-0.202148 0.609375 0.347656 1309541276.702161
-0.243164 0.618164 0.315430 1309541276.723170
-0.188477 0.627930 0.324219 1309541276.766167
-0.176758 0.588867 0.333008 1309541276.788170
-0.211914 0.572266 0.316406 1309541276.835164
-0.200195 0.587891 0.326172 1309541276.856165
-0.221680 0.619141 0.345703 1309541276.883162
-0.215820 0.592773 0.360352 1309541276.927178
-0.206055 0.601562 0.346680 1309541276.948175
-0.205078 0.587891 0.333984 1309541276.998186
-0.181641 0.595703 0.326172 1309541277.010181
-0.225586 0.622070 0.349609 1309541277.053172
-0.230469 0.622070 0.348633 1309541277.100178
-0.217773 0.601562 0.348633 1309541277.121159
-0.223633 0.611328 0.353516 1309541277.142175
-0.199219 0.564453 0.363281 1309541277.191176
-0.236328 0.589844 0.375000 1309541277.212176
-0.193359 0.614258 0.375000 1309541277.234180
-0.185547 0.589844 0.335938 1309541277.321175
-0.208008 0.617188 0.373047 1309541277.340184
-0.217773 0.601562 0.331055 1309541277.342177
-0.187500 0.612305 0.328125 1309541277.385178
-0.206055 0.612305 0.336914 1309541277.408181
