-0.337891 0.640625 0.141602 1311189739.649763
-0.367188 0.678711 0.113281 1311189739.671767
-0.356445 0.678711 0.113281 1311189739.696780
-0.384766 0.678711 0.113281 1311189739.731784
-0.405273 0.655273 0.052734 1311189739.775783
-0.395508 0.607422 0.020508 1311189739.818786
-0.357422 0.623047 0.041992 1311189739.843774
-0.362305 0.478516 0.171875 1311189739.865772
-0.195312 0.500000 0.242188 1311189739.908783
-0.168945 0.672852 0.274414 1311189739.929774
-0.148438 0.659180 0.271484 1311189739.974781
-0.220703 0.631836 0.288086 1311189739.995778
-0.338867 0.615234 0.400391 1311189740.039778
-0.238281 0.519531 0.302734 1311189740.060772
-0.347656 0.506836 0.180664 1311189740.084801
-0.505859 0.590820 0.230469 1311189740.133797
-0.318359 0.443359 0.257812 1311189740.176788
-0.424805 0.560547 0.056641 1311189740.199767
-0.575195 0.585938 0.018555 1311189740.221793
-0.564453 0.627930 -0.003906 1311189740.244796
-0.314453 0.808594 -0.016602 1311189740.273798
-0.310547 0.623047 -0.048828 1311189740.319789
-0.518555 0.582031 -0.082031 1311189740.346803
-0.592773 0.610352 -0.157227 1311189740.389786
-0.481445 0.588867 -0.199219 1311189740.411791
-0.397461 0.571289 -0.187500 1311189740.459782
-0.415039 0.572266 -0.187500 1311189740.481792
-0.486328 0.576172 -0.336914 1311189740.513795
-0.441406 0.478516 -0.303711 1311189740.566803
-0.429688 0.460938 -0.291016 1311189740.578796
-0.511719 0.569336 -0.277344 1311189740.603793
-0.596680 0.468750 -0.310547 1311189740.645787
-0.539062 0.456055 -0.270508 1311189740.668816
-0.559570 0.462891 -0.341797 1311189740.711780
-0.540039 0.424805 -0.273438 1311189740.733812
-0.516602 0.347656 -0.225586 1311189740.778797
-0.570312 0.453125 -0.253906 1311189740.875794
-0.604492 0.519531 -0.235352 1311189740.876791
-0.604492 0.519531 -0.235352 1311189740.879795
-0.691406 0.640625 -0.318359 1311189740.928797
-0.748047 0.610352 -0.282227 1311189740.949799
-0.738281 0.495117 -0.283203 1311189740.971807
-0.584961 0.460938 -0.268555 1311189741.016813
-0.531250 0.521484 -0.290039 1311189741.020797
-0.597656 0.525391 -0.040039 1311189741.048810
-0.549805 0.525391 -0.040039 1311189741.091793
-0.485352 0.647461 -0.109375 1311189741.138819
-0.524414 0.724609 -0.083984 1311189741.163826
-0.525391 0.800781 0.004883 1311189741.185799
-0.612305 0.968750 0.050781 1311189741.208809
-0.653320 1.044922 0.104492 1311189741.252802
-0.378906 0.754883 0.146484 1311189741.300800
-0.209961 0.513672 0.144531 1311189741.325698
-0.184570 0.503906 0.129883 1311189741.363797
-0.215820 0.550781 0.127930 1311189741.386809
-0.262695 0.662109 0.162109 1311189741.411801
-0.288086 0.729492 0.133789 1311189741.456807
-0.273438 0.725586 0.186523 1311189741.478816
-0.213867 0.677734 0.214844 1311189741.524822
-0.183594 0.654297 0.206055 1311189741.546819
-0.193359 0.645508 0.225586 1311189741.573706
-0.155273 0.645508 0.225586 1311189741.594798
-0.180664 0.658203 0.209961 1311189741.659828
-0.239258 0.669922 0.209961 1311189741.680814
-0.208008 0.643555 0.242188 1311189741.701810
-0.183594 0.647461 0.245117 1311189741.746797
-0.183594 0.663086 0.252930 1311189741.769809
-0.230469 0.663086 0.252930 1311189741.791809
-0.201172 0.605469 0.275391 1311189741.834805
-0.173828 0.664062 0.260742 1311189741.880832
-0.167969 0.623047 0.280273 1311189741.886832
-0.193359 0.623047 0.282227 1311189741.933825
-0.165039 0.661133 0.274414 1311189741.955840
-0.129883 0.658203 0.251953 1311189741.981824
-0.149414 0.643555 0.275391 1311189742.045851
-0.105469 0.697266 0.201172 1311189742.066829
-0.118164 0.680664 0.205078 1311189742.116837
-0.077148 0.625977 0.233398 1311189742.117809
-0.074219 0.602539 0.234375 1311189742.159846
-0.150391 0.695312 0.228516 1311189742.181842
-0.124023 0.677734 0.221680 1311189742.225848
-0.132812 0.668945 0.264648 1311189742.248826
-0.183594 0.682617 0.186523 1311189742.290833
-0.144531 0.667969 0.218750 1311189742.311812
-0.138672 0.682617 0.199219 1311189742.334824
-0.138672 0.695312 0.207031 1311189742.398838
-0.150391 0.666992 0.210938 1311189742.418844
-0.159180 0.695312 0.196289 1311189742.463832
-0.154297 0.663086 0.193359 1311189742.485843
-0.137695 0.703125 0.203125 1311189742.509847
-0.131836 0.686523 0.203125 1311189742.529821
-0.161133 0.658203 0.203125 1311189742.574807
