-0.090820 0.705078 -0.122070 1310077608.614232
-0.083008 0.733398 -0.128906 1310077608.636226
-0.083008 0.740234 -0.124023 1310077608.660236
-0.076172 0.742188 -0.168945 1310077608.729220
-0.095703 0.768555 -0.152344 1310077608.751226
-0.081055 0.759766 -0.149414 1310077608.767243
-0.092773 0.745117 -0.161133 1310077608.790233
-0.030273 0.729492 -0.090820 1310077608.834218
-0.036133 0.750977 -0.121094 1310077608.857240
-0.036133 0.750977 -0.121094 1310077608.880233
-0.047852 0.747070 -0.116211 1310077608.927238
-0.056641 0.718750 -0.097656 1310077608.971237
-0.044922 0.750977 -0.134766 1310077608.992206
-0.001953 0.748047 -0.114258 1310077609.016238
-0.019531 0.766602 -0.114258 1310077609.039239
-0.030273 0.733398 -0.128906 1310077609.097236
0.000000 0.761719 -0.151367 1310077609.120234
-0.055664 0.747070 -0.143555 1310077609.142240
-0.083984 0.735352 -0.182617 1310077609.186219
-0.046875 0.763672 -0.151367 1310077609.212237
-0.050781 0.513672 -0.151367 1310077609.237240
-0.064453 0.730469 -0.168945 1310077609.271238
-0.036133 0.765625 -0.159180 1310077609.316241
-0.031250 0.742188 -0.116211 1310077609.339244
-0.039062 0.750000 -0.156250 1310077609.384246
-0.016602 0.758789 -0.142578 1310077609.406244
-0.087891 0.753906 -0.122070 1310077609.450242
-0.087891 0.753906 -0.122070 1310077609.471248
-0.074219 0.727539 -0.128906 1310077609.502238
-0.095703 0.748047 -0.111328 1310077609.536246
-0.068359 0.727539 -0.147461 1310077609.560250
-0.089844 0.740234 -0.146484 1310077609.595241
-0.067383 0.718750 -0.126953 1310077609.639256
-0.092773 0.742188 -0.144531 1310077609.661221
-0.081055 0.729492 -0.140625 1310077609.705255
-0.071289 0.759766 -0.120117 1310077609.727236
-0.061523 0.744141 -0.147461 1310077609.771269
-0.046875 0.751953 -0.149414 1310077609.799262
-0.029297 0.750000 -0.135742 1310077609.842211
-0.070312 0.704102 -0.141602 1310077609.864226
-0.055664 0.746094 -0.182617 1310077609.889251
-0.040039 0.751953 -0.141602 1310077609.931306
-0.055664 0.759766 -0.173828 1310077610.012260
-0.056641 0.756836 -0.173828 1310077610.014252
-0.021484 0.749023 -0.171875 1310077610.035252
-0.040039 0.724609 -0.180664 1310077610.055255
-0.065430 0.746094 -0.163086 1310077610.077254
-0.021484 0.746094 -0.142578 1310077610.122264
-0.055664 0.740234 -0.139648 1310077610.144267
-0.051758 0.699219 -0.142578 1310077610.166233
-0.075195 0.732422 -0.154297 1310077610.212259
-0.083984 0.732422 -0.154297 1310077610.234261
-0.086914 0.747070 -0.185547 1310077610.299270
-0.149414 0.697266 -0.121094 1310077610.300259
-0.103516 0.744141 -0.097656 1310077610.344279
-0.103516 0.744141 -0.097656 1310077610.366263
-0.110352 0.742188 -0.105469 1310077610.411264
-0.058594 0.708008 -0.175781 1310077610.434261
-0.041016 0.746094 -0.130859 1310077610.479262
-0.082031 0.736328 -0.145508 1310077610.501262
-0.053711 0.689453 -0.115234 1310077610.544268
-0.046875 0.733398 -0.128906 1310077610.567262
-0.071289 0.718750 -0.178711 1310077610.594263
-0.060547 0.750000 -0.135742 1310077610.639270
-0.093750 0.730469 -0.157227 1310077610.664286
-0.038086 0.740234 -0.151367 1310077610.706268
-0.087891 0.737305 -0.190430 1310077610.717285
-0.049805 0.711914 -0.167969 1310077610.761268
-0.073242 0.738281 -0.153320 1310077610.805266
-0.035156 0.760742 -0.146484 1310077610.827268
-0.039062 0.741211 -0.172852 1310077610.852271
-0.004883 0.744141 -0.116211 1310077610.884287
-0.077148 0.759766 -0.126953 1310077610.930277
-0.077148 0.765625 -0.131836 1310077610.952283
-0.071289 0.732422 -0.131836 1310077610.978249
-0.075195 0.728516 -0.123047 1310077611.022274
-0.052734 0.742188 -0.139648 1310077611.044274
-0.077148 0.699219 -0.132812 1310077611.086275
-0.087891 0.764648 -0.132812 1310077611.108250
-0.102539 0.729492 -0.103516 1310077611.162275
-0.030273 0.760742 -0.125000 1310077611.184277
-0.060547 0.738281 -0.169922 1310077611.206273
-0.054688 0.748047 -0.127930 1310077611.281291
-0.069336 0.717773 -0.113281 1310077611.282276
-0.053711 0.717773 -0.113281 1310077611.307278
-0.083008 0.762695 -0.146484 1310077611.352287
-0.080078 0.750000 -0.146484 1310077611.375279
-0.072266 0.750000 -0.122070 1310077611.397303
-0.035156 0.742188 -0.142578 1310077611.441281
-0.044922 0.765625 -0.139648 1310077611.465283
-0.019531 0.750977 -0.142578 1310077611.489287
-0.024414 0.724609 -0.141602 1310077611.535328
0.004883 0.761719 -0.151367 1310077611.579284
-0.067383 0.718750 -0.162109 1310077611.601284
-0.028320 0.745117 -0.162109 1310077611.624309
-0.065430 0.720703 -0.142578 1310077611.647289
-0.064453 0.752930 -0.144531 1310077611.690291
-0.093750 0.743164 -0.126953 1310077611.735303
-0.034180 0.740234 -0.141602 1310077611.756290
-0.052734 0.741211 -0.117188 1310077611.800290
-0.072266 0.734375 -0.120117 1310077611.822290
-0.060547 0.742188 -0.109375 1310077611.865285
-0.119141 0.735352 -0.145508 1310077611.886285
-0.110352 0.727539 -0.137695 1310077611.909283
-0.062500 0.775391 -0.133789 1310077611.955283
-0.078125 0.736328 -0.139648 1310077611.997295
-0.098633 0.735352 -0.129883 1310077612.020291
-0.048828 0.735352 -0.129883 1310077612.042560
-0.042969 0.728516 -0.144531 1310077612.086298
-0.052734 0.722656 -0.092773 1310077612.130299
-0.084961 0.728516 -0.139648 1310077612.152303
-0.049805 0.755859 -0.161133 1310077612.175292
-0.081055 0.745117 -0.144531 1310077612.201305
-0.086914 0.763672 -0.144531 1310077612.244299
-0.092773 0.745117 -0.137695 1310077612.269300
-0.032227 0.742188 -0.123047 1310077612.315303
-0.044922 0.731445 -0.133789 1310077612.336299
-0.024414 0.738281 -0.145508 1310077612.380301
-0.020508 0.725586 -0.145508 1310077612.412301
0.006836 0.756836 -0.157227 1310077612.434310
0.004883 0.753906 -0.157227 1310077612.455305
-0.245117 0.753906 -0.157227 1310077612.502306
-0.027344 0.736328 -0.133789 1310077612.539331
-0.073242 0.757812 -0.137695 1310077612.587297
-0.071289 0.755859 -0.131836 1310077612.605307
-0.087891 0.721680 -0.118164 1310077612.629299
-0.105469 0.721680 -0.118164 1310077612.660305
-0.098633 0.733398 -0.119141 1310077612.689313
-0.107422 0.748047 -0.143555 1310077612.731308
-0.069336 0.748047 -0.131836 1310077612.756306
-0.082031 0.739258 -0.145508 1310077612.781306
-0.066406 0.765625 -0.125000 1310077612.824313
-0.102539 0.750000 -0.159180 1310077612.847312
-0.050781 0.730469 -0.116211 1310077612.881311
-0.081055 0.753906 -0.156250 1310077612.924316
-0.085938 0.735352 -0.147461 1310077612.945314
-0.061523 0.695312 -0.164062 1310077612.989333
-0.061523 0.695312 -0.164062 1310077613.010318
-0.056641 0.753906 -0.130859 1310077613.054291
-0.067383 0.754883 -0.149414 1310077613.076312
-0.038086 0.767578 -0.155273 1310077613.119318
-0.026367 0.734375 -0.193359 1310077613.141322
-0.037109 0.755859 -0.193359 1310077613.179318
-0.041992 0.746094 -0.163086 1310077613.204316
-0.044922 0.719727 -0.181641 1310077613.246319
-0.074219 0.748047 -0.178711 1310077613.270324
-0.093750 0.770508 -0.187500 1310077613.314322
-0.022461 0.731445 -0.127930 1310077613.336317
-0.030273 0.730469 -0.127930 1310077613.359317
-0.046875 0.734375 -0.137695 1310077613.402321
-0.038086 0.751953 -0.152344 1310077613.446330
-0.056641 0.751953 -0.177734 1310077613.470319
-0.049805 0.728516 -0.124023 1310077613.492337
-0.055664 0.735352 -0.145508 1310077613.536340
-0.078125 0.756836 -0.152344 1310077613.557320
-0.061523 0.718750 -0.122070 1310077613.601317
-0.084961 0.740234 -0.127930 1310077613.622331
-0.107422 0.733398 -0.110352 1310077613.666323
-0.153320 0.736328 -0.130859 1310077613.689328
-0.061523 0.765625 -0.157227 1310077613.710335
-0.080078 0.757812 -0.125977 1310077613.776325
-0.083008 0.712891 -0.138672 1310077613.797330
-0.049805 0.749023 -0.159180 1310077613.841334
-0.077148 0.753906 -0.175781 1310077613.880328
-0.097656 0.765625 -0.137695 1310077613.881328
-0.077148 0.747070 -0.185547 1310077613.922332
-0.057617 0.737305 -0.152344 1310077613.945326
-0.028320 0.741211 -0.136719 1310077613.986333
-0.042969 0.734375 -0.182617 1310077614.009334
-0.043945 0.753906 -0.126953 1310077614.040329
-0.031250 0.738281 -0.145508 1310077614.086334
-0.049805 0.755859 -0.159180 1310077614.109338
-0.049805 0.742188 -0.152344 1310077614.160335
-0.004883 0.730469 -0.124023 1310077614.181345
-0.025391 0.744141 -0.142578 1310077614.204338
-0.022461 0.737305 -0.127930 1310077614.247353
-0.041992 0.750000 -0.141602 1310077614.275354
-0.052734 0.763672 -0.144531 1310077614.296345
-0.038086 0.746094 -0.146484 1310077614.340341
-0.057617 0.746094 -0.143555 1310077614.384447
-0.090820 0.742188 -0.141602 1310077614.406342
-0.117188 0.739258 -0.175781 1310077614.430311
-0.138672 0.735352 -0.136719 1310077614.474348
-0.091797 0.735352 -0.136719 1310077614.495357
-0.071289 0.730469 -0.135742 1310077614.539360
-0.078125 0.759766 -0.154297 1310077614.561320
-0.122070 0.736328 -0.134766 1310077614.586345
-0.082031 0.750000 -0.125977 1310077614.630323
-0.052734 0.755859 -0.170898 1310077614.652346
-0.038086 0.736328 -0.170898 1310077614.677347
-0.040039 0.708008 -0.139648 1310077614.723349
-0.029297 0.718750 -0.141602 1310077614.755351
-0.021484 0.728516 -0.157227 1310077614.807383
-0.016602 0.736328 -0.107422 1310077614.829348
-0.074219 0.742188 -0.157227 1310077614.842356
-0.055664 0.746094 -0.175781 1310077614.886351
-0.060547 0.757812 -0.158203 1310077614.910363
-0.080078 0.735352 -0.172852 1310077614.954364
-0.085938 0.718750 -0.106445 1310077614.980354
-0.054688 0.726562 -0.131836 1310077615.026350
-0.011719 0.740234 -0.125000 1310077615.047354
-0.064453 0.744141 -0.156250 1310077615.090348
-0.055664 0.748047 -0.122070 1310077615.144366
-0.027344 0.719727 -0.145508 1310077615.175358
-0.086914 0.766602 -0.139648 1310077615.176346
-0.109375 0.758789 -0.142578 1310077615.196348
-0.169922 0.742188 -0.112305 1310077615.239378
-0.111328 0.747070 -0.119141 1310077615.260350
-0.103516 0.725586 -0.142578 1310077615.326394
-0.028320 0.721680 -0.111328 1310077615.327384
-0.089844 0.744141 -0.125000 1310077615.371373
-0.003906 0.751953 -0.135742 1310077615.392343
-0.058594 0.761719 -0.135742 1310077615.418383
-0.084961 0.737305 -0.133789 1310077615.467374
-0.056641 0.769531 -0.149414 1310077615.490350
-0.021484 0.744141 -0.170898 1310077615.534400
-0.007812 0.741211 -0.157227 1310077615.556338
-0.023438 0.737305 -0.144531 1310077615.604346
-0.010742 0.725586 -0.140625 1310077615.627355
-0.065430 0.761719 -0.114258 1310077615.671391
-0.001953 0.750000 -0.137695 1310077615.686371
-0.049805 0.734375 -0.151367 1310077615.730369
-0.039062 0.763672 -0.125000 1310077615.752358
-0.043945 0.744141 -0.187500 1310077615.775371
-0.041016 0.745117 -0.122070 1310077615.819356
-0.052734 0.745117 -0.122070 1310077615.840364
-0.029297 0.744141 -0.117188 1310077615.887374
-0.043945 0.709961 -0.129883 1310077615.909350
-0.057617 0.740234 -0.138672 1310077615.951405
-0.079102 0.745117 -0.133789 1310077615.974457
-0.084961 0.753906 -0.149414 1310077616.019383
-0.083008 0.736328 -0.131836 1310077616.042334
-0.059570 0.755859 -0.143555 1310077616.087382
-0.089844 0.737305 -0.137695 1310077616.110384
-0.063477 0.750000 -0.130859 1310077616.133375
-0.060547 0.715820 -0.130859 1310077616.159377
-0.063477 0.720703 -0.137695 1310077616.215376
-0.056641 0.730469 -0.119141 1310077616.237351
-0.028320 0.737305 -0.136719 1310077616.281371
-0.026367 0.758789 -0.118164 1310077616.304380
-0.026367 0.720703 -0.150391 1310077616.347395
-0.000977 0.734375 -0.135742 1310077616.369390
-0.036133 0.742188 -0.150391 1310077616.401393
-0.035156 0.716797 -0.155273 1310077616.447422
-0.038086 0.730469 -0.133789 1310077616.469362
-0.084961 0.743164 -0.158203 1310077616.512388
-0.095703 0.750000 -0.160156 1310077616.534396
-0.095703 0.750000 -0.160156 1310077616.555382
-0.082031 0.728516 -0.122070 1310077616.599386
-0.028320 0.753906 -0.091797 1310077616.621367
-0.058594 0.770508 -0.176758 1310077616.686387
-0.070312 0.742188 -0.138672 1310077616.687383
-0.069336 0.717773 -0.152344 1310077616.732369
-0.069336 0.717773 -0.152344 1310077616.754382
-0.124023 0.743164 -0.146484 1310077616.800390
-0.069336 0.703125 -0.149414 1310077616.822399
-0.069336 0.746094 -0.154297 1310077616.845381
-0.065430 0.736328 -0.181641 1310077616.891488
-0.090820 0.735352 -0.154297 1310077616.914401
-0.113281 0.755859 -0.143555 1310077616.937405
