-0.323242 0.667969 0.160156 1311186931.781160
-0.276367 0.677734 0.160156 1311186931.808163
-0.244141 0.651367 0.153320 1311186931.837142
-0.265625 0.683594 0.154297 1311186931.879145
-0.308594 0.688477 0.172852 1311186931.902177
-0.286133 0.652344 0.156250 1311186931.931152
-0.287109 0.655273 0.168945 1311186931.974160
-0.261719 0.668945 0.179688 1311186931.995157
-0.243164 0.697266 0.174805 1311186932.040169
-0.231445 0.675781 0.211914 1311186932.067161
-0.235352 0.658203 0.193359 1311186932.112176
-0.246094 0.677734 0.193359 1311186932.140160
-0.244141 0.653320 0.182617 1311186932.164155
-0.243164 0.629883 0.154297 1311186932.212151
-0.260742 0.679688 0.155273 1311186932.235152
-0.221680 0.660156 0.184570 1311186932.261176
-0.255859 0.672852 0.133789 1311186932.305160
-0.259766 0.667969 0.117188 1311186932.319174
-0.259766 0.667969 0.117188 1311186932.349143
-0.241211 0.681641 0.096680 1311186932.394154
-0.292969 0.674805 0.059570 1311186932.435167
-0.275391 0.689453 0.083984 1311186932.472152
-0.286133 0.672852 0.028320 1311186932.496174
-0.258789 0.672852 0.028320 1311186932.519153
-0.258789 0.719727 0.048828 1311186932.564155
-0.295898 0.652344 0.028320 1311186932.585190
-0.275391 0.712891 -0.000977 1311186932.629157
-0.307617 0.679688 0.008789 1311186932.651184
-0.342773 0.655273 -0.001953 1311186932.676177
-0.335938 0.676758 -0.012695 1311186932.709162
-0.333984 0.640625 -0.022461 1311186932.756166
-0.335938 0.636719 -0.025391 1311186932.780186
-0.343750 0.648438 -0.059570 1311186932.816174
-0.409180 0.683594 -0.077148 1311186932.862175
-0.458008 0.671875 -0.080078 1311186932.864164
-0.418945 0.671875 -0.080078 1311186932.910172
-0.380859 0.703125 -0.079102 1311186932.934160
-0.416016 0.671875 -0.065430 1311186932.976178
-0.352539 0.565430 -0.045898 1311186933.000194
-0.290039 0.570312 0.050781 1311186933.044191
-0.314453 0.665039 0.007812 1311186933.066178
-0.314453 0.665039 0.007812 1311186933.090170
-0.314453 0.665039 0.007812 1311186933.132174
-0.446289 0.739258 -0.016602 1311186933.180188
-0.290039 0.583984 0.093750 1311186933.201161
-0.399414 0.496094 0.095703 1311186933.224191
-0.431641 0.746094 0.095703 1311186933.266215
-0.156250 0.525391 -0.013672 1311186933.309200
-0.551758 0.679688 0.019531 1311186933.331187
-0.518555 0.685547 -0.066406 1311186933.359195
-0.319336 0.561523 -0.022461 1311186933.387186
-0.534180 0.647461 -0.117188 1311186933.432203
-0.753906 0.647461 -0.117188 1311186933.455176
-0.526367 0.521484 -0.143555 1311186933.501197
-0.558594 0.504883 -0.352539 1311186933.522186
-0.729492 0.468750 -0.375000 1311186933.552194
-0.696289 0.389648 -0.382812 1311186933.589185
-0.717773 0.314453 -0.500977 1311186933.612203
-0.814453 0.310547 -0.551758 1311186933.670191
-0.828125 0.271484 -0.553711 1311186933.770185
-0.761719 0.210938 -0.625000 1311186933.831208
-0.808594 0.183594 -0.688477 1311186933.845201
-0.842773 0.181641 -0.683594 1311186933.906228
-0.818359 0.187500 -0.714844 1311186933.926203
-0.818359 0.187500 -0.714844 1311186933.927180
-0.859375 0.153320 -0.711914 1311186933.946178
-0.791992 0.196289 -0.683594 1311186933.947180
-0.795898 0.253906 -0.561523 1311186933.950195
-0.708984 0.270508 -0.515625 1311186933.971213
-0.863281 0.446289 -0.530273 1311186934.013189
-0.717773 0.350586 -0.447266 1311186934.037180
-0.643555 0.415039 -0.352539 1311186934.080193
-0.602539 0.420898 -0.309570 1311186934.102212
-0.527344 0.445312 -0.186523 1311186934.135187
-0.523438 0.521484 -0.190430 1311186934.157188
-0.625977 0.535156 -0.190430 1311186934.200199
-0.470703 0.571289 -0.049805 1311186934.243204
-0.357422 0.619141 -0.081055 1311186934.265194
-0.453125 0.581055 0.009766 1311186934.311220
-0.439453 0.656250 0.057617 1311186934.335221
-0.374023 0.644531 0.131836 1311186934.356207
-0.263672 0.604492 0.056641 1311186934.377222
-0.439453 0.564453 0.063477 1311186934.441225
-0.486328 0.587891 0.135742 1311186934.463206
-0.357422 0.609375 0.101562 1311186934.487217
-0.310547 0.587891 0.019531 1311186934.517204
-0.377930 0.581055 0.078125 1311186934.542204
-0.377930 0.581055 0.078125 1311186934.586286
-0.336914 0.642578 0.063477 1311186934.611206
-0.318359 0.632812 0.099609 1311186934.647221
-0.334961 0.651367 0.101562 1311186934.672225
-0.291016 0.652344 0.095703 1311186934.715207
-0.258789 0.702148 0.071289 1311186934.738221
-0.340820 0.700195 0.061523 1311186934.783230
-0.268555 0.652344 0.052734 1311186934.827208
-0.368164 0.638672 -0.018555 1311186934.851230
-0.346680 0.750000 0.023438 1311186934.882192
-0.282227 0.681641 0.064453 1311186934.905233
-0.340820 0.658203 -0.007812 1311186934.941205
-0.366211 0.658203 0.000977 1311186935.008250
-0.340820 0.664062 0.019531 1311186935.045209
-0.356445 0.673828 -0.009766 1311186935.046201
-0.365234 0.674805 -0.016602 1311186935.066212
-0.390625 0.666016 -0.007812 1311186935.108210
-0.370117 0.669922 -0.015625 1311186935.132223
-0.370117 0.669922 -0.015625 1311186935.154225
-0.370117 0.669922 -0.015625 1311186935.197211
-0.443359 0.640625 -0.118164 1311186935.228216
-0.446289 0.673828 -0.125977 1311186935.273221
-0.437500 0.671875 -0.152344 1311186935.300232
-0.466797 0.671875 -0.152344 1311186935.324242
-0.429688 0.648438 -0.101562 1311186935.354208
-0.408203 0.594727 -0.055664 1311186935.402227
-0.343750 0.505859 -0.044922 1311186935.423241
-0.366211 0.572266 -0.023438 1311186935.466214
-0.318359 0.560547 0.104492 1311186935.488216
-0.398438 0.559570 0.104492 1311186935.531236
-0.393555 0.729492 0.278320 1311186935.565224
-0.160156 0.553711 0.057617 1311186935.587242
-0.426758 0.661133 -0.043945 1311186935.612238
-0.600586 0.597656 0.100586 1311186935.660224
-0.357422 0.509766 -0.014648 1311186935.682230
-0.624023 0.763672 -0.151367 1311186935.716218
-0.719727 0.515625 -0.042969 1311186935.746232
-0.422852 0.611328 -0.157227 1311186935.772357
-0.511719 0.566406 -0.296875 1311186935.822236
-0.666016 0.483398 -0.237305 1311186935.844274
-0.569336 0.449219 -0.281250 1311186935.865250
-0.569336 0.427734 -0.445312 1311186935.912250
-0.731445 0.429688 -0.424805 1311186935.996249
-0.767578 0.347656 -0.532227 1311186936.001226
-0.791016 0.286133 -0.632812 1311186936.002230
-0.848633 0.222656 -0.655273 1311186936.047225
-0.843750 0.246094 -0.696289 1311186936.071247
-0.864258 0.228516 -0.736328 1311186936.095230
-0.840820 0.185547 -0.715820 1311186936.142256
-0.866211 0.181641 -0.722656 1311186936.165232
-0.822266 0.244141 -0.667969 1311186936.208263
-0.851562 0.257812 -0.612305 1311186936.237253
-0.812500 0.224609 -0.549805 1311186936.260253
-0.753906 0.332031 -0.451172 1311186936.357235
-0.748047 0.426758 -0.425781 1311186936.360232
-0.616211 0.394531 -0.331055 1311186936.382246
-0.645508 0.450195 -0.263672 1311186936.402231
-0.569336 0.542969 -0.222656 1311186936.425246
-0.497070 0.522461 -0.175781 1311186936.447266
-0.461914 0.533203 -0.137695 1311186936.493244
-0.477539 0.591797 -0.086914 1311186936.517252
-0.458984 0.630859 -0.044922 1311186936.551258
-0.361328 0.597656 0.019531 1311186936.580243
-0.382812 0.636719 0.024414 1311186936.623237
-0.416992 0.636719 0.024414 1311186936.645238
-0.332031 0.641602 0.055664 1311186936.697236
-0.340820 0.564453 0.091797 1311186936.720270
-0.326172 0.589844 0.110352 1311186936.747265
-0.362305 0.603516 0.118164 1311186936.770268
-0.279297 0.624023 0.104492 1311186936.813271
-0.296875 0.590820 0.110352 1311186936.840256
-0.411133 0.596680 0.102539 1311186936.867242
-0.382812 0.574219 0.137695 1311186936.913273
-0.262695 0.608398 0.093750 1311186936.938264
-0.333984 0.644531 0.108398 1311186936.981252
-0.363281 0.619141 0.135742 1311186937.003251
-0.360352 0.639648 0.125977 1311186937.048259
-0.317383 0.677734 0.116211 1311186937.071259
-0.304688 0.657227 0.100586 1311186937.094256
-0.347656 0.695312 0.029297 1311186937.137276
-0.360352 0.713867 0.027344 1311186937.161267
-0.290039 0.723633 0.059570 1311186937.182411
-0.290039 0.663086 0.043945 1311186937.227262
-0.291992 0.697266 0.043945 1311186937.250260
-0.324219 0.697266 0.030273 1311186937.295259
-0.324219 0.708008 0.066406 1311186937.342264
-0.324219 0.658203 0.051758 1311186937.365265
-0.320312 0.630859 0.004883 1311186937.387277
-0.347656 0.677734 0.052734 1311186937.409274
-0.350586 0.669922 0.052734 1311186937.454520
-0.364258 0.639648 -0.017578 1311186937.505274
-0.393555 0.672852 -0.051758 1311186937.528270
-0.413086 0.648438 -0.063477 1311186937.563300
-0.439453 0.672852 -0.063477 1311186937.565258
-0.470703 0.662109 -0.125977 1311186937.626448
-0.452148 0.682617 -0.071289 1311186937.647263
-0.437500 0.648438 -0.073242 1311186937.675292
-0.443359 0.666992 -0.116211 1311186937.717272
-0.421875 0.615234 -0.036133 1311186937.745289
-0.193359 0.365234 0.022461 1311186937.786262
-0.343750 0.534180 0.052734 1311186937.808268
-0.321289 0.789062 0.064453 1311186937.852270
-0.289062 0.545898 0.007812 1311186937.873290
-0.480469 0.615234 -0.062500 1311186937.896276
-0.186523 0.595703 0.214844 1311186937.938281
-0.342773 0.576172 -0.056641 1311186937.963278
-0.568359 0.769531 0.083984 1311186938.008298
-0.485352 0.511719 0.001953 1311186938.031289
-0.456055 0.695312 -0.102539 1311186938.083410
-0.649414 0.624023 -0.147461 1311186938.110282
-0.701172 0.560547 -0.143555 1311186938.150274
-0.554688 0.537109 -0.234375 1311186938.172281
-0.537109 0.419922 -0.337891 1311186938.208283
-0.648438 0.435547 -0.368164 1311186938.219297
-0.712891 0.401367 -0.473633 1311186938.252283
-0.760742 0.308594 -0.537109 1311186938.298278
-0.840820 0.319336 -0.537109 1311186938.326293
-0.906250 0.260742 -0.550781 1311186938.358284
-0.915039 0.145508 -0.637695 1311186938.402285
-0.921875 0.093750 -0.692383 1311186938.457311
-0.861328 0.100586 -0.716797 1311186938.475281
-0.894531 0.170898 -0.654297 1311186938.502279
-0.842773 0.107422 -0.648438 1311186938.556284
-0.841797 0.107422 -0.648438 1311186938.557270
-0.830078 0.222656 -0.648438 1311186938.580289
-0.734375 0.271484 -0.525391 1311186938.635060
-0.771484 0.285156 -0.483398 1311186938.677270
-0.670898 0.344727 -0.375977 1311186938.678275
-0.670898 0.344727 -0.375977 1311186938.712309
-0.564453 0.504883 -0.308594 1311186938.753280
-0.638672 0.500977 -0.226562 1311186938.778278
-0.634766 0.491211 -0.196289 1311186938.821278
-0.578125 0.523438 -0.093750 1311186938.853310
-0.537109 0.572266 -0.082031 1311186938.891280
-0.483398 0.583008 -0.011719 1311186938.918282
-0.426758 0.626953 0.028320 1311186938.941289
-0.443359 0.637695 0.075195 1311186938.986287
-0.452148 0.569336 0.138672 1311186939.008280
-0.357422 0.607422 0.105469 1311186939.031312
-0.356445 0.660156 0.156250 1311186939.054302
-0.412109 0.568359 0.093750 1311186939.098293
-0.356445 0.545898 0.102539 1311186939.143311
-0.339844 0.569336 0.165039 1311186939.166289
-0.408203 0.638672 0.048828 1311186939.188287
-0.452148 0.597656 0.054688 1311186939.217298
-0.399414 0.575195 0.125000 1311186939.251295
-0.261719 0.640625 0.089844 1311186939.297297
-0.298828 0.626953 0.129883 1311186939.320298
-0.304688 0.662109 0.070312 1311186939.363301
-0.311523 0.722656 0.014648 1311186939.388324
-0.352539 0.720703 -0.004883 1311186939.412309
-0.325195 0.693359 -0.004883 1311186939.456300
-0.250000 0.719727 0.065430 1311186939.503297
-0.234375 0.674805 0.107422 1311186939.528308
-0.313477 0.643555 0.134766 1311186939.552324
-0.375000 0.670898 0.081055 1311186939.573304
-0.305664 0.696289 0.092773 1311186939.618303
-0.293945 0.639648 0.092773 1311186939.640306
-0.342773 0.676758 0.100586 1311186939.682302
-0.317383 0.683594 0.093750 1311186939.703298
-0.321289 0.643555 0.113281 1311186939.746313
-0.355469 0.639648 0.092773 1311186939.771327
-0.368164 0.657227 0.080078 1311186939.801301
-0.372070 0.654297 0.032227 1311186939.845294
-0.361328 0.642578 0.051758 1311186939.870330
-0.369141 0.658203 0.044922 1311186939.893302
-0.375000 0.655273 0.002930 1311186939.941300
-0.421875 0.647461 0.007812 1311186939.985310
-0.458008 0.671875 -0.030273 1311186939.987298
-0.390625 0.649414 -0.029297 1311186940.031303
-0.412109 0.625000 -0.011719 1311186940.054318
-0.244141 0.521484 0.049805 1311186940.096308
-0.317383 0.541016 -0.014648 1311186940.130308
-0.372070 0.552734 0.012695 1311186940.171324
-0.374023 0.625000 0.050781 1311186940.210323
-0.332031 0.658203 -0.055664 1311186940.231331
-0.380859 0.529297 0.159180 1311186940.273298
-0.342773 0.570312 0.119141 1311186940.296330
-0.416992 0.885742 -0.045898 1311186940.317310
-0.558594 0.346680 0.030273 1311186940.363322
-0.570312 0.642578 0.030273 1311186940.385306
-0.329102 0.784180 -0.375977 1311186940.431316
-0.648438 0.492188 -0.125000 1311186940.452319
-0.619141 0.551758 -0.115234 1311186940.500324
-0.526367 0.458984 -0.348633 1311186940.518322
-0.716797 0.412109 -0.291016 1311186940.562313
-0.638672 0.375000 -0.327148 1311186940.565312
-0.604492 0.327148 -0.465820 1311186940.618414
-0.745117 0.329102 -0.493164 1311186940.680409
-0.806641 0.240234 -0.530273 1311186940.697322
-0.775391 0.208984 -0.629883 1311186940.723332
-0.845703 0.169922 -0.598633 1311186940.752329
-0.845703 0.169922 -0.598633 1311186940.777318
-0.968750 0.132812 -0.739258 1311186940.812324
-0.864258 0.079102 -0.809570 1311186940.833320
-0.806641 0.155273 -0.764648 1311186940.892347
-0.892578 0.199219 -0.719727 1311186940.893316
-0.841797 0.154297 -0.698242 1311186940.937330
-0.838867 0.195312 -0.548828 1311186941.065381
-0.781250 0.289062 -0.556641 1311186941.077329
-0.780273 0.294922 -0.482422 1311186941.085343
-0.726562 0.333984 -0.448242 1311186941.086319
-0.602539 0.389648 -0.305664 1311186941.108339
-0.530273 0.382812 -0.257812 1311186941.130328
-0.668945 0.490234 -0.277344 1311186941.153328
-0.625000 0.540039 -0.194336 1311186941.187328
-0.490234 0.532227 -0.155273 1311186941.230346
-0.496094 0.551758 -0.086914 1311186941.251332
-0.444336 0.596680 -0.048828 1311186941.296355
-0.370117 0.641602 0.057617 1311186941.306347
-0.408203 0.628906 0.067383 1311186941.355344
-0.357422 0.609375 0.080078 1311186941.397344
-0.275391 0.597656 0.081055 1311186941.419331
-0.366211 0.608398 0.055664 1311186941.473362
-0.340820 0.548828 0.133789 1311186941.498330
-0.299805 0.548828 0.133789 1311186941.500327
-0.302734 0.611328 0.061523 1311186941.541336
-0.391602 0.553711 0.082031 1311186941.591363
-0.398438 0.620117 0.063477 1311186941.605344
-0.394531 0.621094 0.050781 1311186941.650358
-0.343750 0.665039 0.005859 1311186941.672349
-0.355469 0.654297 0.026367 1311186941.695366
-0.353516 0.692383 0.017578 1311186941.744368
-0.350586 0.681641 0.014648 1311186941.767363
-0.368164 0.699219 -0.063477 1311186941.811379
-0.343750 0.742188 0.010742 1311186941.844352
-0.299805 0.673828 0.059570 1311186941.885360
-0.244141 0.628906 0.079102 1311186941.908494
-0.299805 0.693359 0.017578 1311186941.931353
-0.340820 0.672852 0.069336 1311186941.975360
-0.361328 0.666992 0.036133 1311186942.000367
-0.326172 0.712891 0.035156 1311186942.036353
-0.335938 0.709961 0.064453 1311186942.061367
-0.347656 0.639648 0.064453 1311186942.100368
-0.345703 0.667969 0.041992 1311186942.122364
-0.334961 0.675781 0.037109 1311186942.167376
-0.364258 0.631836 0.053711 1311186942.192378
-0.329102 0.656250 0.005859 1311186942.235595
-0.348633 0.687500 -0.041992 1311186942.274360
-0.439453 0.690430 -0.043945 1311186942.293372
-0.443359 0.655273 -0.083008 1311186942.318375
-0.402344 0.659180 -0.065430 1311186942.348387
-0.406250 0.680664 -0.092773 1311186942.392370
-0.447266 0.648438 -0.096680 1311186942.458378
-0.437500 0.636719 -0.072266 1311186942.460389
-0.278320 0.556641 -0.047852 1311186942.501360
-0.313477 0.541016 -0.075195 1311186942.522368
-0.512695 0.608398 0.007812 1311186942.543366
-0.285156 0.576172 -0.007812 1311186942.568362
-0.333008 0.709961 -0.061523 1311186942.617384
-0.481445 0.607422 0.157227 1311186942.640390
-0.248047 0.580078 0.007812 1311186942.672387
-0.381836 0.757812 -0.046875 1311186942.696377
-0.528320 0.437500 -0.007812 1311186942.783359
-0.620117 0.704102 0.017578 1311186942.785386
-0.500000 0.607422 -0.211914 1311186942.803379
-0.750000 0.607422 -0.211914 1311186942.826356
-0.662109 0.610352 -0.213867 1311186942.872378
-0.599609 0.494141 -0.347656 1311186942.918365
-0.670898 0.478516 -0.317383 1311186942.941380
-0.672852 0.370117 -0.337891 1311186942.966367
-0.621094 0.369141 -0.490234 1311186942.991369
-0.720703 0.365234 -0.541992 1311186943.066373
-0.759766 0.248047 -0.547852 1311186943.091381
-0.809570 0.236328 -0.624023 1311186943.111364
-0.799805 0.193359 -0.618164 1311186943.133386
-0.820312 0.148438 -0.725586 1311186943.157390
-0.827148 0.083984 -0.710938 1311186943.185380
-0.813477 0.098633 -0.772461 1311186943.219372
-0.848633 0.084961 -0.743164 1311186943.263376
-0.846680 0.101562 -0.766602 1311186943.287370
-0.820312 0.102539 -0.740234 1311186943.312395
-0.784180 0.118164 -0.693359 1311186943.351390
-0.780273 0.184570 -0.643555 1311186943.395379
-0.749023 0.206055 -0.625977 1311186943.421390
-0.820312 0.287109 -0.567383 1311186943.458375
-0.769531 0.393555 -0.502930 1311186943.498377
-0.719727 0.335938 -0.434570 1311186943.547394
-0.669922 0.377930 -0.386719 1311186943.549369
-0.629883 0.377930 -0.386719 1311186943.572376
-0.592773 0.482422 -0.242188 1311186943.616387
-0.524414 0.537109 -0.184570 1311186943.661400
-0.537109 0.571289 -0.172852 1311186943.682410
-0.491211 0.583008 -0.100586 1311186943.723404
-0.452148 0.572266 -0.071289 1311186943.746413
-0.458984 0.572266 -0.071289 1311186943.770414
-0.443359 0.589844 0.011719 1311186943.815423
-0.391602 0.587891 -0.012695 1311186943.836422
-0.438477 0.632812 0.046875 1311186943.858401
-0.408203 0.537109 0.027344 1311186943.902403
-0.355469 0.551758 0.061523 1311186943.945413
-0.355469 0.551758 0.061523 1311186943.946388
-0.387695 0.608398 0.056641 1311186944.066426
-0.375977 0.560547 0.017578 1311186944.067385
-0.375000 0.580078 0.044922 1311186944.087413
-0.385742 0.603516 0.053711 1311186944.088384
-0.393555 0.642578 0.061523 1311186944.126424
-0.372070 0.657227 0.081055 1311186944.156435
-0.370117 0.640625 0.077148 1311186944.200441
-0.387695 0.648438 0.091797 1311186944.222380
-0.388672 0.679688 0.142578 1311186944.245375
-0.313477 0.662109 0.015625 1311186944.288429
-0.323242 0.714844 0.064453 1311186944.311403
-0.310547 0.652344 0.018555 1311186944.357436
-0.370117 0.664062 0.049805 1311186944.383412
-0.333008 0.652344 0.104492 1311186944.411417
