-0.100586 0.678711 0.018555 1309546100.563004
-0.160156 0.733398 0.044922 1309546100.563999
-0.119141 0.762695 0.050781 1309546100.588011
-0.119141 0.762695 0.050781 1309546100.632012
-0.137695 0.722656 0.020508 1309546100.669005
-0.123047 0.714844 -0.008789 1309546100.692015
-0.143555 0.710938 0.026367 1309546100.739011
-0.119141 0.720703 0.009766 1309546100.763014
-0.136719 0.724609 0.026367 1309546100.785011
-0.159180 0.720703 -0.033203 1309546100.813018
-0.134766 0.712891 -0.075195 1309546100.862019
-0.201172 0.731445 -0.080078 1309546100.885007
-0.273438 0.660156 -0.114258 1309546100.929012
-0.260742 0.597656 -0.099609 1309546100.955017
-0.156250 0.234375 -0.282227 1309546100.990020
0.053711 0.255859 0.022461 1309546101.034023
0.194336 0.281250 0.040039 1309546101.057019
0.172852 0.612305 0.103516 1309546101.100026
0.087891 0.994141 0.158203 1309546101.122019
0.019531 0.882812 0.151367 1309546101.194028
-0.191406 0.787109 0.148438 1309546101.230026
-0.159180 1.216797 0.208984 1309546101.247024
0.001953 1.679688 0.303711 1309546101.253022
-0.188477 1.980469 0.347656 1309546101.275019
-0.277344 1.980469 0.473633 1309546101.304041
0.045898 1.984375 0.208984 1309546101.341984
-0.627930 1.234375 0.208984 1309546101.363021
-0.318359 0.315430 -0.172852 1309546101.407024
-0.234375 -0.500000 -0.412109 1309546101.428023
-0.241211 -0.375000 -0.212891 1309546101.474026
-0.281250 0.021484 -0.120117 1309546101.489028
-0.016602 -0.265625 -0.046875 1309546101.538043
0.072266 -0.275391 -0.149414 1309546101.561025
0.001953 -0.061523 -0.208984 1309546101.628025
-0.011719 -0.160156 -0.244141 1309546101.634034
-0.176758 -0.134766 -0.268555 1309546101.660023
-0.357422 -0.130859 -0.333008 1309546101.684032
-0.307617 -0.304688 -0.403320 1309546101.730004
-0.244141 -0.130859 -0.210938 1309546101.753028
-0.517578 1.083008 -0.169922 1309546101.799038
0.337891 1.983398 0.224609 1309546101.820028
-0.184570 1.751953 0.333984 1309546101.867035
-0.137695 1.853516 0.537109 1309546101.889035
0.041992 1.858398 0.483398 1309546101.912015
0.110352 1.978516 0.464844 1309546101.958023
-0.102539 1.979492 0.502930 1309546101.979039
0.314453 1.970703 0.342773 1309546102.023036
-0.220703 1.546875 -0.040039 1309546102.068018
-0.286133 0.685547 -0.194336 1309546102.090012
0.160156 -0.481445 -0.494141 1309546102.117034
-0.208984 -0.921875 -0.412109 1309546102.138044
-0.354492 0.226562 -0.191406 1309546102.179042
-0.249023 0.113281 -0.127930 1309546102.224041
0.024414 -0.407227 -0.092773 1309546102.245040
0.086914 -0.235352 -0.140625 1309546102.269041
0.031250 -0.064453 -0.171875 1309546102.296043
-0.015625 -0.139648 -0.230469 1309546102.339042
-0.211914 -0.175781 -0.203125 1309546102.385045
-0.342773 -0.247070 -0.363281 1309546102.404044
-0.278320 -0.141602 -0.253906 1309546102.449048
-0.151367 0.199219 -0.010742 1309546102.508039
-0.559570 0.199219 -0.010742 1309546102.509036
-0.431641 1.981445 0.204102 1309546102.531043
-0.071289 1.982422 0.624023 1309546102.574043
-0.079102 1.980469 0.717773 1309546102.595043
0.220703 1.978516 0.577148 1309546102.619058
0.146484 1.984375 0.454102 1309546102.652054
-0.353516 1.984375 0.454102 1309546102.694059
-0.287109 0.805664 -0.158203 1309546102.737066
0.065430 -0.284180 -0.305664 1309546102.760049
-0.473633 -0.944336 -0.442383 1309546102.783061
-0.420898 0.055664 -0.235352 1309546102.820051
0.005859 0.060547 -0.121094 1309546102.843051
0.021484 -0.297852 -0.177734 1309546102.888052
-0.052734 -0.256836 -0.227539 1309546102.933052
-0.105469 -0.185547 -0.208008 1309546102.959036
-0.068359 -0.191406 -0.186523 1309546102.985056
-0.030273 -0.191406 -0.178711 1309546103.008055
-0.075195 -0.122070 -0.142578 1309546103.052073
-0.119141 -0.068359 -0.118164 1309546103.082063
0.054688 -0.190430 -0.082031 1309546103.112060
-0.032227 0.753906 0.160156 1309546103.155062
-0.859375 1.980469 -0.267578 1309546103.179053
-1.214844 1.982422 0.041016 1309546103.203071
-0.129883 1.981445 0.544922 1309546103.235064
0.456055 1.833984 0.587891 1309546103.281071
0.421875 1.982422 0.448242 1309546103.304063
-0.011719 1.975586 0.541992 1309546103.348066
-0.184570 1.949219 0.217773 1309546103.373068
-0.272461 1.116211 -0.179688 1309546103.393063
0.073242 0.061523 -0.350586 1309546103.436042
-0.372070 -0.947266 -0.441406 1309546103.479075
-0.394531 -0.172852 -0.258789 1309546103.500070
-0.366211 0.175781 -0.139648 1309546103.522069
0.013672 -0.247070 -0.142578 1309546103.564061
0.118164 -0.299805 -0.158203 1309546103.586067
0.040039 -0.163086 -0.212891 1309546103.631073
-0.075195 -0.199219 -0.204102 1309546103.664078
-0.241211 -0.104492 -0.233398 1309546103.688068
-0.334961 -0.203125 -0.295898 1309546103.721090
-0.271484 -0.149414 -0.278320 1309546103.789073
-0.051758 -0.073242 -0.004883 1309546103.791072
-0.051758 -0.073242 -0.004883 1309546103.807073
0.251953 1.981445 0.271484 1309546103.871080
-0.509766 1.979492 0.273438 1309546103.896074
0.114258 1.900391 0.580078 1309546103.920052
0.417969 1.978516 0.666016 1309546103.961058
0.285156 1.984375 0.634766 1309546103.989093
0.053711 1.980469 0.630859 1309546104.025074
0.042969 1.830078 0.166016 1309546104.048073
-0.403320 1.111328 -0.240234 1309546104.099076
-0.492188 -0.093750 -0.280273 1309546104.101073
-0.458008 -0.915039 -0.373047 1309546104.145074
-0.129883 -0.173828 -0.215820 1309546104.167078
-0.165039 -0.009766 -0.087891 1309546104.211054
-0.030273 -0.158203 -0.111328 1309546104.235083
0.025391 -0.160156 -0.153320 1309546104.270053
0.032227 -0.183594 -0.182617 1309546104.314084
-0.086914 -0.167969 -0.225586 1309546104.339080
-0.099609 -0.201172 -0.125000 1309546104.361081
-0.116211 -0.155273 -0.185547 1309546104.406082
-0.186523 -0.136719 -0.124023 1309546104.429085
-0.073242 -0.199219 -0.197266 1309546104.473110
-0.108398 0.143555 0.046875 1309546104.494090
-0.620117 1.984375 -0.169922 1309546104.539090
-0.571289 1.982422 0.229492 1309546104.563086
0.000000 1.980469 0.703125 1309546104.606087
0.643555 1.980469 0.791016 1309546104.653086
0.493164 1.980469 0.737305 1309546104.663085
-0.087891 1.977539 0.359375 1309546104.696082
-0.499023 1.213867 -0.163086 1309546104.719087
-0.249023 1.213867 -0.163086 1309546104.740090
-0.427734 -0.684570 -0.339844 1309546104.784092
-0.249023 -0.106445 -0.185547 1309546104.828095
-0.099609 -0.009766 -0.063477 1309546104.851066
0.121094 -0.300781 -0.113281 1309546104.895081
0.094727 -0.238281 -0.122070 1309546104.918115
0.048828 -0.071289 -0.093750 1309546104.960089
0.040039 -0.121094 -0.120117 1309546104.983095
-0.004883 -0.226562 -0.145508 1309546105.084096
-0.125977 -0.147461 -0.158203 1309546105.085093
-0.163086 -0.091797 -0.180664 1309546105.108098
-0.335938 -0.029297 0.300781 1309546105.109086
-0.335938 -0.029297 0.300781 1309546105.130074
-0.541016 1.981445 0.277344 1309546105.193098
0.177734 1.980469 0.327148 1309546105.235100
0.377930 1.272461 0.345703 1309546105.255097
0.459961 0.676758 0.178711 1309546105.278101
-0.310547 1.194336 0.156250 1309546105.305104
-0.382812 0.701172 -0.079102 1309546105.361106
-0.317383 0.270508 -0.177734 1309546105.363099
-0.065430 0.189453 -0.070312 1309546105.420098
-0.004883 0.265625 -0.037109 1309546105.421092
-0.071289 0.396484 0.004883 1309546105.466123
-0.079102 0.896484 0.004883 1309546105.498101
-0.103516 1.660156 0.053711 1309546105.540102
0.122070 0.558594 0.060547 1309546105.584106
-0.011719 0.646484 0.014648 1309546105.604107
-0.000977 0.734375 0.037109 1309546105.625108
-0.102539 0.706055 0.017578 1309546105.648105
-0.243164 0.691406 0.017578 1309546105.689106
-0.270508 0.776367 0.028320 1309546105.719115
-0.133789 0.758789 0.026367 1309546105.763121
-0.034180 0.738281 0.034180 1309546105.785112
-0.047852 0.716797 0.056641 1309546105.811110
