-0.114258 0.711914 0.097656 1309548161.788100
-0.114258 0.711914 0.097656 1309548161.810105
-0.111328 0.712891 0.075195 1309548161.855088
-0.106445 0.705078 0.083984 1309548161.898103
-0.126953 0.726562 0.099609 1309548161.917094
-0.126953 0.726562 0.099609 1309548161.985109
-0.119141 0.743164 0.121094 1309548162.000108
-0.106445 0.725586 0.097656 1309548162.022116
-0.119141 0.740234 0.131836 1309548162.065110
-0.084961 0.708984 0.119141 1309548162.092112
-0.129883 0.726562 0.098633 1309548162.113107
-0.129883 0.726562 0.098633 1309548162.135083
-0.118164 0.719727 0.092773 1309548162.180110
-0.126953 0.730469 0.110352 1309548162.227118
-0.125000 0.743164 0.084961 1309548162.249111
-0.101562 0.729492 0.085938 1309548162.270122
-0.141602 0.728516 0.098633 1309548162.293115
-0.126953 0.691406 0.098633 1309548162.337117
-0.159180 0.733398 0.090820 1309548162.384114
-0.106445 0.723633 0.048828 1309548162.525121
-0.102539 0.723633 0.087891 1309548162.527116
-0.067383 0.712891 0.050781 1309548162.547116
-0.096680 0.745117 0.035156 1309548162.548110
-0.175781 0.666016 0.067383 1309548162.569111
-0.140625 0.694336 0.081055 1309548162.570107
-0.133789 0.715820 0.062500 1309548162.603121
-0.093750 0.695312 0.079102 1309548162.627124
-0.073242 0.699219 0.100586 1309548162.649120
-0.048828 0.685547 0.134766 1309548162.692116
-0.103516 0.685547 0.134766 1309548162.719125
-0.151367 0.750000 0.090820 1309548162.778125
-0.120117 0.696289 0.081055 1309548162.800127
-0.131836 0.732422 0.068359 1309548162.822139
-0.124023 0.715820 0.073242 1309548162.848089
-0.120117 0.712891 0.073242 1309548162.885206
-0.112305 0.703125 0.094727 1309548162.952135
-0.135742 0.699219 0.075195 1309548162.953127
-0.153320 0.714844 0.105469 1309548162.978136
-0.100586 0.692383 0.078125 1309548163.024130
-0.129883 0.686523 0.095703 1309548163.047129
-0.104492 0.716797 0.081055 1309548163.068128
-0.108398 0.714844 0.107422 1309548163.109129
-0.121094 0.738281 0.122070 1309548163.150127
-0.085938 0.720703 0.113281 1309548163.174095
-0.067383 0.749023 0.095703 1309548163.215102
-0.093750 0.728516 0.109375 1309548163.237134
-0.105469 0.731445 0.099609 1309548163.281131
-0.114258 0.737305 0.090820 1309548163.303153
-0.151367 0.715820 0.088867 1309548163.349131
-0.161133 0.679688 0.101562 1309548163.372133
-0.115234 0.730469 0.103516 1309548163.415141
-0.125000 0.720703 0.140625 1309548163.458131
-0.095703 0.711914 0.154297 1309548163.459133
-0.097656 0.708984 0.124023 1309548163.503139
-0.096680 0.710938 0.136719 1309548163.525153
-0.079102 0.719727 0.065430 1309548163.572140
-0.076172 0.708008 0.083984 1309548163.602144
-0.111328 0.717773 0.083984 1309548163.625138
-0.115234 0.715820 0.094727 1309548163.669140
-0.143555 0.718750 0.061523 1309548163.692140
-0.159180 0.673828 0.091797 1309548163.759162
-0.155273 0.706055 0.101562 1309548163.797144
-0.110352 0.720703 0.112305 1309548163.839140
-0.088867 0.755859 0.121094 1309548163.841136
-0.119141 0.721680 0.097656 1309548163.863141
-0.130859 0.716797 0.089844 1309548163.885148
-0.126953 0.736328 0.070312 1309548163.928149
-0.131836 0.753906 0.085938 1309548163.952151
-0.144531 0.664062 0.097656 1309548163.984144
-0.144531 0.664062 0.097656 1309548164.004150
-0.075195 0.721680 0.066406 1309548164.052148
-0.097656 0.707031 0.070312 1309548164.094113
-0.124023 0.710938 0.068359 1309548164.117148
-0.160156 0.718750 0.085938 1309548164.159141
-0.154297 0.708984 0.080078 1309548164.190151
-0.154297 0.708984 0.080078 1309548164.195127
-0.139648 0.733398 0.093750 1309548164.238154
-0.140625 0.730469 0.085938 1309548164.280152
-0.120117 0.742188 0.093750 1309548164.345158
-0.101562 0.732422 0.095703 1309548164.367158
-0.117188 0.746094 0.082031 1309548164.410157
-0.131836 0.702148 0.085938 1309548164.435158
-0.080078 0.740234 0.085938 1309548164.437153
-0.072266 0.725586 0.114258 1309548164.480163
-0.085938 0.716797 0.117188 1309548164.504155
-0.058594 0.684570 0.116211 1309548164.548162
-0.079102 0.690430 0.104492 1309548164.550158
-0.109375 0.705078 0.118164 1309548164.592159
-0.123047 0.717773 0.138672 1309548164.633163
-0.095703 0.729492 0.104492 1309548164.675166
-0.157227 0.722656 0.087891 1309548164.724185
-0.150391 0.701172 0.111328 1309548164.725154
-0.145508 0.681641 0.122070 1309548164.745159
-0.148438 0.732422 0.122070 1309548164.788167
-0.121094 0.727539 0.104492 1309548164.852166
-0.114258 0.708008 0.122070 1309548164.854119
-0.102539 0.694336 0.117188 1309548164.894178
-0.113281 0.733398 0.088867 1309548164.917159
-0.102539 0.733398 0.088867 1309548164.940167
-0.101562 0.710938 0.126953 1309548164.980167
-0.121094 0.742188 0.087891 1309548165.047175
-0.050781 0.712891 0.108398 1309548165.085166
-0.106445 0.708008 0.128906 1309548165.108167
-0.067383 0.715820 0.105469 1309548165.109167
-0.087891 0.701172 0.105469 1309548165.130169
-0.075195 0.734375 0.092773 1309548165.199175
-0.076172 0.730469 0.091797 1309548165.222166
-0.081055 0.693359 0.083984 1309548165.243170
-0.125977 0.711914 0.096680 1309548165.274171
-0.112305 0.725586 0.085938 1309548165.297183
-0.141602 0.734375 0.065430 1309548165.340181
-0.131836 0.720703 0.083984 1309548165.363173
-0.102539 0.695312 0.097656 1309548165.408168
-0.073242 0.701172 0.104492 1309548165.432178
-0.128906 0.713867 0.110352 1309548165.513178
-0.134766 0.714844 0.071289 1309548165.534154
-0.203125 0.721680 0.071289 1309548165.537181
-0.106445 0.700195 0.085938 1309548165.577181
-0.107422 0.703125 0.080078 1309548165.599182
-0.088867 0.717773 0.053711 1309548165.625178
-0.134766 0.687500 0.095703 1309548165.649179
-0.100586 0.717773 0.067383 1309548165.692181
-0.087891 0.724609 0.093750 1309548165.743183
-0.098633 0.738281 0.088867 1309548165.787181
-0.106445 0.708984 0.100586 1309548165.789174
-0.090820 0.725586 0.104492 1309548165.828184
-0.107422 0.737305 0.091797 1309548165.874187
-0.125977 0.761719 0.085938 1309548165.876165
-0.124023 0.707031 0.061523 1309548165.919167
-0.153320 0.709961 0.036133 1309548165.939177
-0.178711 0.708984 0.084961 1309548165.998190
-0.110352 0.735352 0.069336 1309548166.023190
-0.137695 0.711914 0.116211 1309548166.039185
-0.137695 0.711914 0.116211 1309548166.062189
-0.137695 0.711914 0.116211 1309548166.105191
-0.136719 0.708984 0.112305 1309548166.150187
-0.121094 0.712891 0.081055 1309548166.175200
-0.119141 0.662109 0.084961 1309548166.202190
-0.118164 0.724609 0.089844 1309548166.302198
-0.116211 0.717773 0.132812 1309548166.392192
-0.142578 0.738281 0.116211 1309548166.412190
-0.160156 0.746094 0.085938 1309548166.413186
-0.166016 0.738281 0.106445 1309548166.433192
-0.123047 0.691406 0.081055 1309548166.434192
-0.114258 0.718750 0.092773 1309548166.435204
-0.098633 0.718750 0.122070 1309548166.502198
-0.068359 0.709961 0.079102 1309548166.528195
-0.070312 0.708008 0.126953 1309548166.530197
-0.100586 0.759766 0.127930 1309548166.575178
-0.101562 0.718750 0.098633 1309548166.597202
-0.112305 0.683594 0.075195 1309548166.619195
-0.112305 0.683594 0.075195 1309548166.644178
-0.142578 0.733398 0.096680 1309548166.687235
-0.109375 0.680664 0.074219 1309548166.730197
-0.160156 0.605469 0.047852 1309548166.745201
-0.157227 0.708984 0.069336 1309548166.775207
-0.091797 0.714844 0.093750 1309548166.819206
-0.089844 0.716797 0.080078 1309548166.854286
-0.132812 0.733398 0.030273 1309548166.887202
-0.097656 0.717773 0.038086 1309548166.913201
-0.141602 0.683594 0.102539 1309548166.955206
-0.133789 0.737305 0.086914 1309548166.978208
-0.103516 0.737305 0.086914 1309548167.020214
-0.091797 0.723633 0.086914 1309548167.042207
-0.129883 0.736328 0.062500 1309548167.077210
-0.109375 0.750000 0.047852 1309548167.119207
-0.067383 0.729492 0.108398 1309548167.169209
-0.045898 0.695312 0.105469 1309548167.212189
-0.068359 0.713867 0.107422 1309548167.213193
-0.089844 0.724609 0.098633 1309548167.255207
-0.111328 0.710938 0.061523 1309548167.298221
-0.141602 0.698242 0.105469 1309548167.320208
-0.131836 0.748047 0.068359 1309548167.344190
-0.137695 0.697266 0.115234 1309548167.368225
-0.129883 0.697266 0.115234 1309548167.390220
-0.137695 0.713867 0.128906 1309548167.435228
-0.093750 0.722656 0.108398 1309548167.462217
-0.095703 0.692383 0.093750 1309548167.515217
-0.133789 0.714844 0.108398 1309548167.517215
-0.077148 0.689453 0.101562 1309548167.582220
-0.126953 0.728516 0.114258 1309548167.583216
-0.119141 0.718750 0.080078 1309548167.672218
-0.119141 0.697266 0.061523 1309548167.673217
-0.105469 0.715820 0.083984 1309548167.697252
-0.102539 0.730469 0.106445 1309548167.719215
-0.063477 0.753906 0.090820 1309548167.765223
-0.100586 0.669922 0.065430 1309548167.812226
-0.079102 0.726562 0.102539 1309548167.814195
-0.038086 0.710938 0.105469 1309548167.864223
-0.093750 0.719727 0.081055 1309548167.887224
-0.074219 0.718750 0.102539 1309548167.920221
-0.137695 0.698242 0.102539 1309548167.942219
-0.143555 0.745117 0.077148 1309548167.979223
-0.105469 0.732422 0.106445 1309548168.010226
-0.103516 0.710938 0.112305 1309548168.055200
-0.114258 0.714844 0.099609 1309548168.115230
-0.137695 0.740234 0.101562 1309548168.132225
-0.137695 0.740234 0.101562 1309548168.154259
-0.104492 0.716797 0.093750 1309548168.193226
-0.090820 0.687500 0.089844 1309548168.215223
-0.096680 0.727539 0.087891 1309548168.242232
-0.115234 0.712891 0.110352 1309548168.304215
-0.122070 0.737305 0.103516 1309548168.305236
-0.099609 0.737305 0.103516 1309548168.329220
-0.124023 0.679688 0.097656 1309548168.394247
-0.104492 0.726562 0.099609 1309548168.395194
-0.110352 0.683594 0.095703 1309548168.442236
-0.121094 0.720703 0.110352 1309548168.464232
-0.082031 0.700195 0.097656 1309548168.509236
-0.082031 0.744141 0.116211 1309548168.568238
-0.076172 0.718750 0.092773 1309548168.588243
-0.048828 0.695312 0.127930 1309548168.607223
-0.098633 0.701172 0.104492 1309548168.632241
-0.115234 0.728516 0.116211 1309548168.677239
-0.168945 0.713867 0.120117 1309548168.695234
-0.154297 0.693359 0.108398 1309548168.713232
-0.137695 0.721680 0.121094 1309548168.745256
-0.130859 0.729492 0.108398 1309548168.788239
-0.103516 0.714844 0.083984 1309548168.810215
-0.115234 0.707031 0.091797 1309548168.858244
-0.132812 0.745117 0.083008 1309548168.947245
-0.111328 0.728516 0.083008 1309548168.967242
-0.125977 0.726562 0.064453 1309548168.985245
-0.119141 0.696289 0.091797 1309548168.988239
-0.070312 0.683594 0.077148 1309548169.010245
-0.107422 0.738281 0.102539 1309548169.034243
