-0.236328 0.949219 0.666992 1311031934.807259 
-0.222656 0.945312 0.656250 1311031934.830311 
-0.229492 0.965820 0.633789 1311031934.872250 
-0.243164 0.943359 0.658203 1311031934.893289 
-0.239258 0.961914 0.616211 1311031934.914263 
-0.215820 0.953125 0.648438 1311031934.957261 
-0.240234 0.965820 0.635742 1311031935.000449 
-0.263672 0.952148 0.668945 1311031935.023282 
-0.262695 0.950195 0.645508 1311031935.067500 
-0.249023 0.950195 0.671875 1311031935.088300 
-0.249023 0.950195 0.671875 1311031935.112273 
-0.243164 0.931641 0.641602 1311031935.149266 
-0.206055 0.946289 0.646484 1311031935.203259 
-0.243164 0.941406 0.649414 1311031935.225285 
-0.211914 0.958008 0.661133 1311031935.270254 
-0.208008 0.934570 0.684570 1311031935.272259 
-0.218750 0.962891 0.648438 1311031935.317303 
-0.234375 0.948242 0.649414 1311031935.340259 
-0.241211 0.956055 0.617188 1311031935.387287 
-0.208008 0.950195 0.629883 1311031935.409267 
-0.237305 0.964844 0.599609 1311031935.433282 
-0.242188 0.958984 0.618164 1311031935.466268 
-0.217773 0.958984 0.598633 1311031935.509297 
-0.252930 0.968750 0.621094 1311031935.543305 
-0.268555 0.948242 0.610352 1311031935.603282 
-0.231445 0.988281 0.649414 1311031935.604273 
-0.230469 0.958984 0.613281 1311031935.627302 
-0.235352 0.977539 0.615234 1311031935.669297 
-0.182617 0.943359 0.644531 1311031935.713269 
-0.236328 0.916016 0.635742 1311031935.734289 
-0.163086 0.947266 0.597656 1311031935.773732 
-0.219727 0.947266 0.652344 1311031935.795267 
-0.219727 0.937500 0.662109 1311031935.819275 
-0.208984 0.937500 0.662109 1311031935.863270 
-0.289062 0.867188 0.695312 1311031935.887307 
-0.189453 0.959961 0.725586 1311031935.932287 
-0.204102 0.961914 0.666992 1311031935.954318 
-0.240234 0.974609 0.627930 1311031936.003291 
-0.186523 0.962891 0.674805 1311031936.025300 
-0.222656 0.939453 0.674805 1311031936.042293 
-0.229492 0.914062 0.674805 1311031936.087334 
-0.229492 0.923828 0.660156 1311031936.132405 
-0.260742 0.940430 0.655273 1311031936.197313 
-0.232422 0.914062 0.645508 1311031936.198755 
-0.230469 0.946289 0.625977 1311031936.219279 
-0.198242 0.962891 0.618164 1311031936.264090 
-0.289062 0.959961 0.615234 1311031936.284284 
-0.247070 0.957031 0.603516 1311031936.308297 
-0.266602 0.983398 0.602539 1311031936.352426 
-0.270508 0.929688 0.628906 1311031936.377426 
-0.244141 0.953125 0.596680 1311031936.414325 
-0.265625 0.956055 0.622070 1311031936.435278 
-0.248047 1.004883 0.614258 1311031936.479286 
-0.246094 0.968750 0.640625 1311031936.522328 
-0.336914 0.926758 0.623047 1311031936.544304 
-0.259766 0.985352 0.638672 1311031936.589313 
-0.182617 0.913086 0.634766 1311031936.591297 
-0.213867 0.922852 0.669922 1311031936.634319 
-0.213867 0.945312 0.667969 1311031936.658282 
-0.284180 0.947266 0.605469 1311031936.710307 
-0.280273 0.945312 0.618164 1311031936.737292 
-0.172852 0.893555 0.698242 1311031936.760301 
-0.207031 0.979492 0.698242 1311031936.783309 
-0.244141 1.014648 0.616211 1311031936.816307 
-0.259766 1.014648 0.616211 1311031936.883320 
-0.199219 0.946289 0.684570 1311031936.907313 
-0.175781 0.920898 0.672852 1311031936.927337 
-0.176758 0.941406 0.690430 1311031936.949333 
-0.217773 0.944336 0.691406 1311031936.993330 
-0.265625 0.937500 0.646484 1311031937.042313 
-0.267578 0.957031 0.637695 1311031937.067353 
-0.252930 0.962891 0.648438 1311031937.089345 
-0.189453 0.941406 0.632812 1311031937.110351 
-0.226562 0.941406 0.631836 1311031937.153294 
-0.214844 0.957031 0.649414 1311031937.194294 
-0.240234 0.945312 0.645508 1311031937.216334 
-0.259766 0.970703 0.634766 1311031937.250333 
-0.227539 0.959961 0.638672 1311031937.274332 
-0.246094 0.925781 0.650391 1311031937.327341 
-0.225586 0.939453 0.661133 1311031937.350336 
-0.212891 0.964844 0.664062 1311031937.373325 
-0.235352 0.924805 0.693359 1311031937.415334 
-0.204102 0.986328 0.679688 1311031937.439299 
-0.157227 0.980469 0.681641 1311031937.463332 
-0.191406 0.950195 0.689453 1311031937.514314 
-0.205078 0.949219 0.665039 1311031937.537344 
-0.191406 0.944336 0.625977 1311031937.559352 
-0.245117 0.933594 0.630859 1311031937.605339 
-0.207031 0.865234 0.698242 1311031937.628299 
-0.196289 0.912109 0.738281 1311031937.670321 
-0.255859 0.977539 0.638672 1311031937.693640 
-0.222656 0.925781 0.565430 1311031937.737344 
-0.202148 0.925781 0.565430 1311031937.759333 
-0.215820 0.958984 0.686523 1311031937.805336 
-0.232422 0.931641 0.675781 1311031937.828362 
-0.199219 0.987305 0.666016 1311031937.852322 
-0.196289 0.936523 0.692383 1311031937.888317 
-0.194336 0.910156 0.692383 1311031937.910709 
-0.214844 0.958984 0.671875 1311031937.951344 
-0.231445 0.954102 0.666016 1311031937.994322 
-0.278320 0.969727 0.645508 1311031938.015419 
-0.232422 0.963867 0.647461 1311031938.064328 
-0.227539 0.982422 0.656250 1311031938.088361 
-0.290039 1.014648 0.645508 1311031938.135378 
-0.243164 0.947266 0.623047 1311031938.173331 
-0.223633 0.972656 0.621094 1311031938.194330 
-0.214844 0.955078 0.620117 1311031938.215336 
-0.227539 0.976562 0.657227 1311031938.269462 
-0.242188 0.995117 0.627930 1311031938.270339 
-0.222656 0.948242 0.695312 1311031938.325322 
-0.259766 0.939453 0.672852 1311031938.348331 
-0.226562 0.951172 0.670898 1311031938.370362 
-0.203125 0.935547 0.670898 1311031938.414325 
-0.191406 0.931641 0.677734 1311031938.458325 
-0.176758 0.892578 0.597656 1311031938.459317 
-0.300781 0.953125 0.615234 1311031938.503385 
-0.249023 0.925781 0.675781 1311031938.524340 
-0.098633 0.930664 0.703125 1311031938.569325 
-0.267578 0.947266 0.610352 1311031938.611450 
-0.265625 0.980469 0.589844 1311031938.634337 
-0.188477 0.958984 0.675781 1311031938.659338 
-0.208008 0.966797 0.683594 1311031938.704352 
-0.212891 0.925781 0.695312 1311031938.726342 
-0.242188 0.919922 0.681641 1311031938.773346 
-0.205078 0.956055 0.666016 1311031938.794344 
-0.228516 0.932617 0.690430 1311031938.836360 
-0.233398 0.955078 0.690430 1311031938.859337 
-0.199219 0.949219 0.672852 1311031938.884363 
-0.203125 0.924805 0.691406 1311031938.934355 
-0.204102 0.963867 0.672852 1311031938.958346 
-0.202148 0.959961 0.654297 1311031938.980360 
-0.223633 0.972656 0.643555 1311031939.028372 
-0.194336 0.971680 0.654297 1311031939.051346 
-0.214844 0.971680 0.654297 1311031939.075357 
-0.252930 0.963867 0.641602 1311031939.110358 
-0.219727 0.964844 0.629883 1311031939.158335 
-0.234375 0.949219 0.641602 1311031939.180361 
-0.235352 0.923828 0.616211 1311031939.204367 
-0.235352 0.923828 0.616211 1311031939.229333 
-0.199219 0.950195 0.660156 1311031939.294359 
-0.211914 0.919922 0.642578 1311031939.316372 
-0.224609 0.972656 0.620117 1311031939.338330 
-0.231445 0.922852 0.655273 1311031939.385349 
-0.298828 0.909180 0.609375 1311031939.440398 
-0.158203 0.975586 0.747070 1311031939.465340 
-0.213867 0.948242 0.645508 1311031939.466337 
-0.226562 0.996094 0.597656 1311031939.509335 
-0.230469 0.971680 0.649414 1311031939.531343 
-0.188477 0.949219 0.708984 1311031939.575352 
-0.165039 0.948242 0.673828 1311031939.598340 
-0.232422 0.931641 0.695312 1311031939.643339 
-0.270508 0.932617 0.681641 1311031939.665362 
-0.256836 0.938477 0.665039 1311031939.689356 
-0.207031 0.951172 0.630859 1311031939.738452 
-0.189453 0.935547 0.646484 1311031939.760343 
-0.230469 0.928711 0.651367 1311031939.781358 
-0.185547 0.944336 0.651367 1311031939.826353 
-0.187500 0.943359 0.677734 1311031939.863336 
-0.210938 0.949219 0.678711 1311031939.885381 
-0.211914 0.966797 0.614258 1311031939.928377 
-0.211914 0.961914 0.667969 1311031939.950373 
-0.246094 0.961914 0.667969 1311031939.972363 
-0.204102 0.963867 0.669922 1311031940.019388 
-0.241211 0.948242 0.668945 1311031940.061367 
-0.205078 0.983398 0.708984 1311031940.084360 
-0.228516 0.919922 0.725586 1311031940.115374 
-0.213867 0.963867 0.672852 1311031940.160379 
-0.196289 0.989258 0.672852 1311031940.162376 
-0.209961 0.943359 0.707031 1311031940.205380 
-0.244141 0.932617 0.647461 1311031940.254344 
-0.236328 0.960938 0.649414 1311031940.278379 
-0.211914 0.955078 0.671875 1311031940.303389 
-0.268555 0.958008 0.624023 1311031940.333378 
-0.222656 0.951172 0.672852 1311031940.379382 
-0.198242 0.911133 0.712891 1311031940.403408 
-0.212891 0.958984 0.662109 1311031940.445386 
-0.214844 0.942383 0.685547 1311031940.468363 
-0.270508 0.946289 0.684570 1311031940.511385 
-0.256836 0.932617 0.660156 1311031940.549384 
-0.250000 0.932617 0.660156 1311031940.554370 
-0.234375 0.960938 0.663086 1311031940.611394 
-0.251953 0.954102 0.665039 1311031940.633356 
-0.219727 0.943359 0.649414 1311031940.658381 
