0.374023 0.254883 0.619141 1311115788.543234
0.399414 0.221680 0.643555 1311115788.573207
0.355469 0.202148 0.642578 1311115788.597213
0.378906 0.294922 0.685547 1311115788.621218
0.399414 0.269531 0.689453 1311115788.669228
0.355469 0.256836 0.632812 1311115788.699210
0.356445 0.256836 0.632812 1311115788.713211
0.293945 0.279297 0.565430 1311115788.757210
0.279297 0.314453 0.605469 1311115788.801215
0.285156 0.330078 0.634766 1311115788.822210
0.305664 0.331055 0.665039 1311115788.844214
0.305664 0.331055 0.665039 1311115788.868244
0.248047 0.331055 0.665039 1311115788.937215
0.205078 0.213867 0.673828 1311115788.961234
0.286133 0.196289 0.708984 1311115788.982233
0.227539 0.272461 0.803711 1311115789.024207
0.177734 0.248047 1.007812 1311115789.048221
0.083008 0.175781 0.757812 1311115789.070227
-0.123047 0.151367 0.920898 1311115789.113219
-0.150391 0.163086 0.875977 1311115789.177223
-0.173828 0.163086 0.897461 1311115789.179219
-0.307617 0.222656 0.885742 1311115789.201224
-0.275391 0.250000 0.823242 1311115789.244220
-0.255859 0.272461 0.790039 1311115789.311223
-0.229492 0.329102 0.778320 1311115789.331228
-0.211914 0.381836 0.694336 1311115789.332219
-0.137695 0.458984 0.717773 1311115789.377245
-0.103516 0.500000 0.634766 1311115789.402232
-0.137695 0.476562 0.617188 1311115789.423246
-0.112305 0.510742 0.490234 1311115789.486233
-0.079102 0.486328 0.398438 1311115789.508229
-0.089844 0.503906 0.316406 1311115789.531284
0.045898 0.504883 0.278320 1311115789.556237
0.019531 0.565430 0.323242 1311115789.602235
-0.001953 0.486328 0.229492 1311115789.626228
0.031250 0.531250 0.191406 1311115789.671231
0.059570 0.546875 0.193359 1311115789.694235
-0.036133 0.541016 0.189453 1311115789.718231
-0.002930 0.549805 0.167969 1311115789.766240
0.214844 0.719727 0.331055 1311115789.848232
0.036133 0.539062 0.081055 1311115789.866236
-0.014648 0.439453 -0.014648 1311115789.868228
-0.112305 0.478516 0.016602 1311115789.889232
-0.136719 0.656250 0.060547 1311115789.936264
-0.132812 0.753906 0.139648 1311115789.957233
-0.152344 0.745117 0.084961 1311115789.978234
-0.152344 0.745117 0.084961 1311115790.003245
-0.105469 0.748047 0.156250 1311115790.054240
-0.028320 0.709961 0.139648 1311115790.078236
0.038086 0.666016 0.135742 1311115790.102238
0.000977 0.720703 0.114258 1311115790.138243
-0.006836 0.707031 0.139648 1311115790.166248
-0.011719 0.655273 0.169922 1311115790.229251
0.023438 0.730469 0.173828 1311115790.253241
0.011719 0.686523 0.196289 1311115790.276258
0.017578 0.683594 0.184570 1311115790.311246
0.041016 0.742188 0.159180 1311115790.332249
0.008789 0.678711 0.145508 1311115790.355247
-0.024414 0.711914 0.153320 1311115790.401247
0.010742 0.689453 0.200195 1311115790.424253
0.011719 0.703125 0.190430 1311115790.471250
0.003906 0.694336 0.169922 1311115790.498247
-0.005859 0.682617 0.186523 1311115790.521246
0.006836 0.667969 0.212891 1311115790.546260
