-0.226562 0.617188 0.330078 1309542352.765121
-0.207031 0.617188 0.315430 1309542352.787049
-0.266602 0.621094 0.327148 1309542352.812047
-0.206055 0.625000 0.294922 1309542352.835091
-0.247070 0.611328 0.294922 1309542352.881039
-0.279297 0.611328 0.294922 1309542352.905108
-0.250977 0.612305 0.275391 1309542352.940104
-0.266602 0.612305 0.272461 1309542352.987109
-0.288086 0.644531 0.237305 1309542353.012104
-0.283203 0.649414 0.236328 1309542353.034105
-0.325195 0.634766 0.236328 1309542353.058110
-0.292969 0.586914 0.241211 1309542353.103108
-0.203125 0.527344 0.212891 1309542353.125110
-0.234375 0.585938 0.068359 1309542353.172106
-0.270508 0.545898 0.062500 1309542353.198109
-0.259766 0.393555 0.232422 1309542353.240108
-0.174805 0.421875 0.286133 1309542353.263093
-0.185547 0.580078 0.178711 1309542353.300056
-0.067383 0.648438 0.174805 1309542353.325056
-0.291992 0.554688 0.260742 1309542353.369116
-0.239258 0.527344 0.269531 1309542353.413063
-0.313477 0.439453 0.192383 1309542353.414057
-0.284180 0.518555 0.223633 1309542353.459058
-0.313477 0.604492 0.183594 1309542353.492104
-0.377930 0.492188 0.176758 1309542353.514100
-0.339844 0.559570 0.213867 1309542353.557118
-0.373047 0.662109 0.227539 1309542353.579062
-0.493164 0.653320 0.229492 1309542353.603064
-0.472656 0.709961 0.291992 1309542353.689069
-0.383789 0.706055 0.275391 1309542353.690063
-0.383789 0.749023 0.293945 1309542353.724122
-0.341797 0.698242 0.314453 1309542353.745112
-0.297852 0.640625 0.292969 1309542353.825120
-0.251953 0.665039 0.312500 1309542353.839119
-0.300781 0.752930 0.360352 1309542353.840120
-0.300781 0.752930 0.360352 1309542353.863125
-0.306641 0.847656 0.468750 1309542353.978125
-0.185547 0.730469 0.451172 1309542353.999115
-0.145508 0.610352 0.460938 1309542354.024129
-0.117188 0.508789 0.455078 1309542354.025121
-0.087891 0.469727 0.453125 1309542354.047133
-0.076172 0.578125 0.407227 1309542354.117122
-0.131836 0.583984 0.448242 1309542354.129125
-0.139648 0.595703 0.469727 1309542354.130123
-0.103516 0.567383 0.495117 1309542354.155124
-0.085938 0.567383 0.495117 1309542354.198127
-0.117188 0.488281 0.490234 1309542354.229129
-0.083984 0.484375 0.479492 1309542354.254078
-0.068359 0.501953 0.496094 1309542354.298076
-0.099609 0.494141 0.513672 1309542354.322126
-0.107422 0.489258 0.522461 1309542354.369137
-0.107422 0.489258 0.522461 1309542354.390077
-0.089844 0.454102 0.444336 1309542354.439120
-0.086914 0.508789 0.507812 1309542354.462135
-0.083984 0.477539 0.532227 1309542354.483139
-0.044922 0.481445 0.549805 1309542354.527106
-0.066406 0.483398 0.509766 1309542354.550082
-0.055664 0.476562 0.548828 1309542354.593124
-0.044922 0.458984 0.533203 1309542354.622105
-0.048828 0.493164 0.552734 1309542354.648083
-0.079102 0.479492 0.500000 1309542354.673132
-0.030273 0.501953 0.529297 1309542354.715084
-0.049805 0.471680 0.476562 1309542354.739082
-0.072266 0.498047 0.539062 1309542354.784117
-0.116211 0.478516 0.526367 1309542354.808116
-0.077148 0.443359 0.521484 1309542354.853119
-0.087891 0.517578 0.581055 1309542354.960141
-0.049805 0.451172 0.520508 1309542354.982145
-0.062500 0.493164 0.520508 1309542354.983141
-0.073242 0.503906 0.561523 1309542354.994138
-0.065430 0.473633 0.518555 1309542355.003145
-0.052734 0.496094 0.535156 1309542355.050146
-0.067383 0.494141 0.551758 1309542355.094142
-0.087891 0.473633 0.489258 1309542355.098144
-0.088867 0.480469 0.739258 1309542355.132145
-0.132812 0.548828 0.516602 1309542355.157148
-0.139648 0.533203 0.508789 1309542355.200145
-0.170898 0.648438 0.474609 1309542355.224098
-0.253906 0.675781 0.445312 1309542355.268095
-0.242188 0.682617 0.418945 1309542355.290124
-0.276367 0.727539 0.307617 1309542355.313126
-0.382812 0.756836 0.331055 1309542355.369098
-0.406250 0.747070 0.263672 1309542355.423150
-0.398438 0.768555 0.233398 1309542355.425143
-0.399414 0.775391 0.208984 1309542355.448156
-0.414062 0.754883 0.194336 1309542355.493150
-0.446289 0.682617 0.213867 1309542355.520099
-0.413086 0.651367 0.197266 1309542355.535101
-0.379883 0.660156 0.212891 1309542355.579122
-0.373047 0.617188 0.151367 1309542355.623106
-0.339844 0.593750 0.248047 1309542355.648138
-0.377930 0.619141 0.229492 1309542355.690104
-0.367188 0.523438 0.248047 1309542355.713104
-0.309570 0.558594 0.173828 1309542355.733142
-0.250000 0.537109 0.200195 1309542355.776159
-0.340820 0.537109 0.200195 1309542355.800151
-0.320312 0.502930 0.206055 1309542355.852161
-0.268555 0.479492 0.172852 1309542355.877159
-0.284180 0.457031 0.181641 1309542355.899155
-0.235352 0.496094 0.212891 1309542355.942128
-0.219727 0.537109 0.190430 1309542355.965153
-0.221680 0.480469 0.170898 1309542356.022165
-0.223633 0.578125 0.227539 1309542356.045168
-0.319336 0.582031 0.214844 1309542356.070163
-0.252930 0.575195 0.194336 1309542356.104168
-0.245117 0.562500 0.275391 1309542356.147171
-0.278320 0.545898 0.224609 1309542356.170165
-0.290039 0.581055 0.221680 1309542356.240116
-0.339844 0.597656 0.297852 1309542356.242160
-0.300781 0.597656 0.297852 1309542356.260183
-0.277344 0.638672 0.288086 1309542356.303173
-0.265625 0.638672 0.302734 1309542356.324127
-0.207031 0.617188 0.323242 1309542356.367129
-0.244141 0.609375 0.320312 1309542356.389164
-0.213867 0.630859 0.313477 1309542356.433176
-0.336914 0.611328 0.285156 1309542356.455168
-0.289062 0.615234 0.304688 1309542356.496397
-0.269531 0.623047 0.282227 1309542356.517119
-0.255859 0.640625 0.309570 1309542356.560122
-0.289062 0.601562 0.318359 1309542356.584122
-0.258789 0.595703 0.289062 1309542356.607168
-0.268555 0.638672 0.317383 1309542356.650182
-0.246094 0.623047 0.273438 1309542356.673174
-0.272461 0.601562 0.256836 1309542356.717176
-0.315430 0.625000 0.247070 1309542356.739174
-0.289062 0.610352 0.236328 1309542356.764129
-0.276367 0.669922 0.267578 1309542356.807124
-0.306641 0.669922 0.267578 1309542356.840177
-0.274414 0.579102 0.180664 1309542356.883181
-0.336914 0.570312 0.138672 1309542356.905179
-0.160156 0.525391 0.175781 1309542356.949178
-0.198242 0.525391 0.246094 1309542356.970180
-0.226562 0.536133 0.246094 1309542356.993191
-0.267578 0.553711 0.198242 1309542357.039179
-0.256836 0.460938 0.169922 1309542357.062185
-0.283203 0.350586 0.159180 1309542357.105185
-0.320312 0.394531 0.221680 1309542357.129134
-0.174805 0.499023 0.248047 1309542357.153132
-0.240234 0.503906 0.248047 1309542357.190211
-0.248047 0.486328 0.252930 1309542357.228188
-0.227539 0.507812 0.290039 1309542357.274167
-0.306641 0.562500 0.251953 1309542357.297135
-0.363281 0.558594 0.270508 1309542357.342169
-0.407227 0.538086 0.283203 1309542357.365192
-0.423828 0.720703 0.299805 1309542357.388188
-0.455078 0.799805 0.345703 1309542357.430161
-0.402344 0.769531 0.344727 1309542357.453138
-0.305664 0.815430 0.323242 1309542357.527146
-0.276367 0.699219 0.350586 1309542357.550139
-0.267578 0.617188 0.409180 1309542357.559139
-0.215820 0.646484 0.408203 1309542357.583188
-0.215820 0.727539 0.452148 1309542357.644146
-0.218750 0.883789 0.494141 1309542357.699198
-0.278320 0.754883 0.524414 1309542357.703197
-0.154297 0.648438 0.539062 1309542357.722199
-0.049805 0.545898 0.508789 1309542357.745177
-0.008789 0.449219 0.494141 1309542357.789197
-0.107422 0.450195 0.442383 1309542357.812198
-0.063477 0.500000 0.479492 1309542357.855198
-0.081055 0.554688 0.529297 1309542357.878198
-0.094727 0.578125 0.554688 1309542357.899196
-0.089844 0.448242 0.532227 1309542357.925204
-0.067383 0.509766 0.523438 1309542357.964204
-0.015625 0.472656 0.533203 1309542358.012197
-0.033203 0.437500 0.523438 1309542358.033198
-0.030273 0.433594 0.522461 1309542358.078200
-0.023438 0.455078 0.551758 1309542358.099201
0.014648 0.464844 0.556641 1309542358.123176
0.007812 0.464844 0.556641 1309542358.148154
-0.028320 0.464844 0.556641 1309542358.190203
-0.010742 0.466797 0.582031 1309542358.237211
-0.038086 0.444336 0.571289 1309542358.258153
-0.004883 0.464844 0.564453 1309542358.302204
0.004883 0.441406 0.505859 1309542358.325206
-0.032227 0.418945 0.577148 1309542358.350202
-0.002930 0.422852 0.582031 1309542358.383210
0.013672 0.415039 0.560547 1309542358.425160
-0.023438 0.465820 0.574219 1309542358.448157
-0.015625 0.461914 0.590820 1309542358.490162
-0.004883 0.450195 0.590820 1309542358.512160
0.021484 0.438477 0.552734 1309542358.556215
-0.032227 0.435547 0.564453 1309542358.578216
-0.024414 0.451172 0.582031 1309542358.623211
0.001953 0.451172 0.575195 1309542358.645217
0.013672 0.443359 0.572266 1309542358.666212
-0.040039 0.441406 0.568359 1309542358.710215
0.002930 0.458984 0.502930 1309542358.753215
-0.040039 0.475586 0.558594 1309542358.820219
-0.028320 0.468750 0.550781 1309542358.840216
-0.034180 0.500000 0.553711 1309542358.842216
-0.040039 0.483398 0.514648 1309542358.871215
-0.065430 0.514648 0.526367 1309542358.898218
-0.099609 0.571289 0.499023 1309542358.930218
-0.087891 0.614258 0.503906 1309542358.978224
-0.163086 0.635742 0.457031 1309542359.008223
-0.127930 0.689453 0.405273 1309542359.056221
-0.201172 0.687500 0.367188 1309542359.065193
-0.281250 0.747070 0.353516 1309542359.110170
-0.337891 0.759766 0.323242 1309542359.133200
-0.349609 0.837891 0.269531 1309542359.180227
-0.368164 0.805664 0.279297 1309542359.200230
-0.382812 0.749023 0.258789 1309542359.231176
-0.392578 0.756836 0.251953 1309542359.256174
-0.409180 0.723633 0.185547 1309542359.291221
-0.365234 0.703125 0.199219 1309542359.314227
-0.341797 0.642578 0.211914 1309542359.359204
-0.356445 0.605469 0.207031 1309542359.404175
-0.354492 0.666016 0.250000 1309542359.426208
-0.310547 0.643555 0.238281 1309542359.448177
-0.318359 0.643555 0.238281 1309542359.469176
-0.299805 0.531250 0.231445 1309542359.513225
-0.273438 0.537109 0.183594 1309542359.556180
-0.284180 0.533203 0.236328 1309542359.579179
-0.227539 0.474609 0.099609 1309542359.621236
-0.262695 0.467773 0.148438 1309542359.645233
-0.260742 0.447266 0.148438 1309542359.690232
-0.293945 0.484375 0.163086 1309542359.713238
-0.246094 0.512695 0.193359 1309542359.740236
-0.266602 0.554688 0.187500 1309542359.768236
-0.283203 0.494141 0.211914 1309542359.820238
-0.297852 0.528320 0.176758 1309542359.876237
-0.303711 0.561523 0.199219 1309542359.889235
-0.303711 0.561523 0.199219 1309542359.894238
-0.314453 0.584961 0.275391 1309542359.928246
-0.282227 0.584961 0.297852 1309542359.974237
-0.272461 0.582031 0.298828 1309542359.996258
-0.305664 0.572266 0.329102 1309542360.019238
-0.264648 0.598633 0.339844 1309542360.106187
-0.288086 0.608398 0.327148 1309542360.108233
-0.281250 0.607422 0.315430 1309542360.128236
-0.262695 0.601562 0.338867 1309542360.170218
-0.270508 0.595703 0.317383 1309542360.193191
-0.255859 0.603516 0.296875 1309542360.224192
-0.260742 0.603516 0.307617 1309542360.266250
-0.286133 0.599609 0.326172 1309542360.290245
-0.214844 0.591797 0.304688 1309542360.338200
-0.200195 0.564453 0.332031 1309542360.360197
-0.247070 0.607422 0.316406 1309542360.384197
-0.242188 0.617188 0.329102 1309542360.406208
-0.268555 0.595703 0.319336 1309542360.450196
-0.277344 0.589844 0.305664 1309542360.494253
-0.272461 0.625000 0.251953 1309542360.505202
-0.316406 0.622070 0.260742 1309542360.561229
-0.313477 0.611328 0.273438 1309542360.563223
-0.280273 0.624023 0.273438 1309542360.606238
-0.314453 0.639648 0.195312 1309542360.651250
-0.315430 0.621094 0.267578 1309542360.673251
-0.306641 0.648438 0.206055 1309542360.698261
-0.263672 0.519531 0.131836 1309542360.730253
-0.301758 0.571289 0.128906 1309542360.773255
-0.251953 0.489258 0.093750 1309542360.796257
-0.282227 0.424805 0.116211 1309542360.841229
-0.234375 0.408203 0.165039 1309542360.864259
-0.203125 0.441406 0.180664 1309542360.908257
-0.216797 0.604492 0.179688 1309542360.931256
-0.263672 0.515625 0.179688 1309542360.953264
-0.237305 0.445312 0.230469 1309542360.998240
-0.289062 0.447266 0.235352 1309542361.040210
-0.222656 0.428711 0.213867 1309542361.084279
-0.245117 0.541016 0.250000 1309542361.085253
-0.283203 0.642578 0.250000 1309542361.112264
-0.385742 0.632812 0.258789 1309542361.155211
-0.466797 0.635742 0.269531 1309542361.199225
-0.434570 0.652344 0.266602 1309542361.220241
-0.353516 0.788086 0.299805 1309542361.304242
-0.287109 0.792969 0.323242 1309542361.319212
-0.273438 0.805664 0.319336 1309542361.393269
-0.175781 0.753906 0.393555 1309542361.414240
-0.104492 0.689453 0.427734 1309542361.465216
-0.172852 0.814453 0.437500 1309542361.470244
-0.184570 0.915039 0.500000 1309542361.495223
-0.214844 0.811523 0.490234 1309542361.515217
-0.118164 0.700195 0.528320 1309542361.517216
-0.104492 0.504883 0.468750 1309542361.539244
-0.002930 0.466797 0.453125 1309542361.581268
-0.012695 0.508789 0.500000 1309542361.608279
-0.050781 0.513672 0.457031 1309542361.656277
-0.052734 0.543945 0.520508 1309542361.664276
-0.052734 0.543945 0.520508 1309542361.709275
-0.058594 0.504883 0.533203 1309542361.748280
-0.054688 0.453125 0.560547 1309542361.793273
0.014648 0.424805 0.537109 1309542361.794273
-0.013672 0.387695 0.570312 1309542361.839273
-0.022461 0.439453 0.558594 1309542361.861280
-0.007812 0.453125 0.564453 1309542361.908282
-0.014648 0.485352 0.562500 1309542361.929277
-0.010742 0.439453 0.577148 1309542361.955282
-0.015625 0.449219 0.557617 1309542361.996229
-0.011719 0.455078 0.557617 1309542362.020238
0.004883 0.478516 0.563477 1309542362.064286
-0.030273 0.488281 0.529297 1309542362.094285
-0.005859 0.458984 0.553711 1309542362.136231
0.037109 0.455078 0.592773 1309542362.164249
-0.048828 0.443359 0.548828 1309542362.196282
0.008789 0.464844 0.581055 1309542362.219280
-0.013672 0.460938 0.587891 1309542362.240279
-0.007812 0.437500 0.573242 1309542362.286231
-0.020508 0.440430 0.559570 1309542362.335256
-0.034180 0.471680 0.549805 1309542362.371233
0.011719 0.458984 0.557617 1309542362.396261
-0.004883 0.442383 0.546875 1309542362.419266
-0.031250 0.442383 0.546875 1309542362.440235
-0.019531 0.449219 0.549805 1309542362.489288
0.005859 0.449219 0.556641 1309542362.514270
-0.046875 0.447266 0.534180 1309542362.560290
-0.032227 0.458984 0.530273 1309542362.581293
-0.036133 0.492188 0.569336 1309542362.604298
-0.063477 0.470703 0.569336 1309542362.677296
-0.075195 0.487305 0.547852 1309542362.695289
-0.088867 0.576172 0.501953 1309542362.698287
-0.172852 0.647461 0.469727 1309542362.798292
-0.171875 0.677734 0.474609 1309542362.826296
-0.167969 0.643555 0.447266 1309542362.828296
-0.167969 0.643555 0.447266 1309542362.829295
-0.404297 0.803711 0.295898 1309542362.874293
-0.411133 0.818359 0.300781 1309542362.914296
-0.442383 0.735352 0.222656 1309542362.955246
-0.416992 0.746094 0.234375 1309542362.956244
-0.423828 0.702148 0.204102 1309542363.001257
-0.426758 0.689453 0.208008 1309542363.046308
-0.403320 0.590820 0.179688 1309542363.056299
-0.371094 0.605469 0.251953 1309542363.088250
-0.316406 0.644531 0.203125 1309542363.133251
-0.353516 0.590820 0.289062 1309542363.154318
-0.321289 0.607422 0.300781 1309542363.177310
-0.347656 0.607422 0.300781 1309542363.220299
-0.337891 0.543945 0.248047 1309542363.266252
-0.295898 0.492188 0.234375 1309542363.304281
-0.299805 0.500000 0.213867 1309542363.325253
-0.274414 0.445312 0.216797 1309542363.346251
-0.267578 0.468750 0.189453 1309542363.369258
-0.241211 0.477539 0.232422 1309542363.415254
-0.265625 0.485352 0.139648 1309542363.445258
-0.242188 0.470703 0.205078 1309542363.491283
-0.225586 0.492188 0.088867 1309542363.514308
-0.307617 0.570312 0.159180 1309542363.536308
-0.307617 0.570312 0.159180 1309542363.560320
-0.363281 0.563477 0.286133 1309542363.608313
-0.298828 0.584961 0.331055 1309542363.653378
-0.195312 0.596680 0.337891 1309542363.675310
-0.177734 0.570312 0.301758 1309542363.719313
-0.224609 0.607422 0.303711 1309542363.740308
-0.237305 0.607422 0.303711 1309542363.761292
-0.258789 0.596680 0.338867 1309542363.811318
-0.247070 0.635742 0.339844 1309542363.835315
-0.248047 0.620117 0.311523 1309542363.880314
-0.208008 0.607422 0.362305 1309542363.903289
-0.187500 0.590820 0.327148 1309542363.970301
-0.218750 0.610352 0.366211 1309542363.991309
-0.222656 0.594727 0.346680 1309542364.011313
-0.250000 0.616211 0.358398 1309542364.033319
-0.207031 0.604492 0.371094 1309542364.055289
-0.210938 0.576172 0.352539 1309542364.098267
-0.218750 0.588867 0.338867 1309542364.120290
-0.218750 0.588867 0.338867 1309542364.143334
-0.209961 0.598633 0.365234 1309542364.188322
-0.237305 0.563477 0.356445 1309542364.231271
-0.237305 0.617188 0.336914 1309542364.255284
-0.252930 0.605469 0.298828 1309542364.285273
-0.326172 0.666016 0.263672 1309542364.306270
-0.336914 0.636719 0.287109 1309542364.351320
-0.333008 0.672852 0.251953 1309542364.396328
-0.322266 0.638672 0.247070 1309542364.418305
-0.307617 0.583008 0.212891 1309542364.440265
-0.317383 0.595703 0.164062 1309542364.484317
-0.309570 0.595703 0.164062 1309542364.506333
-0.302734 0.520508 0.146484 1309542364.553328
-0.163086 0.402344 0.201172 1309542364.574328
-0.164062 0.497070 0.216797 1309542364.618329
-0.231445 0.581055 0.162109 1309542364.640326
-0.307617 0.469727 0.170898 1309542364.665344
-0.259766 0.410156 0.225586 1309542364.698326
-0.228516 0.358398 0.225586 1309542364.743336
-0.250977 0.333984 0.179688 1309542364.769339
-0.165039 0.366211 0.283203 1309542364.803336
-0.216797 0.386719 0.267578 1309542364.825334
-0.269531 0.534180 0.342773 1309542364.849334
-0.351562 0.622070 0.372070 1309542364.900287
-0.384766 0.752930 0.445312 1309542364.923298
-0.434570 0.738281 0.407227 1309542364.966338
-0.354492 0.802734 0.481445 1309542364.989341
-0.284180 0.763672 0.476562 1309542365.035285
-0.280273 0.740234 0.503906 1309542365.063288
-0.211914 0.740234 0.503906 1309542365.084322
-0.181641 0.683594 0.526367 1309542365.136356
-0.133789 0.800781 0.525391 1309542365.166293
-0.139648 0.792969 0.592773 1309542365.271291
-0.108398 0.598633 0.570312 1309542365.310346
-0.065430 0.526367 0.570312 1309542365.312356
-0.022461 0.451172 0.546875 1309542365.325351
0.006836 0.440430 0.478516 1309542365.328316
-0.025391 0.468750 0.517578 1309542365.358291
-0.029297 0.534180 0.559570 1309542365.391292
-0.019531 0.519531 0.547852 1309542365.438347
-0.019531 0.459961 0.553711 1309542365.439343
0.005859 0.435547 0.561523 1309542365.475344
-0.008789 0.435547 0.561523 1309542365.504351
-0.041016 0.450195 0.527344 1309542365.556363
-0.051758 0.486328 0.524414 1309542365.581349
-0.005859 0.463867 0.552734 1309542365.628385
-0.035156 0.463867 0.552734 1309542365.629343
-0.011719 0.490234 0.545898 1309542365.675352
-0.034180 0.492188 0.518555 1309542365.698350
-0.026367 0.474609 0.551758 1309542365.739351
0.018555 0.501953 0.527344 1309542365.783358
-0.038086 0.502930 0.549805 1309542365.805356
0.008789 0.502930 0.549805 1309542365.826350
-0.011719 0.490234 0.524414 1309542365.871301
-0.012695 0.483398 0.559570 1309542365.911345
-0.008789 0.439453 0.518555 1309542365.938352
-0.011719 0.480469 0.538086 1309542365.961347
-0.037109 0.464844 0.534180 1309542365.975326
0.014648 0.449219 0.556641 1309542366.026304
0.008789 0.467773 0.497070 1309542366.070356
0.014648 0.453125 0.575195 1309542366.093364
-0.033203 0.441406 0.588867 1309542366.158310
-0.037109 0.454102 0.533203 1309542366.160307
-0.037109 0.508789 0.525391 1309542366.213337
-0.096680 0.520508 0.509766 1309542366.236308
-0.080078 0.587891 0.516602 1309542366.259319
-0.149414 0.575195 0.483398 1309542366.308366
-0.174805 0.636719 0.416992 1309542366.309360
-0.197266 0.664062 0.377930 1309542366.354352
-0.187500 0.644531 0.363281 1309542366.391365
-0.224609 0.679688 0.314453 1309542366.413360
-0.291992 0.745117 0.262695 1309542366.436364
-0.366211 0.718750 0.171875 1309542366.540370
-0.339844 0.708984 0.166016 1309542366.561370
-0.418945 0.744141 0.164062 1309542366.585371
-0.416992 0.744141 0.164062 1309542366.586366
-0.478516 0.722656 0.142578 1309542366.600353
-0.457031 0.716797 0.163086 1309542366.674370
-0.407227 0.683594 0.142578 1309542366.690370
-0.421875 0.654297 0.151367 1309542366.729370
-0.394531 0.645508 0.173828 1309542366.739379
-0.407227 0.615234 0.187500 1309542366.761339
-0.392578 0.598633 0.150391 1309542366.803360
-0.390625 0.626953 0.211914 1309542366.825341
-0.415039 0.611328 0.196289 1309542366.870320
-0.381836 0.558594 0.190430 1309542366.891362
-0.379883 0.617188 0.211914 1309542366.935371
-0.300781 0.536133 0.178711 1309542366.958324
-0.322266 0.493164 0.178711 1309542366.987324
-0.298828 0.516602 0.212891 1309542367.034368
-0.306641 0.500977 0.181641 1309542367.056380
-0.275391 0.495117 0.211914 1309542367.100361
-0.282227 0.475586 0.198242 1309542367.124355
-0.300781 0.484375 0.178711 1309542367.159339
-0.325195 0.502930 0.141602 1309542367.180366
-0.285156 0.460938 0.176758 1309542367.223330
-0.278320 0.513672 0.190430 1309542367.245365
-0.278320 0.546875 0.253906 1309542367.274364
-0.273438 0.579102 0.253906 1309542367.299329
-0.250977 0.598633 0.316406 1309542367.343396
-0.244141 0.578125 0.276367 1309542367.389371
-0.255859 0.583984 0.311523 1309542367.411395
-0.273438 0.604492 0.300781 1309542367.455386
-0.264648 0.635742 0.302734 1309542367.479388
-0.259766 0.639648 0.322266 1309542367.500389
-0.299805 0.629883 0.336914 1309542367.545389
-0.242188 0.608398 0.306641 1309542367.568391
-0.265625 0.582031 0.354492 1309542367.611388
-0.220703 0.593750 0.321289 1309542367.634386
-0.230469 0.605469 0.338867 1309542367.659401
-0.234375 0.605469 0.338867 1309542367.700399
-0.257812 0.595703 0.328125 1309542367.743393
-0.266602 0.604492 0.320312 1309542367.765396
-0.285156 0.595703 0.345703 1309542367.830339
-0.287109 0.621094 0.330078 1309542367.851419
-0.300781 0.609375 0.333008 1309542367.853385
-0.307617 0.612305 0.306641 1309542367.896398
-0.281250 0.628906 0.302734 1309542367.920342
-0.301758 0.612305 0.278320 1309542367.961339
-0.282227 0.596680 0.272461 1309542367.984396
-0.291992 0.623047 0.245117 1309542368.029422
-0.301758 0.613281 0.246094 1309542368.044400
-0.292969 0.545898 0.198242 1309542368.089346
-0.294922 0.572266 0.165039 1309542368.111346
-0.227539 0.516602 0.177734 1309542368.160351
-0.206055 0.463867 0.168945 1309542368.183352
-0.234375 0.498047 0.202148 1309542368.204351
-0.305664 0.620117 0.167969 1309542368.252354
-0.305664 0.620117 0.167969 1309542368.278348
-0.327148 0.457031 0.166016 1309542368.325407
-0.275391 0.469727 0.178711 1309542368.348404
-0.269531 0.510742 0.198242 1309542368.373403
-0.281250 0.465820 0.198242 1309542368.416402
-0.272461 0.428711 0.163086 1309542368.439409
-0.321289 0.464844 0.163086 1309542368.462408
-0.362305 0.714844 0.163086 1309542368.504406
-0.386719 0.514648 0.253906 1309542368.534403
-0.401367 0.590820 0.287109 1309542368.579407
-0.400391 0.708984 0.308594 1309542368.604416
-0.394531 0.712891 0.308594 1309542368.627442
-0.415039 0.768555 0.373047 1309542368.704412
-0.310547 0.740234 0.368164 1309542368.705403
-0.275391 0.713867 0.388672 1309542368.865417
-0.252930 0.718750 0.416016 1309542368.946388
-0.257812 0.769531 0.490234 1309542368.948399
-0.223633 0.947266 0.575195 1309542368.949384
-0.214844 0.738281 0.508789 1309542368.986417
-0.148438 0.583984 0.565430 1309542368.991413
-0.089844 0.462891 0.474609 1309542368.993417
-0.076172 0.478516 0.468750 1309542369.001394
-0.065430 0.472656 0.438477 1309542369.014422
-0.129883 0.518555 0.470703 1309542369.036409
-0.094727 0.543945 0.555664 1309542369.082369
-0.076172 0.562500 0.550781 1309542369.121385
-0.031250 0.482422 0.531250 1309542369.160372
-0.055664 0.442383 0.543945 1309542369.161357
-0.021484 0.419922 0.535156 1309542369.185405
-0.048828 0.423828 0.546875 1309542369.219376
-0.025391 0.473633 0.579102 1309542369.264377
-0.018555 0.419922 0.566406 1309542369.285398
-0.003906 0.471680 0.578125 1309542369.309398
0.024414 0.460938 0.608398 1309542369.335399
0.002930 0.453125 0.608398 1309542369.368421
-0.038086 0.464844 0.551758 1309542369.413425
-0.007812 0.468750 0.538086 1309542369.434421
-0.007812 0.437500 0.566406 1309542369.495425
-0.021484 0.461914 0.564453 1309542369.515429
-0.007812 0.429688 0.587891 1309542369.539423
-0.018555 0.464844 0.584961 1309542369.561414
-0.036133 0.449219 0.557617 1309542369.605426
-0.016602 0.434570 0.587891 1309542369.626414
-0.018555 0.455078 0.579102 1309542369.671431
-0.040039 0.429688 0.562500 1309542369.698399
-0.083984 0.448242 0.584961 1309542369.736377
-0.043945 0.448242 0.584961 1309542369.773426
-0.021484 0.455078 0.574219 1309542369.798402
-0.018555 0.452148 0.567383 1309542369.819432
-0.007812 0.430664 0.547852 1309542369.851431
-0.005859 0.457031 0.504883 1309542369.896376
-0.010742 0.453125 0.556641 1309542369.918408
-0.014648 0.453125 0.556641 1309542369.940437
-0.005859 0.416016 0.546875 1309542369.985443
-0.043945 0.431641 0.553711 1309542370.029382
-0.015625 0.463867 0.530273 1309542370.054414
-0.032227 0.459961 0.528320 1309542370.088381
-0.071289 0.461914 0.523438 1309542370.110384
-0.055664 0.498047 0.517578 1309542370.155438
-0.089844 0.523438 0.536133 1309542370.305441
-0.105469 0.633789 0.476562 1309542370.327442
-0.204102 0.679688 0.487305 1309542370.417447
-0.223633 0.716797 0.447266 1309542370.423446
-0.206055 0.697266 0.414062 1309542370.440443
-0.298828 0.750000 0.330078 1309542370.441418
-0.421875 0.773438 0.310547 1309542370.445445
-0.413086 0.757812 0.229492 1309542370.475443
-0.392578 0.707031 0.225586 1309542370.476441
-0.393555 0.673828 0.126953 1309542370.487447
-0.431641 0.689453 0.126953 1309542370.499444
-0.466797 0.666992 0.156250 1309542370.535444
-0.432617 0.650391 0.162109 1309542370.579445
-0.379883 0.664062 0.195312 1309542370.590443
-0.437500 0.649414 0.202148 1309542370.622449
-0.400391 0.657227 0.228516 1309542370.672450
-0.398438 0.645508 0.228516 1309542370.694394
-0.406250 0.645508 0.228516 1309542370.729399
-0.353516 0.590820 0.226562 1309542370.772450
-0.333008 0.582031 0.226562 1309542370.795450
-0.263672 0.536133 0.195312 1309542370.819428
-0.282227 0.551758 0.199219 1309542370.867398
-0.234375 0.534180 0.219727 1309542370.891417
-0.309570 0.507812 0.195312 1309542370.916449
-0.259766 0.487305 0.207031 1309542370.961421
-0.279297 0.464844 0.135742 1309542370.985403
-0.261719 0.431641 0.208984 1309542371.031439
-0.273438 0.500000 0.211914 1309542371.055399
-0.271484 0.505859 0.183594 1309542371.077405
-0.270508 0.529297 0.217773 1309542371.121442
-0.297852 0.550781 0.211914 1309542371.166458
-0.262695 0.599609 0.252930 1309542371.192462
-0.275391 0.586914 0.295898 1309542371.215462
-0.273438 0.569336 0.284180 1309542371.239458
