-0.289062 0.623047 -0.562500 1310582635.104938
-0.261719 0.626953 -0.562500 1310582635.127981
-0.287109 0.634766 -0.500000 1310582635.170999
-0.234375 0.639648 -0.501953 1310582635.216943
-0.217773 0.654297 -0.504883 1310582635.240956
-0.208008 0.666992 -0.497070 1310582635.279978
-0.218750 0.690430 -0.452148 1310582635.301996
-0.208984 0.660156 -0.506836 1310582635.326954
-0.182617 0.640625 -0.492188 1310582635.373005
-0.228516 0.647461 -0.494141 1310582635.395968
-0.255859 0.632812 -0.474609 1310582635.419955
-0.236328 0.638672 -0.508789 1310582635.464996
-0.270508 0.654297 -0.476562 1310582635.496003
-0.020508 0.654297 -0.476562 1310582635.520008
-0.223633 0.629883 -0.492188 1310582635.565974
-0.222656 0.652344 -0.484375 1310582635.587952
-0.241211 0.636719 -0.487305 1310582635.634990
-0.250977 0.611328 -0.498047 1310582635.670952
-0.243164 0.642578 -0.500000 1310582635.679952
-0.276367 0.625000 -0.500977 1310582635.724992
-0.222656 0.602539 -0.530273 1310582635.746982
-0.200195 0.636719 -0.460938 1310582635.801960
-0.233398 0.639648 -0.473633 1310582635.826008
-0.234375 0.631836 -0.534180 1310582635.846990
-0.220703 0.666016 -0.496094 1310582635.870012
-0.202148 0.683594 -0.465820 1310582635.915018
-0.222656 0.641602 -0.482422 1310582635.936009
-0.237305 0.658203 -0.478516 1310582635.979956
-0.211914 0.647461 -0.494141 1310582636.001962
-0.200195 0.642578 -0.499023 1310582636.048022
-0.204102 0.632812 -0.478516 1310582636.061021
-0.204102 0.632812 -0.478516 1310582636.098018
-0.214844 0.663086 -0.451172 1310582636.143014
-0.217773 0.647461 -0.480469 1310582636.167961
-0.217773 0.666016 -0.553711 1310582636.214965
-0.246094 0.662109 -0.494141 1310582636.237017
-0.245117 0.662109 -0.494141 1310582636.262028
-0.232422 0.619141 -0.497070 1310582636.331024
-0.215820 0.641602 -0.493164 1310582636.332017
-0.241211 0.636719 -0.479492 1310582636.372967
-0.287109 0.665039 -0.513672 1310582636.394967
-0.268555 0.626953 -0.458984 1310582636.440021
-0.232422 0.626953 -0.458984 1310582636.448000
-0.281250 0.647461 -0.485352 1310582636.491026
-0.235352 0.648438 -0.518555 1310582636.534973
-0.212891 0.643555 -0.485352 1310582636.557005
-0.222656 0.657227 -0.488281 1310582636.579993
-0.194336 0.626953 -0.457031 1310582636.610031
-0.225586 0.644531 -0.477539 1310582636.647983
-0.241211 0.634766 -0.499023 1310582636.689975
-0.203125 0.666992 -0.470703 1310582636.721995
-0.188477 0.657227 -0.500977 1310582636.745974
-0.208984 0.646484 -0.496094 1310582636.791005
-0.214844 0.679688 -0.469727 1310582636.813033
-0.248047 0.673828 -0.458984 1310582636.848006
-0.198242 0.623047 -0.435547 1310582636.892030
-0.223633 0.667969 -0.470703 1310582636.915039
-0.192383 0.625000 -0.459961 1310582636.954985
-0.212891 0.643555 -0.453125 1310582636.977979
-0.236328 0.662109 -0.446289 1310582637.003031
-0.230469 0.653320 -0.446289 1310582637.028032
-0.205078 0.653320 -0.446289 1310582637.072034
-0.194336 0.663086 -0.434570 1310582637.117033
-0.195312 0.649414 -0.455078 1310582637.141023
-0.187500 0.674805 -0.467773 1310582637.166981
-0.231445 0.650391 -0.467773 1310582637.195981
-0.232422 0.658203 -0.491211 1310582637.241042
-0.229492 0.634766 -0.493164 1310582637.263038
-0.241211 0.661133 -0.475586 1310582637.307042
-0.220703 0.670898 -0.450195 1310582637.330990
-0.205078 0.623047 -0.471680 1310582637.354985
-0.274414 0.663086 -0.462891 1310582637.398016
-0.274414 0.663086 -0.462891 1310582637.446015
-0.243164 0.643555 -0.473633 1310582637.465058
-0.252930 0.616211 -0.455078 1310582637.487019
-0.231445 0.634766 -0.480469 1310582637.530002
-0.219727 0.656250 -0.477539 1310582637.552988
-0.219727 0.656250 -0.477539 1310582637.620025
-0.136719 0.677734 -0.410156 1310582637.644007
-0.143555 0.679688 -0.467773 1310582637.662990
-0.196289 0.654297 -0.496094 1310582637.685001
-0.205078 0.632812 -0.532227 1310582637.737019
-0.273438 0.665039 -0.503906 1310582637.738014
-0.260742 0.620117 -0.494141 1310582637.772997
-0.258789 0.609375 -0.461914 1310582637.810045
-0.214844 0.654297 -0.457031 1310582637.853050
-0.210938 0.636719 -0.493164 1310582637.877049
-0.236328 0.653320 -0.493164 1310582637.923020
-0.228516 0.622070 -0.503906 1310582637.925015
-0.230469 0.609375 -0.499023 1310582637.967998
-0.231445 0.582031 -0.495117 1310582638.013049
-0.205078 0.623047 -0.474609 1310582638.036060
-0.215820 0.666016 -0.499023 1310582638.078067
-0.191406 0.635742 -0.492188 1310582638.106000
-0.234375 0.677734 -0.511719 1310582638.153033
-0.234375 0.677734 -0.511719 1310582638.177059
-0.216797 0.640625 -0.506836 1310582638.201049
-0.227539 0.675781 -0.510742 1310582638.231061
-0.260742 0.619141 -0.487305 1310582638.273056
-0.249023 0.655273 -0.518555 1310582638.295004
-0.265625 0.655273 -0.518555 1310582638.317006
-0.233398 0.620117 -0.509766 1310582638.363081
-0.208984 0.648438 -0.500977 1310582638.386064
-0.222656 0.630859 -0.508789 1310582638.428066
-0.219727 0.626953 -0.489258 1310582638.450034
-0.252930 0.633789 -0.471680 1310582638.495007
-0.227539 0.633789 -0.471680 1310582638.516010
-0.241211 0.641602 -0.492188 1310582638.551066
-0.249023 0.623047 -0.508789 1310582638.591008
-0.236328 0.662109 -0.516602 1310582638.628049
-0.209961 0.634766 -0.524414 1310582638.650042
-0.202148 0.646484 -0.519531 1310582638.672008
-0.249023 0.660156 -0.500000 1310582638.723040
