0.212891 0.482422 0.565430 1309550123.644270
0.161133 0.484375 0.576172 1309550123.725272
0.181641 0.470703 0.538086 1309550123.739271
0.228516 0.440430 0.542969 1309550123.850273
0.207031 0.469727 0.531250 1309550123.850285
0.222656 0.443359 0.534180 1309550123.850296
0.260742 0.436523 0.562500 1309550123.850306
0.203125 0.431641 0.571289 1309550124.077276
0.175781 0.440430 0.536133 1309550124.144297
0.208984 0.458984 0.569336 1309550124.207282
0.212891 0.433594 0.532227 1309550124.800290
0.215820 0.464844 0.526367 1309550124.824299
0.236328 0.448242 0.547852 1309550124.824312
0.186523 0.478516 0.561523 1309550124.824322
0.209961 0.444336 0.553711 1309550124.824333
0.186523 0.421875 0.556641 1309550124.824359
0.212891 0.427734 0.580078 1309550124.824371
0.212891 0.427734 0.580078 1309550124.824382
0.239258 0.446289 0.554688 1309550124.825300
0.204102 0.458008 0.561523 1309550124.825311
0.248047 0.455078 0.561523 1309550124.825321
0.208984 0.463867 0.575195 1309550124.889272
0.174805 0.458984 0.537109 1309550124.944291
0.201172 0.431641 0.561523 1309550124.995289
0.191406 0.434570 0.541992 1309550125.036646
0.241211 0.441406 0.538086 1309550125.061275
0.214844 0.447266 0.587891 1309550125.061289
0.216797 0.428711 0.531250 1309550125.061300
0.223633 0.449219 0.557617 1309550125.061310
0.212891 0.443359 0.553711 1309550125.061320
0.255859 0.469727 0.541016 1309550125.061347
0.222656 0.450195 0.580078 1309550125.061358
0.192383 0.436523 0.559570 1309550125.061369
0.229492 0.451172 0.565430 1309550125.061379
0.224609 0.434570 0.543945 1309550125.061389
0.244141 0.384766 0.522461 1309550125.061400
0.209961 0.451172 0.522461 1309550125.061411
0.225586 0.455078 0.576172 1309550125.126308
0.200195 0.419922 0.561523 1309550125.126321
0.220703 0.433594 0.557617 1309550125.126332
0.200195 0.417969 0.574219 1309550125.126342
0.225586 0.443359 0.559570 1309550125.126353
0.242188 0.440430 0.554688 1309550125.126363
0.228516 0.410156 0.572266 1309550125.126373
0.215820 0.437500 0.557617 1309550125.126384
0.232422 0.425781 0.546875 1309550125.126394
0.214844 0.427734 0.552734 1309550125.126404
0.237305 0.448242 0.580078 1309550125.126415
0.244141 0.444336 0.550781 1309550125.129285
0.190430 0.448242 0.550781 1309550125.129298
0.195312 0.429688 0.554688 1309550125.129308
0.200195 0.457031 0.539062 1309550125.129318
0.235352 0.416016 0.567383 1309550125.129329
0.209961 0.445312 0.561523 1309550125.129339
0.227539 0.429688 0.542969 1309550125.129349
0.209961 0.430664 0.559570 1309550125.129360
0.217773 0.434570 0.539062 1309550125.129370
0.227539 0.410156 0.565430 1309550125.195300
0.228516 0.468750 0.590820 1309550125.495301
0.232422 0.431641 0.551758 1309550125.496292
0.207031 0.455078 0.569336 1309550125.516304
0.252930 0.424805 0.611328 1309550125.518301
0.191406 0.414062 0.551758 1309550125.518313
0.232422 0.401367 0.567383 1309550125.518323
0.185547 0.432617 0.563477 1309550125.520300
0.208008 0.455078 0.577148 1309550125.520311
0.175781 0.457031 0.577148 1309550125.521272
0.204102 0.447266 0.572266 1309550125.542293
0.156250 0.482422 0.559570 1309550125.542311
0.170898 0.456055 0.547852 1309550125.542322
0.116211 0.476562 0.564453 1309550125.542332
0.081055 0.541016 0.565430 1309550125.542343
0.028320 0.603516 0.602539 1309550125.542353
-0.081055 0.696289 0.603516 1309550125.542363
-0.194336 0.769531 0.582031 1309550125.542373
-0.197266 0.723633 0.522461 1309550125.542384
-0.247070 0.703125 0.565430 1309550125.542394
-0.300781 0.738281 0.558594 1309550125.542405
-0.408203 0.709961 0.558594 1309550125.542416
-0.379883 0.761719 0.454102 1309550125.566317
-0.389648 0.768555 0.473633 1309550125.566329
-0.365234 0.748047 0.442383 1309550125.566340
-0.291992 0.662109 0.383789 1309550125.566350
-0.255859 0.646484 0.328125 1309550125.566360
-0.141602 0.600586 0.305664 1309550125.566370
-0.208984 0.500977 0.269531 1309550125.566380
-0.084961 0.541016 0.315430 1309550125.579307
