-0.085938 0.714844 -0.014648 1310510925.849357
-0.115234 0.676758 -0.020508 1310510925.872421
-0.100586 0.728516 -0.022461 1310510925.895424
-0.118164 0.763672 -0.024414 1310510925.948359
-0.098633 0.719727 0.008789 1310510925.978368
-0.132812 0.726562 -0.039062 1310510926.065367
-0.124023 0.745117 -0.011719 1310510926.067343
-0.101562 0.722656 -0.037109 1310510926.087379
-0.114258 0.722656 -0.037109 1310510926.088320
-0.108398 0.720703 -0.017578 1310510926.134408
-0.056641 0.746094 -0.014648 1310510926.178459
-0.107422 0.725586 -0.003906 1310510926.199306
-0.151367 0.752930 -0.039062 1310510926.242381
-0.122070 0.733398 -0.035156 1310510926.264359
-0.091797 0.733398 -0.035156 1310510926.287404
-0.099609 0.701172 -0.012695 1310510926.322325
-0.100586 0.734375 -0.040039 1310510926.357456
-0.083008 0.732422 0.000000 1310510926.403356
-0.092773 0.717773 0.026367 1310510926.427387
-0.074219 0.747070 0.010742 1310510926.464439
-0.081055 0.688477 0.010742 1310510926.491341
-0.083008 0.747070 0.001953 1310510926.535334
-0.093750 0.733398 -0.028320 1310510926.558393
-0.097656 0.710938 -0.063477 1310510926.580347
-0.080078 0.741211 -0.036133 1310510926.624396
-0.088867 0.732422 -0.029297 1310510926.647386
-0.115234 0.734375 -0.041992 1310510926.690384
-0.101562 0.715820 -0.043945 1310510926.712349
-0.089844 0.724609 -0.018555 1310510926.755365
-0.115234 0.763672 -0.044922 1310510926.777417
-0.094727 0.751953 -0.071289 1310510926.820376
-0.078125 0.738281 -0.074219 1310510926.844404
-0.091797 0.726562 -0.030273 1310510926.888377
-0.127930 0.726562 -0.031250 1310510926.912366
-0.127930 0.766602 -0.006836 1310510926.954388
-0.125000 0.783203 -0.040039 1310510926.977387
-0.108398 0.712891 -0.054688 1310510926.998384
-0.137695 0.740234 -0.054688 1310510927.042443
-0.125977 0.763672 -0.025391 1310510927.064452
-0.124023 0.750000 -0.091797 1310510927.108360
-0.104492 0.729492 -0.056641 1310510927.130372
-0.093750 0.739258 -0.049805 1310510927.174423
-0.046875 0.729492 -0.039062 1310510927.200340
-0.051758 0.729492 -0.009766 1310510927.240362
-0.063477 0.714844 -0.025391 1310510927.264323
-0.102539 0.734375 -0.023438 1310510927.353327
-0.063477 0.703125 -0.034180 1310510927.354324
-0.116211 0.727539 -0.025391 1310510927.374350
-0.097656 0.727539 -0.060547 1310510927.395351
-0.097656 0.727539 -0.060547 1310510927.417341
-0.132812 0.730469 -0.028320 1310510927.460364
-0.129883 0.703125 -0.055664 1310510927.504451
-0.106445 0.723633 -0.056641 1310510927.527369
-0.124023 0.678711 -0.010742 1310510927.550334
-0.098633 0.743164 -0.003906 1310510927.580351
-0.106445 0.742188 -0.041016 1310510927.623342
-0.098633 0.742188 -0.011719 1310510927.644378
-0.068359 0.720703 -0.008789 1310510927.688387
-0.096680 0.750000 -0.019531 1310510927.710458
-0.063477 0.709961 -0.017578 1310510927.754390
-0.141602 0.755859 -0.053711 1310510927.777420
-0.158203 0.716797 -0.040039 1310510927.819427
-0.114258 0.738281 -0.051758 1310510927.842410
-0.100586 0.749023 -0.043945 1310510927.885504
-0.115234 0.740234 -0.045898 1310510927.907461
-0.093750 0.744141 -0.042969 1310510927.932377
-0.078125 0.756836 -0.025391 1310510927.974390
-0.078125 0.730469 0.048828 1310510928.018402
-0.105469 0.710938 -0.015625 1310510928.040379
-0.099609 0.755859 -0.022461 1310510928.084423
-0.050781 0.761719 -0.014648 1310510928.105423
-0.056641 0.711914 -0.000977 1310510928.149384
-0.059570 0.711914 -0.000977 1310510928.150365
-0.126953 0.734375 0.005859 1310510928.210407
-0.097656 0.733398 -0.033203 1310510928.233478
-0.110352 0.721680 -0.031250 1310510928.255597
-0.056641 0.710938 0.003906 1310510928.298476
-0.089844 0.746094 0.029297 1310510928.320396
-0.107422 0.732422 -0.017578 1310510928.365450
-0.071289 0.694336 -0.006836 1310510928.390486
-0.079102 0.708008 0.039062 1310510928.423474
-0.098633 0.734375 0.008789 1310510928.467399
-0.061523 0.740234 0.007812 1310510928.489399
-0.102539 0.740234 0.007812 1310510928.512428
-0.099609 0.760742 0.017578 1310510928.557411
-0.092773 0.740234 -0.014648 1310510928.644389
-0.055664 0.720703 0.017578 1310510928.645392
-0.066406 0.730469 -0.013672 1310510928.665490
-0.059570 0.695312 -0.071289 1310510928.687384
-0.082031 0.733398 -0.003906 1310510928.708402
-0.084961 0.720703 -0.017578 1310510928.752412
-0.093750 0.724609 -0.028320 1310510928.777469
-0.096680 0.759766 -0.008789 1310510928.823418
-0.096680 0.744141 -0.068359 1310510928.845400
-0.090820 0.734375 -0.012695 1310510928.889482
-0.108398 0.750977 -0.035156 1310510928.892481
-0.095703 0.730469 -0.006836 1310510928.934454
-0.107422 0.726562 -0.004883 1310510928.978488
-0.113281 0.721680 -0.016602 1310510929.023414
-0.113281 0.746094 -0.007812 1310510929.045570
-0.089844 0.723633 -0.012695 1310510929.068417
-0.125000 0.713867 -0.012695 1310510929.090499
-0.087891 0.740234 -0.007812 1310510929.133431
-0.102539 0.720703 -0.017578 1310510929.177465
-0.061523 0.712891 -0.012695 1310510929.199446
-0.095703 0.742188 -0.000977 1310510929.242452
