-0.216797 0.679688 -0.051758 1310682650.993417
-0.249023 0.685547 -0.075195 1310682651.026322
-0.232422 0.718750 -0.065430 1310682651.049374
-0.232422 0.693359 -0.084961 1310682651.073347
-0.239258 0.730469 -0.054688 1310682651.138338
-0.210938 0.684570 -0.106445 1310682651.159304
-0.208008 0.733398 -0.120117 1310682651.181345
-0.235352 0.708984 -0.110352 1310682651.203325
-0.217773 0.705078 -0.107422 1310682651.246339
-0.264648 0.736328 -0.131836 1310682651.271363
-0.224609 0.721680 -0.106445 1310682651.316332
-0.218750 0.708984 -0.118164 1310682651.339340
-0.205078 0.704102 -0.103516 1310682651.366349
-0.194336 0.705078 -0.090820 1310682651.410409
-0.209961 0.724609 -0.131836 1310682651.431350
-0.215820 0.724609 -0.131836 1310682651.455372
-0.228516 0.724609 -0.131836 1310682651.498341
-0.231445 0.731445 -0.138672 1310682651.541358
-0.262695 0.718750 -0.069336 1310682651.575413
-0.229492 0.702148 -0.064453 1310682651.605340
-0.237305 0.710938 -0.061523 1310682651.628358
-0.247070 0.732422 -0.053711 1310682651.649355
-0.258789 0.666016 -0.053711 1310682651.698361
-0.241211 0.708984 -0.051758 1310682651.736382
-0.238281 0.723633 -0.080078 1310682651.759368
-0.211914 0.722656 -0.053711 1310682651.781328
-0.272461 0.706055 -0.041992 1310682651.816456
-0.207031 0.728516 -0.061523 1310682651.849439
-0.226562 0.698242 -0.062500 1310682651.899374
-0.217773 0.718750 -0.060547 1310682651.921414
-0.233398 0.696289 -0.079102 1310682651.944402
-0.218750 0.721680 -0.053711 1310682651.986425
-0.213867 0.718750 -0.081055 1310682652.030400
-0.231445 0.710938 -0.073242 1310682652.051390
-0.221680 0.720703 -0.040039 1310682652.073535
-0.232422 0.676758 -0.071289 1310682652.119397
-0.254883 0.742188 -0.053711 1310682652.141401
-0.240234 0.707031 -0.055664 1310682652.200405
-0.217773 0.717773 -0.055664 1310682652.201428
-0.209961 0.693359 -0.084961 1310682652.265358
-0.201172 0.728516 -0.054688 1310682652.288373
-0.248047 0.717773 -0.083984 1310682652.310374
-0.260742 0.734375 -0.049805 1310682652.353392
-0.219727 0.720703 -0.049805 1310682652.354357
-0.242188 0.701172 -0.084961 1310682652.404372
-0.217773 0.717773 -0.074219 1310682652.428386
-0.250977 0.705078 -0.072266 1310682652.473392
-0.220703 0.730469 -0.061523 1310682652.495406
-0.229492 0.682617 -0.064453 1310682652.540359
-0.226562 0.682617 -0.064453 1310682652.563517
-0.198242 0.693359 -0.112305 1310682652.608378
-0.194336 0.720703 -0.078125 1310682652.630375
-0.210938 0.720703 -0.093750 1310682652.653344
-0.229492 0.722656 -0.060547 1310682652.694330
-0.218750 0.652344 -0.058594 1310682652.716373
-0.218750 0.652344 -0.058594 1310682652.741442
-0.213867 0.695312 -0.110352 1310682652.791403
-0.216797 0.718750 -0.053711 1310682652.814453
-0.254883 0.690430 -0.092773 1310682652.859372
-0.243164 0.723633 -0.084961 1310682652.881412
-0.234375 0.687500 -0.102539 1310682652.928382
-0.227539 0.722656 -0.068359 1310682652.950378
-0.247070 0.736328 -0.083008 1310682652.972366
-0.226562 0.710938 -0.106445 1310682653.015394
-0.199219 0.719727 -0.089844 1310682653.041409
-0.254883 0.713867 -0.077148 1310682653.091461
-0.222656 0.722656 -0.111328 1310682653.113458
-0.247070 0.718750 -0.079102 1310682653.155391
-0.234375 0.667969 -0.066406 1310682653.176386
-0.247070 0.701172 -0.067383 1310682653.220379
-0.235352 0.704102 -0.093750 1310682653.243411
-0.240234 0.695312 -0.074219 1310682653.265394
-0.208008 0.702148 -0.096680 1310682653.309373
-0.252930 0.709961 -0.062500 1310682653.354464
-0.225586 0.666016 -0.059570 1310682653.375401
-0.240234 0.708984 -0.061523 1310682653.396395
-0.233398 0.679688 -0.078125 1310682653.445462
-0.250000 0.739258 -0.050781 1310682653.468380
-0.241211 0.708984 -0.078125 1310682653.520414
-0.244141 0.717773 -0.075195 1310682653.546454
-0.257812 0.699219 -0.067383 1310682653.569386
-0.254883 0.706055 -0.086914 1310682653.614542
-0.226562 0.736328 -0.065430 1310682653.635386
-0.228516 0.714844 -0.060547 1310682653.658397
-0.282227 0.714844 -0.060547 1310682653.680463
-0.233398 0.714844 -0.060547 1310682653.726407
-0.238281 0.712891 -0.069336 1310682653.753392
-0.208008 0.707031 -0.053711 1310682653.798419
-0.257812 0.705078 -0.037109 1310682653.823395
-0.221680 0.737305 -0.043945 1310682653.865398
-0.239258 0.721680 -0.055664 1310682653.888434
-0.242188 0.667969 -0.094727 1310682653.915401
-0.250000 0.716797 -0.043945 1310682653.960395
-0.253906 0.689453 -0.069336 1310682653.986415
-0.235352 0.692383 -0.070312 1310682654.008418
-0.258789 0.725586 -0.081055 1310682654.031427
-0.202148 0.731445 -0.072266 1310682654.075409
-0.194336 0.714844 -0.074219 1310682654.121402
-0.186523 0.721680 -0.081055 1310682654.146392
-0.207031 0.726562 -0.112305 1310682654.191419
-0.193359 0.720703 -0.077148 1310682654.214405
-0.179688 0.736328 -0.123047 1310682654.258466
-0.237305 0.685547 -0.083984 1310682654.280456
-0.210938 0.714844 -0.111328 1310682654.301435
-0.190430 0.687500 -0.090820 1310682654.329454
-0.222656 0.735352 -0.082031 1310682654.365406
-0.212891 0.712891 -0.119141 1310682654.414419
-0.211914 0.704102 -0.119141 1310682654.436452
-0.224609 0.695312 -0.054688 1310682654.470484
-0.248047 0.703125 -0.079102 1310682654.494427
-0.232422 0.720703 -0.073242 1310682654.538449
-0.252930 0.705078 -0.072266 1310682654.564485
-0.201172 0.708984 -0.060547 1310682654.606992
-0.223633 0.702148 -0.064453 1310682654.629394
-0.213867 0.681641 -0.083008 1310682654.668453
-0.224609 0.717773 -0.063477 1310682654.690415
-0.245117 0.694336 -0.054688 1310682654.716473
-0.265625 0.714844 -0.082031 1310682654.774465
-0.220703 0.740234 -0.063477 1310682654.775413
-0.220703 0.740234 -0.063477 1310682654.840396
-0.206055 0.686523 -0.030273 1310682654.866395
-0.206055 0.742188 -0.047852 1310682654.886409
-0.216797 0.710938 -0.065430 1310682654.926404
-0.239258 0.718750 -0.093750 1310682654.949477
-0.215820 0.687500 -0.053711 1310682654.971458
-0.207031 0.712891 -0.037109 1310682655.014451
-0.254883 0.708984 -0.050781 1310682655.056516
-0.203125 0.738281 -0.057617 1310682655.078434
-0.242188 0.720703 -0.067383 1310682655.103461
-0.208008 0.697266 -0.058594 1310682655.146408
-0.242188 0.722656 -0.052734 1310682655.169419
-0.235352 0.710938 -0.061523 1310682655.208492
-0.220703 0.701172 -0.080078 1310682655.233485
-0.236328 0.720703 -0.074219 1310682655.276398
-0.233398 0.720703 -0.033203 1310682655.298450
-0.219727 0.699219 -0.092773 1310682655.340442
-0.231445 0.719727 -0.027344 1310682655.366507
-0.238281 0.694336 -0.064453 1310682655.402446
-0.224609 0.728516 -0.046875 1310682655.449438
-0.219727 0.702148 -0.082031 1310682655.470446
-0.219727 0.718750 -0.086914 1310682655.514450
-0.289062 0.723633 -0.083984 1310682655.538445
-0.233398 0.748047 -0.092773 1310682655.563498
-0.267578 0.718750 -0.070312 1310682655.588467
-0.230469 0.700195 -0.099609 1310682655.633483
-0.247070 0.706055 -0.085938 1310682655.675433
-0.223633 0.722656 -0.098633 1310682655.698462
-0.286133 0.716797 -0.102539 1310682655.743518
-0.234375 0.738281 -0.072266 1310682655.744499
-0.247070 0.705078 -0.055664 1310682655.788424
-0.260742 0.712891 -0.075195 1310682655.831447
-0.224609 0.724609 -0.091797 1310682655.854446
-0.233398 0.680664 -0.122070 1310682655.875461
-0.214844 0.730469 -0.090820 1310682655.924439
-0.231445 0.702148 -0.123047 1310682655.946482
-0.233398 0.704102 -0.101562 1310682655.993469
-0.219727 0.726562 -0.092773 1310682656.015503
-0.231445 0.695312 -0.097656 1310682656.039470
-0.256836 0.708984 -0.045898 1310682656.111472
-0.206055 0.677734 -0.088867 1310682656.113467
-0.268555 0.712891 -0.068359 1310682656.148504
-0.234375 0.713867 -0.083008 1310682656.168463
-0.244141 0.721680 -0.063477 1310682656.203467
-0.260742 0.671875 -0.063477 1310682656.248450
-0.236328 0.707031 -0.052734 1310682656.270434
-0.205078 0.666992 -0.068359 1310682656.295517
-0.175781 0.733398 -0.041992 1310682656.340477
-0.227539 0.712891 -0.059570 1310682656.365470
-0.216797 0.745117 -0.067383 1310682656.408462
-0.222656 0.742188 -0.056641 1310682656.434466
-0.218750 0.711914 -0.049805 1310682656.455517
-0.232422 0.710938 -0.049805 1310682656.502461
-0.225586 0.734375 -0.067383 1310682656.525495
-0.215820 0.691406 -0.047852 1310682656.568448
-0.198242 0.710938 -0.084961 1310682656.591528
-0.211914 0.711914 -0.094727 1310682656.616468
-0.233398 0.726562 -0.051758 1310682656.660451
-0.211914 0.652344 -0.046875 1310682656.683523
-0.230469 0.738281 -0.047852 1310682656.715529
-0.219727 0.736328 -0.074219 1310682656.763533
-0.223633 0.693359 -0.035156 1310682656.784523
-0.234375 0.710938 -0.068359 1310682656.826448
-0.208984 0.703125 -0.088867 1310682656.849473
-0.208984 0.703125 -0.088867 1310682656.874462
-0.238281 0.691406 -0.050781 1310682656.919495
-0.227539 0.683594 -0.060547 1310682656.943536
-0.231445 0.683594 -0.029297 1310682656.971478
-0.285156 0.730469 -0.040039 1310682657.015534
-0.227539 0.717773 -0.066406 1310682657.040466
-0.211914 0.689453 -0.050781 1310682657.088461
-0.250000 0.745117 -0.107422 1310682657.111473
-0.216797 0.708008 -0.061523 1310682657.135534
-0.155273 0.699219 -0.102539 1310682657.181504
-0.174805 0.718750 -0.087891 1310682657.203493
-0.226562 0.713867 -0.106445 1310682657.224548
-0.221680 0.751953 -0.106445 1310682657.268535
-0.208984 0.666992 -0.086914 1310682657.299468
-0.211914 0.666992 -0.086914 1310682657.320476
-0.200195 0.722656 -0.101562 1310682657.368530
-0.191406 0.710938 -0.118164 1310682657.404462
-0.169922 0.733398 -0.080078 1310682657.426530
-0.176758 0.729492 -0.090820 1310682657.461490
-0.206055 0.722656 -0.079102 1310682657.488624
-0.200195 0.738281 -0.064453 1310682657.531440
-0.208984 0.701172 -0.081055 1310682657.553502
-0.232422 0.703125 -0.079102 1310682657.596526
-0.235352 0.703125 -0.079102 1310682657.619474
-0.238281 0.710938 -0.054688 1310682657.665497
-0.226562 0.703125 -0.032227 1310682657.686473
-0.247070 0.712891 -0.046875 1310682657.713494
-0.259766 0.748047 -0.065430 1310682657.755506
-0.209961 0.700195 -0.046875 1310682657.776533
-0.220703 0.700195 -0.046875 1310682657.825490
-0.217773 0.722656 -0.046875 1310682657.841492
-0.228516 0.705078 -0.067383 1310682657.888469
-0.232422 0.704102 -0.045898 1310682657.930555
-0.257812 0.699219 -0.043945 1310682657.953505
-0.223633 0.689453 -0.089844 1310682657.996483
-0.252930 0.718750 -0.057617 1310682657.998486
-0.238281 0.667969 -0.054688 1310682658.041547
-0.213867 0.667969 -0.054688 1310682658.085476
-0.214844 0.710938 -0.052734 1310682658.117497
-0.209961 0.733398 -0.054688 1310682658.139510
-0.279297 0.714844 -0.076172 1310682658.160509
-0.029297 0.714844 -0.076172 1310682658.188497
-0.231445 0.699219 -0.067383 1310682658.236545
-0.229492 0.702148 -0.062500 1310682658.261558
-0.237305 0.701172 -0.099609 1310682658.305543
-0.213867 0.712891 -0.083008 1310682658.326545
-0.261719 0.717773 -0.070312 1310682658.350507
-0.255859 0.722656 -0.064453 1310682658.395474
-0.246094 0.702148 -0.085938 1310682658.438549
-0.223633 0.705078 -0.088867 1310682658.459556
-0.223633 0.705078 -0.088867 1310682658.480483
-0.226562 0.702148 -0.068359 1310682658.524544
-0.227539 0.692383 -0.068359 1310682658.547569
-0.199219 0.749023 -0.058594 1310682658.595557
-0.233398 0.682617 -0.083008 1310682658.616508
-0.202148 0.698242 -0.054688 1310682658.669567
-0.212891 0.718750 -0.093750 1310682658.695481
-0.211914 0.699219 -0.051758 1310682658.717520
-0.274414 0.740234 -0.053711 1310682658.741485
-0.024414 0.740234 -0.053711 1310682658.785489
-0.220703 0.717773 -0.096680 1310682658.810508
-0.231445 0.728516 -0.116211 1310682658.841536
-0.185547 0.683594 -0.103516 1310682658.886531
-0.245117 0.700195 -0.122070 1310682658.929496
-0.245117 0.700195 -0.122070 1310682658.930481
-0.204102 0.727539 -0.110352 1310682658.989514
-0.226562 0.718750 -0.122070 1310682659.010500
-0.228516 0.659180 -0.110352 1310682659.032577
-0.231445 0.735352 -0.104492 1310682659.079527
-0.235352 0.689453 -0.112305 1310682659.100546
-0.228516 0.727539 -0.112305 1310682659.145500
-0.273438 0.717773 -0.126953 1310682659.167507
-0.232422 0.691406 -0.116211 1310682659.212504
-0.238281 0.703125 -0.099609 1310682659.234493
-0.286133 0.691406 -0.081055 1310682659.257527
-0.238281 0.719727 -0.078125 1310682659.302548
-0.292969 0.719727 -0.100586 1310682659.346528
-0.253906 0.712891 -0.071289 1310682659.367494
-0.240234 0.712891 -0.078125 1310682659.391514
-0.247070 0.718750 -0.067383 1310682659.437506
-0.233398 0.693359 -0.101562 1310682659.459552
-0.250000 0.725586 -0.093750 1310682659.501542
-0.249023 0.726562 -0.091797 1310682659.529501
-0.240234 0.710938 -0.094727 1310682659.551574
-0.239258 0.708008 -0.089844 1310682659.582517
-0.208008 0.725586 -0.081055 1310682659.625547
-0.243164 0.662109 -0.090820 1310682659.647535
-0.228516 0.718750 -0.052734 1310682659.684529
-0.243164 0.686523 -0.052734 1310682659.710523
-0.283203 0.723633 -0.099609 1310682659.754536
-0.269531 0.716797 -0.072266 1310682659.796573
-0.259766 0.743164 -0.096680 1310682659.820540
-0.243164 0.719727 -0.071289 1310682659.842540
-0.246094 0.719727 -0.071289 1310682659.864513
-0.241211 0.726562 -0.066406 1310682659.907507
-0.245117 0.729492 -0.102539 1310682659.959545
-0.238281 0.671875 -0.085938 1310682659.984495
-0.245117 0.710938 -0.077148 1310682660.006525
-0.244141 0.728516 -0.065430 1310682660.030524
-0.231445 0.698242 -0.091797 1310682660.082575
-0.254883 0.717773 -0.083008 1310682660.104533
-0.227539 0.718750 -0.098633 1310682660.135532
-0.205078 0.718750 -0.083984 1310682660.177540
-0.209961 0.715820 -0.090820 1310682660.201530
-0.215820 0.693359 -0.096680 1310682660.229553
-0.226562 0.740234 -0.103516 1310682660.276525
-0.260742 0.713867 -0.090820 1310682660.299529
-0.223633 0.705078 -0.109375 1310682660.322598
-0.216797 0.715820 -0.093750 1310682660.366530
-0.220703 0.697266 -0.097656 1310682660.389552
-0.206055 0.725586 -0.090820 1310682660.435546
-0.214844 0.725586 -0.090820 1310682660.456522
-0.232422 0.734375 -0.083984 1310682660.501533
-0.232422 0.712891 -0.091797 1310682660.522542
-0.190430 0.694336 -0.056641 1310682660.546597
-0.235352 0.705078 -0.056641 1310682660.596537
-0.211914 0.710938 -0.056641 1310682660.618553
-0.232422 0.674805 -0.066406 1310682660.650553
-0.232422 0.674805 -0.066406 1310682660.686508
-0.233398 0.724609 -0.077148 1310682660.711542
-0.228516 0.736328 -0.047852 1310682660.759553
-0.275391 0.712891 -0.046875 1310682660.780559
-0.242188 0.732422 -0.047852 1310682660.802557
-0.492188 0.732422 -0.047852 1310682660.846559
-0.261719 0.708984 -0.040039 1310682660.890529
-0.261719 0.713867 -0.075195 1310682660.911622
-0.190430 0.693359 -0.046875 1310682660.955563
-0.248047 0.714844 -0.079102 1310682660.976571
-0.212891 0.706055 -0.041992 1310682661.006574
-0.219727 0.712891 -0.041992 1310682661.028564
-0.223633 0.733398 -0.048828 1310682661.071568
-0.222656 0.685547 -0.042969 1310682661.115577
-0.189453 0.699219 -0.063477 1310682661.137601
-0.226562 0.724609 -0.058594 1310682661.160561
-0.227539 0.716797 -0.086914 1310682661.260566
-0.241211 0.710938 -0.034180 1310682661.261588
-0.225586 0.676758 -0.038086 1310682661.274568
-0.245117 0.718750 -0.049805 1310682661.296536
-0.223633 0.695312 -0.080078 1310682661.320588
-0.234375 0.708008 -0.063477 1310682661.366620
-0.215820 0.718750 -0.080078 1310682661.411545
-0.209961 0.687500 -0.059570 1310682661.435545
-0.243164 0.732422 -0.051758 1310682661.461543
-0.239258 0.698242 -0.062500 1310682661.485571
-0.235352 0.716797 -0.066406 1310682661.527557
-0.286133 0.732422 -0.079102 1310682661.549544
-0.209961 0.726562 -0.064453 1310682661.592551
-0.211914 0.710938 -0.060547 1310682661.615570
-0.187500 0.699219 -0.021484 1310682661.662571
-0.282227 0.727539 -0.111328 1310682661.685584
-0.201172 0.726562 -0.082031 1310682661.709548
-0.202148 0.726562 -0.082031 1310682661.752557
-0.219727 0.702148 -0.077148 1310682661.775527
-0.208008 0.747070 -0.062500 1310682661.821619
-0.226562 0.736328 -0.090820 1310682661.844600
-0.180664 0.723633 -0.098633 1310682661.871603
-0.223633 0.706055 -0.099609 1310682661.914567
-0.200195 0.742188 -0.099609 1310682661.938561
-0.216797 0.746094 -0.088867 1310682661.981617
-0.199219 0.727539 -0.071289 1310682662.002609
-0.185547 0.713867 -0.067383 1310682662.046556
-0.220703 0.708984 -0.083008 1310682662.092594
-0.243164 0.713867 -0.057617 1310682662.094584
-0.161133 0.752930 -0.061523 1310682662.140614
-0.194336 0.687500 -0.075195 1310682662.172634
-0.208984 0.746094 -0.077148 1310682662.195568
-0.220703 0.718750 -0.125977 1310682662.229574
-0.223633 0.691406 -0.083984 1310682662.252596
-0.220703 0.707031 -0.102539 1310682662.299248
-0.202148 0.738281 -0.106445 1310682662.322596
-0.235352 0.710938 -0.084961 1310682662.365589
-0.190430 0.722656 -0.056641 1310682662.386560
-0.232422 0.728516 -0.076172 1310682662.431602
-0.206055 0.733398 -0.045898 1310682662.452630
-0.209961 0.725586 -0.070312 1310682662.551570
-0.210938 0.701172 -0.057617 1310682662.553637
-0.243164 0.758789 -0.082031 1310682662.574713
-0.247070 0.694336 -0.059570 1310682662.601564
-0.243164 0.718750 -0.019531 1310682662.622604
-0.233398 0.722656 -0.063477 1310682662.666595
-0.230469 0.690430 -0.063477 1310682662.668580
-0.214844 0.708008 -0.043945 1310682662.726590
-0.252930 0.708008 -0.043945 1310682662.750619
-0.236328 0.673828 -0.077148 1310682662.795260
-0.216797 0.736328 -0.060547 1310682662.817603
-0.254883 0.705078 -0.068359 1310682662.840637
-0.223633 0.714844 -0.054688 1310682662.861601
-0.229492 0.687500 -0.041992 1310682662.905589
-0.225586 0.706055 -0.056641 1310682662.949619
-0.232422 0.698242 -0.081055 1310682662.970590
-0.222656 0.696289 -0.089844 1310682663.012569
-0.257812 0.750000 -0.065430 1310682663.035574
-0.257812 0.750000 -0.065430 1310682663.056616
-0.228516 0.724609 -0.071289 1310682663.105588
-0.245117 0.724609 -0.090820 1310682663.136594
-0.200195 0.721680 -0.080078 1310682663.180573
-0.294922 0.722656 -0.093750 1310682663.202670
-0.219727 0.734375 -0.098633 1310682663.224641
-0.235352 0.693359 -0.077148 1310682663.267625
-0.210938 0.739258 -0.077148 1310682663.290591
-0.202148 0.740234 -0.139648 1310682663.334612
-0.200195 0.686523 -0.065430 1310682663.376597
-0.216797 0.722656 -0.109375 1310682663.404593
-0.229492 0.724609 -0.125000 1310682663.425583
-0.223633 0.712891 -0.090820 1310682663.469600
-0.248047 0.731445 -0.071289 1310682663.492586
-0.219727 0.737305 -0.108398 1310682663.515645
-0.281250 0.728516 -0.116211 1310682663.560587
-0.202148 0.720703 -0.062500 1310682663.584602
-0.279297 0.723633 -0.033203 1310682663.606603
-0.227539 0.721680 -0.082031 1310682663.649620
-0.220703 0.713867 -0.082031 1310682663.692624
-0.221680 0.669922 -0.082031 1310682663.708585
-0.255859 0.733398 -0.053711 1310682663.756634
-0.247070 0.714844 -0.100586 1310682663.835618
-0.245117 0.714844 -0.100586 1310682663.836581
-0.246094 0.713867 -0.083984 1310682663.849582
-0.267578 0.750000 -0.083984 1310682663.871664
-0.236328 0.720703 -0.074219 1310682663.917628
-0.232422 0.712891 -0.047852 1310682663.940615
-0.251953 0.707031 -0.080078 1310682663.961596
-0.251953 0.707031 -0.080078 1310682664.006664
-0.256836 0.733398 -0.098633 1310682664.052667
-0.293945 0.705078 -0.072266 1310682664.074623
-0.247070 0.712891 -0.086914 1310682664.095627
-0.240234 0.693359 -0.064453 1310682664.139672
-0.257812 0.718750 -0.065430 1310682664.160664
-0.255859 0.709961 -0.124023 1310682664.205586
-0.238281 0.710938 -0.080078 1310682664.227598
-0.240234 0.710938 -0.094727 1310682664.272656
-0.253906 0.712891 -0.119141 1310682664.294625
-0.241211 0.735352 -0.067383 1310682664.317606
-0.254883 0.699219 -0.133789 1310682664.351684
-0.250000 0.712891 -0.068359 1310682664.396603
-0.233398 0.703125 -0.099609 1310682664.425612
-0.231445 0.703125 -0.102539 1310682664.447631
-0.212891 0.718750 -0.050781 1310682664.491598
-0.247070 0.729492 -0.115234 1310682664.537646
-0.252930 0.724609 -0.090820 1310682664.539671
-0.250000 0.705078 -0.119141 1310682664.590639
-0.236328 0.729492 -0.083008 1310682664.612672
-0.250977 0.715820 -0.107422 1310682664.662648
-0.233398 0.726562 -0.108398 1310682664.684607
-0.229492 0.698242 -0.083984 1310682664.706606
-0.244141 0.712891 -0.083984 1310682664.733682
-0.235352 0.719727 -0.101562 1310682664.775606
-0.235352 0.719727 -0.101562 1310682664.799691
-0.226562 0.708984 -0.043945 1310682664.841663
-0.248047 0.722656 -0.086914 1310682664.886675
-0.235352 0.699219 -0.101562 1310682664.909627
-0.220703 0.706055 -0.091797 1310682664.931642
-0.212891 0.727539 -0.078125 1310682664.974617
-0.268555 0.671875 -0.055664 1310682665.017651
-0.216797 0.716797 -0.138672 1310682665.039647
-0.250977 0.704102 -0.081055 1310682665.060628
-0.253906 0.726562 -0.074219 1310682665.126674
-0.253906 0.726562 -0.074219 1310682665.127608
-0.227539 0.701172 -0.072266 1310682665.169640
-0.231445 0.716797 -0.125000 1310682665.190628
-0.228516 0.696289 -0.116211 1310682665.220677
-0.225586 0.701172 -0.123047 1310682665.264608
-0.234375 0.687500 -0.150391 1310682665.286633
-0.236328 0.719727 -0.105469 1310682665.329663
-0.253906 0.707031 -0.096680 1310682665.360637
-0.234375 0.693359 -0.156250 1310682665.404694
-0.281250 0.700195 -0.078125 1310682665.429645
-0.239258 0.717773 -0.099609 1310682665.451625
-0.230469 0.701172 -0.089844 1310682665.473652
-0.243164 0.732422 -0.080078 1310682665.516648
-0.493164 0.732422 -0.080078 1310682665.539596
-0.245117 0.679688 -0.108398 1310682665.586674
-0.259766 0.691406 -0.069336 1310682665.619690
-0.212891 0.724609 -0.096680 1310682665.640631
-0.254883 0.719727 -0.083984 1310682665.686654
-0.235352 0.696289 -0.085938 1310682665.729701
-0.293945 0.718750 -0.090820 1310682665.750627
-0.240234 0.687500 -0.029297 1310682665.772697
-0.231445 0.688477 -0.107422 1310682665.801642
