-0.190430 0.599609 0.319336 1309540202.480271
-0.216797 0.593750 0.310547 1309540202.524271
-0.214844 0.603516 0.306641 1309540202.571275
-0.211914 0.614258 0.330078 1309540202.603274
-0.190430 0.609375 0.344727 1309540202.625267
-0.210938 0.623047 0.319336 1309540202.649274
-0.207031 0.626953 0.310547 1309540202.674281
-0.188477 0.606445 0.326172 1309540202.720272
-0.225586 0.612305 0.318359 1309540202.743277
-0.188477 0.581055 0.329102 1309540202.766276
-0.206055 0.602539 0.317383 1309540202.815281
-0.193359 0.584961 0.308594 1309540202.853283
-0.186523 0.560547 0.339844 1309540202.854274
-0.175781 0.621094 0.326172 1309540202.900278
-0.181641 0.630859 0.352539 1309540202.950285
-0.166016 0.637695 0.328125 1309540202.971280
-0.177734 0.621094 0.340820 1309540202.993280
-0.188477 0.598633 0.368164 1309540203.040281
-0.162109 0.625977 0.329102 1309540203.063279
-0.198242 0.607422 0.329102 1309540203.084288
-0.198242 0.607422 0.329102 1309540203.129284
-0.187500 0.592773 0.312500 1309540203.171290
-0.210938 0.598633 0.311523 1309540203.194286
-0.212891 0.616211 0.286133 1309540203.216287
-0.239258 0.616211 0.286133 1309540203.243287
-0.259766 0.576172 0.298828 1309540203.296292
-0.269531 0.624023 0.272461 1309540203.329286
-0.277344 0.615234 0.304688 1309540203.375306
-0.242188 0.611328 0.290039 1309540203.383286
-0.234375 0.628906 0.272461 1309540203.419289
-0.265625 0.629883 0.326172 1309540203.440289
-0.265625 0.629883 0.326172 1309540203.496290
-0.200195 0.638672 0.281250 1309540203.562289
-0.253906 0.655273 0.345703 1309540203.576287
-0.169922 0.598633 0.284180 1309540203.583286
-0.189453 0.612305 0.250977 1309540203.605293
-0.250000 0.626953 0.287109 1309540203.646294
-0.239258 0.595703 0.283203 1309540203.671298
-0.232422 0.596680 0.275391 1309540203.705314
-0.237305 0.632812 0.232422 1309540203.740296
-0.250977 0.642578 0.278320 1309540203.763296
-0.222656 0.636719 0.028320 1309540203.807296
-0.255859 0.654297 0.252930 1309540203.853297
-0.277344 0.650391 0.241211 1309540203.875293
-0.296875 0.615234 0.219727 1309540203.898299
-0.303711 0.592773 0.193359 1309540203.943933
-0.315430 0.593750 0.161133 1309540203.969280
-0.358398 0.576172 0.161133 1309540203.992304
-0.384766 0.546875 0.072266 1309540204.035300
-0.382812 0.558594 0.103516 1309540204.056306
-0.376953 0.511719 0.128906 1309540204.104303
-0.327148 0.505859 0.174805 1309540204.125320
-0.220703 0.569336 0.205078 1309540204.148295
-0.267578 0.629883 0.205078 1309540204.193311
-0.338867 0.521484 0.240234 1309540204.238305
-0.372070 0.559570 0.203125 1309540204.251309
-0.351562 0.723633 0.136719 1309540204.295311
-0.492188 0.611328 0.152344 1309540204.319306
-0.512695 0.618164 0.074219 1309540204.358301
-0.508789 0.651367 0.005859 1309540204.389302
-0.618164 0.674805 -0.031250 1309540204.434308
-0.633789 0.595703 -0.144531 1309540204.455310
-0.727539 0.490234 -0.301758 1309540204.478309
-0.691406 0.506836 -0.366211 1309540204.511312
-0.746094 0.568359 -0.456055 1309540204.556311
-0.734375 0.437500 -0.538086 1309540204.584312
-0.708008 0.322266 -0.630859 1309540204.608309
-0.765625 0.369141 -0.727539 1309540204.638312
-0.708984 0.304688 -0.755859 1309540204.681314
-0.710938 0.214844 -0.741211 1309540204.705315
-0.755859 0.175781 -0.748047 1309540204.728313
-0.711914 0.257812 -0.684570 1309540204.799322
-0.758789 0.291992 -0.625000 1309540204.861312
-0.717773 0.294922 -0.621094 1309540204.879317
-0.713867 0.373047 -0.541016 1309540204.881314
-0.686523 0.521484 -0.473633 1309540204.904327
-0.677734 0.520508 -0.348633 1309540204.929315
-0.593750 0.517578 -0.287109 1309540204.974323
-0.598633 0.618164 -0.196289 1309540205.003321
-0.535156 0.625977 -0.135742 1309540205.039335
-0.524414 0.628906 -0.067383 1309540205.055319
-0.543945 0.667969 -0.029297 1309540205.104319
-0.492188 0.655273 0.041016 1309540205.145336
-0.420898 0.654297 0.069336 1309540205.151338
-0.366211 0.628906 0.077148 1309540205.189316
-0.375000 0.591797 0.098633 1309540205.223323
-0.367188 0.596680 0.065430 1309540205.266315
-0.333008 0.572266 0.032227 1309540205.289317
-0.375977 0.496094 0.032227 1309540205.311329
-0.366211 0.488281 -0.008789 1309540205.354329
-0.305664 0.480469 0.022461 1309540205.378333
-0.320312 0.655273 0.053711 1309540205.423328
-0.360352 0.604492 0.047852 1309540205.445325
-0.391602 0.572266 0.011719 1309540205.489337
-0.410156 0.568359 0.005859 1309540205.511332
-0.387695 0.667969 0.016602 1309540205.554330
-0.363281 0.701172 0.040039 1309540205.580354
-0.335938 0.660156 0.155273 1309540205.603326
-0.323242 0.680664 0.116211 1309540205.646329
-0.364258 0.673828 0.008789 1309540205.668330
-0.434570 0.687500 0.045898 1309540205.711334
-0.399414 0.636719 0.061523 1309540205.733335
-0.361328 0.685547 0.056641 1309540205.775337
-0.393555 0.659180 0.095703 1309540205.801336
-0.434570 0.707031 0.025391 1309540205.825339
-0.437500 0.708984 0.025391 1309540205.859335
-0.451172 0.638672 0.029297 1309540205.903333
-0.391602 0.659180 0.027344 1309540205.949336
-0.388672 0.643555 0.014648 1309540205.971363
-0.378906 0.596680 -0.005859 1309540205.994340
-0.403320 0.609375 -0.000977 1309540206.029319
-0.412109 0.572266 -0.000977 1309540206.051341
-0.392578 0.541992 0.015625 1309540206.130340
-0.365234 0.525391 0.072266 1309540206.131334
-0.322266 0.541016 0.153320 1309540206.175349
-0.277344 0.538086 0.156250 1309540206.196361
-0.239258 0.462891 0.055664 1309540206.240353
-0.250000 0.541992 0.253906 1309540206.243341
-0.302734 0.603516 0.283203 1309540206.288358
-0.355469 0.625000 0.120117 1309540206.318346
-0.461914 0.624023 0.149414 1309540206.345342
-0.500000 0.667969 0.088867 1309540206.381346
-0.593750 0.695312 -0.007812 1309540206.426352
-0.541016 0.643555 -0.058594 1309540206.449346
-0.662109 0.700195 -0.179688 1309540206.491345
-0.701172 0.596680 -0.339844 1309540206.513349
-0.717773 0.515625 -0.392578 1309540206.536350
-0.754883 0.480469 -0.486328 1309540206.568406
-0.774414 0.419922 -0.597656 1309540206.630354
-0.758789 0.375000 -0.641602 1309540206.656360
-0.759766 0.417969 -0.642578 1309540206.690347
-0.782227 0.233398 -0.703125 1309540206.711353
-0.735352 0.289062 -0.692383 1309540206.756358
-0.755859 0.284180 -0.617188 1309540206.781355
-0.763672 0.304688 -0.584961 1309540206.808354
-0.774414 0.357422 -0.520508 1309540206.830362
-0.735352 0.425781 -0.528320 1309540206.883356
-0.638672 0.476562 -0.407227 1309540206.979372
-0.704102 0.523438 -0.344727 1309540206.984358
-0.738281 0.519531 -0.240234 1309540206.991358
-0.625977 0.550781 -0.142578 1309540206.994358
-0.565430 0.560547 -0.098633 1309540207.026356
-0.564453 0.576172 -0.055664 1309540207.070373
-0.514648 0.550781 0.018555 1309540207.093370
-0.442383 0.571289 0.082031 1309540207.121346
-0.418945 0.569336 0.063477 1309540207.164363
-0.342773 0.598633 0.074219 1309540207.188383
-0.394531 0.523438 0.168945 1309540207.211344
-0.329102 0.598633 0.160156 1309540207.256368
-0.328125 0.575195 0.127930 1309540207.280362
-0.386719 0.519531 0.147461 1309540207.311369
-0.327148 0.552734 0.172852 1309540207.408365
-0.369141 0.556641 0.172852 1309540207.427358
-0.430664 0.567383 0.145508 1309540207.429354
-0.352539 0.551758 0.146484 1309540207.439372
-0.339844 0.664062 0.115234 1309540207.494360
-0.432617 0.641602 0.117188 1309540207.516369
-0.394531 0.625000 0.106445 1309540207.539382
-0.349609 0.580078 0.156250 1309540207.583377
-0.330078 0.632812 0.127930 1309540207.605366
-0.347656 0.656250 0.151367 1309540207.649382
-0.365234 0.700195 0.132812 1309540207.671388
-0.374023 0.637695 0.166992 1309540207.695417
-0.350586 0.673828 0.153320 1309540207.739453
-0.314453 0.690430 0.166016 1309540207.783400
-0.330078 0.638672 0.165039 1309540207.810378
-0.351562 0.636719 0.173828 1309540207.836353
-0.326172 0.584961 0.170898 1309540207.858332
-0.326172 0.637695 0.146484 1309540207.903486
-0.360352 0.642578 0.146484 1309540207.927382
-0.371094 0.642578 0.123047 1309540207.971353
-0.391602 0.665039 0.116211 1309540208.017329
-0.383789 0.639648 0.087891 1309540208.018325
-0.415039 0.617188 0.020508 1309540208.061351
-0.425781 0.595703 0.017578 1309540208.084349
-0.397461 0.568359 0.017578 1309540208.131331
-0.393555 0.566406 0.089844 1309540208.155351
-0.316406 0.530273 0.140625 1309540208.198367
-0.242188 0.460938 0.170898 1309540208.221377
-0.235352 0.506836 0.150391 1309540208.249361
-0.354492 0.601562 0.214844 1309540208.291360
-0.354492 0.601562 0.214844 1309540208.314361
-0.341797 0.601562 0.214844 1309540208.339402
-0.353516 0.591797 0.215820 1309540208.384367
-0.435547 0.595703 0.093750 1309540208.428401
-0.457031 0.707031 0.040039 1309540208.450365
-0.614258 0.705078 -0.004883 1309540208.474359
-0.614258 0.705078 -0.004883 1309540208.495343
-0.668945 0.551758 -0.188477 1309540208.560354
-0.741211 0.562500 -0.385742 1309540208.586364
-0.805664 0.523438 -0.427734 1309540208.608390
-0.743164 0.443359 -0.505859 1309540208.716346
-0.726562 0.340820 -0.615234 1309540208.718410
-0.780273 0.279297 -0.684570 1309540208.740583
-0.775391 0.211914 -0.720703 1309540208.755391
-0.768555 0.199219 -0.752930 1309540208.824381
-0.770508 0.126953 -0.753906 1309540208.855399
-0.795898 0.241211 -0.762695 1309540208.875418
-0.746094 0.309570 -0.690430 1309540208.881396
-0.736328 0.282227 -0.601562 1309540208.893394
-0.709961 0.328125 -0.562500 1309540208.941415
-0.716797 0.375000 -0.544922 1309540208.966400
-0.694336 0.439453 -0.412109 1309540208.995408
-0.622070 0.523438 -0.336914 1309540209.019424
-0.624023 0.553711 -0.309570 1309540209.061396
-0.774414 0.627930 -0.171875 1309540209.089405
-0.561523 0.627930 -0.130859 1309540209.138399
-0.555664 0.626953 -0.017578 1309540209.163413
-0.517578 0.560547 -0.024414 1309540209.184409
-0.508789 0.613281 0.026367 1309540209.228407
-0.471680 0.602539 0.060547 1309540209.250402
-0.446289 0.544922 0.041016 1309540209.272406
-0.437500 0.603516 0.051758 1309540209.318401
-0.461914 0.577148 0.047852 1309540209.343403
-0.359375 0.501953 0.013672 1309540209.386409
-0.288086 0.492188 0.063477 1309540209.411405
-0.377930 0.473633 0.063477 1309540209.434405
-0.373047 0.584961 -0.041016 1309540209.495426
-0.382812 0.722656 0.024414 1309540209.519407
-0.466797 0.609375 0.044922 1309540209.553409
-0.502930 0.570312 0.002930 1309540209.574402
-0.424805 0.603516 0.043945 1309540209.600409
-0.379883 0.650391 0.111328 1309540209.643423
-0.375977 0.602539 0.098633 1309540209.664422
-0.393555 0.578125 0.114258 1309540209.708410
-0.432617 0.625000 0.118164 1309540209.730409
-0.328125 0.669922 0.096680 1309540209.774414
-0.291992 0.669922 0.125977 1309540209.796414
-0.305664 0.640625 0.170898 1309540209.853407
-0.339844 0.671875 0.167969 1309540209.874415
-0.344727 0.679688 0.135742 1309540209.896414
-0.381836 0.660156 0.157227 1309540209.986416
-0.349609 0.648438 0.138672 1309540210.006421
-0.319336 0.643555 0.138672 1309540210.008408
-0.390625 0.648438 0.121094 1309540210.019418
-0.387695 0.660156 0.096680 1309540210.050418
-0.403320 0.626953 0.083008 1309540210.094419
-0.416016 0.660156 0.048828 1309540210.115419
-0.433594 0.634766 0.042969 1309540210.158421
-0.427734 0.604492 0.010742 1309540210.179441
-0.419922 0.551758 0.023438 1309540210.230425
-0.413086 0.564453 0.089844 1309540210.251440
-0.292969 0.521484 0.129883 1309540210.275423
-0.206055 0.525391 0.171875 1309540210.325428
-0.168945 0.555664 0.211914 1309540210.349421
-0.168945 0.555664 0.211914 1309540210.371429
-0.354492 0.591797 0.218750 1309540210.415422
-0.402344 0.501953 0.237305 1309540210.445428
-0.454102 0.595703 0.137695 1309540210.479424
-0.428711 0.599609 0.060547 1309540210.501425
-0.541016 0.630859 0.013672 1309540210.548434
-0.541016 0.630859 0.013672 1309540210.570431
-0.598633 0.627930 -0.090820 1309540210.614431
-0.656250 0.611328 -0.264648 1309540210.639442
-0.739258 0.658203 -0.264648 1309540210.683429
-0.713867 0.507812 -0.408203 1309540210.706435
-0.750977 0.514648 -0.500000 1309540210.731452
-0.782227 0.464844 -0.533203 1309540210.776424
-0.753906 0.358398 -0.601562 1309540210.800435
-0.798828 0.343750 -0.701172 1309540210.824436
-0.808594 0.295898 -0.668945 1309540210.860434
-0.705078 0.235352 -0.672852 1309540211.000441
-0.770508 0.269531 -0.630859 1309540211.011441
-0.817383 0.322266 -0.611328 1309540211.063437
-0.796875 0.356445 -0.513672 1309540211.108448
-0.652344 0.388672 -0.417969 1309540211.119439
-0.666016 0.388672 -0.375977 1309540211.120434
-0.682617 0.449219 -0.282227 1309540211.129455
-0.683594 0.507812 -0.288086 1309540211.135437
-0.709961 0.570312 -0.038086 1309540211.163438
-0.633789 0.570312 -0.038086 1309540211.185441
-0.511719 0.548828 -0.098633 1309540211.299436
-0.474609 0.568359 -0.025391 1309540211.300440
-0.475586 0.578125 0.018555 1309540211.301438
-0.458008 0.578125 0.018555 1309540211.303441
-0.408203 0.566406 0.060547 1309540211.346446
-0.402344 0.611328 0.088867 1309540211.369461
-0.333984 0.484375 0.136719 1309540211.419448
-0.295898 0.575195 0.119141 1309540211.451448
-0.424805 0.610352 0.066406 1309540211.478446
-0.416992 0.574219 0.057617 1309540211.501440
-0.393555 0.549805 0.103516 1309540211.550445
-0.372070 0.533203 0.080078 1309540211.573450
-0.370117 0.504883 0.030273 1309540211.596450
-0.476562 0.567383 0.019531 1309540211.643453
-0.541992 0.638672 0.067383 1309540211.664451
-0.410156 0.639648 0.082031 1309540211.708456
-0.336914 0.639648 0.075195 1309540211.730449
-0.360352 0.641602 0.105469 1309540211.775453
-0.420898 0.685547 0.132812 1309540211.798450
-0.390625 0.672852 0.150391 1309540211.820461
-0.400391 0.642578 0.145508 1309540211.856456
-0.394531 0.668945 0.128906 1309540211.900425
-0.345703 0.656250 0.155273 1309540211.946455
-0.317383 0.630859 0.143555 1309540211.969466
-0.354492 0.669922 0.147461 1309540211.991462
-0.414062 0.650391 0.125977 1309540212.013454
-0.377930 0.679688 0.127930 1309540212.056453
-0.357422 0.664062 0.166992 1309540212.094454
-0.375977 0.628906 0.169922 1309540212.119454
-0.356445 0.654297 0.144531 1309540212.163458
-0.351562 0.662109 0.124023 1309540212.184466
-0.438477 0.661133 0.119141 1309540212.230457
-0.403320 0.646484 0.134766 1309540212.233461
-0.423828 0.639648 0.093750 1309540212.281460
-0.398438 0.616211 0.107422 1309540212.306465
-0.375977 0.587891 0.073242 1309540212.371464
-0.371094 0.547852 0.058594 1309540212.373461
-0.362305 0.541992 0.076172 1309540212.414465
-0.362305 0.541992 0.076172 1309540212.435469
-0.208008 0.536133 0.181641 1309540212.480465
-0.278320 0.530273 0.164062 1309540212.574465
-0.278320 0.539062 0.250977 1309540212.575463
-0.285156 0.607422 0.250000 1309540212.576468
-0.333984 0.535156 0.183594 1309540212.611469
-0.422852 0.525391 0.220703 1309540212.635441
-0.498047 0.607422 0.149414 1309540212.679475
-0.500000 0.593750 0.038086 1309540212.700468
-0.568359 0.608398 0.054688 1309540212.744472
-0.589844 0.614258 -0.034180 1309540212.766470
-0.653320 0.572266 -0.155273 1309540212.790484
-0.677734 0.511719 -0.315430 1309540212.838474
-0.739258 0.542969 -0.360352 1309540212.860487
-0.703125 0.521484 -0.444336 1309540212.906478
-0.789062 0.425781 -0.569336 1309540212.928477
-0.833008 0.348633 -0.637695 1309540212.949474
-0.747070 0.341797 -0.668945 1309540212.993476
-0.742188 0.268555 -0.677734 1309540213.029473
-0.732422 0.273438 -0.722656 1309540213.074481
-0.772461 0.292969 -0.675781 1309540213.096477
-0.707031 0.377930 -0.581055 1309540213.124441
-0.716797 0.375977 -0.582031 1309540213.146478
-0.720703 0.416016 -0.504883 1309540213.191484
-0.663086 0.535156 -0.399414 1309540213.216481
-0.691406 0.549805 -0.322266 1309540213.264482
-0.645508 0.553711 -0.287109 1309540213.283482
-0.525391 0.595703 -0.140625 1309540213.306484
-0.554688 0.630859 -0.070312 1309540213.355485
-0.544922 0.636719 0.025391 1309540213.380475
-0.511719 0.585938 0.066406 1309540213.422483
-0.413086 0.615234 0.074219 1309540213.446481
-0.423828 0.613281 0.124023 1309540213.470485
-0.399414 0.587891 0.172852 1309540213.514489
-0.338867 0.573242 0.170898 1309540213.535473
-0.351562 0.546875 0.162109 1309540213.562485
-0.287109 0.531250 0.163086 1309540213.604476
-0.358398 0.596680 0.084961 1309540213.649493
-0.421875 0.606445 0.125000 1309540213.674488
-0.348633 0.522461 0.084961 1309540213.696488
-0.310547 0.563477 0.076172 1309540213.719486
-0.310547 0.563477 0.076172 1309540213.764505
-0.431641 0.600586 0.129883 1309540213.827495
-0.422852 0.612305 0.155273 1309540213.854470
-0.375000 0.654297 0.156250 1309540213.855471
-0.309570 0.646484 0.206055 1309540213.899494
-0.291016 0.626953 0.235352 1309540213.921494
-0.245117 0.600586 0.258789 1309540213.965494
-0.300781 0.605469 0.284180 1309540213.986494
-0.347656 0.550781 0.281250 1309540214.037498
-0.312500 0.650391 0.282227 1309540214.060496
-0.309570 0.612305 0.234375 1309540214.081493
-0.318359 0.654297 0.252930 1309540214.104487
-0.264648 0.624023 0.286133 1309540214.147501
-0.243164 0.608398 0.309570 1309540214.178497
-0.235352 0.585938 0.315430 1309540214.221499
-0.188477 0.585938 0.331055 1309540214.244472
-0.241211 0.607422 0.318359 1309540214.297500
-0.275391 0.617188 0.293945 1309540214.299498
-0.258789 0.619141 0.296875 1309540214.352497
-0.223633 0.592773 0.368164 1309540214.379498
-0.209961 0.583008 0.356445 1309540214.421502
-0.200195 0.611328 0.327148 1309540214.445501
-0.171875 0.550781 0.338867 1309540214.467524
-0.171875 0.550781 0.338867 1309540214.490502
-0.228516 0.637695 0.327148 1309540214.535533
-0.220703 0.624023 0.354492 1309540214.577506
-0.269531 0.653320 0.316406 1309540214.601507
-0.271484 0.613281 0.327148 1309540214.629485
-0.258789 0.613281 0.302734 1309540214.676561
-0.228516 0.603516 0.292969 1309540214.700502
-0.244141 0.593750 0.305664 1309540214.724503
-0.210938 0.597656 0.309570 1309540214.766505
-0.215820 0.640625 0.310547 1309540214.810509
-0.196289 0.563477 0.310547 1309540214.835512
-0.219727 0.620117 0.326172 1309540214.859511
-0.206055 0.623047 0.316406 1309540214.884491
-0.184570 0.636719 0.294922 1309540214.940510
-0.232422 0.583984 0.326172 1309540214.961510
-0.206055 0.625000 0.288086 1309540214.984512
-0.233398 0.609375 0.322266 1309540215.027515
-0.267578 0.617188 0.305664 1309540215.051517
-0.267578 0.617188 0.305664 1309540215.114520
-0.252930 0.618164 0.294922 1309540215.142507
-0.244141 0.592773 0.298828 1309540215.161517
-0.250000 0.594727 0.310547 1309540215.184493
-0.235352 0.603516 0.310547 1309540215.209518
-0.250000 0.633789 0.303711 1309540215.231521
-0.256836 0.616211 0.312500 1309540215.277520
-0.220703 0.622070 0.328125 1309540215.320523
-0.250977 0.636719 0.315430 1309540215.342520
-0.208008 0.593750 0.338867 1309540215.385523
-0.257812 0.638672 0.322266 1309540215.409524
-0.250977 0.638672 0.322266 1309540215.436518
-0.271484 0.618164 0.286133 1309540215.485533
-0.236328 0.614258 0.283203 1309540215.506525
-0.259766 0.613281 0.287109 1309540215.529528
-0.279297 0.630859 0.291992 1309540215.559526
-0.249023 0.612305 0.274414 1309540215.601532
