-0.252930 0.732422 -0.095703 1310682832.924901
-0.239258 0.725586 -0.112305 1310682832.972919
-0.254883 0.681641 -0.110352 1310682832.994871
-0.252930 0.734375 -0.135742 1310682833.037949
-0.250977 0.733398 -0.122070 1310682833.059948
-0.253906 0.704102 -0.104492 1310682833.108944
-0.262695 0.700195 -0.104492 1310682833.111285
-0.261719 0.701172 -0.120117 1310682833.157962
-0.227539 0.713867 -0.136719 1310682833.194871
-0.261719 0.712891 -0.121094 1310682833.217901
-0.254883 0.709961 -0.121094 1310682833.260840
-0.263672 0.697266 -0.122070 1310682833.281909
-0.244141 0.699219 -0.102539 1310682833.324920
-0.228516 0.710938 -0.177734 1310682833.348929
-0.269531 0.730469 -0.120117 1310682833.392905
-0.232422 0.715820 -0.114258 1310682833.414885
-0.250977 0.730469 -0.133789 1310682833.458918
-0.281250 0.707031 -0.136719 1310682833.481892
-0.257812 0.719727 -0.119141 1310682833.524894
-0.283203 0.703125 -0.125977 1310682833.547917
-0.259766 0.705078 -0.087891 1310682833.572910
-0.307617 0.708984 -0.117188 1310682833.618966
-0.262695 0.709961 -0.101562 1310682833.641897
-0.291992 0.687500 -0.083984 1310682833.664892
-0.250000 0.695312 -0.102539 1310682833.714912
-0.296875 0.702148 -0.100586 1310682833.799859
-0.265625 0.701172 -0.075195 1310682833.821897
-0.254883 0.703125 -0.104492 1310682833.829884
-0.261719 0.677734 -0.113281 1310682833.834888
-0.237305 0.708984 -0.069336 1310682833.864879
-0.253906 0.707031 -0.112305 1310682833.907858
-0.248047 0.695312 -0.071289 1310682833.928885
-0.254883 0.707031 -0.099609 1310682833.973900
-0.262695 0.729492 -0.054688 1310682833.996879
-0.271484 0.711914 -0.082031 1310682834.019912
-0.287109 0.711914 -0.082031 1310682834.062912
-0.254883 0.697266 -0.044922 1310682834.086921
-0.263672 0.662109 -0.073242 1310682834.128985
-0.228516 0.736328 -0.064453 1310682834.151948
-0.249023 0.728516 -0.072266 1310682834.197923
-0.250000 0.674805 -0.093750 1310682834.218928
-0.250000 0.674805 -0.093750 1310682834.241924
-0.284180 0.691406 -0.053711 1310682834.287906
-0.255859 0.687500 -0.057617 1310682834.311987
-0.230469 0.695312 -0.066406 1310682834.357986
-0.226562 0.717773 -0.096680 1310682834.379952
-0.270508 0.718750 -0.098633 1310682834.401972
-0.255859 0.725586 -0.075195 1310682834.444983
-0.268555 0.685547 -0.057617 1310682834.477958
-0.268555 0.685547 -0.057617 1310682834.498918
-0.266602 0.705078 -0.081055 1310682834.543895
-0.319336 0.726562 -0.098633 1310682834.588980
-0.301758 0.711914 -0.085938 1310682834.611915
-0.247070 0.698242 -0.093750 1310682834.634938
-0.285156 0.712891 -0.081055 1310682834.664919
-0.235352 0.712891 -0.075195 1310682834.716941
-0.241211 0.679688 -0.072266 1310682834.737901
-0.250977 0.733398 -0.041016 1310682834.779916
-0.249023 0.708984 -0.068359 1310682834.804886
-0.245117 0.705078 -0.099609 1310682834.826917
-0.250000 0.716797 -0.063477 1310682834.868949
-0.219727 0.710938 -0.051758 1310682834.911981
-0.202148 0.722656 -0.084961 1310682834.934994
-0.235352 0.705078 -0.072266 1310682834.957986
-0.223633 0.705078 -0.072266 1310682834.978951
-0.262695 0.720703 -0.072266 1310682835.036999
-0.232422 0.671875 -0.054688 1310682835.099935
-0.270508 0.717773 -0.036133 1310682835.101943
-0.258789 0.700195 -0.116211 1310682835.123936
-0.229492 0.742188 -0.090820 1310682835.146957
-0.229492 0.707031 -0.120117 1310682835.192916
-0.215820 0.685547 -0.115234 1310682835.216991
-0.247070 0.724609 -0.111328 1310682835.262925
-0.255859 0.695312 -0.082031 1310682835.287958
-0.249023 0.706055 -0.101562 1310682835.323941
-0.242188 0.708008 -0.094727 1310682835.349003
-0.249023 0.710938 -0.109375 1310682835.393918
-0.235352 0.697266 -0.082031 1310682835.414965
-0.234375 0.739258 -0.089844 1310682835.437913
-0.236328 0.699219 -0.112305 1310682835.479956
-0.241211 0.653320 -0.071289 1310682835.502921
-0.279297 0.732422 -0.048828 1310682835.547958
-0.243164 0.709961 -0.080078 1310682835.590000
-0.263672 0.710938 -0.089844 1310682835.611931
-0.268555 0.707031 -0.097656 1310682835.634009
-0.248047 0.723633 -0.068359 1310682835.662948
-0.215820 0.715820 -0.099609 1310682835.709009
-0.250977 0.706055 -0.114258 1310682835.732008
-0.215820 0.735352 -0.079102 1310682835.776970
-0.251953 0.721680 -0.084961 1310682835.800006
-0.258789 0.736328 -0.091797 1310682835.831973
-0.239258 0.720703 -0.096680 1310682835.857010
-0.237305 0.707031 -0.082031 1310682835.899969
-0.232422 0.707031 -0.099609 1310682835.921975
-0.250977 0.697266 -0.081055 1310682835.964931
-0.234375 0.727539 -0.069336 1310682836.008956
-0.243164 0.709961 -0.096680 1310682836.034010
-0.241211 0.691406 -0.102539 1310682836.058985
-0.260742 0.710938 -0.078125 1310682836.080018
-0.246094 0.710938 -0.078125 1310682836.122952
-0.225586 0.717773 -0.097656 1310682836.167960
-0.261719 0.699219 -0.070312 1310682836.189974
-0.255859 0.703125 -0.088867 1310682836.234972
-0.254883 0.746094 -0.047852 1310682836.259948
-0.234375 0.724609 -0.107422 1310682836.283012
-0.484375 0.724609 -0.107422 1310682836.303980
-0.257812 0.721680 -0.110352 1310682836.358010
-0.236328 0.722656 -0.126953 1310682836.382943
-0.207031 0.714844 -0.083984 1310682836.404989
-0.216797 0.715820 -0.121094 1310682836.448949
-0.251953 0.712891 -0.123047 1310682836.473947
-0.218750 0.681641 -0.129883 1310682836.506974
-0.248047 0.706055 -0.120117 1310682836.552960
-0.273438 0.711914 -0.126953 1310682836.577974
-0.225586 0.725586 -0.134766 1310682836.604144
-0.261719 0.710938 -0.122070 1310682836.628957
-0.231445 0.726562 -0.110352 1310682836.674986
-0.254883 0.680664 -0.095703 1310682836.707959
-0.213867 0.706055 -0.059570 1310682836.733982
-0.242188 0.695312 -0.094727 1310682836.761955
-0.238281 0.717773 -0.056641 1310682836.797029
-0.297852 0.726562 -0.051758 1310682836.839975
-0.250000 0.703125 -0.079102 1310682836.862956
-0.238281 0.678711 -0.079102 1310682836.886186
-0.257812 0.724609 -0.059570 1310682836.928992
-0.262695 0.716797 -0.073242 1310682836.972983
-0.250977 0.697266 -0.033203 1310682836.993977
-0.213867 0.708984 -0.054688 1310682837.041957
-0.264648 0.708984 -0.054688 1310682837.042988
-0.231445 0.708984 -0.054688 1310682837.087961
-0.224609 0.671875 -0.061523 1310682837.133022
-0.259766 0.713867 -0.047852 1310682837.157997
-0.248047 0.670898 -0.041016 1310682837.179962
-0.238281 0.701172 -0.059570 1310682837.224984
-0.263672 0.697266 -0.050781 1310682837.247978
-0.208984 0.740234 -0.058594 1310682837.293970
-0.265625 0.695312 -0.048828 1310682837.316986
-0.244141 0.719727 -0.098633 1310682837.361961
-0.188477 0.692383 0.000000 1310682837.383033
-0.234375 0.707031 -0.087891 1310682837.403983
-0.234375 0.707031 -0.087891 1310682837.428042
-0.241211 0.697266 -0.050781 1310682837.484954
-0.250977 0.730469 -0.053711 1310682837.508039
-0.229492 0.720703 -0.031250 1310682837.553041
-0.232422 0.683594 -0.043945 1310682837.574037
-0.223633 0.711914 -0.049805 1310682837.647018
-0.228516 0.714844 -0.049805 1310682837.648039
-0.229492 0.718750 -0.049805 1310682837.675011
-0.240234 0.712891 -0.015625 1310682837.719052
-0.241211 0.733398 -0.052734 1310682837.740017
-0.243164 0.699219 -0.054688 1310682837.783034
-0.234375 0.710938 -0.056641 1310682837.784986
-0.243164 0.690430 -0.064453 1310682837.828962
-0.265625 0.693359 -0.034180 1310682837.874003
-0.230469 0.697266 -0.075195 1310682837.897978
-0.237305 0.710938 -0.035156 1310682837.933052
-0.259766 0.694336 -0.034180 1310682837.958976
-0.279297 0.703125 -0.056641 1310682837.982988
-0.279297 0.703125 -0.056641 1310682838.009035
-0.249023 0.720703 -0.044922 1310682838.055055
-0.213867 0.728516 -0.056641 1310682838.099004
-0.218750 0.712891 -0.075195 1310682838.119974
-0.189453 0.711914 -0.071289 1310682838.163020
-0.273438 0.719727 -0.062500 1310682838.187059
-0.204102 0.716797 -0.064453 1310682838.231999
-0.237305 0.668945 -0.090820 1310682838.253969
-0.186523 0.704102 -0.056641 1310682838.298057
-0.216797 0.717773 -0.091797 1310682838.321986
-0.230469 0.695312 -0.149414 1310682838.344030
-0.209961 0.695312 -0.149414 1310682838.365057
-0.250977 0.695312 -0.149414 1310682838.410018
-0.248047 0.737305 -0.089844 1310682838.456052
-0.237305 0.651367 -0.079102 1310682838.479012
-0.237305 0.698242 -0.079102 1310682838.503066
-0.239258 0.691406 -0.047852 1310682838.524988
-0.208008 0.763672 -0.093750 1310682838.573002
-0.275391 0.695312 -0.074219 1310682838.624056
-0.251953 0.737305 -0.088867 1310682838.649027
-0.245117 0.710938 -0.089844 1310682838.672068
-0.208008 0.718750 -0.076172 1310682838.693072
-0.208008 0.714844 -0.111328 1310682838.734995
-0.209961 0.732422 -0.086914 1310682838.758066
-0.213867 0.732422 -0.101562 1310682838.798988
-0.211914 0.718750 -0.078125 1310682838.820999
-0.243164 0.665039 -0.094727 1310682838.865991
-0.225586 0.733398 -0.062500 1310682838.915070
-0.237305 0.703125 -0.075195 1310682838.916032
-0.231445 0.736328 -0.075195 1310682838.954030
-0.261719 0.710938 -0.097656 1310682838.996022
-0.271484 0.705078 -0.102539 1310682839.021067
-0.239258 0.708984 -0.064453 1310682839.048011
-0.220703 0.704102 -0.052734 1310682839.090026
-0.232422 0.704102 -0.052734 1310682839.113010
-0.233398 0.710938 -0.062500 1310682839.160037
-0.237305 0.712891 -0.085938 1310682839.184016
-0.206055 0.706055 -0.086914 1310682839.209052
-0.241211 0.712891 -0.083008 1310682839.239993
-0.233398 0.752930 -0.027344 1310682839.284032
-0.264648 0.710938 -0.108398 1310682839.305020
-0.259766 0.701172 -0.078125 1310682839.350027
-0.223633 0.686523 -0.050781 1310682839.396007
-0.226562 0.693359 -0.072266 1310682839.401016
-0.213867 0.709961 -0.065430 1310682839.444230
-0.222656 0.704102 -0.095703 1310682839.465014
-0.243164 0.736328 -0.112305 1310682839.509989
-0.219727 0.709961 -0.096680 1310682839.531054
-0.223633 0.714844 -0.101562 1310682839.574003
-0.204102 0.740234 -0.084961 1310682839.598087
-0.201172 0.693359 -0.147461 1310682839.624017
-0.231445 0.718750 -0.095703 1310682839.674031
-0.227539 0.726562 -0.117188 1310682839.718023
-0.220703 0.712891 -0.107422 1310682839.743014
-0.208984 0.710938 -0.113281 1310682839.764036
-0.217773 0.742188 -0.101562 1310682839.808039
-0.235352 0.715820 -0.070312 1310682839.830030
-0.217773 0.726562 -0.068359 1310682839.853036
-0.241211 0.707031 -0.102539 1310682839.901040
-0.197266 0.688477 -0.063477 1310682839.923039
-0.271484 0.721680 -0.079102 1310682839.965080
-0.242188 0.707031 -0.043945 1310682839.986052
-0.261719 0.697266 -0.062500 1310682840.032010
-0.267578 0.714844 -0.062500 1310682840.054057
-0.250977 0.714844 -0.063477 1310682840.089050
-0.221680 0.700195 -0.059570 1310682840.124055
-0.226562 0.713867 -0.053711 1310682840.146020
-0.249023 0.724609 -0.081055 1310682840.238021
-0.252930 0.720703 -0.050781 1310682840.239015
-0.208008 0.720703 -0.050781 1310682840.259039
-0.218750 0.724609 -0.053711 1310682840.288093
-0.243164 0.701172 -0.042969 1310682840.313058
-0.231445 0.724609 -0.085938 1310682840.355048
-0.200195 0.708008 -0.050781 1310682840.376089
-0.214844 0.716797 -0.042969 1310682840.398025
-0.218750 0.719727 -0.042969 1310682840.442022
-0.199219 0.677734 -0.039062 1310682840.466017
-0.215820 0.734375 -0.040039 1310682840.510095
-0.203125 0.722656 -0.079102 1310682840.536058
-0.208008 0.696289 -0.062500 1310682840.579036
-0.199219 0.726562 -0.068359 1310682840.600025
-0.252930 0.736328 -0.075195 1310682840.623056
-0.252930 0.736328 -0.075195 1310682840.668021
-0.203125 0.710938 -0.059570 1310682840.693105
-0.185547 0.713867 -0.041992 1310682840.743032
-0.222656 0.711914 -0.078125 1310682840.768068
-0.208984 0.704102 -0.040039 1310682840.793042
-0.208984 0.704102 -0.040039 1310682840.823085
-0.176758 0.723633 -0.097656 1310682840.868071
-0.189453 0.726562 -0.062500 1310682840.911054
-0.200195 0.701172 -0.130859 1310682840.918279
-0.214844 0.716797 -0.066406 1310682840.960035
-0.212891 0.735352 -0.085938 1310682840.982031
-0.211914 0.691406 -0.070312 1310682841.025162
-0.215820 0.706055 -0.068359 1310682841.050042
-0.224609 0.729492 -0.093750 1310682841.098062
-0.222656 0.713867 -0.098633 1310682841.123052
-0.212891 0.695312 -0.108398 1310682841.148067
-0.206055 0.695312 -0.108398 1310682841.178067
-0.201172 0.709961 -0.107422 1310682841.221044
-0.161133 0.708984 -0.089844 1310682841.266097
-0.186523 0.707031 -0.110352 1310682841.290118
-0.199219 0.721680 -0.080078 1310682841.313062
-0.226562 0.730469 -0.096680 1310682841.335120
-0.234375 0.699219 -0.117188 1310682841.361112
-0.191406 0.727539 -0.079102 1310682841.425110
-0.223633 0.721680 -0.159180 1310682841.446037
-0.241211 0.724609 -0.099609 1310682841.523087
-0.260742 0.726562 -0.097656 1310682841.524044
-0.247070 0.740234 -0.112305 1310682841.541117
-0.232422 0.716797 -0.106445 1310682841.565038
-0.246094 0.699219 -0.117188 1310682841.608127
-0.246094 0.728516 -0.125977 1310682841.650120
-0.235352 0.675781 -0.101562 1310682841.673123
-0.258789 0.729492 -0.107422 1310682841.718118
-0.232422 0.706055 -0.046875 1310682841.740035
-0.244141 0.698242 -0.088867 1310682841.763082
-0.232422 0.714844 -0.063477 1310682841.788127
-0.204102 0.728516 -0.083008 1310682841.835175
-0.235352 0.695312 -0.097656 1310682841.856135
-0.211914 0.710938 -0.076172 1310682841.881077
-0.236328 0.710938 -0.099609 1310682841.917122
-0.220703 0.703125 -0.105469 1310682841.964084
-0.252930 0.693359 -0.068359 1310682842.009128
-0.203125 0.707031 -0.106445 1310682842.040047
-0.266602 0.640625 -0.104492 1310682842.041053
-0.245117 0.736328 -0.085938 1310682842.076112
-0.251953 0.686523 -0.082031 1310682842.101094
-0.250977 0.713867 -0.101562 1310682842.146044
-0.226562 0.724609 -0.112305 1310682842.189019
-0.247070 0.696289 -0.079102 1310682842.211041
-0.230469 0.716797 -0.101562 1310682842.240080
-0.214844 0.748047 -0.135742 1310682842.269098
-0.229492 0.748047 -0.135742 1310682842.294066
-0.229492 0.748047 -0.135742 1310682842.340123
-0.215820 0.723633 -0.075195 1310682842.385068
-0.218750 0.714844 -0.101562 1310682842.414059
-0.221680 0.726562 -0.143555 1310682842.438139
-0.197266 0.736328 -0.083984 1310682842.480076
-0.197266 0.736328 -0.083984 1310682842.501076
-0.208984 0.728516 -0.123047 1310682842.553133
-0.175781 0.743164 -0.118164 1310682842.575085
-0.234375 0.743164 -0.112305 1310682842.596144
-0.223633 0.720703 -0.083008 1310682842.640072
-0.198242 0.728516 -0.095703 1310682842.664099
-0.209961 0.720703 -0.132812 1310682842.690134
-0.207031 0.691406 -0.112305 1310682842.736133
-0.216797 0.726562 -0.095703 1310682842.811101
-0.202148 0.724609 -0.074219 1310682842.831078
-0.216797 0.687500 -0.076172 1310682842.833056
-0.234375 0.730469 -0.066406 1310682842.843065
-0.257812 0.685547 -0.077148 1310682842.886110
-0.248047 0.718750 -0.098633 1310682842.931101
-0.257812 0.701172 -0.074219 1310682842.955160
-0.220703 0.712891 -0.045898 1310682842.998096
-0.194336 0.707031 -0.059570 1310682843.020154
-0.250977 0.697266 -0.055664 1310682843.041068
-0.223633 0.712891 -0.052734 1310682843.086099
-0.221680 0.672852 -0.077148 1310682843.109082
-0.229492 0.721680 -0.043945 1310682843.151095
-0.196289 0.714844 -0.116211 1310682843.175112
-0.212891 0.720703 -0.077148 1310682843.219162
-0.259766 0.691406 -0.068359 1310682843.244096
-0.246094 0.750000 -0.067383 1310682843.271164
-0.224609 0.638672 -0.065430 1310682843.314100
-0.207031 0.726562 -0.069336 1310682843.345091
-0.225586 0.699219 -0.079102 1310682843.373154
-0.219727 0.721680 -0.057617 1310682843.398090
-0.279297 0.708984 -0.081055 1310682843.446089
-0.224609 0.666992 -0.083008 1310682843.469161
-0.240234 0.916992 -0.083008 1310682843.506076
-0.264648 0.700195 -0.094727 1310682843.531080
-0.221680 0.703125 -0.089844 1310682843.560091
-0.216797 0.678711 -0.101562 1310682843.593134
-0.208984 0.720703 -0.103516 1310682843.624054
-0.242188 0.726562 -0.116211 1310682843.668110
-0.245117 0.715820 -0.101562 1310682843.694117
-0.243164 0.711914 -0.100586 1310682843.730156
-0.231445 0.716797 -0.114258 1310682843.755098
-0.230469 0.713867 -0.053711 1310682843.799104
-0.250000 0.721680 -0.121094 1310682843.822167
-0.243164 0.729492 -0.104492 1310682843.866085
-0.268555 0.720703 -0.084961 1310682843.889165
-0.249023 0.697266 -0.092773 1310682843.913160
-0.234375 0.703125 -0.089844 1310682843.955121
-0.250977 0.675781 -0.106445 1310682843.977140
-0.264648 0.705078 -0.088867 1310682844.019194
-0.232422 0.683594 -0.141602 1310682844.098129
-0.234375 0.677734 -0.079102 1310682844.113101
-0.264648 0.705078 -0.068359 1310682844.114090
-0.232422 0.743164 -0.087891 1310682844.151100
-0.245117 0.681641 -0.105469 1310682844.175098
-0.246094 0.728516 -0.062500 1310682844.220106
-0.243164 0.702148 -0.087891 1310682844.243173
-0.238281 0.719727 -0.129883 1310682844.266132
-0.229492 0.726562 -0.108398 1310682844.309086
-0.223633 0.728516 -0.131836 1310682844.331215
-0.242188 0.728516 -0.131836 1310682844.358178
-0.204102 0.737305 -0.130859 1310682844.401087
-0.221680 0.710938 -0.132812 1310682844.435119
-0.217773 0.708984 -0.083008 1310682844.484152
-0.247070 0.688477 -0.079102 1310682844.505117
-0.266602 0.695312 -0.111328 1310682844.528099
-0.271484 0.695312 -0.111328 1310682844.550115
-0.300781 0.694336 -0.111328 1310682844.598106
-0.258789 0.722656 -0.135742 1310682844.643117
-0.251953 0.682617 -0.102539 1310682844.664132
-0.270508 0.701172 -0.085938 1310682844.690119
-0.222656 0.724609 -0.097656 1310682844.715115
-0.234375 0.717773 -0.117188 1310682844.766135
-0.234375 0.717773 -0.117188 1310682844.788141
-0.231445 0.723633 -0.082031 1310682844.831124
-0.237305 0.702148 -0.066406 1310682844.858187
-0.196289 0.742188 -0.079102 1310682844.886141
-0.245117 0.726562 -0.109375 1310682844.914155
-0.287109 0.678711 -0.054688 1310682844.963119
-0.264648 0.684570 -0.085938 1310682844.984160
-0.256836 0.725586 -0.110352 1310682845.009137
-0.257812 0.713867 -0.108398 1310682845.051200
-0.222656 0.675781 -0.116211 1310682845.075115
-0.232422 0.703125 -0.116211 1310682845.099201
-0.241211 0.704102 -0.092773 1310682845.148154
-0.272461 0.716797 -0.096680 1310682845.190148
-0.257812 0.710938 -0.097656 1310682845.211181
-0.220703 0.683594 -0.052734 1310682845.233134
-0.230469 0.704102 -0.060547 1310682845.276127
-0.270508 0.707031 -0.060547 1310682845.298142
-0.250977 0.707031 -0.067383 1310682845.391180
-0.251953 0.708984 -0.088867 1310682845.393184
-0.231445 0.703125 -0.060547 1310682845.413189
-0.239258 0.718750 -0.118164 1310682845.434187
-0.260742 0.697266 -0.090820 1310682845.455195
-0.211914 0.703125 -0.080078 1310682845.504201
-0.228516 0.724609 -0.134766 1310682845.551196
-0.241211 0.720703 -0.095703 1310682845.575152
-0.234375 0.707031 -0.097656 1310682845.600133
-0.194336 0.717773 -0.106445 1310682845.625163
-0.225586 0.720703 -0.086914 1310682845.668127
-0.211914 0.720703 -0.086914 1310682845.689163
-0.219727 0.716797 -0.046875 1310682845.733124
-0.227539 0.702148 -0.094727 1310682845.754131
-0.208984 0.724609 -0.068359 1310682845.799117
-0.264648 0.713867 -0.067383 1310682845.820125
-0.230469 0.713867 -0.067383 1310682845.843171
-0.221680 0.702148 -0.086914 1310682845.889129
-0.234375 0.665039 -0.091797 1310682845.924219
-0.231445 0.719727 -0.061523 1310682845.946207
-0.235352 0.674805 -0.081055 1310682845.975162
-0.248047 0.722656 -0.086914 1310682846.018190
-0.269531 0.704102 -0.074219 1310682846.042217
-0.241211 0.695312 -0.087891 1310682846.088187
-0.274414 0.742188 -0.078125 1310682846.115119
-0.262695 0.708984 -0.091797 1310682846.138138
-0.258789 0.718750 -0.075195 1310682846.181137
-0.250977 0.691406 -0.082031 1310682846.203125
-0.228516 0.686523 -0.132812 1310682846.246215
-0.216797 0.724609 -0.057617 1310682846.269138
-0.246094 0.706055 -0.091797 1310682846.313196
-0.250000 0.712891 -0.121094 1310682846.335152
-0.230469 0.722656 -0.101562 1310682846.378209
-0.258789 0.674805 -0.102539 1310682846.401141
-0.228516 0.674805 -0.102539 1310682846.444164
-0.228516 0.674805 -0.102539 1310682846.455224
-0.241211 0.697266 -0.095703 1310682846.501173
-0.218750 0.701172 -0.119141 1310682846.546147
-0.275391 0.720703 -0.110352 1310682846.569218
-0.222656 0.710938 -0.086914 1310682846.624226
-0.230469 0.704102 -0.086914 1310682846.625207
-0.268555 0.709961 -0.099609 1310682846.689206
-0.221680 0.728516 -0.144531 1310682846.690199
-0.243164 0.728516 -0.099609 1310682846.734182
-0.265625 0.711914 -0.073242 1310682846.755176
-0.233398 0.736328 -0.094727 1310682846.778149
-0.253906 0.746094 -0.074219 1310682846.846147
-0.239258 0.682617 -0.117188 1310682846.848148
-0.246094 0.707031 -0.075195 1310682846.893159
-0.249023 0.699219 -0.098633 1310682846.915149
-0.272461 0.710938 -0.112305 1310682846.959156
-0.229492 0.698242 -0.088867 1310682846.983151
-0.255859 0.716797 -0.083008 1310682847.009135
-0.236328 0.675781 -0.078125 1310682847.051154
-0.243164 0.760742 -0.093750 1310682847.098182
-0.258789 0.725586 -0.104492 1310682847.121185
-0.258789 0.673828 -0.083984 1310682847.144140
-0.223633 0.716797 -0.083984 1310682847.167151
-0.258789 0.709961 -0.106445 1310682847.214175
-0.245117 0.717773 -0.098633 1310682847.235182
-0.268555 0.701172 -0.103516 1310682847.281227
-0.264648 0.673828 -0.068359 1310682847.304262
-0.250977 0.707031 -0.087891 1310682847.329186
-0.255859 0.666016 -0.087891 1310682847.372214
-0.268555 0.726562 -0.077148 1310682847.415210
-0.264648 0.703125 -0.109375 1310682847.438185
-0.279297 0.703125 -0.105469 1310682847.483180
-0.261719 0.712891 -0.097656 1310682847.505154
-0.231445 0.700195 -0.103516 1310682847.526136
-0.245117 0.728516 -0.121094 1310682847.550156
-0.276367 0.728516 -0.121094 1310682847.596233
-0.270508 0.695312 -0.090820 1310682847.641162
-0.262695 0.716797 -0.117188 1310682847.666159
-0.272461 0.676758 -0.099609 1310682847.688168
-0.274414 0.693359 -0.135742 1310682847.730232
-0.275391 0.722656 -0.117188 1310682847.753171
-0.270508 0.704102 -0.097656 1310682847.789230
-0.280273 0.695312 -0.111328 1310682847.813204
-0.252930 0.718750 -0.083008 1310682847.850190
-0.264648 0.729492 -0.106445 1310682847.874185
-0.279297 0.700195 -0.088867 1310682847.946192
-0.247070 0.722656 -0.100586 1310682847.973162
-0.273438 0.685547 -0.085938 1310682847.974152
-0.279297 0.700195 -0.091797 1310682848.019185
-0.240234 0.708984 -0.135742 1310682848.049170
-0.240234 0.710938 -0.089844 1310682848.074240
-0.278320 0.706055 -0.088867 1310682848.096207
-0.245117 0.683594 -0.088867 1310682848.143222
-0.274414 0.691406 -0.114258 1310682848.176189
-0.258789 0.694336 -0.096680 1310682848.200171
-0.307617 0.711914 -0.080078 1310682848.244205
-0.231445 0.691406 -0.071289 1310682848.268247
-0.250000 0.699219 -0.076172 1310682848.313176
