0.013672 0.761719 -0.112305 1310160335.783517
-0.010742 0.731445 -0.141602 1310160335.827494
-0.020508 0.798828 -0.112305 1310160335.849464
-0.011719 0.729492 -0.084961 1310160335.903492
-0.004883 0.749023 -0.115234 1310160335.906481
-0.018555 0.735352 -0.094727 1310160335.948503
-0.071289 0.740234 -0.141602 1310160335.968491
-0.081055 0.749023 -0.140625 1310160336.011482
-0.036133 0.748047 -0.150391 1310160336.058516
-0.014648 0.753906 -0.107422 1310160336.080453
-0.002930 0.748047 -0.077148 1310160336.127510
-0.017578 0.714844 -0.077148 1310160336.128486
0.019531 0.722656 -0.077148 1310160336.176509
0.049805 0.744141 -0.070312 1310160336.204511
0.082031 0.732422 -0.044922 1310160336.243486
0.064453 0.761719 -0.040039 1310160336.267502
0.063477 0.695312 -0.041992 1310160336.312479
0.075195 0.727539 -0.041992 1310160336.335499
0.075195 0.727539 -0.041992 1310160336.357504
0.030273 0.750977 -0.090820 1310160336.399475
0.005859 0.732422 -0.073242 1310160336.443541
-0.016602 0.750977 -0.080078 1310160336.464504
-0.071289 0.771484 -0.105469 1310160336.487500
-0.031250 0.726562 -0.106445 1310160336.533515
-0.025391 0.757812 -0.113281 1310160336.569514
0.000000 0.745117 -0.146484 1310160336.650504
-0.059570 0.766602 -0.136719 1310160336.670507
-0.057617 0.732422 -0.145508 1310160336.672504
-0.049805 0.769531 -0.118164 1310160336.695501
-0.026367 0.741211 -0.146484 1310160336.735485
-0.095703 0.767578 -0.162109 1310160336.762510
-0.064453 0.738281 -0.170898 1310160336.783514
-0.036133 0.765625 -0.175781 1310160336.828509
-0.068359 0.763672 -0.183594 1310160336.850513
-0.067383 0.748047 -0.197266 1310160336.872527
-0.078125 0.770508 -0.198242 1310160336.929501
-0.094727 0.747070 -0.173828 1310160336.953522
-0.075195 0.755859 -0.189453 1310160336.976515
-0.109375 0.718750 -0.230469 1310160337.019519
-0.143555 0.697266 -0.197266 1310160337.043516
-0.145508 0.723633 -0.213867 1310160337.065509
-0.125000 0.746094 -0.213867 1310160337.101537
-0.125977 0.786133 -0.220703 1310160337.147516
-0.159180 0.759766 -0.282227 1310160337.169514
-0.223633 0.746094 -0.303711 1310160337.213510
-0.182617 0.699219 -0.207031 1310160337.234520
-0.182617 0.699219 -0.207031 1310160337.277520
0.039062 0.616211 -0.109375 1310160337.298512
0.151367 0.562500 -0.027344 1310160337.341518
0.032227 0.736328 -0.017578 1310160337.384514
0.018555 0.867188 -0.062500 1310160337.407504
-0.133789 0.766602 -0.095703 1310160337.449498
-0.024414 0.633789 -0.095703 1310160337.451510
0.003906 0.650391 -0.091797 1310160337.505490
-0.071289 0.783203 -0.067383 1310160337.525524
-0.144531 0.853516 -0.097656 1310160337.554531
-0.083008 0.742188 -0.126953 1310160337.598527
-0.154297 0.715820 -0.238281 1310160337.620544
-0.314453 0.670898 -0.256836 1310160337.669529
-0.255859 0.685547 -0.253906 1310160337.700505
-0.286133 0.643555 -0.370117 1310160337.722486
-0.464844 0.560547 -0.300781 1310160337.769504
-0.292969 0.703125 -0.355469 1310160337.790505
-0.387695 0.701172 -0.411133 1310160338.105500
-0.459961 0.666992 -0.404297 1310160338.129542
-0.445312 0.631836 -0.410156 1310160338.150532
-0.460938 0.645508 -0.498047 1310160338.153511
-0.537109 0.612305 -0.516602 1310160338.190548
-0.535156 0.588867 -0.522461 1310160338.192531
-0.523438 0.557617 -0.522461 1310160338.193535
-0.560547 0.568359 -0.517578 1310160338.212536
-0.497070 0.589844 -0.506836 1310160338.234531
-0.490234 0.555664 -0.499023 1310160338.235530
-0.481445 0.594727 -0.460938 1310160338.248535
-0.456055 0.646484 -0.424805 1310160338.253534
-0.448242 0.675781 -0.380859 1310160338.254529
-0.336914 0.730469 -0.290039 1310160338.269539
-0.086914 0.730469 -0.290039 1310160338.270699
-0.208008 0.702148 -0.150391 1310160338.313508
-0.147461 0.759766 -0.079102 1310160338.334535
-0.157227 0.710938 -0.035156 1310160338.357540
-0.157227 0.710938 -0.035156 1310160338.399546
-0.028320 0.736328 0.002930 1310160338.445545
-0.001953 0.730469 -0.016602 1310160338.467535
-0.035156 0.714844 -0.016602 1310160338.490546
-0.037109 0.661133 0.048828 1310160338.517562
0.015625 0.685547 0.081055 1310160338.547539
0.083984 0.750977 -0.003906 1310160338.591565
0.059570 0.761719 -0.022461 1310160338.613516
0.090820 0.722656 0.018555 1310160338.657539
0.051758 0.669922 -0.047852 1310160338.699520
0.050781 0.679688 -0.040039 1310160338.722536
0.057617 0.751953 -0.044922 1310160338.766535
0.085938 0.737305 -0.062500 1310160338.788524
0.027344 0.723633 -0.041992 1310160338.811552
0.022461 0.691406 -0.059570 1310160338.853518
0.084961 0.716797 -0.046875 1310160338.875536
0.091797 0.773438 -0.019531 1310160338.919531
0.056641 0.763672 -0.079102 1310160338.944562
0.012695 0.755859 -0.066406 1310160338.969536
0.045898 0.755859 -0.066406 1310160339.012562
-0.024414 0.735352 -0.127930 1310160339.055542
-0.125000 0.734375 -0.202148 1310160339.095558
-0.119141 0.730469 -0.177734 1310160339.098560
-0.061523 0.741211 -0.170898 1310160339.132525
-0.040039 0.991211 -0.170898 1310160339.178553
0.031250 0.767578 -0.112305 1310160339.216527
0.077148 0.747070 -0.106445 1310160339.238532
0.039062 0.769531 -0.116211 1310160339.274554
0.060547 0.779297 -0.144531 1310160339.298555
0.060547 0.779297 -0.144531 1310160339.318556
-0.027344 0.760742 -0.169922 1310160339.367556
-0.083008 0.754883 -0.167969 1310160339.389555
-0.023438 0.737305 -0.115234 1310160339.434567
0.003906 0.745117 -0.124023 1310160339.457539
-0.010742 0.730469 -0.143555 1310160339.500565
-0.017578 0.736328 -0.143555 1310160339.522566
-0.073242 0.805664 -0.143555 1310160339.568574
-0.061523 0.759766 -0.222656 1310160339.591571
-0.096680 0.720703 -0.216797 1310160339.635563
-0.128906 0.763672 -0.254883 1310160339.658549
-0.202148 0.764648 -0.335938 1310160339.679563
-0.249023 0.671875 -0.324219 1310160339.727563
-0.237305 0.683594 -0.250000 1310160339.749566
-0.194336 0.726562 -0.242188 1310160339.792570
-0.221680 0.716797 -0.176758 1310160339.814570
-0.049805 0.634766 -0.115234 1310160339.837567
0.024414 0.632812 -0.098633 1310160339.879568
0.067383 0.882812 -0.098633 1310160339.900570
0.071289 0.789062 -0.102539 1310160339.948555
-0.070312 0.746094 -0.078125 1310160339.970584
0.084961 0.686523 -0.132812 1310160340.014107
-0.063477 0.827148 -0.095703 1310160340.034573
-0.228516 0.667969 -0.095703 1310160340.077559
-0.095703 0.841797 -0.131836 1310160340.100555
-0.227539 0.659180 -0.268555 1310160340.170574
-0.379883 0.675781 -0.263672 1310160340.193569
-0.372070 0.765625 -0.236328 1310160340.194540
-0.311523 0.625977 -0.438477 1310160340.244559
-0.417969 0.625977 -0.438477 1310160340.265583
-0.417969 0.625977 -0.438477 1310160340.322576
-0.667969 0.625977 -0.438477 1310160340.324571
-0.566406 0.504883 -0.530273 1310160340.700593
-0.519531 0.494141 -0.463867 1310160340.702577
-0.576172 0.552734 -0.535156 1310160340.707574
-0.576172 0.552734 -0.535156 1310160340.708573
-0.583008 0.542969 -0.571289 1310160340.724582
-0.562500 0.511719 -0.569336 1310160340.744574
-0.564453 0.525391 -0.539062 1310160340.745527
-0.593750 0.517578 -0.532227 1310160340.755556
-0.530273 0.523438 -0.475586 1310160340.783555
-0.520508 0.591797 -0.435547 1310160340.792602
-0.496094 0.609375 -0.400391 1310160340.814542
-0.440430 0.762695 -0.298828 1310160340.829573
-0.376953 0.796875 -0.215820 1310160340.844584
-0.237305 0.802734 -0.144531 1310160340.854610
-0.206055 0.812500 -0.143555 1310160340.862588
-0.130859 0.661133 -0.051758 1310160340.869588
-0.009766 0.640625 0.108398 1310160340.884768
-0.072266 0.665039 0.016602 1310160340.907587
0.009766 0.652344 0.077148 1310160340.953590
0.036133 0.701172 0.128906 1310160340.978588
0.064453 0.697266 0.112305 1310160340.996591
0.127930 0.628906 0.074219 1310160341.044610
0.203125 0.731445 0.034180 1310160341.073602
0.060547 0.689453 0.017578 1310160341.120593
-0.057617 0.642578 -0.052734 1310160341.142616
-0.079102 0.660156 -0.117188 1310160341.167595
-0.053711 0.667969 -0.084961 1310160341.188588
0.021484 0.719727 -0.080078 1310160341.233585
0.079102 0.766602 -0.055664 1310160341.263589
0.066406 0.791016 -0.041992 1310160341.308596
-0.023438 0.722656 -0.077148 1310160341.332598
-0.056641 0.689453 -0.191406 1310160341.372601
-0.093750 0.757812 -0.188477 1310160341.395598
-0.075195 0.783203 -0.159180 1310160341.440606
-0.102539 0.792969 -0.153320 1310160341.463598
-0.060547 0.750000 -0.152344 1310160341.485592
-0.064453 0.734375 -0.172852 1310160341.537644
-0.027344 0.731445 -0.144531 1310160341.543591
0.034180 0.731445 -0.144531 1310160341.588607
0.062500 0.761719 -0.078125 1310160341.637625
0.011719 0.740234 -0.068359 1310160341.659595
0.034180 0.755859 -0.145508 1310160341.682601
0.024414 0.767578 -0.110352 1310160341.708605
-0.011719 0.714844 -0.091797 1310160341.754627
0.020508 0.812500 -0.200195 1310160341.792602
-0.110352 0.761719 -0.169922 1310160341.809605
-0.122070 0.750977 -0.125977 1310160341.855608
-0.086914 0.784180 -0.173828 1310160341.877607
-0.089844 0.759766 -0.170898 1310160341.904607
-0.127930 0.765625 -0.206055 1310160341.947608
-0.108398 0.712891 -0.202148 1310160341.989600
-0.145508 0.765625 -0.204102 1310160342.012605
-0.144531 0.767578 -0.239258 1310160342.035636
-0.153320 0.762695 -0.349609 1310160342.079608
-0.220703 0.705078 -0.355469 1310160342.110610
-0.201172 0.642578 -0.266602 1310160342.133611
-0.177734 0.638672 -0.181641 1310160342.177627
-0.147461 0.654297 -0.095703 1310160342.220610
0.187500 0.638672 0.133789 1310160342.243612
0.206055 0.578125 0.125977 1310160342.267614
0.085938 0.925781 0.115234 1310160342.288591
0.082031 0.893555 0.012695 1310160342.332631
0.103516 0.712891 -0.083008 1310160342.359608
-0.200195 0.790039 -0.025391 1310160342.402616
-0.347656 0.671875 -0.160156 1310160342.445628
-0.307617 0.624023 -0.184570 1310160342.469622
-0.384766 0.814453 -0.231445 1310160342.493620
-0.384766 0.814453 -0.231445 1310160342.515625
-0.296875 0.728516 -0.248047 1310160342.567589
-0.393555 0.690430 -0.305664 1310160342.592623
-0.477539 0.566406 -0.392578 1310160342.614623
-0.426758 0.605469 -0.390625 1310160343.093635
-0.472656 0.560547 -0.430664 1310160343.119634
-0.529297 0.535156 -0.474609 1310160343.127633
-0.561523 0.574219 -0.494141 1310160343.129631
-0.628906 0.529297 -0.540039 1310160343.158629
-0.577148 0.507812 -0.559570 1310160343.159628
-0.565430 0.484375 -0.577148 1310160343.175632
-0.593750 0.515625 -0.542969 1310160343.190637
-0.527344 0.499023 -0.629883 1310160343.192628
-0.570312 0.549805 -0.508789 1310160343.193630
-0.492188 0.584961 -0.466797 1310160343.198634
-0.507812 0.585938 -0.453125 1310160343.208635
-0.470703 0.593750 -0.345703 1310160343.208646
-0.423828 0.741211 -0.267578 1310160343.208657
-0.452148 0.771484 -0.249023 1310160343.208680
-0.274414 0.784180 -0.167969 1310160343.208691
-0.159180 0.757812 -0.091797 1310160343.214633
-0.164062 0.690430 -0.032227 1310160343.216634
-0.026367 0.636719 -0.034180 1310160343.220633
-0.028320 0.692383 0.081055 1310160343.267643
0.073242 0.618164 0.134766 1310160343.297631
0.070312 0.673828 0.128906 1310160343.328634
0.020508 0.722656 0.116211 1310160343.353647
0.099609 0.743164 0.066406 1310160343.394636
0.053711 0.696289 0.077148 1310160343.415633
-0.041016 0.696289 0.077148 1310160343.459635
-0.026367 0.568359 0.055664 1310160343.504637
-0.051758 0.705078 0.039062 1310160343.527632
0.047852 0.757812 -0.032227 1310160343.549643
0.052734 0.784180 0.015625 1310160343.594638
0.044922 0.757812 0.002930 1310160343.617644
0.061523 0.740234 -0.014648 1310160343.640634
0.038086 0.720703 -0.027344 1310160343.683639
0.000000 0.700195 -0.022461 1310160343.710645
0.014648 0.762695 -0.089844 1310160343.755646
-0.031250 0.782227 -0.190430 1310160343.777645
0.008789 0.704102 -0.182617 1310160343.820631
-0.030273 0.765625 -0.098633 1310160343.843641
-0.043945 0.515625 -0.098633 1310160343.860653
-0.034180 0.749023 -0.166016 1310160343.913651
-0.029297 0.792969 -0.134766 1310160343.937665
-0.019531 0.747070 -0.166992 1310160343.964655
0.017578 0.769531 -0.174805 1310160344.008645
-0.015625 0.767578 -0.115234 1310160344.042645
0.031250 0.787109 -0.143555 1310160344.064655
0.008789 0.755859 -0.161133 1310160344.108642
-0.012695 0.765625 -0.138672 1310160344.132651
0.022461 0.762695 -0.156250 1310160344.177629
-0.039062 0.765625 -0.176758 1310160344.200627
-0.030273 0.773438 -0.200195 1310160344.238676
-0.058594 0.718750 -0.217773 1310160344.260634
-0.087891 0.724609 -0.208984 1310160344.364636
-0.130859 0.709961 -0.224609 1310160344.380743
-0.133789 0.699219 -0.249023 1310160344.382690
-0.151367 0.720703 -0.297852 1310160344.384631
-0.227539 0.708008 -0.339844 1310160344.422652
-0.204102 0.708008 -0.339844 1310160344.443643
-0.204102 0.708008 -0.339844 1310160344.487653
-0.085938 0.790039 -0.131836 1310160344.532641
0.163086 0.726562 0.086914 1310160344.553672
0.163086 0.726562 0.086914 1310160344.575652
-0.048828 0.681641 0.055664 1310160344.620633
-0.072266 0.783203 0.009766 1310160344.644658
0.031250 0.917969 0.056641 1310160344.688662
0.020508 0.769531 -0.073242 1310160344.710665
-0.159180 0.752930 -0.033203 1310160344.767660
-0.231445 0.813477 -0.083984 1310160344.768661
-0.293945 0.667969 -0.252930 1310160344.838669
-0.394531 0.637695 -0.264648 1310160344.874677
-0.405273 0.537109 -0.267578 1310160344.885663
-0.387695 0.694336 -0.343750 1310160345.360677
-0.393555 0.736328 -0.391602 1310160345.380677
-0.425781 0.594727 -0.439453 1310160345.400672
-0.496094 0.667969 -0.454102 1310160345.423676
-0.482422 0.581055 -0.489258 1310160345.433677
-0.500977 0.451172 -0.530273 1310160345.443651
-0.538086 0.513672 -0.528320 1310160345.445675
-0.604492 0.515625 -0.585938 1310160345.447670
-0.604492 0.515625 -0.585938 1310160345.450821
-0.599609 0.472656 -0.592773 1310160345.467670
-0.544922 0.460938 -0.617188 1310160345.468668
-0.560547 0.501953 -0.583008 1310160345.484675
-0.550781 0.528320 -0.544922 1310160345.512676
-0.547852 0.541016 -0.524414 1310160345.513675
-0.495117 0.611328 -0.452148 1310160345.537719
-0.454102 0.655273 -0.375977 1310160345.537735
-0.387695 0.708008 -0.322266 1310160345.544673
-0.366211 0.750977 -0.254883 1310160345.545670
-0.250977 0.742188 -0.205078 1310160345.547668
-0.249023 0.646484 -0.135742 1310160345.558675
-0.173828 0.669922 -0.123047 1310160345.573679
-0.107422 0.685547 -0.048828 1310160345.618680
-0.019531 0.629883 0.003906 1310160345.655673
0.042969 0.713867 0.055664 1310160345.657671
0.098633 0.720703 0.029297 1310160345.677683
0.024414 0.695312 0.100586 1310160345.721683
0.053711 0.681641 0.061523 1310160345.741697
0.086914 0.745117 0.010742 1310160345.785685
0.068359 0.711914 0.022461 1310160345.829684
0.002930 0.682617 0.001953 1310160345.850684
-0.017578 0.663086 -0.010742 1310160345.872678
-0.017578 0.663086 -0.010742 1310160345.894701
0.013672 0.719727 -0.022461 1310160345.939673
0.033203 0.720703 -0.004883 1310160345.983687
0.064453 0.793945 0.027344 1310160346.005685
0.002930 0.708984 -0.016602 1310160346.028713
0.010742 0.744141 -0.028320 1310160346.072692
-0.030273 0.791016 -0.089844 1310160346.094689
-0.045898 0.710938 -0.128906 1310160346.124675
-0.022461 0.749023 -0.064453 1310160346.188685
-0.035156 0.746094 -0.073242 1310160346.189686
0.042969 0.749023 -0.095703 1310160346.230690
0.011719 0.771484 -0.095703 1310160346.252691
0.017578 0.742188 -0.070312 1310160346.301689
0.034180 0.781250 -0.056641 1310160346.333677
0.085938 0.747070 -0.042969 1310160346.355690
0.077148 0.739258 -0.058594 1310160346.419668
0.078125 0.734375 -0.055664 1310160346.421695
0.041016 0.751953 -0.062500 1310160346.444703
0.083008 0.762695 -0.112305 1310160346.488691
0.065430 0.698242 -0.077148 1310160346.534692
0.057617 0.695312 -0.047852 1310160346.555677
0.083008 0.746094 -0.133789 1310160346.596700
0.045898 0.719727 -0.100586 1310160346.620699
0.045898 0.719727 -0.100586 1310160346.642719
0.023438 0.749023 -0.124023 1310160346.676701
-0.027344 0.752930 -0.146484 1310160346.719701
-0.067383 0.775391 -0.146484 1310160346.761705
-0.073242 0.755859 -0.165039 1310160346.783704
-0.047852 0.746094 -0.154297 1310160346.808707
-0.099609 0.764648 -0.205078 1310160346.831699
-0.197266 0.757812 -0.288086 1310160346.886711
-0.262695 0.701172 -0.237305 1310160346.923702
-0.241211 0.710938 -0.158203 1310160346.950705
-0.265625 0.701172 -0.121094 1310160346.973688
-0.011719 0.570312 0.051758 1310160346.996706
0.275391 0.600586 -0.012695 1310160347.056708
0.053711 0.720703 -0.010742 1310160347.058704
-0.011719 0.728516 0.052734 1310160347.089701
0.016602 0.857422 -0.011719 1310160347.131706
0.064453 0.783203 -0.041016 1310160347.154705
-0.008789 0.791992 -0.110352 1310160347.198711
-0.348633 0.701172 -0.075195 1310160347.240707
-0.264648 0.701172 -0.148438 1310160347.285714
-0.356445 0.833984 -0.282227 1310160347.328721
-0.333984 0.791992 -0.324219 1310160347.374710
-0.346680 0.711914 -0.322266 1310160348.040737
-0.390625 0.711914 -0.322266 1310160348.042728
-0.392578 0.616211 -0.372070 1310160348.085725
-0.515625 0.550781 -0.475586 1310160348.106725
-0.517578 0.490234 -0.463867 1310160348.110729
-0.466797 0.504883 -0.489258 1310160348.111709
-0.541992 0.442383 -0.550781 1310160348.123731
-0.603516 0.442383 -0.550781 1310160348.124727
-0.578125 0.491211 -0.548828 1310160348.139781
-0.614258 0.468750 -0.530273 1310160348.140727
-0.558594 0.516602 -0.486328 1310160348.145726
-0.556641 0.477539 -0.568359 1310160348.159728
-0.583984 0.526367 -0.555664 1310160348.210717
-0.570312 0.544922 -0.517578 1310160348.238729
-0.562500 0.579102 -0.467773 1310160348.259732
-0.545898 0.578125 -0.469727 1310160348.261729
-0.507812 0.576172 -0.424805 1310160348.261742
-0.465820 0.568359 -0.383789 1310160348.261752
-0.448242 0.576172 -0.377930 1310160348.261780
-0.436523 0.608398 -0.315430 1310160348.261791
-0.380859 0.600586 -0.249023 1310160348.261801
-0.346680 0.635742 -0.281250 1310160348.261811
-0.365234 0.681641 -0.244141 1310160348.283738
-0.358398 0.654297 -0.287109 1310160348.284735
-0.303711 0.685547 -0.199219 1310160348.304747
-0.303711 0.685547 -0.199219 1310160348.305733
-0.239258 0.665039 -0.176758 1310160348.320837
-0.255859 0.711914 -0.131836 1310160348.321723
-0.210938 0.666992 -0.171875 1310160348.341735
-0.200195 0.707031 -0.101562 1310160348.343731
-0.145508 0.743164 -0.098633 1310160348.344730
-0.146484 0.742188 -0.112305 1310160348.376734
-0.214844 0.762695 -0.062500 1310160348.398736
-0.174805 0.720703 -0.076172 1310160348.419738
-0.102539 0.667969 -0.062500 1310160348.443760
-0.041016 0.732422 -0.044922 1310160348.490735
-0.042969 0.778320 -0.056641 1310160348.513738
-0.042969 0.778320 -0.056641 1310160348.536726
-0.042969 0.778320 -0.056641 1310160348.578745
-0.032227 0.720703 -0.096680 1310160348.620726
-0.045898 0.724609 -0.097656 1310160348.641739
-0.064453 0.767578 -0.108398 1310160348.684746
-0.064453 0.767578 -0.108398 1310160348.706743
-0.008789 0.705078 -0.057617 1310160348.750748
-0.045898 0.752930 -0.054688 1310160348.771744
-0.031250 0.757812 -0.073242 1310160348.815741
0.019531 0.712891 -0.048828 1310160348.848748
-0.000977 0.719727 -0.008789 1310160348.869720
0.042969 0.751953 -0.004883 1310160348.893731
0.084961 0.714844 -0.022461 1310160348.939737
0.050781 0.707031 -0.010742 1310160348.961855
0.040039 0.770508 -0.041992 1310160349.005756
0.065430 0.736328 -0.043945 1310160349.029765
0.045898 0.774414 -0.041016 1310160349.051716
0.047852 0.760742 -0.041016 1310160349.097754
0.024414 0.724609 -0.040039 1310160349.125753
0.031250 0.731445 -0.113281 1310160349.171766
0.003906 0.720703 -0.106445 1310160349.183749
-0.052734 0.718750 -0.078125 1310160349.230746
-0.046875 0.759766 -0.086914 1310160349.251733
-0.044922 0.753906 -0.102539 1310160349.296752
-0.060547 0.791016 -0.125977 1310160349.325761
-0.022461 0.757812 -0.110352 1310160349.346720
-0.021484 0.745117 -0.126953 1310160349.389753
-0.028320 0.769531 -0.117188 1310160349.411764
-0.011719 0.769531 -0.117188 1310160349.463754
