-0.245117 1.017578 -0.110352 1311112475.516824
-0.473633 1.472656 -0.022461 1311112475.539884
-0.398438 1.490234 0.012695 1311112475.563846
-0.452148 1.605469 -0.112305 1311112475.585831
-0.624023 1.982422 0.001953 1311112475.626880
-0.698242 1.982422 0.001953 1311112475.648845
-0.235352 1.978516 -0.057617 1311112475.693887
-0.690430 1.195312 -0.621094 1311112475.724891
-0.537109 0.690430 -0.488281 1311112475.790886
-0.074219 -0.501953 -0.293945 1311112475.791882
-0.357422 -0.786133 -0.523438 1311112475.811828
-0.298828 -0.115234 -0.582031 1311112475.858885
-0.073242 -0.156250 -0.254883 1311112475.879887
-0.004883 -0.195312 -0.061523 1311112475.926890
0.113281 -0.160156 -0.041016 1311112475.951891
0.156250 -0.185547 -0.022461 1311112475.989883
0.129883 -0.230469 -0.172852 1311112476.010829
0.106445 -0.248047 -0.167969 1311112476.058823
-0.053711 -0.146484 -0.230469 1311112476.080856
-0.202148 -0.107422 -0.148438 1311112476.101856
-0.217773 -0.389648 -0.361328 1311112476.166892
-0.418945 -0.175781 -0.940430 1311112476.168908
-0.675781 1.916992 -0.469727 1311112476.209897
0.112305 1.889648 -0.186523 1311112476.231899
-0.728516 1.791016 0.233398 1311112476.273894
-0.196289 1.980469 0.139648 1311112476.318893
-0.201172 1.983398 0.315430 1311112476.341897
-0.321289 1.980469 0.197266 1311112476.376901
-0.438477 1.980469 0.163086 1311112476.399897
-0.405273 1.696289 -0.265625 1311112476.424835
-0.842773 1.130859 -0.528320 1311112476.495919
-0.419922 -0.039062 0.080078 1311112476.496862
-0.113281 -1.106445 -0.182617 1311112476.521877
-0.196289 -0.157227 -0.430664 1311112476.564863
-0.060547 0.131836 -0.430664 1311112476.607891
0.048828 -0.114258 -0.152344 1311112476.621868
-0.042969 -0.113281 -0.029297 1311112476.669875
0.074219 -0.207031 -0.097656 1311112476.690907
0.100586 -0.200195 -0.086914 1311112476.734907
0.099609 -0.256836 -0.171875 1311112476.760854
0.024414 -0.078125 -0.155273 1311112476.784872
-0.089844 -0.150391 -0.269531 1311112476.826906
-0.159180 -0.205078 -0.251953 1311112476.850868
-0.164062 -0.025391 -0.222656 1311112476.878862
-0.821289 0.833984 -0.920898 1311112476.920897
-0.072266 1.980469 -0.569336 1311112476.945850
-0.393555 1.730469 -0.569336 1311112476.976906
0.404297 1.980469 0.281250 1311112477.056871
-0.919922 1.982422 0.223633 1311112477.083895
-0.344727 1.980469 0.077148 1311112477.104919
-0.335938 1.982422 0.003906 1311112477.105908
-0.628906 1.770508 -0.527344 1311112477.128905
-0.491211 1.770508 -0.527344 1311112477.173909
-0.314453 -0.460938 -0.052734 1311112477.198881
-0.323242 -0.601562 -0.584961 1311112477.236916
-0.308594 0.000000 -0.455078 1311112477.279913
0.008789 -0.161133 -0.208984 1311112477.301921
-0.022461 -0.090820 -0.208984 1311112477.323916
-0.077148 -0.120117 -0.060547 1311112477.371907
0.154297 -0.159180 -0.022461 1311112477.414869
0.173828 -0.240234 -0.098633 1311112477.436919
0.055664 -0.179688 -0.130859 1311112477.481893
0.070312 -0.208984 -0.096680 1311112477.483919
0.115234 -0.221680 -0.183594 1311112477.527918
0.010742 -0.170898 -0.229492 1311112477.571919
-0.271484 0.466797 -0.271484 1311112477.594918
-1.303711 1.439453 -0.823242 1311112477.615912
0.458008 1.736328 0.109375 1311112477.661908
0.145508 1.693359 0.409180 1311112477.679925
0.145508 1.693359 0.409180 1311112477.706924
-1.101562 1.976562 0.021484 1311112477.773886
-0.209961 1.976562 -0.086914 1311112477.795933
-0.157227 1.992188 -0.006836 1311112477.818928
-0.530273 1.936523 -0.237305 1311112477.843932
-0.571289 1.125977 -0.354492 1311112477.888872
-0.329102 -0.038086 -0.354492 1311112477.911933
-0.067383 -0.540039 -0.214844 1311112477.956891
-0.180664 -0.322266 -0.484375 1311112477.969923
-0.264648 -0.006836 -0.312500 1311112478.011917
0.080078 -0.232422 -0.160156 1311112478.048932
-0.002930 -0.153320 -0.143555 1311112478.071916
0.098633 -0.208984 -0.074219 1311112478.116923
0.123047 -0.204102 -0.131836 1311112478.138937
0.059570 -0.174805 -0.102539 1311112478.181898
0.019531 -0.237305 -0.274414 1311112478.203922
-0.055664 -0.162109 -0.191406 1311112478.245937
-0.271484 -0.199219 -0.265625 1311112478.268903
-0.351562 0.050781 -0.265625 1311112478.290937
-1.280273 0.261719 -1.711914 1311112478.373856
-0.049805 1.980469 -0.044922 1311112478.374846
0.777344 1.980469 0.582031 1311112478.394856
-0.267578 1.983398 0.273438 1311112478.419943
-0.562500 1.983398 0.273438 1311112478.446939
-0.363281 1.982422 0.146484 1311112478.504896
0.190430 1.981445 0.073242 1311112478.525905
-0.434570 1.979492 -0.266602 1311112478.570933
-1.047852 1.252930 -0.311523 1311112478.595943
-0.652344 0.071289 0.015625 1311112478.639944
-0.127930 -1.154297 -0.734375 1311112478.641944
-0.322266 -0.166992 -0.734375 1311112478.687903
0.140625 0.000000 -0.204102 1311112478.713911
0.051758 -0.113281 -0.031250 1311112478.769940
-0.049805 -0.133789 -0.017578 1311112478.775939
0.103516 -0.176758 -0.092773 1311112478.811953
0.150391 -0.238281 -0.020508 1311112478.846905
0.112305 -0.217773 -0.181641 1311112478.888901
-0.005859 -0.115234 -0.132812 1311112478.911949
-0.024414 -0.175781 -0.173828 1311112478.936952
0.034180 -0.184570 -0.163086 1311112478.978892
0.074219 -0.138672 -0.151367 1311112479.000953
-0.115234 -0.090820 -0.107422 1311112479.044955
-0.460938 0.531250 0.026367 1311112479.078951
-1.528320 1.980469 -1.555664 1311112479.099948
0.502930 1.978516 -1.222656 1311112479.144952
-0.142578 1.984375 0.329102 1311112479.165937
0.224609 1.777344 0.031250 1311112479.209937
0.224609 1.777344 0.031250 1311112479.235899
-0.409180 1.196289 -0.182617 1311112479.273959
-0.127930 0.810547 -0.131836 1311112479.295950
-0.091797 0.463867 -0.083984 1311112479.338944
-0.134766 0.276367 -0.083984 1311112479.363957
-0.102539 0.184570 -0.179688 1311112479.386954
-0.101562 0.260742 -0.193359 1311112479.429956
-0.153320 0.450195 -0.288086 1311112479.453960
-0.245117 0.619141 -0.318359 1311112479.505884
-0.250000 0.659180 -0.335938 1311112479.530898
-0.189453 0.722656 -0.239258 1311112479.554958
-0.232422 0.722656 -0.239258 1311112479.576961
-0.192383 0.831055 -0.213867 1311112479.670949
-0.177734 0.792969 -0.222656 1311112479.698957
-0.210938 0.671875 -0.227539 1311112479.699953
-0.144531 0.630859 -0.178711 1311112479.721979
-0.156250 0.718750 -0.211914 1311112479.744966
-0.156250 0.718750 -0.211914 1311112479.766944
-0.169922 0.716797 -0.184570 1311112479.834966
-0.133789 0.690430 -0.202148 1311112479.856912
-0.113281 0.751953 -0.160156 1311112479.878957
-0.123047 0.724609 -0.130859 1311112479.900916
-0.079102 0.720703 -0.166016 1311112479.946965
-0.093750 0.785156 -0.184570 1311112479.969956
-0.136719 0.734375 -0.216797 1311112480.013973
-0.161133 0.723633 -0.136719 1311112480.034970
-0.133789 0.732422 -0.173828 1311112480.076967
-0.155273 0.729492 -0.129883 1311112480.098968
-0.182617 0.689453 -0.163086 1311112480.122975
-0.141602 0.743164 -0.152344 1311112480.175967
-0.173828 0.749023 -0.182617 1311112480.198973
-0.189453 0.733398 -0.194336 1311112480.242958
-0.166016 0.751953 -0.201172 1311112480.263922
-0.185547 0.762695 -0.234375 1311112480.306931
-0.197266 0.728516 -0.206055 1311112480.329976
-0.168945 0.728516 -0.206055 1311112480.363921
-0.240234 0.720703 -0.227539 1311112480.405973
-0.209961 0.740234 -0.208008 1311112480.428978
