0.087891 0.425781 0.460938 1310163493.747901
0.166016 0.416016 0.515625 1310163493.750870
0.140625 0.547852 0.523438 1310163493.753864
0.196289 0.520508 0.491211 1310163493.792941
0.214844 0.516602 0.530273 1310163493.793992
0.190430 0.467773 0.511719 1310163493.795988
0.196289 0.486328 0.538086 1310163493.796911
0.178711 0.472656 0.510742 1310163493.798917
0.181641 0.451172 0.517578 1310163493.835997
0.168945 0.438477 0.517578 1310163493.836993
0.173828 0.474609 0.547852 1310163493.845950
0.180664 0.478516 0.522461 1310163493.854007
0.189453 0.466797 0.536133 1310163493.854025
0.212891 0.461914 0.518555 1310163493.854036
0.195312 0.465820 0.515625 1310163493.854046
0.202148 0.458984 0.525391 1310163493.854056
0.200195 0.496094 0.523438 1310163493.854067
0.192383 0.497070 0.529297 1310163493.854099
0.177734 0.466797 0.521484 1310163493.854109
0.158203 0.439453 0.511719 1310163493.854120
0.170898 0.494141 0.501953 1310163493.854130
0.188477 0.483398 0.529297 1310163493.854140
0.211914 0.486328 0.529297 1310163493.854153
0.209961 0.476562 0.514648 1310163493.866938
0.202148 0.501953 0.494141 1310163493.866957
0.176758 0.478516 0.496094 1310163493.866968
0.167969 0.462891 0.531250 1310163493.866978
0.189453 0.491211 0.524414 1310163493.866989
0.199219 0.459961 0.521484 1310163493.866999
0.209961 0.463867 0.519531 1310163493.867009
0.161133 0.478516 0.522461 1310163493.867020
0.178711 0.483398 0.510742 1310163493.867030
0.204102 0.470703 0.525391 1310163493.867040
0.179688 0.502930 0.531250 1310163493.870986
0.166992 0.509766 0.536133 1310163493.871005
0.157227 0.496094 0.518555 1310163493.871129
0.201172 0.474609 0.525391 1310163493.871140
0.189453 0.449219 0.517578 1310163493.876987
0.192383 0.445312 0.503906 1310163493.877006
0.184570 0.486328 0.532227 1310163493.877016
0.193359 0.470703 0.552734 1310163493.877026
0.191406 0.468750 0.518555 1310163493.877037
0.187500 0.459961 0.504883 1310163493.877047
0.177734 0.474609 0.547852 1310163493.877057
0.176758 0.467773 0.552734 1310163493.877067
0.198242 0.494141 0.526367 1310163493.877078
0.192383 0.482422 0.518555 1310163493.877088
0.159180 0.475586 0.522461 1310163493.881001
0.148438 0.476562 0.521484 1310163493.881019
0.171875 0.458008 0.532227 1310163493.893955
0.182617 0.457031 0.524414 1310163493.893974
0.200195 0.466797 0.514648 1310163493.893984
0.199219 0.500977 0.516602 1310163493.893995
0.186523 0.499023 0.502930 1310163493.987916
0.189453 0.518555 0.514648 1310163493.987928
0.180664 0.457031 0.489258 1310163493.987938
0.203125 0.456055 0.478516 1310163493.987949
0.204102 0.479492 0.549805 1310163493.987959
0.213867 0.475586 0.541016 1310163493.987969
0.109375 0.409180 0.456055 1310163493.987979
0.188477 0.462891 0.494141 1310163493.987990
0.192383 0.504883 0.532227 1310163493.988000
0.202148 0.521484 0.518555 1310163493.988010
0.213867 0.478516 0.540039 1310163493.988020
0.215820 0.483398 0.540039 1310163493.988031
0.208008 0.483398 0.494141 1310163493.990940
0.207031 0.511719 0.507812 1310163493.990952
0.238281 0.514648 0.527344 1310163493.990962
0.235352 0.513672 0.544922 1310163493.990973
0.244141 0.509766 0.553711 1310163493.990983
0.379883 0.562500 0.558594 1310163493.990993
0.206055 0.478516 0.481445 1310163493.991003
0.207031 0.425781 0.535156 1310163493.991014
0.217773 0.492188 0.539062 1310163493.991024
0.221680 0.474609 0.530273 1310163493.991034
0.193359 0.464844 0.502930 1310163493.991044
0.159180 0.452148 0.492188 1310163494.013947
0.135742 0.459961 0.545898 1310163494.032966
0.119141 0.457031 0.530273 1310163494.035996
0.166992 0.445312 0.520508 1310163494.045946
0.113281 0.490234 0.562500 1310163494.082953
0.113281 0.471680 0.514648 1310163494.142036
0.150391 0.468750 0.470703 1310163494.162931
0.092773 0.631836 0.547852 1310163494.183948
0.184570 0.763672 0.610352 1310163494.187004
-0.041016 0.763672 0.610352 1310163494.187995
-0.180664 0.929688 0.512695 1310163494.228004
-0.305664 0.896484 0.371094 1310163494.231958
-0.341797 0.862305 0.261719 1310163494.232904
-0.461914 0.795898 0.282227 1310163494.273998
-0.457031 0.822266 0.235352 1310163494.295947
-0.432617 0.822266 0.235352 1310163494.318017
-0.438477 0.761719 0.277344 1310163494.363939
-0.418945 0.713867 0.253906 1310163494.408944
-0.422852 0.735352 0.271484 1310163494.440950
-0.411133 0.628906 0.306641 1310163494.466012
-0.263672 0.685547 0.293945 1310163494.486935
-0.293945 0.542969 0.124023 1310163494.532935
-0.316406 0.457031 0.212891 1310163494.556941
-0.205078 0.408203 0.153320 1310163494.586007
-0.165039 0.412109 0.112305 1310163494.630942
-0.102539 0.433594 0.099609 1310163494.653025
-0.199219 0.484375 0.106445 1310163494.676926
-0.221680 0.435547 0.040039 1310163494.720944
-0.190430 0.452148 -0.033203 1310163494.746023
-0.193359 0.464844 -0.039062 1310163494.788957
-0.235352 0.517578 -0.026367 1310163494.812021
-0.295898 0.564453 0.020508 1310163494.853992
-0.308594 0.631836 0.000000 1310163494.877950
-0.279297 0.669922 0.036133 1310163494.922948
-0.208984 0.704102 0.039062 1310163494.946029
-0.183594 0.720703 0.065430 1310163494.987930
-0.224609 0.661133 0.079102 1310163495.011926
-0.291016 0.671875 0.089844 1310163495.033956
-0.279297 0.671875 0.089844 1310163495.056980
-0.327148 0.720703 0.014648 1310163495.100989
-0.240234 0.710938 0.092773 1310163495.143921
-0.238281 0.689453 0.125977 1310163495.168910
-0.136719 0.702148 0.157227 1310163495.243941
-0.133789 0.660156 0.108398 1310163495.270947
-0.194336 0.666016 0.127930 1310163495.271934
-0.142578 0.723633 0.084961 1310163495.293930
-0.200195 0.708008 0.125977 1310163495.339033
-0.212891 0.676758 0.131836 1310163495.363985
-0.184570 0.680664 0.091797 1310163495.385939
