0.006836 0.738281 -0.031250 1310160621.593044
0.015625 0.758789 -0.007812 1310160621.638003
0.000977 0.728516 -0.069336 1310160621.658995
0.016602 0.722656 -0.011719 1310160621.684052
0.007812 0.773438 -0.010742 1310160621.736051
-0.027344 0.721680 -0.017578 1310160621.761052
-0.017578 0.750000 -0.036133 1310160621.784033
-0.013672 0.725586 -0.025391 1310160621.828051
0.019531 0.750977 -0.052734 1310160621.853058
0.013672 0.740234 -0.053711 1310160621.896052
-0.236328 0.740234 -0.053711 1310160621.919075
0.009766 0.706055 -0.032227 1310160621.971060
-0.006836 0.748047 -0.060547 1310160621.992056
-0.073242 0.776367 -0.079102 1310160622.017057
-0.052734 0.765625 -0.122070 1310160622.041056
-0.042969 0.744141 -0.119141 1310160622.086053
-0.041992 0.737305 -0.079102 1310160622.128059
0.026367 0.735352 -0.059570 1310160622.151069
0.045898 0.754883 -0.014648 1310160622.173074
0.002930 0.728516 -0.057617 1310160622.216060
-0.111328 0.748047 -0.037109 1310160622.238069
-0.133789 0.752930 -0.077148 1310160622.282060
-0.136719 0.717773 -0.117188 1310160622.326063
-0.196289 0.755859 -0.110352 1310160622.352061
-0.148438 0.738281 -0.123047 1310160622.373060
-0.157227 0.771484 -0.173828 1310160622.394061
-0.087891 0.808594 -0.145508 1310160622.421094
-0.079102 0.740234 -0.074219 1310160622.467059
-0.079102 0.740234 -0.074219 1310160622.521072
0.095703 0.771484 -0.093750 1310160622.545062
-0.007812 0.732422 -0.110352 1310160622.564065
-0.094727 0.620117 -0.047852 1310160622.607062
-0.086914 0.660156 0.014648 1310160622.629066
0.164062 0.660156 0.014648 1310160622.651068
0.360352 0.802734 -0.026367 1310160622.711065
0.175781 0.742188 -0.063477 1310160622.733068
0.126953 0.771484 -0.053711 1310160622.756070
0.147461 0.819336 -0.083008 1310160622.781073
0.114258 0.819336 -0.083008 1310160622.823053
0.037109 0.742188 -0.156250 1310160622.867033
-0.062500 0.698242 -0.072266 1310160622.889074
-0.131836 0.720703 -0.166992 1310160622.932074
-0.099609 0.739258 -0.194336 1310160622.953075
-0.137695 0.762695 -0.201172 1310160622.976078
-0.217773 0.765625 -0.201172 1310160623.001089
-0.291016 0.800781 -0.327148 1310160623.053078
-0.267578 0.734375 -0.151367 1310160623.076078
-0.006836 0.750000 -0.037109 1310160623.119071
0.296875 0.712891 -0.083008 1310160623.146069
0.276367 0.728516 -0.138672 1310160623.168038
-0.190430 0.701172 -0.180664 1310160623.213082
-0.247070 0.722656 -0.131836 1310160623.237079
-0.225586 0.749023 -0.189453 1310160623.279079
-0.195312 0.832031 -0.192383 1310160623.301088
-0.086914 0.791992 -0.143555 1310160623.347084
-0.059570 0.790039 -0.162109 1310160623.368082
-0.142578 0.790039 -0.162109 1310160623.389079
-0.142578 0.790039 -0.162109 1310160623.434151
-0.193359 0.688477 -0.187500 1310160623.478078
-0.066406 0.692383 -0.231445 1310160623.499088
0.102539 0.696289 -0.270508 1310160623.537087
0.291016 0.814453 -0.080078 1310160623.562090
0.420898 0.781250 0.073242 1310160623.585084
0.335938 0.721680 0.073242 1310160623.629084
0.302734 0.702148 0.163086 1310160623.654035
0.338867 0.795898 0.039062 1310160623.704067
0.186523 0.697266 0.031250 1310160623.728093
0.176758 0.677734 0.031250 1310160623.751088
0.158203 0.744141 -0.080078 1310160623.827098
0.141602 0.851562 -0.144531 1310160623.847094
0.178711 0.795898 -0.138672 1310160623.848088
0.089844 0.788086 -0.119141 1310160623.884090
0.000000 0.767578 -0.139648 1310160623.909090
-0.250000 0.767578 -0.139648 1310160623.947100
-0.110352 0.767578 -0.139648 1310160623.972094
-0.002930 0.799805 -0.244141 1310160624.021076
-0.092773 0.755859 -0.276367 1310160624.043098
-0.183594 0.763672 -0.282227 1310160624.088092
-0.218750 0.699219 -0.224609 1310160624.109092
-0.218750 0.699219 -0.224609 1310160624.134094
0.152344 0.743164 -0.011719 1310160624.181096
0.434570 0.741211 -0.161133 1310160624.224093
-0.055664 0.791992 -0.218750 1310160624.246098
-0.290039 0.708984 -0.179688 1310160624.269097
-0.166016 0.713867 -0.154297 1310160624.293098
-0.076172 0.741211 -0.102539 1310160624.336097
0.019531 0.794922 -0.052734 1310160624.357107
0.083008 0.820312 -0.047852 1310160624.399105
0.007812 0.820312 -0.047852 1310160624.423101
-0.076172 0.784180 -0.192383 1310160624.468108
-0.124023 0.750000 -0.212891 1310160624.491108
-0.144531 0.748047 -0.215820 1310160624.534108
-0.037109 0.765625 -0.211914 1310160624.577094
0.080078 0.767578 -0.240234 1310160624.601101
0.038086 0.768555 -0.207031 1310160624.627108
0.090820 0.744141 -0.171875 1310160624.658105
0.170898 0.668945 -0.090820 1310160624.704111
0.112305 0.668945 -0.090820 1310160624.727109
0.122070 0.669922 0.059570 1310160624.751141
0.332031 0.738281 0.045898 1310160624.793113
0.396484 0.741211 0.005859 1310160624.817111
0.256836 0.720703 -0.059570 1310160624.861111
0.167969 0.747070 -0.046875 1310160624.887111
0.163086 0.790039 -0.122070 1310160624.929109
0.116211 0.733398 -0.229492 1310160624.952115
0.022461 0.824219 -0.228516 1310160624.999117
-0.079102 0.815430 -0.199219 1310160625.021121
-0.057617 0.757812 -0.115234 1310160625.046115
-0.152344 0.708984 -0.115234 1310160625.097129
0.032227 0.778320 -0.079102 1310160625.124181
0.196289 0.761719 -0.198242 1310160625.144117
0.100586 0.749023 -0.227539 1310160625.167117
-0.077148 0.700195 -0.216797 1310160625.214117
-0.178711 0.700195 -0.165039 1310160625.236112
-0.042969 0.757812 -0.157227 1310160625.279123
0.093750 0.697266 -0.121094 1310160625.323121
0.185547 0.730469 -0.150391 1310160625.346115
0.033203 0.779297 -0.212891 1310160625.369123
-0.285156 0.683594 -0.173828 1310160625.414119
-0.172852 0.737305 -0.227539 1310160625.416106
-0.046875 0.987305 -0.227539 1310160625.458126
0.030273 0.798828 -0.070312 1310160625.502130
0.110352 0.766602 -0.036133 1310160625.523121
0.064453 0.766602 -0.055664 1310160625.569122
0.017578 0.757812 -0.106445 1310160625.592110
-0.034180 0.826172 -0.106445 1310160625.614125
-0.131836 0.826172 -0.106445 1310160625.656074
-0.110352 0.730469 -0.246094 1310160625.701106
-0.047852 0.683594 -0.234375 1310160625.727125
0.040039 0.756836 -0.186523 1310160625.749132
0.129883 0.722656 -0.194336 1310160625.793130
0.173828 0.702148 -0.194336 1310160625.815133
0.259766 0.705078 -0.072266 1310160625.858132
0.253906 0.764648 -0.019531 1310160625.883137
0.195312 0.714844 0.086914 1310160625.912127
0.314453 0.714844 0.067383 1310160625.944130
0.373047 0.664062 0.043945 1310160625.987133
0.123047 0.664062 0.043945 1310160626.009131
0.176758 0.745117 -0.112305 1310160626.062134
0.117188 0.753906 -0.125977 1310160626.083135
-0.003906 0.763672 -0.196289 1310160626.127135
-0.060547 0.736328 -0.204102 1310160626.149140
-0.065430 0.761719 -0.192383 1310160626.172136
-0.065430 0.761719 -0.192383 1310160626.196140
0.009766 0.744141 -0.109375 1310160626.239139
0.069336 0.781250 -0.117188 1310160626.263156
0.115234 0.769531 -0.172852 1310160626.306144
0.040039 0.766602 -0.148438 1310160626.368141
-0.012695 0.738281 -0.197266 1310160626.406142
-0.074219 0.714844 -0.197266 1310160626.407138
-0.087891 0.753906 -0.215820 1310160626.424132
-0.003906 0.724609 -0.123047 1310160626.468127
0.296875 0.701172 -0.091797 1310160626.493094
0.333984 0.778320 -0.225586 1310160626.539098
-0.202148 0.838867 -0.225586 1310160626.562139
-0.202148 0.838867 -0.225586 1310160626.587119
-0.115234 0.724609 -0.215820 1310160626.641144
-0.188477 0.787109 -0.199219 1310160626.662142
-0.065430 0.799805 -0.118164 1310160626.684152
0.011719 0.771484 -0.089844 1310160626.728148
0.000000 0.702148 -0.118164 1310160626.756126
-0.028320 0.802734 -0.175781 1310160626.799148
-0.048828 0.807617 -0.187500 1310160626.822151
-0.082031 0.792969 -0.202148 1310160626.844147
0.032227 0.801758 -0.193359 1310160626.888141
0.105469 0.767578 -0.177734 1310160626.909158
-0.023438 0.769531 -0.177734 1310160626.957167
0.051758 0.769531 -0.177734 1310160626.983151
0.231445 0.723633 -0.129883 1310160627.014149
0.240234 0.681641 -0.085938 1310160627.058155
0.048828 0.647461 0.055664 1310160627.082157
0.138672 0.570312 0.141602 1310160627.106155
0.399414 0.705078 0.141602 1310160627.131154
0.365234 0.726562 0.058594 1310160627.173172
0.170898 0.721680 0.000977 1310160627.217159
0.169922 0.710938 -0.051758 1310160627.239159
0.128906 0.828125 -0.052734 1310160627.282151
0.116211 0.785156 -0.041992 1310160627.304155
0.081055 0.716797 -0.083008 1310160627.328161
0.088867 0.740234 -0.080078 1310160627.379160
0.151367 0.750977 -0.102539 1310160627.422159
0.238281 0.743164 -0.048828 1310160627.423154
0.281250 0.790039 -0.082031 1310160627.459164
0.204102 0.795898 -0.151367 1310160627.483144
0.000977 0.749023 -0.257812 1310160627.527163
-0.139648 0.764648 -0.196289 1310160627.550165
-0.148438 0.751953 -0.255859 1310160627.592164
-0.124023 0.757812 -0.270508 1310160627.688122
-0.105469 0.738281 -0.247070 1310160627.689111
-0.150391 0.753906 -0.247070 1310160627.706143
-0.112305 0.727539 -0.154297 1310160627.729137
0.036133 0.682617 0.018555 1310160627.751143
0.414062 0.671875 0.018555 1310160627.796145
0.430664 0.769531 -0.093750 1310160627.817141
-0.116211 0.822266 -0.083984 1310160627.839174
-0.188477 0.572266 -0.083984 1310160627.882168
-0.089844 0.635742 -0.137695 1310160627.924165
0.001953 0.780273 -0.148438 1310160627.947157
0.023438 0.767578 -0.118164 1310160627.977173
-0.023438 0.767578 -0.178711 1310160628.001175
-0.075195 0.748047 -0.160156 1310160628.048177
-0.010742 0.755859 -0.183594 1310160628.073175
0.034180 0.505859 -0.183594 1310160628.096175
-0.215820 0.505859 -0.183594 1310160628.138174
-0.034180 0.748047 -0.192383 1310160628.182175
-0.072266 0.795898 -0.199219 1310160628.204174
-0.125000 0.757812 -0.195312 1310160628.229187
-0.125000 0.757812 -0.195312 1310160628.272177
-0.100586 0.759766 -0.209961 1310160628.312157
-0.056641 0.737305 -0.185547 1310160628.334180
-0.044922 0.756836 -0.168945 1310160628.359182
-0.006836 0.752930 -0.149414 1310160628.403181
0.037109 0.749023 -0.163086 1310160628.427175
0.043945 0.765625 -0.108398 1310160628.451195
0.011719 0.753906 -0.044922 1310160628.497177
0.011719 0.753906 -0.044922 1310160628.523186
0.047852 0.722656 -0.051758 1310160628.568181
0.047852 0.722656 -0.051758 1310160628.589178
0.043945 0.744141 -0.043945 1310160628.620186
0.004883 0.732422 -0.032227 1310160628.662186
0.016602 0.746094 -0.020508 1310160628.686449
0.000977 0.728516 -0.051758 1310160628.729171
-0.025391 0.733398 -0.025391 1310160628.752167
-0.008789 0.770508 -0.049805 1310160628.774190
