-0.204102 1.040039 0.617188 1311030625.294888 
-0.214844 0.981445 0.596680 1311030625.339890 
-0.192383 0.945312 0.608398 1311030625.361892 
-0.199219 0.968750 0.589844 1311030625.406892 
-0.237305 0.980469 0.610352 1311030625.432889 
-0.237305 0.980469 0.610352 1311030625.456893 
-0.201172 0.986328 0.610352 1311030625.504872 
-0.196289 0.934570 0.629883 1311030625.531896 
-0.190430 0.966797 0.616211 1311030625.577884 
-0.145508 0.938477 0.635742 1311030625.599893 
-0.153320 0.918945 0.665039 1311030625.623894 
-0.129883 0.908203 0.668945 1311030625.667836 
-0.150391 0.959961 0.694336 1311030625.688884 
-0.150391 0.929688 0.669922 1311030625.742877 
-0.113281 0.932617 0.672852 1311030625.768886 
-0.082031 0.973633 0.652344 1311030625.792901 
-0.149414 1.020508 0.623047 1311030625.815897 
-0.180664 0.961914 0.618164 1311030625.846901 
-0.213867 0.933594 0.575195 1311030625.886905 
-0.159180 0.928711 0.583008 1311030625.907981 
-0.076172 0.878906 0.540039 1311030625.971911 
-0.129883 0.968750 0.493164 1311030625.972894 
-0.258789 0.985352 0.596680 1311030626.016901 
-0.231445 1.008789 0.697266 1311030626.058876 
-0.180664 1.010742 0.614258 1311030626.081897 
-0.161133 0.999023 0.631836 1311030626.109900 
-0.101562 1.023438 0.604492 1311030626.133899 
-0.159180 0.975586 0.613281 1311030626.193914 
-0.207031 0.975586 0.613281 1311030626.253912 
-0.145508 0.988281 0.617188 1311030626.256902 
-0.145508 1.062500 0.610352 1311030626.278828 
-0.185547 0.959961 0.588867 1311030626.301902 
-0.175781 0.960938 0.632812 1311030626.344903 
-0.207031 0.967773 0.592773 1311030626.367908 
-0.167969 0.994141 0.551758 1311030626.392911 
-0.198242 1.041992 0.562500 1311030626.433907 
-0.230469 1.003906 0.522461 1311030626.476860 
-0.233398 0.999023 0.556641 1311030626.501913 
-0.191406 1.027344 0.543945 1311030626.548892 
-0.158203 1.102539 0.606445 1311030626.549903 
-0.041992 1.059570 0.657227 1311030626.588903 
0.058594 0.986328 0.640625 1311030626.619877 
-0.018555 1.011719 0.624023 1311030626.649915 
-0.254883 0.970703 0.621094 1311030626.693889 
-0.446289 0.961914 0.638672 1311030626.737837 
-0.179688 1.057617 0.642578 1311030626.738861 
-0.080078 0.949219 0.583008 1311030626.781912 
-0.072266 0.971680 0.622070 1311030626.837919 
-0.027344 1.009766 0.617188 1311030626.862918 
-0.020508 1.060547 0.587891 1311030626.886920 
-0.227539 0.879883 0.538086 1311030626.907783 
-0.283203 1.007812 0.619141 1311030626.949920 
-0.305664 1.077148 0.549805 1311030626.992917 
-0.195312 0.986328 0.568359 1311030627.014923 
-0.227539 1.109375 0.539062 1311030627.057877 
-0.342773 0.999023 0.540039 1311030627.078909 
-0.224609 1.021484 0.544922 1311030627.099886 
-0.190430 1.058594 0.532227 1311030627.145947 
-0.250000 1.008789 0.483398 1311030627.189926 
-0.266602 1.003906 0.511719 1311030627.212922 
-0.244141 1.031250 0.506836 1311030627.234925 
-0.253906 1.037109 0.506836 1311030627.278926 
-0.318359 1.035156 0.485352 1311030627.294924 
-0.376953 1.052734 0.490234 1311030627.328927 
-0.269531 1.020508 0.521484 1311030627.372927 
-0.188477 1.016602 0.575195 1311030627.397936 
-0.168945 0.981445 0.687500 1311030627.442929 
0.007812 0.827148 1.034180 1311030627.464935 
0.498047 1.109375 0.918945 1311030627.536928 
0.498047 1.109375 0.918945 1311030627.537923 
-0.312500 0.953125 0.638672 1311030627.578931 
-0.273438 1.012695 0.636719 1311030627.601895 
-0.286133 0.929688 0.571289 1311030627.644933 
-0.348633 1.002930 0.487305 1311030627.669925 
-0.288086 1.033203 0.474609 1311030627.688943 
-0.147461 1.000977 0.544922 1311030627.725942 
-0.168945 0.973633 0.601562 1311030627.748931 
-0.191406 1.044922 0.540039 1311030627.794939 
-0.223633 0.998047 0.599609 1311030627.817938 
-0.196289 0.985352 0.634766 1311030627.862938 
-0.150391 0.985352 0.606445 1311030627.883909 
-0.201172 0.963867 0.593750 1311030627.927899 
-0.174805 0.947266 0.637695 1311030627.949938 
-0.212891 0.963867 0.612305 1311030627.972938 
-0.144531 0.954102 0.614258 1311030628.014941 
-0.125977 0.970703 0.628906 1311030628.037947 
-0.194336 0.988281 0.639648 1311030628.079956 
-0.099609 0.968750 0.744141 1311030628.102934 
0.050781 1.001953 0.711914 1311030628.146928 
0.097656 0.962891 0.691406 1311030628.166944 
-0.198242 0.906250 0.671875 1311030628.208942 
-0.356445 0.775391 0.577148 1311030628.231945 
-0.583984 1.037109 0.577148 1311030628.275952 
-0.036133 1.005859 0.664062 1311030628.319946 
-0.028320 0.893555 0.587891 1311030628.342948 
-0.119141 0.914062 0.674805 1311030628.364914 
0.060547 0.921875 0.772461 1311030628.392948 
-0.067383 1.026367 0.686523 1311030628.436889 
-0.205078 1.035156 0.686523 1311030628.457950 
-0.236328 0.993164 0.618164 1311030628.501951 
-0.253906 0.995117 0.617188 1311030628.523944 
-0.203125 0.931641 0.658203 1311030628.569941 
-0.174805 1.004883 0.645508 1311030628.590875 
-0.210938 1.000977 0.626953 1311030628.613954 
-0.163086 1.030273 0.637695 1311030628.673945 
-0.202148 0.985352 0.609375 1311030628.695953 
-0.201172 0.977539 0.619141 1311030628.717953 
-0.228516 0.974609 0.574219 1311030628.827952 
-0.289062 0.958984 0.562500 1311030628.847959 
-0.207031 1.002930 0.597656 1311030628.848948 
-0.230469 1.000977 0.617188 1311030628.869956 
-0.294922 1.013672 0.570312 1311030628.892952 
-0.325195 0.993164 0.606445 1311030628.914952 
-0.325195 0.990234 0.594727 1311030628.959956 
-0.207031 0.967773 0.699219 1311030628.982959 
0.062500 0.826172 0.856445 1311030629.003962 
0.477539 0.979492 0.933594 1311030629.047960 
-0.093750 0.906250 0.634766 1311030629.092953 
-0.274414 0.826172 0.626953 1311030629.114910 
-0.114258 0.921875 0.656250 1311030629.137963 
-0.133789 0.970703 0.686523 1311030629.160964 
-0.315430 0.954102 0.607422 1311030629.207966 
-0.335938 1.043945 0.517578 1311030629.252957 
-0.237305 1.045898 0.563477 1311030629.273897 
-0.216797 0.992188 0.571289 1311030629.295952 
-0.234375 0.966797 0.581055 1311030629.339936 
-0.219727 0.922852 0.609375 1311030629.362969 
-0.164062 0.990234 0.681641 1311030629.384913 
-0.228516 0.990234 0.681641 1311030629.429967 
-0.193359 0.980469 0.626953 1311030629.472970 
-0.233398 1.000000 0.626953 1311030629.494973 
-0.206055 0.985352 0.614258 1311030629.538926 
-0.170898 0.988281 0.618164 1311030629.560968 
-0.170898 0.988281 0.618164 1311030629.583974 
-0.164062 1.034180 0.633789 1311030629.625960 
-0.143555 1.006836 0.666016 1311030629.648938 
-0.165039 1.038086 0.623047 1311030629.692975 
-0.104492 1.013672 0.684570 1311030629.713970 
-0.040039 0.954102 0.735352 1311030629.757973 
0.025391 0.940430 0.661133 1311030629.779980 
-0.173828 0.902344 0.585938 1311030629.822979 
-0.435547 0.881836 0.767578 1311030629.845975 
-0.220703 0.950195 0.706055 1311030629.888973 
0.043945 0.953125 0.597656 1311030629.919976 
-0.056641 0.901367 0.583984 1311030629.941975 
-0.112305 0.914062 0.696289 1311030629.985974 
-0.062500 0.954102 0.750977 1311030630.008979 
-0.070312 1.005859 0.664062 1311030630.063946 
-0.238281 0.980469 0.653320 1311030630.112979 
-0.300781 0.934570 0.651367 1311030630.132975 
-0.211914 0.921875 0.684570 1311030630.133976 
-0.107422 1.011719 0.675781 1311030630.174982 
-0.089844 0.999023 0.628906 1311030630.195989 
-0.216797 0.949219 0.647461 1311030630.242936 
-0.189453 0.960938 0.648438 1311030630.285982 
-0.192383 0.927734 0.621094 1311030630.287985 
-0.230469 0.981445 0.594727 1311030630.330989 
-0.215820 0.954102 0.596680 1311030630.353989 
-0.216797 0.977539 0.610352 1311030630.397909 
-0.210938 0.960938 0.622070 1311030630.439988 
-0.228516 1.034180 0.609375 1311030630.464988 
-0.312500 1.033203 0.557617 1311030630.508987 
-0.421875 0.973633 0.560547 1311030630.530951 
-0.295898 0.965820 0.625977 1311030630.553984 
-0.115234 0.890625 0.829102 1311030630.597979 
0.254883 0.882812 0.982422 1311030630.640938 
0.024414 0.934570 0.688477 1311030630.665977 
-0.192383 0.861328 0.651367 1311030630.687961 
-0.207031 0.888672 0.672852 1311030630.710982 
-0.211914 0.912109 0.704102 1311030630.753993 
-0.196289 0.954102 0.674805 1311030630.795991 
-0.160156 1.019531 0.621094 1311030630.817996 
-0.270508 0.962891 0.641602 1311030630.860997 
-0.361328 0.908203 0.583008 1311030630.862989 
-0.302734 1.027344 0.543945 1311030630.907996 
-0.309570 0.988281 0.586914 1311030630.938996 
-0.216797 1.019531 0.610352 1311030630.968945 
-0.137695 0.983398 0.658203 1311030631.011922 
-0.118164 0.990234 0.660156 1311030631.033999 
-0.141602 0.942383 0.649414 1311030631.077998 
-0.176758 0.983398 0.622070 1311030631.101002 
-0.204102 0.960938 0.652344 1311030631.145002 
-0.200195 0.998047 0.603516 1311030631.171000 
-0.202148 0.975586 0.615234 1311030631.194001 
-0.199219 0.974609 0.652344 1311030631.229997 
-0.134766 0.958984 0.684570 1311030631.253010 
-0.191406 0.982422 0.689453 1311030631.296005 
-0.151367 1.034180 0.663086 1311030631.337944 
-0.078125 0.994141 0.747070 1311030631.403994 
0.044922 0.910156 0.706055 1311030631.404991 
-0.047852 0.883789 0.646484 1311030631.417993 
-0.335938 0.883789 0.646484 1311030631.454975 
-0.679688 0.863281 0.806641 1311030631.499013 
-0.078125 1.080078 0.752930 1311030631.543015 
0.047852 0.892578 0.606445 1311030631.564005 
-0.131836 0.852539 0.677734 1311030631.595014 
-0.060547 0.938477 0.789062 1311030631.616011 
-0.060547 0.938477 0.789062 1311030631.659007 
-0.177734 0.903320 0.658203 1311030631.684012 
-0.307617 0.949219 0.666992 1311030631.728011 
-0.286133 0.916992 0.690430 1311030631.749974 
-0.227539 0.965820 0.635742 1311030631.793010 
-0.200195 0.992188 0.640625 1311030631.814986 
-0.155273 0.955078 0.666016 1311030631.859014 
-0.166016 0.941406 0.640625 1311030631.881015 
-0.166992 0.986328 0.619141 1311030631.903015 
-0.181641 0.965820 0.644531 1311030631.946012 
-0.256836 0.942383 0.663086 1311030631.969018 
-0.248047 1.000000 0.625000 1311030631.993020 
-0.209961 0.981445 0.628906 1311030632.057953 
-0.263672 0.972656 0.620117 1311030632.080978 
-0.234375 0.997070 0.602539 1311030632.103014 
-0.320312 1.005859 0.535156 1311030632.144024 
-0.422852 0.957031 0.584961 1311030632.166015 
-0.329102 0.881836 0.625977 1311030632.189018 
-0.062500 0.872070 0.799805 1311030632.233027 
0.312500 1.011719 0.919922 1311030632.256011 
-0.139648 0.842773 0.674805 1311030632.299953 
-0.154297 0.820312 0.726562 1311030632.344022 
-0.167969 0.909180 0.625977 1311030632.365022 
-0.165039 0.909180 0.625977 1311030632.386022 
-0.211914 0.932617 0.642578 1311030632.429028 
-0.205078 1.022461 0.629883 1311030632.453025 
-0.261719 0.955078 0.599609 1311030632.498973 
-0.248047 0.965820 0.632812 1311030632.521024 
-0.235352 0.962891 0.582031 1311030632.565029 
-0.226562 0.962891 0.582031 1311030632.586022 
-0.201172 1.002930 0.671875 1311030632.623024 
-0.179688 0.958008 0.655273 1311030632.674032 
-0.110352 0.958008 0.667969 1311030632.700031 
-0.119141 0.964844 0.617188 1311030632.723033 
-0.221680 0.968750 0.629883 1311030632.744966 
-0.221680 0.968750 0.629883 1311030632.769035 
-0.203125 0.955078 0.647461 1311030632.809034 
-0.150391 0.964844 0.659180 1311030632.851028 
-0.128906 0.979492 0.680664 1311030632.875035 
-0.152344 0.939453 0.675781 1311030632.917997 
-0.167969 0.936523 0.688477 1311030632.938988 
-0.023438 0.966797 0.704102 1311030632.981039 
0.082031 1.003906 0.699219 1311030633.004042 
-0.078125 0.939453 0.567383 1311030633.046032 
-0.373047 0.915039 0.641602 1311030633.069027 
-0.407227 0.968750 0.755859 1311030633.113048 
-0.095703 0.924805 0.643555 1311030633.135039 
-0.069336 0.912109 0.533203 1311030633.158042 
-0.138672 0.930664 0.666992 1311030633.204037 
-0.140625 0.898438 0.729492 1311030633.245999 
-0.116211 0.939453 0.658203 1311030633.268040 
-0.175781 0.928711 0.667969 1311030633.311041 
-0.278320 0.955078 0.616211 1311030633.313043 
-0.264648 0.976562 0.683594 1311030633.356040 
-0.200195 0.987305 0.666992 1311030633.400031 
-0.262695 0.920898 0.618164 1311030633.423053 
-0.216797 0.899414 0.654297 1311030633.465045 
-0.169922 1.007812 0.669922 1311030633.509050 
-0.179688 1.007812 0.669922 1311030633.531042 
-0.211914 0.935547 0.632812 1311030633.553046 
-0.210938 0.973633 0.634766 1311030633.596050 
-0.204102 0.990234 0.659180 1311030633.620049 
-0.241211 1.000000 0.596680 1311030633.643053 
-0.350586 1.009766 0.547852 1311030633.686036 
-0.350586 1.009766 0.547852 1311030633.709053 
-0.357422 0.995117 0.555664 1311030633.756041 
-0.212891 0.986328 0.644531 1311030633.779053 
-0.050781 0.911133 0.758789 1311030633.821052 
0.177734 0.786133 1.047852 1311030633.844058 
0.166016 0.949219 0.759766 1311030633.866018 
-0.176758 0.944336 0.615234 1311030633.909053 
-0.178711 0.899414 0.716797 1311030633.983054 
-0.145508 0.962891 0.762695 1311030633.984035 
-0.113281 0.955078 0.648438 1311030634.004057 
-0.165039 0.984375 0.527344 1311030634.046054 
-0.239258 1.014648 0.523438 1311030634.067991 
-0.359375 0.973633 0.561523 1311030634.114052 
-0.345703 1.004883 0.560547 1311030634.156059 
-0.317383 1.046875 0.522461 1311030634.178008 
-0.222656 0.990234 0.598633 1311030634.199067 
-0.166992 1.003906 0.668945 1311030634.221063 
-0.096680 0.936523 0.696289 1311030634.264012 
-0.124023 0.949219 0.696289 1311030634.287064 
-0.133789 0.987305 0.686523 1311030634.330056 
-0.162109 0.969727 0.678711 1311030634.353062 
-0.208984 0.935547 0.656250 1311030634.396065 
-0.199219 0.937500 0.649414 1311030634.418063 
-0.181641 0.937500 0.649414 1311030634.441259 
-0.166016 0.949219 0.668945 1311030634.501066 
-0.139648 0.959961 0.689453 1311030634.521065 
-0.219727 0.932617 0.649414 1311030634.545034 
-0.211914 0.904297 0.655273 1311030634.585065 
-0.153320 0.930664 0.637695 1311030634.628068 
-0.153320 0.925781 0.637695 1311030634.651071 
-0.185547 0.920898 0.698242 1311030634.695014 
-0.160156 0.935547 0.675781 1311030634.718071 
-0.168945 0.931641 0.679688 1311030634.740071 
-0.181641 0.940430 0.655273 1311030634.784055 
-0.184570 0.912109 0.689453 1311030634.805070 
-0.184570 0.912109 0.689453 1311030634.849075 
-0.214844 0.957031 0.683594 1311030634.878061 
-0.211914 0.917969 0.634766 1311030634.921073 
-0.191406 1.040039 0.637695 1311030634.943075 
-0.211914 0.952148 0.639648 1311030634.965078 
-0.231445 0.963867 0.676758 1311030634.989076 
-0.231445 0.963867 0.676758 1311030635.034075 
-0.228516 0.943359 0.626953 1311030635.078083 
-0.229492 0.926758 0.635742 1311030635.103078 
-0.205078 0.949219 0.628906 1311030635.145074 
-0.203125 0.947266 0.621094 1311030635.168079 
-0.240234 0.952148 0.630859 1311030635.191101 
-0.239258 0.958008 0.620117 1311030635.224054 
-0.225586 0.930664 0.630859 1311030635.270084 
-0.229492 0.985352 0.623047 1311030635.293062 
-0.240234 1.001953 0.604492 1311030635.325079 
-0.270508 0.963867 0.607422 1311030635.360083 
-0.248047 1.031250 0.593750 1311030635.383084 
