-0.065430 0.736328 -0.118164 1310159352.038353
-0.058594 0.746094 -0.124023 1310159352.060345
-0.030273 0.732422 -0.129883 1310159352.104353
-0.013672 0.746094 -0.137695 1310159352.126348
-0.024414 0.750977 -0.193359 1310159352.169347
-0.079102 0.703125 -0.203125 1310159352.191351
-0.134766 0.610352 -0.241211 1310159352.235351
-0.153320 0.472656 -0.274414 1310159352.258386
-0.150391 0.363281 -0.142578 1310159352.300356
-0.045898 0.375000 -0.155273 1310159352.323356
0.062500 0.375000 -0.155273 1310159352.344366
0.197266 0.650391 0.072266 1310159352.393363
0.025391 0.867188 0.193359 1310159352.414381
-0.155273 1.431641 0.185547 1310159352.459353
-0.503906 1.975586 -0.038086 1310159352.480354
-0.276367 1.984375 -0.015625 1310159352.506366
-0.276367 1.984375 -0.015625 1310159352.548366
0.041016 1.106445 -0.192383 1310159352.593372
-0.314453 0.215820 -0.227539 1310159352.614362
-0.418945 -0.455078 -0.305664 1310159352.636364
-0.058594 -0.575195 -0.149414 1310159352.681365
0.086914 -0.173828 -0.184570 1310159352.704370
-0.138672 -0.117188 -0.156250 1310159352.748359
-0.115234 -0.225586 -0.170898 1310159352.770395
-0.142578 -0.084961 -0.472656 1310159352.870367
-0.251953 0.070312 -0.279297 1310159352.890374
-0.061523 0.007812 -0.311523 1310159352.891344
-0.429688 0.702148 0.134766 1310159352.906368
-0.429688 0.702148 0.134766 1310159352.938420
0.263672 1.984375 0.555664 1310159352.983350
-0.021484 1.982422 0.150391 1310159352.991362
-0.347656 1.980469 -0.091797 1310159353.035369
-0.368164 1.385742 -0.319336 1310159353.056358
-0.262695 0.328125 -0.169922 1310159353.100370
-0.280273 -0.411133 -0.322266 1310159353.126375
0.215820 -0.486328 -0.295898 1310159353.173380
0.147461 0.062500 -0.076172 1310159353.194358
-0.003906 -0.175781 0.068359 1310159353.217420
0.073242 -0.295898 -0.072266 1310159353.260366
-0.032227 -0.295898 -0.072266 1310159353.285388
-0.264648 -0.311523 -0.268555 1310159353.336369
-0.150391 -0.134766 -0.255859 1310159353.365397
-0.394531 0.761719 -0.179688 1310159353.388376
-0.345703 1.906250 0.250977 1310159353.433389
0.333008 1.980469 0.093750 1310159353.455354
-0.373047 1.980469 0.078125 1310159353.480357
-0.027344 1.975586 0.010742 1310159353.524370
-0.326172 1.982422 -0.181641 1310159353.546394
-0.385742 1.373047 -0.158203 1310159353.590389
-0.045898 0.341797 -0.170898 1310159353.615379
-0.096680 -0.504883 -0.190430 1310159353.638380
0.017578 -0.796875 -0.078125 1310159353.683382
0.033203 -0.176758 -0.083984 1310159353.726383
-0.036133 -0.089844 -0.235352 1310159353.748387
0.013672 -0.100586 -0.178711 1310159353.769417
-0.110352 -0.088867 -0.325195 1310159353.813386
-0.234375 -0.319336 -0.155273 1310159353.828387
-0.193359 0.017578 -0.310547 1310159353.878403
-0.531250 0.795898 -0.462891 1310159353.900385
-0.728516 1.980469 0.002930 1310159353.948391
0.207031 1.982422 0.202148 1310159353.958389
0.440430 1.983398 0.566406 1310159354.019387
0.025391 1.982422 0.311523 1310159354.021409
-0.423828 1.979492 0.049805 1310159354.064386
-0.202148 1.417969 -0.188477 1310159354.117409
-0.289062 0.486328 -0.347656 1310159354.154415
-0.641602 -0.484375 -0.385742 1310159354.155380
-0.056641 -0.582031 -0.262695 1310159354.196391
0.075195 0.224609 -0.015625 1310159354.218390
0.097656 -0.227539 -0.000977 1310159354.261145
0.115234 -0.402344 -0.198242 1310159354.281395
-0.033203 -0.180664 -0.188477 1310159354.324400
0.021484 -0.238281 -0.234375 1310159354.366395
-0.033203 -0.288086 -0.212891 1310159354.389395
-0.104492 -0.288086 -0.212891 1310159354.411406
-0.364258 1.070312 -0.110352 1310159354.455397
-0.059570 1.980469 0.240234 1310159354.479375
0.087891 1.982422 0.144531 1310159354.521400
0.110352 1.978516 -0.080078 1310159354.543399
-0.590820 1.983398 -0.150391 1310159354.586403
-0.555664 1.983398 -0.150391 1310159354.608391
-0.033203 0.569336 -0.317383 1310159354.655405
-0.128906 -0.209961 -0.409180 1310159354.678403
-0.180664 -0.797852 -0.241211 1310159354.701413
-0.051758 -0.322266 -0.224609 1310159354.746381
-0.021484 -0.167969 -0.071289 1310159354.768398
-0.002930 -0.149414 -0.106445 1310159354.812402
-0.163086 -0.112305 -0.210938 1310159354.856406
-0.060547 -0.097656 -0.149414 1310159354.880407
-0.007812 -0.073242 -0.157227 1310159354.920405
-0.013672 -0.012695 -0.250977 1310159354.943441
-0.283203 0.839844 -0.032227 1310159354.967423
-0.033203 0.839844 -0.032227 1310159355.001407
0.171875 1.916016 0.613281 1310159355.025403
0.096680 1.982422 0.556641 1310159355.073410
-0.548828 1.982422 0.083008 1310159355.100411
-0.228516 1.978516 0.247070 1310159355.121422
-0.044922 1.927734 -0.107422 1310159355.144410
-0.051758 1.153320 -0.360352 1310159355.185400
-0.177734 0.307617 -0.294922 1310159355.230418
-0.492188 -0.847656 -0.583008 1310159355.253420
-0.224609 -0.348633 -0.286133 1310159355.308437
-0.019531 -0.019531 -0.108398 1310159355.309417
-0.031250 -0.269531 -0.108398 1310159355.345466
0.017578 -0.421875 -0.175781 1310159355.421423
0.017578 -0.287109 -0.219727 1310159355.446400
-0.177734 0.007812 -0.310547 1310159355.468384
-0.289062 -0.163086 -0.099609 1310159355.469439
-0.193359 0.116211 -0.125977 1310159355.519424
-0.119141 1.981445 -0.051758 1310159355.541422
-0.132812 1.982422 0.421875 1310159355.571415
-0.344727 1.984375 0.240234 1310159355.614422
0.418945 1.978516 -0.031250 1310159355.635422
-0.254883 1.929688 0.040039 1310159355.679417
-0.286133 1.031250 -0.145508 1310159355.700423
-0.073242 0.041016 -0.197266 1310159355.748420
-0.097656 -0.723633 -0.161133 1310159355.770407
0.110352 -0.542969 -0.226562 1310159355.796433
-0.031250 -0.033203 -0.180664 1310159355.831435
-0.098633 -0.107422 -0.130859 1310159355.876429
-0.136719 -0.147461 -0.248047 1310159355.898430
-0.153320 -0.342773 -0.227539 1310159355.921431
-0.073242 -0.208984 -0.126953 1310159355.990433
-0.053711 0.050781 -0.216797 1310159355.999428
-0.125000 0.117188 -0.521484 1310159356.020427
-0.637695 0.735352 -0.164062 1310159356.068422
-0.582031 1.982422 0.270508 1310159356.090432
-0.101562 1.975586 0.395508 1310159356.113436
-0.101562 1.975586 0.395508 1310159356.158441
0.483398 1.983398 0.239258 1310159356.188443
-0.244141 1.979492 0.167969 1310159356.231434
-0.461914 1.612305 -0.065430 1310159356.255439
0.000000 0.600586 -0.390625 1310159356.278452
-0.332031 -0.118164 -0.391602 1310159356.324434
-0.493164 -0.701172 -0.472656 1310159356.368436
-0.180664 0.018555 -0.186523 1310159356.391439
0.006836 -0.153320 -0.062500 1310159356.415444
0.131836 -0.355469 -0.078125 1310159356.439460
-0.042969 -0.355469 -0.078125 1310159356.489418
-0.042969 -0.355469 -0.078125 1310159356.513391
-0.121094 -0.250977 -0.449219 1310159356.543388
-0.259766 -0.019531 -0.125977 1310159356.588423
-0.322266 0.430664 -0.006836 1310159356.610434
0.178711 1.983398 0.014648 1310159356.656396
-0.375000 1.982422 0.014648 1310159356.658415
-0.390625 1.980469 0.176758 1310159356.710400
0.334961 1.980469 -0.075195 1310159356.737389
-0.311523 1.983398 -0.095703 1310159356.779394
-0.308594 1.285156 -0.100586 1310159356.800394
0.090820 0.317383 -0.375000 1310159356.823396
-0.141602 -0.545898 -0.379883 1310159356.888401
-0.164062 -0.806641 -0.195312 1310159356.910392
0.111328 -0.116211 -0.119141 1310159356.934417
0.045898 -0.096680 -0.079102 1310159356.955409
-0.085938 -0.167969 -0.084961 1310159356.999412
-0.110352 -0.115234 -0.119141 1310159357.021425
0.010742 -0.086914 -0.180664 1310159357.065446
-0.156250 -0.246094 -0.248047 1310159357.086430
-0.237305 -0.004883 -0.130859 1310159357.131447
-0.458984 0.660156 -0.104492 1310159357.154467
-0.501953 1.933594 -0.029297 1310159357.193454
-0.293945 1.973633 0.220703 1310159357.216432
-0.083008 1.898438 0.379883 1310159357.263461
0.204102 1.874023 0.361328 1310159357.306418
-0.004883 1.980469 0.151367 1310159357.308428
-0.267578 1.983398 0.421875 1310159357.353447
0.134766 1.920898 0.077148 1310159357.374489
0.055664 0.942383 0.077148 1310159357.418437
-0.296875 0.192383 -0.347656 1310159357.448421
-0.653320 -0.723633 -0.461914 1310159357.471453
-0.330078 -0.208984 -0.315430 1310159357.505425
-0.040039 0.217773 -0.079102 1310159357.551466
0.074219 -0.301758 0.057617 1310159357.573462
0.104492 -0.476562 -0.138672 1310159357.598466
0.156250 -0.476562 -0.138672 1310159357.644455
0.005859 -0.024414 -0.275391 1310159357.676463
-0.028320 -0.253906 -0.100586 1310159357.699463
-0.262695 -0.125000 -0.251953 1310159357.741448
-0.480469 1.339844 -0.017578 1310159357.764457
0.418945 1.983398 0.173828 1310159357.813460
0.418945 1.983398 0.173828 1310159357.835447
0.147461 1.683594 0.453125 1310159357.865480
-0.120117 1.470703 0.210938 1310159357.910466
-0.409180 1.292969 0.032227 1310159357.934458
-0.264648 0.868164 0.025391 1310159357.964463
0.124023 0.475586 -0.003906 1310159358.029467
0.142578 0.225586 -0.121094 1310159358.030451
-0.175781 0.129883 -0.096680 1310159358.053440
-0.214844 0.163086 -0.093750 1310159358.096472
-0.115234 0.420898 -0.179688 1310159358.118472
0.054688 0.943359 -0.278320 1310159358.142473
-0.054688 1.035156 -0.163086 1310159358.195467
-0.200195 0.753906 -0.092773 1310159358.223467
-0.006836 0.701172 -0.088867 1310159358.269485
0.286133 0.898438 -0.116211 1310159358.290470
-0.016602 0.775391 -0.083008 1310159358.313465
-0.256836 0.679688 -0.048828 1310159358.335470
-0.171875 0.675781 -0.049805 1310159358.384474
0.003906 0.733398 -0.045898 1310159358.420448
-0.024414 0.791016 -0.072266 1310159358.441474
-0.116211 0.750977 -0.095703 1310159358.486479
-0.086914 0.704102 -0.096680 1310159358.508476
-0.134766 0.704102 -0.096680 1310159358.530476
-0.000977 0.789062 -0.161133 1310159358.576477
0.004883 0.746094 -0.061523 1310159358.600481
-0.102539 0.666992 -0.044922 1310159358.646480
