-0.247070 0.607422 0.264648 1309539758.357631
-0.230469 0.660156 0.251953 1309539758.383631
-0.252930 0.650391 0.291016 1309539758.405631
-0.245117 0.642578 0.221680 1309539758.450643
-0.246094 0.593750 0.182617 1309539758.474635
-0.173828 0.448242 0.133789 1309539758.496641
-0.095703 0.286133 0.009766 1309539758.560637
-0.044922 0.425781 0.147461 1309539758.582631
-0.093750 0.462891 0.101562 1309539758.625640
-0.128906 0.314453 0.189453 1309539758.648635
-0.184570 0.468750 0.412109 1309539758.690636
-0.113281 0.832031 0.696289 1309539758.692636
-0.115234 1.332031 0.696289 1309539758.725639
-0.092773 1.615234 1.073242 1309539758.779644
-0.286133 1.706055 1.065430 1309539758.800639
-0.371094 1.562500 0.636719 1309539758.845641
-0.516602 1.410156 0.227539 1309539758.870643
-0.240234 0.735352 0.227539 1309539758.892645
0.048828 -0.247070 -0.007812 1309539758.935654
0.064453 -0.577148 -0.337891 1309539758.979648
-0.106445 -0.141602 -0.266602 1309539759.000641
-0.232422 -0.122070 -0.203125 1309539759.024640
-0.122070 -0.161133 -0.123047 1309539759.052652
0.048828 -0.184570 -0.131836 1309539759.085645
0.052734 -0.086914 -0.236328 1309539759.129618
-0.191406 0.000977 -0.299805 1309539759.152652
-0.187500 0.191406 -0.333008 1309539759.198645
-0.649414 1.199219 0.014648 1309539759.219655
-0.928711 1.761719 0.854492 1309539759.242642
0.707031 1.981445 1.533203 1309539759.285839
-0.486328 1.983398 1.304688 1309539759.339650
-0.695312 1.979492 1.041016 1309539759.365647
-0.499023 1.582031 0.501953 1309539759.388654
-0.273438 0.848633 0.125977 1309539759.425651
-0.264648 -0.047852 -0.105469 1309539759.448656
-0.178711 -0.515625 -0.174805 1309539759.472655
0.042969 -0.156250 -0.159180 1309539759.504654
0.166016 -0.179688 -0.124023 1309539759.550655
0.158203 -0.226562 -0.161133 1309539759.573656
-0.142578 -0.329102 -0.312500 1309539759.597656
-0.239258 -0.079102 -0.312500 1309539759.642654
-0.419922 0.270508 -0.373047 1309539759.693651
-0.835938 0.921875 0.059570 1309539759.720663
0.229492 1.549805 0.884766 1309539759.733660
0.518555 1.978516 1.251953 1309539759.759657
-0.068359 1.953125 1.462891 1309539759.803659
-0.212891 1.880859 1.077148 1309539759.826659
-0.448242 1.529297 0.444336 1309539759.872662
-0.601562 1.238281 0.112305 1309539759.894663
-0.507812 0.307617 -0.001953 1309539759.938639
-0.100586 -0.395508 -0.283203 1309539759.959669
0.131836 -0.424805 -0.278320 1309539759.982658
0.131836 -0.424805 -0.278320 1309539760.029425
-0.049805 -0.219727 -0.154297 1309539760.052659
-0.075195 -0.179688 -0.110352 1309539760.088664
0.041016 -0.144531 -0.100586 1309539760.122665
0.030273 -0.144531 -0.251953 1309539760.168663
-0.201172 -0.057617 -0.085938 1309539760.169646
-0.267578 0.512695 0.184570 1309539760.222669
-0.680664 1.784180 0.407227 1309539760.247687
0.183594 1.984375 1.288086 1309539760.292671
-0.433594 1.690430 1.452148 1309539760.314668
-0.663086 1.988281 1.312500 1309539760.339671
-0.566406 1.979492 0.562500 1309539760.377670
-0.486328 1.380859 0.476562 1309539760.414668
-0.302734 0.554688 0.095703 1309539760.438650
-0.258789 -0.311523 -0.283203 1309539760.467672
-0.019531 -0.217773 -0.237305 1309539760.500675
0.093750 -0.187500 -0.109375 1309539760.548669
0.254883 -0.186523 -0.125977 1309539760.571685
0.061523 -0.246094 -0.196289 1309539760.650672
-0.168945 -0.252930 -0.194336 1309539760.672677
-0.163086 -0.268555 -0.227539 1309539760.673675
-0.219727 0.253906 -0.267578 1309539760.695676
-0.507812 0.878906 -0.215820 1309539760.738679
-0.257812 0.878906 -0.215820 1309539760.762676
0.041992 1.765625 1.381836 1309539760.805681
-0.093750 1.748047 1.277344 1309539760.828677
0.166016 1.984375 1.633789 1309539760.860681
-0.041016 1.595703 0.901367 1309539760.904677
-0.631836 1.341797 0.392578 1309539760.927676
-0.314453 0.705078 0.164062 1309539760.970690
-0.013672 -0.103516 0.164062 1309539760.993687
-0.020508 -0.618164 -0.253906 1309539761.018682
0.128906 -0.072266 -0.244141 1309539761.067686
-0.099609 -0.101562 -0.199219 1309539761.078688
-0.123047 -0.201172 -0.221680 1309539761.120684
0.039062 -0.248047 -0.160156 1309539761.147686
0.083008 -0.081055 -0.235352 1309539761.192700
-0.184570 0.031250 -0.172852 1309539761.214686
-0.147461 0.083984 -0.114258 1309539761.260692
-0.391602 1.238281 0.254883 1309539761.284688
-0.621094 1.981445 0.874023 1309539761.305686
0.140625 1.901367 1.562500 1309539761.350687
-0.348633 1.983398 1.461914 1309539761.372692
-0.345703 1.937500 1.053711 1309539761.420692
-0.383789 1.587891 0.600586 1309539761.443689
-0.315430 0.781250 0.208008 1309539761.485698
-0.359375 -0.033203 -0.149414 1309539761.508710
-0.208008 -0.404297 -0.232422 1309539761.550694
0.033203 -0.105469 -0.169922 1309539761.573698
0.042969 -0.257812 -0.147461 1309539761.595694
0.108398 -0.230469 -0.134766 1309539761.652696
-0.007812 -0.343750 -0.249023 1309539761.674691
-0.053711 -0.230469 -0.125977 1309539761.697692
-0.316406 0.286133 -0.166992 1309539761.738695
-0.478516 1.104492 0.000977 1309539761.759697
-0.225586 1.369141 1.064453 1309539761.802697
0.232422 1.886719 1.531250 1309539761.845696
-0.112305 1.843750 1.280273 1309539761.867698
-0.159180 1.800781 1.393555 1309539761.935705
-0.315430 1.478516 0.744141 1309539761.953704
-0.620117 1.231445 0.289062 1309539761.954699
-0.405273 0.506836 0.182617 1309539761.998704
-0.073242 -0.262695 -0.127930 1309539762.020702
0.239258 -0.541016 -0.297852 1309539762.044703
0.041016 -0.126953 -0.230469 1309539762.087700
-0.163086 -0.187500 -0.156250 1309539762.120699
-0.041992 -0.189453 -0.161133 1309539762.152709
0.039062 -0.174805 -0.148438 1309539762.194705
0.038086 -0.158203 -0.292969 1309539762.217709
-0.160156 0.004883 -0.167969 1309539762.242709
-0.212891 0.292969 -0.105469 1309539762.294707
-0.563477 1.356445 0.182617 1309539762.315710
-0.440430 1.981445 0.961914 1309539762.359710
0.144531 1.983398 1.678711 1309539762.382707
-0.448242 1.980469 1.304688 1309539762.403707
-0.500000 1.980469 0.804688 1309539762.427696
-0.436523 1.498047 0.367188 1309539762.479714
-0.274414 0.767578 0.011719 1309539762.502719
-0.373047 -0.117188 -0.175781 1309539762.544707
-0.172852 -0.416016 -0.217773 1309539762.567713
0.090820 -0.109375 -0.167969 1309539762.613717
0.126953 -0.272461 -0.167969 1309539762.636719
0.094727 -0.255859 -0.204102 1309539762.680685
-0.039062 -0.253906 -0.186523 1309539762.703719
-0.196289 -0.230469 -0.201172 1309539762.730720
-0.146484 0.218750 -0.302734 1309539762.762717
-0.363281 1.042969 -0.033203 1309539762.804717
-0.513672 1.042969 -0.033203 1309539762.825714
-0.115234 1.980469 1.464844 1309539762.862720
0.142578 1.982422 1.435547 1309539762.885718
0.010742 1.980469 1.236328 1309539762.930723
-0.469727 1.612305 0.723633 1309539762.952723
-0.621094 1.211914 0.240234 1309539762.995720
-0.385742 0.711914 0.240234 1309539763.018726
-0.070312 -0.329102 -0.281250 1309539763.060720
0.209961 -0.642578 -0.294922 1309539763.084721
0.048828 -0.139648 -0.257812 1309539763.129686
-0.113281 -0.159180 -0.181641 1309539763.152729
0.005859 -0.263672 -0.125000 1309539763.203728
0.068359 -0.210938 -0.088867 1309539763.230722
0.017578 -0.178711 -0.234375 1309539763.253729
-0.055664 0.034180 -0.275391 1309539763.298728
-0.360352 0.042969 -0.092773 1309539763.319727
-0.280273 0.899414 -0.025391 1309539763.340720
-0.631836 1.875000 0.519531 1309539763.363726
0.028320 1.982422 1.365234 1309539763.407728
-0.021484 1.980469 1.285156 1309539763.450790
-0.746094 1.982422 1.142578 1309539763.473735
-0.449219 1.980469 0.841797 1309539763.517729
-0.540039 1.404297 0.340820 1309539763.538735
-0.480469 0.470703 0.340820 1309539763.582732
-0.324219 -0.340820 -0.204102 1309539763.614731
0.087891 -0.400391 -0.175781 1309539763.635731
0.113281 -0.196289 -0.134766 1309539763.658726
0.080078 -0.187500 -0.071289 1309539763.695739
0.151367 -0.153320 -0.200195 1309539763.724735
0.038086 -0.403320 -0.200195 1309539763.748732
-0.022461 -0.191406 -0.078125 1309539763.812743
-0.192383 0.205078 -0.125000 1309539763.834741
-0.685547 1.517578 0.235352 1309539763.859738
-1.219727 1.980469 1.150391 1309539763.884748
0.479492 1.035156 1.185547 1309539763.927739
-0.233398 1.319336 0.712891 1309539763.948769
-0.171875 0.792969 0.497070 1309539763.992747
-0.085938 0.405273 0.189453 1309539764.014742
-0.093750 0.386719 0.061523 1309539764.059745
-0.007812 0.332031 0.013672 1309539764.082745
-0.183594 0.553711 0.150391 1309539764.104715
-0.284180 0.652344 0.244141 1309539764.168746
-0.171875 0.632812 0.347656 1309539764.190721
-0.172852 0.608398 0.311523 1309539764.214747
-0.235352 0.593750 0.252930 1309539764.247747
-0.161133 0.590820 0.301758 1309539764.270746
-0.148438 0.609375 0.328125 1309539764.320748
-0.165039 0.636719 0.323242 1309539764.343739
-0.177734 0.617188 0.321289 1309539764.364746
-0.141602 0.643555 0.314453 1309539764.413756
-0.187500 0.656250 0.262695 1309539764.441750
-0.209961 0.625000 0.291016 1309539764.490769
-0.221680 0.591797 0.291016 1309539764.517750
-0.265625 0.657227 0.281250 1309539764.542751
-0.240234 0.640625 0.250977 1309539764.563756
-0.218750 0.643555 0.244141 1309539764.608755
-0.201172 0.630859 0.297852 1309539764.622762
-0.205078 0.637695 0.289062 1309539764.672754
-0.216797 0.620117 0.283203 1309539764.694754
-0.216797 0.620117 0.283203 1309539764.742759
