-0.096680 0.746094 -0.073242 1310511441.140380
-0.111328 0.699219 -0.059570 1310511441.162377
-0.115234 0.743164 -0.096680 1310511441.211378
-0.134766 0.754883 -0.103516 1310511441.232383
-0.165039 0.763672 -0.074219 1310511441.255417
-0.172852 0.779297 -0.081055 1310511441.299445
-0.164062 0.744141 -0.028320 1310511441.342464
-0.172852 0.695312 -0.067383 1310511441.364395
-0.159180 0.719727 -0.071289 1310511441.387375
-0.141602 0.694336 -0.079102 1310511441.429647
-0.150391 0.707031 -0.078125 1310511441.450390
-0.174805 0.742188 -0.026367 1310511441.494407
-0.209961 0.707031 -0.046875 1310511441.519409
-0.208984 0.722656 -0.140625 1310511441.561427
-0.259766 0.689453 -0.085938 1310511441.584443
-0.227539 0.699219 -0.087891 1310511441.614407
-0.206055 0.674805 -0.099609 1310511441.650381
-0.291016 0.732422 -0.144531 1310511441.686464
-0.192383 0.694336 -0.144531 1310511441.724399
-0.200195 0.734375 -0.118164 1310511441.746385
-0.158203 0.718750 -0.103516 1310511441.772393
-0.208008 0.728516 -0.096680 1310511441.821465
-0.214844 0.727539 -0.083008 1310511441.844397
-0.214844 0.712891 -0.103516 1310511441.889516
-0.235352 0.712891 -0.103516 1310511441.910462
-0.183594 0.698242 -0.118164 1310511441.934379
-0.227539 0.718750 -0.164062 1310511441.982434
-0.213867 0.720703 -0.184570 1310511442.006470
-0.215820 0.683594 -0.194336 1310511442.056385
-0.237305 0.683594 -0.211914 1310511442.082364
-0.237305 0.683594 -0.211914 1310511442.105474
-0.343750 0.662109 -0.330078 1310511442.131368
-0.568359 0.690430 -0.446289 1310511442.172393
-0.486328 0.700195 -0.356445 1310511442.194441
-0.408203 0.720703 -0.389648 1310511442.236416
-0.378906 0.783203 -0.257812 1310511442.259468
-0.179688 0.777344 0.168945 1310511442.304468
0.474609 0.675781 -0.325195 1310511442.347400
-0.195312 0.631836 -0.524414 1310511442.370479
-0.458008 0.530273 -0.141602 1310511442.394439
-0.409180 0.790039 -0.232422 1310511442.416480
-0.293945 0.755859 -0.272461 1310511442.460472
-0.296875 0.743164 -0.348633 1310511442.504392
-0.293945 0.716797 -0.329102 1310511442.525413
-0.205078 0.708008 -0.224609 1310511442.547400
-0.176758 0.673828 -0.172852 1310511442.581481
-0.225586 0.708008 -0.227539 1310511442.609475
-0.208984 0.732422 -0.255859 1310511442.654399
-0.228516 0.731445 -0.252930 1310511442.700473
-0.288086 0.687500 -0.256836 1310511442.721392
-0.278320 0.705078 -0.258789 1310511442.749486
-0.244141 0.714844 -0.259766 1310511442.771412
-0.223633 0.720703 -0.208008 1310511442.814393
-0.246094 0.720703 -0.208008 1310511442.836432
-0.212891 0.727539 -0.215820 1310511442.881433
-0.189453 0.705078 -0.190430 1310511442.926469
-0.167969 0.748047 -0.190430 1310511442.951618
-0.212891 0.716797 -0.189453 1310511442.975488
-0.221680 0.707031 -0.194336 1310511442.996477
-0.471680 0.707031 -0.194336 1310511443.040492
-0.227539 0.706055 -0.180664 1310511443.065405
-0.246094 0.752930 -0.182617 1310511443.099405
-0.226562 0.708984 -0.212891 1310511443.135400
-0.211914 0.726562 -0.210938 1310511443.159478
-0.182617 0.730469 -0.158203 1310511443.201498
-0.169922 0.699219 -0.181641 1310511443.245498
-0.186523 0.677734 -0.158203 1310511443.267550
-0.184570 0.736328 -0.143555 1310511443.290457
-0.192383 0.747070 -0.160156 1310511443.346462
-0.184570 0.735352 -0.198242 1310511443.372391
-0.173828 0.741211 -0.154297 1310511443.394453
-0.203125 0.728516 -0.136719 1310511443.440490
-0.217773 0.738281 -0.168945 1310511443.461495
-0.214844 0.716797 -0.159180 1310511443.482444
-0.219727 0.724609 -0.181641 1310511443.525498
-0.250000 0.699219 -0.166992 1310511443.550501
-0.208008 0.727539 -0.180664 1310511443.575495
-0.228516 0.735352 -0.159180 1310511443.617475
-0.207031 0.752930 -0.184570 1310511443.665474
-0.211914 0.736328 -0.154297 1310511443.689516
-0.180664 0.708984 -0.142578 1310511443.710491
-0.207031 0.710938 -0.166992 1310511443.737478
-0.215820 0.710938 -0.166992 1310511443.789429
-0.232422 0.701172 -0.143555 1310511443.811451
-0.209961 0.680664 -0.164062 1310511443.835440
-0.206055 0.722656 -0.191406 1310511443.886495
-0.212891 0.711914 -0.133789 1310511443.917438
-0.224609 0.697266 -0.166992 1310511443.939459
-0.284180 0.730469 -0.166992 1310511443.966479
-0.247070 0.716797 -0.138672 1310511444.024449
-0.200195 0.706055 -0.129883 1310511444.050465
-0.208984 0.699219 -0.139648 1310511444.079413
-0.208984 0.723633 -0.141602 1310511444.100503
-0.192383 0.744141 -0.133789 1310511444.125478
-0.192383 0.744141 -0.133789 1310511444.167418
-0.221680 0.720703 -0.128906 1310511444.194452
-0.208008 0.742188 -0.085938 1310511444.236504
-0.204102 0.721680 -0.114258 1310511444.259470
-0.226562 0.730469 -0.100586 1310511444.306425
-0.210938 0.697266 -0.078125 1310511444.316402
-0.245117 0.691406 -0.096680 1310511444.372381
-0.249023 0.687500 -0.100586 1310511444.395396
-0.260742 0.710938 -0.095703 1310511444.416384
-0.226562 0.726562 -0.099609 1310511444.460439
