-0.241211 0.595703 0.286133 1309542623.877321
-0.243164 0.608398 0.279297 1309542623.902355
-0.259766 0.629883 0.299805 1309542623.926315
-0.263672 0.637695 0.282227 1309542623.971388
-0.251953 0.660156 0.236328 1309542624.023377
-0.278320 0.649414 0.250977 1309542624.051368
-0.276367 0.641602 0.252930 1309542624.055364
-0.278320 0.602539 0.218750 1309542624.098379
-0.239258 0.587891 0.185547 1309542624.123388
-0.298828 0.561523 0.079102 1309542624.145336
-0.245117 0.539062 0.079102 1309542624.190353
-0.305664 0.574219 0.176758 1309542624.211380
-0.279297 0.468750 0.140625 1309542624.247328
-0.322266 0.474609 0.072266 1309542624.278327
-0.315430 0.511719 0.204102 1309542624.321333
-0.249023 0.483398 0.258789 1309542624.342345
-0.178711 0.733398 0.258789 1309542624.365368
-0.214844 0.519531 0.258789 1309542624.410364
-0.321289 0.468750 0.231445 1309542624.453384
-0.278320 0.447266 0.186523 1309542624.477387
-0.305664 0.502930 0.206055 1309542624.502388
-0.347656 0.540039 0.217773 1309542624.545388
-0.326172 0.562500 0.216797 1309542624.566392
-0.326172 0.562500 0.216797 1309542624.592387
-0.416016 0.658203 0.240234 1309542624.636389
-0.387695 0.673828 0.311523 1309542624.681363
-0.329102 0.727539 0.279297 1309542624.703377
-0.321289 0.772461 0.260742 1309542624.786362
-0.333984 0.784180 0.385742 1309542624.815339
-0.360352 0.792969 0.349609 1309542624.905344
-0.469727 1.033203 0.390625 1309542625.045420
-0.379883 1.074219 0.430664 1309542625.067442
-0.211914 0.691406 0.454102 1309542625.086352
-0.061523 0.617188 0.466797 1309542625.088356
0.010742 0.496094 0.425781 1309542625.101347
-0.082031 0.521484 0.397461 1309542625.128362
-0.148438 0.627930 0.371094 1309542625.130343
-0.195312 0.636719 0.357422 1309542625.138384
-0.167969 0.623047 0.381836 1309542625.168399
-0.132812 0.591797 0.381836 1309542625.175411
-0.131836 0.552734 0.381836 1309542625.184388
-0.047852 0.497070 0.455078 1309542625.196379
-0.041016 0.501953 0.500000 1309542625.218360
-0.028320 0.524414 0.534180 1309542625.256382
-0.083984 0.541992 0.479492 1309542625.341382
-0.078125 0.532227 0.487305 1309542625.362382
-0.139648 0.545898 0.430664 1309542625.365401
-0.114258 0.513672 0.423828 1309542625.385403
-0.065430 0.519531 0.464844 1309542625.407410
-0.051758 0.548828 0.500977 1309542625.450405
-0.095703 0.561523 0.473633 1309542625.473404
-0.064453 0.561523 0.473633 1309542625.499408
-0.047852 0.563477 0.484375 1309542625.537404
-0.066406 0.509766 0.463867 1309542625.581405
-0.084961 0.568359 0.449219 1309542625.602407
-0.039062 0.557617 0.452148 1309542625.625410
-0.054688 0.522461 0.481445 1309542625.667399
-0.064453 0.522461 0.481445 1309542625.690410
-0.100586 0.540039 0.471680 1309542625.735418
-0.067383 0.533203 0.448242 1309542625.765358
-0.043945 0.542969 0.459961 1309542625.807361
-0.077148 0.529297 0.465820 1309542625.830415
-0.038086 0.534180 0.467773 1309542625.853375
-0.015625 0.564453 0.458008 1309542625.898358
-0.100586 0.553711 0.482422 1309542625.921393
-0.047852 0.566406 0.462891 1309542625.967451
-0.054688 0.530273 0.474609 1309542625.987419
-0.069336 0.528320 0.466797 1309542626.031392
-0.048828 0.558594 0.474609 1309542626.054365
-0.077148 0.566406 0.467773 1309542626.105394
-0.058594 0.537109 0.452148 1309542626.128373
