-0.060547 0.699219 -0.147461 1310077403.079248
-0.095703 0.743164 -0.126953 1310077403.099210
-0.090820 0.783203 -0.130859 1310077403.141234
-0.047852 0.729492 -0.151367 1310077403.164232
-0.071289 0.770508 -0.155273 1310077403.187236
-0.110352 0.724609 -0.179688 1310077403.231230
-0.083984 0.732422 -0.155273 1310077403.254218
-0.051758 0.751953 -0.145508 1310077403.298249
-0.078125 0.736328 -0.140625 1310077403.321251
-0.053711 0.773438 -0.136719 1310077403.365237
-0.068359 0.749023 -0.137695 1310077403.386231
-0.071289 0.749023 -0.137695 1310077403.410230
-0.037109 0.718750 -0.141602 1310077403.454230
-0.062500 0.699219 -0.162109 1310077403.476219
-0.021484 0.735352 -0.139648 1310077403.525236
-0.051758 0.767578 -0.166992 1310077403.550265
-0.046875 0.708984 -0.166992 1310077403.594248
-0.050781 0.777344 -0.134766 1310077403.615241
-0.075195 0.754883 -0.132812 1310077403.640242
-0.061523 0.727539 -0.161133 1310077403.669243
-0.055664 0.721680 -0.135742 1310077403.711242
-0.023438 0.734375 -0.156250 1310077403.733267
-0.019531 0.769531 -0.151367 1310077403.778247
-0.041016 0.738281 -0.194336 1310077403.814241
-0.051758 0.729492 -0.177734 1310077403.836268
-0.029297 0.728516 -0.158203 1310077403.879254
-0.068359 0.733398 -0.180664 1310077403.900246
-0.080078 0.720703 -0.203125 1310077403.966272
-0.080078 0.720703 -0.203125 1310077404.005248
-0.072266 0.734375 -0.162109 1310077404.026219
-0.043945 0.750000 -0.139648 1310077404.028246
-0.048828 0.748047 -0.146484 1310077404.071252
-0.052734 0.769531 -0.141602 1310077404.094264
-0.052734 0.769531 -0.141602 1310077404.123270
-0.016602 0.730469 -0.143555 1310077404.169252
-0.057617 0.753906 -0.142578 1310077404.191251
-0.052734 0.718750 -0.160156 1310077404.234312
-0.035156 0.750000 -0.162109 1310077404.256257
-0.050781 0.749023 -0.137695 1310077404.279262
-0.042969 0.726562 -0.110352 1310077404.327267
-0.041016 0.753906 -0.147461 1310077404.354289
-0.050781 0.710938 -0.113281 1310077404.400227
-0.077148 0.760742 -0.115234 1310077404.426241
-0.098633 0.769531 -0.150391 1310077404.448251
-0.077148 0.724609 -0.152344 1310077404.470259
-0.083008 0.745117 -0.166016 1310077404.523257
-0.051758 0.735352 -0.147461 1310077404.565263
-0.065430 0.752930 -0.123047 1310077404.574252
-0.071289 0.753906 -0.123047 1310077404.628267
-0.046875 0.745117 -0.168945 1310077404.650261
-0.064453 0.757812 -0.190430 1310077404.671261
-0.175781 0.758789 -0.181641 1310077404.716272
-0.107422 0.715820 -0.195312 1310077404.740284
-0.067383 0.753906 -0.173828 1310077404.784267
-0.124023 0.735352 -0.160156 1310077404.806255
-0.066406 0.760742 -0.167969 1310077404.851265
-0.051758 0.742188 -0.167969 1310077404.874268
-0.005859 0.759766 -0.105469 1310077404.904267
-0.008789 0.741211 -0.104492 1310077404.946267
-0.031250 0.692383 -0.087891 1310077404.968258
-0.008789 0.739258 -0.076172 1310077404.989268
-0.013672 0.749023 -0.109375 1310077405.038274
-0.021484 0.749023 -0.109375 1310077405.060269
-0.040039 0.740234 -0.117188 1310077405.096265
0.002930 0.705078 -0.093750 1310077405.143274
-0.039062 0.720703 -0.142578 1310077405.165270
-0.044922 0.753906 -0.168945 1310077405.210283
-0.058594 0.744141 -0.155273 1310077405.211272
-0.074219 0.718750 -0.131836 1310077405.271299
-0.041016 0.750977 -0.159180 1310077405.295272
-0.084961 0.743164 -0.139648 1310077405.336273
-0.092773 0.742188 -0.178711 1310077405.358242
-0.105469 0.725586 -0.208008 1310077405.380279
-0.096680 0.745117 -0.138672 1310077405.414277
-0.008789 0.761719 -0.159180 1310077405.456281
-0.022461 0.750000 -0.153320 1310077405.478251
-0.005859 0.720703 -0.146484 1310077405.523280
0.002930 0.748047 -0.134766 1310077405.545276
0.015625 0.715820 -0.149414 1310077405.569282
-0.013672 0.742188 -0.125000 1310077405.611280
-0.054688 0.750977 -0.159180 1310077405.654278
-0.100586 0.758789 -0.199219 1310077405.676274
-0.068359 0.737305 -0.146484 1310077405.699304
-0.060547 0.745117 -0.155273 1310077405.741282
-0.025391 0.731445 -0.125977 1310077405.764282
-0.047852 0.714844 -0.125977 1310077405.789279
-0.041016 0.724609 -0.133789 1310077405.839291
0.014648 0.753906 -0.138672 1310077405.868286
-0.016602 0.751953 -0.125977 1310077405.910280
-0.034180 0.728516 -0.132812 1310077405.933291
-0.042969 0.757812 -0.141602 1310077405.975285
-0.074219 0.748047 -0.141602 1310077405.997285
-0.074219 0.748047 -0.141602 1310077406.020297
-0.067383 0.742188 -0.126953 1310077406.068292
-0.083984 0.763672 -0.117188 1310077406.090288
-0.063477 0.770508 -0.179688 1310077406.134290
-0.036133 0.734375 -0.135742 1310077406.156291
-0.028320 0.734375 -0.135742 1310077406.184293
-0.164062 0.716797 -0.142578 1310077406.229304
-0.095703 0.739258 -0.204102 1310077406.268313
-0.024414 0.745117 -0.171875 1310077406.289295
-0.075195 0.736328 -0.130859 1310077406.310295
-0.083008 0.740234 -0.139648 1310077406.354298
-0.105469 0.740234 -0.139648 1310077406.375292
-0.041992 0.753906 -0.108398 1310077406.421308
-0.069336 0.797852 -0.118164 1310077406.445295
-0.050781 0.760742 -0.124023 1310077406.488300
-0.045898 0.736328 -0.135742 1310077406.509295
-0.045898 0.758789 -0.121094 1310077406.576299
-0.015625 0.737305 -0.135742 1310077406.598267
-0.022461 0.704102 -0.173828 1310077406.613295
-0.047852 0.719727 -0.165039 1310077406.655298
-0.038086 0.729492 -0.159180 1310077406.676315
-0.030273 0.750000 -0.123047 1310077406.699306
-0.051758 0.753906 -0.136719 1310077406.744301
-0.047852 0.734375 -0.133789 1310077406.765306
-0.035156 0.721680 -0.145508 1310077406.809299
-0.033203 0.736328 -0.153320 1310077406.831306
-0.015625 0.742188 -0.120117 1310077406.874304
-0.011719 0.752930 -0.179688 1310077406.903309
-0.042969 0.693359 -0.179688 1310077406.933306
-0.083008 0.719727 -0.157227 1310077406.959313
-0.037109 0.761719 -0.115234 1310077407.008307
-0.019531 0.744141 -0.139648 1310077407.031309
-0.074219 0.733398 -0.127930 1310077407.052308
-0.070312 0.733398 -0.112305 1310077407.096303
-0.034180 0.983398 -0.112305 1310077407.120321
-0.047852 0.779297 -0.135742 1310077407.175309
-0.052734 0.758789 -0.170898 1310077407.197307
-0.080078 0.746094 -0.163086 1310077407.240318
-0.044922 0.759766 -0.190430 1310077407.264307
-0.040039 0.733398 -0.126953 1310077407.285294
-0.051758 0.757812 -0.135742 1310077407.312291
-0.051758 0.746094 -0.138672 1310077407.345310
-0.044922 0.720703 -0.143555 1310077407.377290
-0.066406 0.744141 -0.129883 1310077407.424332
-0.025391 0.742188 -0.112305 1310077407.447317
-0.031250 0.750977 -0.154297 1310077407.471310
-0.048828 0.749023 -0.163086 1310077407.515314
-0.069336 0.759766 -0.196289 1310077407.537314
-0.073242 0.751953 -0.138672 1310077407.580317
-0.022461 0.744141 -0.146484 1310077407.602304
-0.067383 0.747070 -0.128906 1310077407.645318
-0.039062 0.748047 -0.111328 1310077407.670323
-0.090820 0.736328 -0.169922 1310077407.693323
-0.079102 0.736328 -0.169922 1310077407.738318
-0.041016 0.724609 -0.135742 1310077407.764303
-0.062500 0.798828 -0.166992 1310077407.796328
-0.083984 0.750000 -0.191406 1310077407.845336
-0.075195 0.732422 -0.180664 1310077407.874320
-0.041992 0.759766 -0.141602 1310077407.897323
-0.087891 0.751953 -0.151367 1310077407.938298
-0.068359 0.701172 -0.137695 1310077407.982317
-0.050781 0.771484 -0.141602 1310077408.005325
-0.050781 0.737305 -0.125000 1310077408.027325
-0.031250 0.727539 -0.138672 1310077408.049311
-0.032227 0.727539 -0.138672 1310077408.094327
-0.012695 0.755859 -0.097656 1310077408.119313
-0.022461 0.735352 -0.119141 1310077408.166338
-0.033203 0.749023 -0.111328 1310077408.190327
-0.005859 0.733398 -0.127930 1310077408.212329
0.009766 0.733398 -0.127930 1310077408.255357
-0.002930 0.727539 -0.144531 1310077408.290336
-0.063477 0.761719 -0.141602 1310077408.314335
-0.070312 0.756836 -0.213867 1310077408.356342
-0.043945 0.733398 -0.175781 1310077408.379358
-0.069336 0.748047 -0.191406 1310077408.421308
-0.084961 0.748047 -0.191406 1310077408.444337
-0.080078 0.764648 -0.155273 1310077408.477333
-0.035156 0.770508 -0.184570 1310077408.509330
-0.030273 0.716797 -0.186523 1310077408.560345
-0.018555 0.746094 -0.187500 1310077408.581296
-0.009766 0.724609 -0.127930 1310077408.604349
-0.048828 0.739258 -0.100586 1310077408.634343
-0.062500 0.727539 -0.151367 1310077408.677335
-0.076172 0.732422 -0.125977 1310077408.722342
-0.057617 0.722656 -0.136719 1310077408.731355
-0.047852 0.760742 -0.115234 1310077408.775354
-0.055664 0.723633 -0.122070 1310077408.802349
-0.046875 0.748047 -0.126953 1310077408.830340
-0.050781 0.730469 -0.125977 1310077408.872354
-0.021484 0.748047 -0.112305 1310077408.895351
-0.004883 0.759766 -0.107422 1310077408.939369
-0.019531 0.740234 -0.134766 1310077408.960351
-0.055664 0.750000 -0.134766 1310077408.987354
-0.033203 0.744141 -0.132812 1310077409.027348
-0.020508 0.744141 -0.145508 1310077409.051377
-0.080078 0.764648 -0.157227 1310077409.083365
-0.089844 0.742188 -0.155273 1310077409.134367
-0.036133 0.759766 -0.155273 1310077409.159330
-0.084961 0.736328 -0.155273 1310077409.180353
-0.027344 0.743164 -0.166992 1310077409.224375
-0.059570 0.751953 -0.211914 1310077409.246353
-0.058594 0.689453 -0.143555 1310077409.291351
-0.114258 0.751953 -0.172852 1310077409.316348
-0.031250 0.697266 -0.178711 1310077409.341352
-0.031250 0.697266 -0.178711 1310077409.385354
-0.053711 0.744141 -0.148438 1310077409.409357
-0.027344 0.746094 -0.132812 1310077409.452366
-0.061523 0.754883 -0.134766 1310077409.476357
-0.081055 0.729492 -0.199219 1310077409.520374
-0.084961 0.749023 -0.138672 1310077409.542361
-0.059570 0.732422 -0.137695 1310077409.565372
-0.059570 0.736328 -0.145508 1310077409.612355
-0.019531 0.761719 -0.131836 1310077409.657364
-0.008789 0.730469 -0.171875 1310077409.679359
0.010742 0.738281 -0.131836 1310077409.702365
-0.013672 0.755859 -0.159180 1310077409.731359
-0.057617 0.748047 -0.122070 1310077409.774364
-0.035156 0.764648 -0.145508 1310077409.796356
-0.010742 0.734375 -0.154297 1310077409.835364
-0.034180 0.722656 -0.152344 1310077409.856362
-0.064453 0.722656 -0.181641 1310077409.899367
-0.059570 0.759766 -0.154297 1310077409.923338
-0.047852 0.723633 -0.154297 1310077409.966358
-0.060547 0.734375 -0.129883 1310077409.990375
-0.028320 0.746094 -0.142578 1310077410.022367
-0.015625 0.762695 -0.132812 1310077410.067381
-0.054688 0.742188 -0.161133 1310077410.089371
-0.040039 0.723633 -0.184570 1310077410.111348
-0.042969 0.723633 -0.184570 1310077410.155361
-0.060547 0.742188 -0.125977 1310077410.192376
-0.066406 0.745117 -0.160156 1310077410.217368
-0.064453 0.741211 -0.196289 1310077410.260374
-0.023438 0.718750 -0.131836 1310077410.302373
0.226562 0.718750 -0.131836 1310077410.304353
-0.034180 0.732422 -0.134766 1310077410.346382
-0.024414 0.717773 -0.141602 1310077410.419383
-0.013672 0.725586 -0.170898 1310077410.420368
-0.030273 0.742188 -0.158203 1310077410.446378
-0.081055 0.746094 -0.165039 1310077410.469362
-0.073242 0.736328 -0.165039 1310077410.513358
-0.025391 0.750000 -0.135742 1310077410.544378
-0.016602 0.732422 -0.136719 1310077410.566379
-0.039062 0.744141 -0.166992 1310077410.609378
-0.021484 0.768555 -0.152344 1310077410.655374
-0.066406 0.737305 -0.165039 1310077410.656347
-0.068359 0.741211 -0.147461 1310077410.705377
-0.075195 0.742188 -0.168945 1310077410.749376
-0.060547 0.733398 -0.181641 1310077410.771383
-0.060547 0.714844 -0.148438 1310077410.794382
