-0.102539 0.755859 -0.189453 1310685432.063450
-0.030273 0.737305 -0.210938 1310685432.084446
-0.072266 0.755859 -0.224609 1310685432.093444
-0.052734 0.717773 -0.240234 1310685432.094438
-0.051758 0.697266 -0.240234 1310685432.106442
-0.046875 0.710938 -0.245117 1310685432.108436
-0.063477 0.749023 -0.202148 1310685432.129440
-0.068359 0.725586 -0.236328 1310685432.130437
-0.065430 0.738281 -0.261719 1310685432.154431
-0.043945 0.725586 -0.250000 1310685432.231446
-0.043945 0.725586 -0.250000 1310685432.244440
-0.078125 0.736328 -0.253906 1310685432.253439
-0.055664 0.744141 -0.220703 1310685432.261442
-0.069336 0.765625 -0.227539 1310685432.265443
-0.089844 0.687500 -0.242188 1310685432.293445
-0.047852 0.708984 -0.246094 1310685432.320441
-0.084961 0.744141 -0.256836 1310685432.343449
-0.048828 0.778320 -0.226562 1310685432.356445
-0.069336 0.737305 -0.246094 1310685432.361444
-0.063477 0.742188 -0.255859 1310685432.379459
-0.076172 0.710938 -0.283203 1310685432.385440
-0.098633 0.731445 -0.287109 1310685432.386442
-0.057617 0.715820 -0.257812 1310685432.428447
-0.093750 0.716797 -0.245117 1310685432.451452
-0.059570 0.749023 -0.281250 1310685432.499452
-0.063477 0.737305 -0.263672 1310685432.534451
-0.109375 0.769531 -0.229492 1310685432.555450
-0.123047 0.745117 -0.270508 1310685432.578449
-0.086914 0.644531 -0.254883 1310685432.628454
-0.132812 0.693359 -0.334961 1310685432.650449
-0.155273 0.719727 -0.336914 1310685432.694453
-0.160156 0.701172 -0.365234 1310685432.720454
-0.157227 0.708984 -0.410156 1310685432.743455
-0.133789 0.683594 -0.410156 1310685432.769452
-0.197266 0.667969 -0.415039 1310685432.813458
-0.299805 0.662109 -0.534180 1310685432.856460
-0.269531 0.686523 -0.525391 1310685432.879457
-0.342773 0.690430 -0.572266 1310685432.926458
-0.515625 0.514648 -0.732422 1310685432.948460
-0.632812 0.514648 -0.732422 1310685432.969457
-0.649414 0.439453 -0.820312 1310685433.016463
-0.597656 0.414062 -0.750000 1310685433.054461
-0.507812 0.373047 -0.760742 1310685433.078456
-0.515625 0.342773 -0.732422 1310685433.104458
-0.546875 0.378906 -0.721680 1310685433.140462
-0.567383 0.316406 -0.721680 1310685433.168460
-0.582031 0.367188 -0.756836 1310685433.210447
-0.541992 0.388672 -0.671875 1310685433.265470
-0.511719 0.433594 -0.699219 1310685433.289501
-0.579102 0.429688 -0.663086 1310685433.290461
-0.537109 0.449219 -0.693359 1310685433.311468
-0.537109 0.449219 -0.693359 1310685433.348460
-0.516602 0.496094 -0.628906 1310685433.391464
-0.480469 0.488281 -0.569336 1310685433.435467
-0.462891 0.450195 -0.571289 1310685433.459473
-0.429688 0.502930 -0.506836 1310685433.480462
-0.424805 0.561523 -0.539062 1310685433.523467
-0.395508 0.541992 -0.489258 1310685433.601475
-0.362305 0.552734 -0.426758 1310685433.624467
-0.378906 0.576172 -0.458008 1310685433.625465
-0.399414 0.557617 -0.425781 1310685433.650469
-0.382812 0.554688 -0.411133 1310685433.699225
-0.375000 0.588867 -0.411133 1310685433.717483
-0.397461 0.602539 -0.382812 1310685433.740474
-0.333008 0.519531 -0.356445 1310685433.783475
-0.357422 0.566406 -0.318359 1310685433.808503
-0.358398 0.598633 -0.301758 1310685433.851481
-0.343750 0.626953 -0.287109 1310685433.875475
-0.306641 0.611328 -0.188477 1310685433.923473
-0.260742 0.574219 -0.200195 1310685433.945476
-0.257812 0.598633 -0.184570 1310685433.993477
-0.266602 0.565430 -0.165039 1310685433.998478
-0.244141 0.591797 -0.120117 1310685434.039484
-0.291992 0.693359 -0.153320 1310685434.061480
-0.357422 0.693359 -0.153320 1310685434.109482
-0.313477 0.675781 -0.153320 1310685434.122478
-0.271484 0.675781 -0.153320 1310685434.165479
-0.220703 0.654297 -0.152344 1310685434.211481
-0.243164 0.672852 -0.110352 1310685434.233577
-0.274414 0.712891 -0.103516 1310685434.255485
-0.257812 0.703125 -0.103516 1310685434.279472
-0.319336 0.742188 -0.094727 1310685434.345485
-0.316406 0.719727 -0.101562 1310685434.366481
-0.302734 0.704102 -0.065430 1310685434.388487
-0.273438 0.716797 -0.125000 1310685434.431488
-0.268555 0.716797 -0.107422 1310685434.454485
-0.257812 0.701172 -0.137695 1310685434.476488
-0.273438 0.666016 -0.130859 1310685434.572492
-0.271484 0.701172 -0.097656 1310685434.593487
-0.257812 0.671875 -0.089844 1310685434.594485
-0.228516 0.705078 -0.081055 1310685434.614492
-0.220703 0.694336 -0.083008 1310685434.636482
-0.194336 0.732422 -0.101562 1310685434.680491
-0.260742 0.707031 -0.101562 1310685434.704498
