-0.219727 0.974609 0.634766 1311029386.816794 
-0.258789 0.955078 0.612305 1311029386.839794 
-0.250000 0.997070 0.611328 1311029386.861795 
-0.249023 0.997070 0.556641 1311029386.899807 
-0.272461 0.965820 0.572266 1311029386.943762 
-0.268555 0.972656 0.583984 1311029386.965795 
-0.222656 0.965820 0.559570 1311029386.989796 
-0.213867 0.995117 0.624023 1311029387.034777 
-0.253906 1.015625 0.559570 1311029387.056725 
-0.303711 0.990234 0.492188 1311029387.099738 
-0.332031 0.990234 0.480469 1311029387.121807 
-0.375977 0.958008 0.382812 1311029387.164801 
-0.396484 0.916992 0.304688 1311029387.209805 
-0.345703 0.821289 0.221680 1311029387.210798 
-0.239258 0.677734 0.274414 1311029387.255791 
-0.100586 0.416992 0.223633 1311029387.280802 
-0.108398 0.338867 0.103516 1311029387.324792 
-0.224609 0.408203 0.153320 1311029387.346804 
-0.166016 0.683594 0.338867 1311029387.396805 
-0.349609 1.500000 0.377930 1311029387.420758 
-0.409180 1.662109 0.323242 1311029387.446788 
-0.851562 1.977539 0.464844 1311029387.495878 
-1.403320 1.978516 0.738281 1311029387.509816 
-0.837891 1.982422 0.613281 1311029387.538808 
-0.891602 1.982422 0.956055 1311029387.580811 
-0.920898 1.983398 1.379883 1311029387.616787 
-0.420898 1.983398 1.379883 1311029387.626814 
-0.900391 1.984375 0.015625 1311029387.673813 
-0.666016 0.761719 -0.506836 1311029387.716814 
-0.658203 -0.510742 -0.619141 1311029387.738813 
-0.197266 0.534180 -0.738281 1311029387.795821 
-0.155273 0.534180 -0.738281 1311029387.846818 
0.127930 0.029297 0.307617 1311029387.869753 
0.162109 0.275391 0.240234 1311029387.883752 
-0.041992 0.220703 0.165039 1311029387.905816 
-0.049805 0.156250 0.132812 1311029387.928811 
0.077148 0.247070 0.041992 1311029387.972814 
-0.034180 0.217773 0.041992 1311029387.994822 
-0.055664 0.182617 0.149414 1311029388.036815 
-0.126953 0.193359 0.055664 1311029388.080822 
-0.089844 0.054688 0.203125 1311029388.104825 
-0.101562 0.373047 0.071289 1311029388.134822 
-0.183594 0.179688 0.075195 1311029388.155820 
0.260742 0.312500 0.180664 1311029388.199827 
-0.561523 1.476562 0.119141 1311029388.221815 
-1.791016 1.983398 1.658203 1311029388.264822 
-1.379883 1.984375 1.985352 1311029388.285832 
-0.205078 1.985352 1.983398 1311029388.328822 
-0.632812 1.983398 1.938477 1311029388.351845 
-0.912109 1.983398 1.938477 1311029388.368804 
-0.912109 1.983398 1.938477 1311029388.414765 
-0.375977 -0.332031 -0.516602 1311029388.461835 
-0.169922 0.468750 0.060547 1311029388.484831 
0.043945 0.233398 0.012695 1311029388.509825 
0.130859 0.119141 0.012695 1311029388.532835 
0.110352 0.119141 0.012695 1311029388.575819 
0.066406 0.130859 0.234375 1311029388.618832 
0.155273 0.249023 0.143555 1311029388.646811 
0.120117 0.179688 0.241211 1311029388.670834 
0.118164 0.236328 0.111328 1311029388.715835 
-0.133789 0.486328 0.111328 1311029388.738837 
-0.197266 0.279297 0.145508 1311029388.778845 
-0.437500 -0.034180 0.108398 1311029388.800829 
-0.616211 0.435547 0.153320 1311029388.834836 
-0.524414 1.983398 0.077148 1311029388.865832 
-0.212891 1.984375 1.333008 1311029388.889837 
-1.527344 1.984375 1.986328 1311029388.938766 
-0.277344 1.984375 1.986328 1311029388.960817 
-0.196289 1.985352 1.982422 1311029388.993835 
-0.632812 1.984375 0.605469 1311029389.036838 
-0.778320 0.866211 -0.058594 1311029389.085845 
-0.534180 -0.062500 -0.586914 1311029389.134840 
-0.324219 0.258789 -0.398438 1311029389.155837 
0.115234 0.617188 0.987305 1311029389.170846 
0.324219 0.038086 0.256836 1311029389.193842 
0.199219 0.163086 0.299805 1311029389.215842 
0.049805 0.219727 0.173828 1311029389.260843 
0.004883 0.326172 0.098633 1311029389.280846 
-0.166016 0.131836 0.083984 1311029389.328795 
-0.091797 0.145508 0.099609 1311029389.349776 
-0.040039 0.196289 0.121094 1311029389.393824 
-0.178711 0.246094 0.107422 1311029389.414726 
-0.160156 0.228516 0.073242 1311029389.439844 
-0.032227 0.185547 0.049805 1311029389.484849 
-0.207031 0.373047 0.340820 1311029389.518792 
-0.913086 1.984375 0.250977 1311029389.560811 
-0.905273 1.983398 1.778320 1311029389.586843 
-0.531250 1.983398 1.983398 1311029389.609848 
-0.809570 1.983398 1.984375 1311029389.635848 
-0.832031 1.985352 1.985352 1311029389.683853 
-0.589844 1.875000 0.695312 1311029389.705826 
-0.682617 1.104492 0.045898 1311029389.748825 
-0.515625 -0.045898 -0.612305 1311029389.813844 
-0.331055 0.248047 -0.715820 1311029389.826821 
0.026367 0.355469 0.982422 1311029389.831804 
0.278320 -0.144531 0.982422 1311029389.854858 
0.220703 0.292969 0.291992 1311029389.899830 
0.086914 0.127930 0.214844 1311029389.943817 
-0.089844 0.173828 0.124023 1311029389.969856 
-0.097656 0.279297 0.127930 1311029389.995856 
-0.060547 0.228516 0.097656 1311029390.029803 
0.011719 0.190430 0.097656 1311029390.057790 
0.034180 0.267578 0.100586 1311029390.086795 
-0.172852 0.228516 0.131836 1311029390.120860 
-0.282227 0.167969 0.005859 1311029390.149862 
-0.462891 0.134766 -0.434570 1311029390.196863 
-0.680664 1.601562 0.437500 1311029390.219864 
-1.003906 1.934570 1.254883 1311029390.263863 
-1.170898 1.983398 1.985352 1311029390.284864 
-0.259766 1.983398 1.985352 1311029390.307870 
-0.123047 1.984375 1.983398 1311029390.350831 
-0.584961 1.985352 0.828125 1311029390.404868 
-1.384766 -0.143555 -0.589844 1311029390.405858 
-0.600586 -0.167969 -0.553711 1311029390.451864 
-0.593750 0.523438 -0.834961 1311029390.474864 
-0.068359 0.291016 0.852539 1311029390.518834 
0.230469 -0.205078 -0.109375 1311029390.563870 
0.166992 0.181641 0.557617 1311029390.585866 
0.214844 0.165039 0.307617 1311029390.609866 
0.052734 0.304688 0.083984 1311029390.634870 
-0.110352 0.184570 0.146484 1311029390.675872 
0.030273 0.269531 0.141602 1311029390.698873 
-0.062500 0.214844 0.099609 1311029390.744860 
-0.059570 0.261719 0.222656 1311029390.766877 
0.018555 0.270508 0.222656 1311029390.789875 
-0.486328 0.052734 -0.116211 1311029390.833874 
-0.930664 0.361328 -0.263672 1311029390.879870 
-0.709961 1.983398 0.831055 1311029390.899862 
-0.437500 1.982422 1.505859 1311029390.943881 
-0.845703 1.983398 1.985352 1311029390.964876 
0.021484 1.983398 1.982422 1311029390.985872 
-0.058594 1.985352 1.981445 1311029391.048879 
0.041016 1.973633 0.985352 1311029391.070840 
-1.096680 0.512695 0.483398 1311029391.098882 
-0.540039 -0.248047 -1.023438 1311029391.119888 
-0.310547 0.503906 -0.295898 1311029391.163882 
-0.144531 0.468750 0.417969 1311029391.186876 
0.254883 0.216797 0.364258 1311029391.212885 
0.313477 0.070312 0.214844 1311029391.264883 
0.004883 0.183594 0.166992 1311029391.285831 
0.060547 0.097656 0.256836 1311029391.329845 
0.058594 0.228516 0.163086 1311029391.350887 
-0.008789 0.238281 0.111328 1311029391.395884 
0.048828 0.099609 0.135742 1311029391.416880 
0.040039 0.167969 0.195312 1311029391.460821 
-0.012695 0.266602 0.167969 1311029391.470882 
-0.531250 0.248047 -0.184570 1311029391.513887 
-0.687500 0.906250 -0.429688 1311029391.534894 
-0.203125 1.982422 1.429688 1311029391.576885 
-0.397461 1.983398 0.821289 1311029391.599892 
-0.501953 1.642578 1.982422 1311029391.640885 
0.234375 1.261719 1.323242 1311029391.719887 
-0.155273 1.867188 1.239258 1311029391.720879 
-0.210938 0.808594 0.666016 1311029391.739861 
-0.130859 0.424805 0.224609 1311029391.769891 
0.016602 0.360352 0.089844 1311029391.806895 
-0.171875 0.457031 0.107422 1311029391.830899 
-0.253906 0.524414 0.168945 1311029391.874886 
-0.431641 0.932617 0.513672 1311029391.910828 
-0.532227 0.932617 0.513672 1311029391.911847 
-0.259766 0.935547 0.593750 1311029391.956901 
-0.135742 0.890625 0.621094 1311029391.999894 
-0.100586 0.914062 0.681641 1311029392.041898 
-0.045898 0.917969 0.710938 1311029392.064874 
-0.196289 0.938477 0.656250 1311029392.085882 
-0.279297 0.949219 0.656250 1311029392.108854 
-0.309570 0.949219 0.657227 1311029392.156913 
-0.298828 0.968750 0.613281 1311029392.199900 
-0.235352 0.969727 0.644531 1311029392.233906 
-0.215820 0.906250 0.667969 1311029392.243863 
-0.178711 0.895508 0.693359 1311029392.267880 
-0.163086 0.944336 0.674805 1311029392.311868 
-0.169922 0.934570 0.644531 1311029392.351905 
-0.234375 0.923828 0.682617 1311029392.375863 
-0.216797 0.930664 0.700195 1311029392.424874 
-0.229492 0.867188 0.671875 1311029392.445892 
-0.216797 0.913086 0.681641 1311029392.466900 
-0.235352 0.882812 0.689453 1311029392.510903 
-0.190430 0.916016 0.647461 1311029392.552903 
-0.212891 0.945312 0.697266 1311029392.578907 
