-0.010742 0.669922 0.233398 1310509496.130522
-0.023438 0.705078 0.221680 1310509496.153568
-0.018555 0.707031 0.177734 1310509496.174557
-0.031250 0.696289 0.201172 1310509496.218554
-0.024414 0.718750 0.182617 1310509496.240616
-0.023438 0.685547 0.215820 1310509496.287612
-0.055664 0.692383 0.201172 1310509496.329548
-0.007812 0.734375 0.238281 1310509496.353565
-0.010742 0.683594 0.265625 1310509496.375556
0.000000 0.664062 0.239258 1310509496.407611
0.019531 0.705078 0.259766 1310509496.430566
0.043945 0.652344 0.219727 1310509496.475607
0.034180 0.638672 0.239258 1310509496.518540
0.031250 0.681641 0.241211 1310509496.547610
-0.008789 0.699219 0.179688 1310509496.578541
-0.005859 0.673828 0.203125 1310509496.600571
-0.006836 0.714844 0.176758 1310509496.625568
-0.004883 0.714844 0.176758 1310509496.668561
-0.022461 0.691406 0.166992 1310509496.734524
0.000000 0.689453 0.109375 1310509496.735516
-0.016602 0.682617 0.120117 1310509496.755558
-0.037109 0.723633 0.126953 1310509496.798537
-0.026367 0.722656 0.126953 1310509496.822524
-0.064453 0.726562 0.066406 1310509496.868620
-0.009766 0.740234 0.081055 1310509496.889596
-0.040039 0.705078 0.063477 1310509496.935741
-0.014648 0.723633 0.065430 1310509496.958579
-0.052734 0.762695 0.053711 1310509496.982593
-0.060547 0.746094 0.053711 1310509497.006634
-0.039062 0.723633 -0.027344 1310509497.077559
-0.065430 0.747070 -0.033203 1310509497.099635
-0.097656 0.742188 -0.060547 1310509497.122645
-0.107422 0.714844 -0.081055 1310509497.159576
-0.079102 0.754883 -0.069336 1310509497.180541
-0.067383 0.714844 -0.094727 1310509497.324567
-0.046875 0.759766 -0.052734 1310509497.325533
-0.068359 0.758789 -0.097656 1310509497.327640
-0.095703 0.749023 -0.123047 1310509497.332653
-0.031250 0.744141 -0.101562 1310509497.348541
-0.078125 0.750000 -0.108398 1310509497.370540
-0.102539 0.764648 -0.139648 1310509497.415637
-0.090820 0.719727 -0.137695 1310509497.437630
-0.053711 0.733398 -0.142578 1310509497.483596
-0.073242 0.745117 -0.129883 1310509497.525623
-0.063477 0.731445 -0.124023 1310509497.548567
-0.080078 0.751953 -0.123047 1310509497.569581
-0.089844 0.755859 -0.134766 1310509497.614536
-0.097656 0.743164 -0.142578 1310509497.637639
-0.093750 0.742188 -0.126953 1310509497.659606
-0.129883 0.744141 -0.129883 1310509497.705652
-0.105469 0.750977 -0.146484 1310509497.747639
-0.117188 0.736328 -0.212891 1310509497.768600
-0.144531 0.755859 -0.202148 1310509497.792637
-0.128906 0.767578 -0.170898 1310509497.838592
-0.141602 0.719727 -0.150391 1310509497.865582
-0.176758 0.721680 -0.092773 1310509497.889651
-0.086914 0.726562 -0.055664 1310509497.932574
-0.160156 0.732422 -0.055664 1310509498.005593
-0.151367 0.732422 -0.055664 1310509498.033563
-0.180664 0.588867 -0.020508 1310509498.036556
-0.209961 0.626953 -0.012695 1310509498.059563
-0.225586 0.657227 0.137695 1310509498.082606
-0.046875 0.545898 0.188477 1310509498.128659
-0.046875 0.545898 0.188477 1310509498.149611
-0.116211 0.720703 0.197266 1310509498.174659
-0.091797 0.664062 0.160156 1310509498.218590
-0.151367 0.583008 0.104492 1310509498.259648
-0.185547 0.697266 0.189453 1310509498.284568
-0.186523 0.673828 0.053711 1310509498.307637
-0.238281 0.681641 0.066406 1310509498.365572
-0.292969 0.740234 0.032227 1310509498.395659
-0.344727 0.746094 -0.036133 1310509498.458572
-0.326172 0.726562 -0.010742 1310509498.472593
-0.331055 0.645508 -0.135742 1310509498.473567
-0.371094 0.766602 -0.212891 1310509498.496660
-0.399414 0.664062 -0.235352 1310509499.058602
-0.364258 0.674805 -0.344727 1310509499.180582
-0.413086 0.678711 -0.458008 1310509499.182582
-0.474609 0.655273 -0.464844 1310509499.225581
-0.469727 0.693359 -0.497070 1310509499.337620
-0.482422 0.623047 -0.572266 1310509499.338593
-0.489258 0.545898 -0.592773 1310509499.377660
-0.431641 0.537109 -0.625977 1310509499.378628
-0.411133 0.448242 -0.664062 1310509499.380640
-0.441406 0.406250 -0.755859 1310509499.399629
-0.462891 0.472656 -0.702148 1310509499.400668
-0.440430 0.390625 -0.733398 1310509499.402670
-0.495117 0.481445 -0.733398 1310509499.403673
-0.474609 0.478516 -0.668945 1310509499.423624
-0.494141 0.555664 -0.625977 1310509499.424670
-0.484375 0.553711 -0.597656 1310509499.425672
-0.500000 0.564453 -0.590820 1310509499.436686
-0.512695 0.630859 -0.523438 1310509499.436705
-0.467773 0.703125 -0.387695 1310509499.436716
-0.495117 0.746094 -0.307617 1310509499.475701
-0.458984 0.769531 -0.192383 1310509499.498592
-0.433594 0.794922 -0.053711 1310509499.499586
-0.413086 0.769531 0.049805 1310509499.500589
-0.332031 0.756836 0.166992 1310509499.511563
-0.282227 0.664062 0.216797 1310509499.511577
-0.203125 0.624023 0.285156 1310509499.511588
-0.155273 0.511719 0.287109 1310509499.523644
-0.074219 0.466797 0.330078 1310509499.524586
-0.023438 0.523438 0.364258 1310509499.524597
-0.045898 0.478516 0.362305 1310509499.544609
-0.059570 0.456055 0.300781 1310509499.545671
-0.018555 0.483398 0.313477 1310509499.547670
-0.046875 0.550781 0.275391 1310509499.562633
-0.045898 0.561523 0.202148 1310509499.592852
-0.047852 0.566406 0.196289 1310509499.617691
-0.046875 0.596680 0.163086 1310509499.670605
-0.005859 0.643555 0.196289 1310509499.693609
-0.036133 0.669922 0.217773 1310509499.737620
-0.041992 0.708984 0.135742 1310509499.765691
-0.092773 0.693359 0.084961 1310509499.788683
-0.041992 0.689453 0.080078 1310509499.811690
-0.083984 0.725586 0.090820 1310509499.869621
-0.075195 0.747070 0.080078 1310509499.892694
-0.090820 0.722656 0.005859 1310509499.937705
-0.053711 0.714844 -0.011719 1310509499.960671
-0.032227 0.763672 -0.053711 1310509499.982668
-0.095703 0.763672 -0.053711 1310509500.003601
-0.099609 0.751953 -0.135742 1310509500.049697
-0.128906 0.763672 -0.172852 1310509500.094695
-0.100586 0.774414 -0.169922 1310509500.105631
-0.132812 0.745117 -0.171875 1310509500.152700
-0.133789 0.757812 -0.255859 1310509500.173689
-0.201172 0.704102 -0.005859 1310509500.221619
-0.151367 0.954102 -0.005859 1310509500.235622
-0.144531 0.743164 -0.300781 1310509500.272651
-0.154297 0.714844 -0.292969 1310509500.350691
-0.149414 0.738281 -0.292969 1310509500.358701
-0.133789 0.715820 -0.304688 1310509500.364617
-0.142578 0.721680 -0.304688 1310509500.439651
-0.121094 0.722656 -0.324219 1310509500.445691
-0.178711 0.738281 -0.261719 1310509500.482657
-0.178711 0.742188 -0.294922 1310509500.502654
-0.197266 0.705078 -0.291016 1310509500.525667
-0.195312 0.720703 -0.295898 1310509500.600726
-0.255859 0.758789 -0.326172 1310509500.620686
-0.236328 0.713867 -0.285156 1310509500.622666
-0.228516 0.708984 -0.230469 1310509500.658662
-0.219727 0.757812 -0.236328 1310509500.685685
-0.200195 0.757812 -0.240234 1310509500.727636
-0.222656 0.728516 -0.175781 1310509500.750653
-0.216797 0.641602 -0.155273 1310509500.794600
-0.252930 0.730469 -0.141602 1310509500.817603
-0.254883 0.678711 -0.143555 1310509500.848629
-0.206055 0.666016 -0.001953 1310509500.892626
-0.166992 0.695312 0.007812 1310509500.914605
-0.097656 0.445312 0.007812 1310509500.960618
-0.090820 0.554688 0.088867 1310509500.984645
-0.199219 0.643555 0.133789 1310509501.027632
-0.173828 0.461914 0.245117 1310509501.048640
-0.051758 0.652344 0.189453 1310509501.073613
-0.149414 0.736328 0.195312 1310509501.137628
-0.274414 0.715820 0.113281 1310509501.159608
-0.317383 0.798828 0.090820 1310509501.207629
-0.346680 0.815430 -0.032227 1310509501.694718
-0.360352 0.655273 -0.041992 1310509501.695711
-0.344727 0.745117 -0.166992 1310509501.697715
-0.437500 0.789062 -0.256836 1310509501.719663
-0.419922 0.765625 -0.347656 1310509501.720718
-0.480469 0.700195 -0.347656 1310509501.740633
-0.467773 0.666016 -0.486328 1310509501.802632
-0.498047 0.659180 -0.555664 1310509501.803630
-0.428711 0.566406 -0.627930 1310509501.804629
-0.836914 1.266602 -0.605469 1310509501.902719
-0.433594 0.564453 -0.643555 1310509501.904678
-0.456055 0.541992 -0.647461 1310509501.905651
-0.524414 0.608398 -0.565430 1310509501.924658
-0.466797 0.595703 -0.527344 1310509501.927641
-0.474609 0.656250 -0.519531 1310509501.948682
-0.490234 0.707031 -0.542969 1310509501.949669
-0.513672 0.778320 -0.365234 1310509501.950655
-0.556641 0.804688 -0.193359 1310509501.973733
-0.489258 0.833984 -0.094727 1310509501.994661
-0.430664 0.750000 0.022461 1310509502.059734
-0.363281 0.744141 0.157227 1310509502.060724
-0.267578 0.741211 0.224609 1310509502.062796
-0.267578 0.741211 0.224609 1310509502.074641
-0.085938 0.491211 0.224609 1310509502.083673
-0.032227 0.516602 0.343750 1310509502.095716
-0.075195 0.483398 0.345703 1310509502.100721
-0.042969 0.361328 0.342773 1310509502.118730
-0.069336 0.361328 0.342773 1310509502.132672
-0.062500 0.499023 0.320312 1310509502.148664
-0.040039 0.602539 0.221680 1310509502.149635
-0.025391 0.577148 0.116211 1310509502.188642
-0.040039 0.636719 0.080078 1310509502.228688
-0.111328 0.689453 0.090820 1310509502.258650
-0.088867 0.689453 0.090820 1310509502.262646
-0.060547 0.686523 0.151367 1310509502.308638
-0.014648 0.670898 0.110352 1310509502.332661
-0.072266 0.707031 0.071289 1310509502.389719
-0.092773 0.763672 0.043945 1310509502.460661
-0.084961 0.749023 0.049805 1310509502.482659
-0.044922 0.796875 -0.004883 1310509502.497650
-0.080078 0.755859 -0.088867 1310509502.514645
-0.153320 0.773438 -0.094727 1310509502.531688
-0.173828 0.785156 -0.098633 1310509502.574710
-0.149414 0.775391 -0.065430 1310509502.619695
-0.116211 0.767578 -0.140625 1310509502.622732
-0.134766 0.759766 -0.167969 1310509502.669763
-0.162109 0.768555 -0.142578 1310509502.694647
-0.163086 0.714844 -0.136719 1310509502.719659
-0.119141 0.753906 -0.164062 1310509502.752659
-0.054688 0.722656 -0.218750 1310509502.798747
-0.103516 0.721680 -0.228516 1310509502.823753
-0.128906 0.744141 -0.234375 1310509502.857749
-0.130859 0.731445 -0.276367 1310509502.890744
-0.119141 0.724609 -0.319336 1310509502.927671
-0.090820 0.728516 -0.301758 1310509502.950748
-0.112305 0.741211 -0.291992 1310509502.993748
-0.157227 0.710938 -0.292969 1310509503.037680
-0.143555 0.737305 -0.295898 1310509503.049747
-0.152344 0.729492 -0.313477 1310509503.082742
-0.205078 0.782227 -0.308594 1310509503.149760
-0.193359 0.746094 -0.349609 1310509503.188742
-0.219727 0.759766 -0.325195 1310509503.210681
-0.230469 0.729492 -0.290039 1310509503.212655
-0.153320 0.675781 -0.251953 1310509503.235703
-0.150391 0.733398 -0.248047 1310509503.279715
-0.204102 0.749023 -0.184570 1310509503.303679
-0.212891 0.716797 -0.141602 1310509503.348664
-0.199219 0.695312 -0.094727 1310509503.377757
-0.223633 0.770508 -0.113281 1310509503.395747
-0.222656 0.706055 -0.102539 1310509503.442744
-0.250977 0.500000 0.033203 1310509503.464657
-0.174805 0.461914 0.057617 1310509503.509700
-0.141602 0.572266 0.151367 1310509503.530754
-0.093750 0.582031 0.170898 1310509503.553760
-0.037109 0.593750 0.190430 1310509503.595758
-0.127930 0.647461 0.220703 1310509503.662581
-0.200195 0.659180 0.125977 1310509503.679754
-0.208008 0.742188 0.170898 1310509503.680750
-0.270508 0.694336 0.105469 1310509503.755750
-0.272461 0.802734 0.065430 1310509503.767756
-0.314453 0.735352 -0.125977 1310509503.792758
-0.285156 0.731445 -0.090820 1310509503.818733
-0.340820 0.770508 -0.226562 1310509504.360696
-0.374023 0.767578 -0.333008 1310509504.382772
-0.389648 0.694336 -0.372070 1310509504.383769
-0.404297 0.703125 -0.445312 1310509504.391800
-0.404297 0.703125 -0.445312 1310509504.404730
-0.407227 0.604492 -0.561523 1310509504.508732
-0.387695 0.609375 -0.625977 1310509504.510720
-0.376953 0.583984 -0.662109 1310509504.512712
-0.397461 0.531250 -0.656250 1310509504.527780
-0.411133 0.531250 -0.656250 1310509504.528772
-0.455078 0.537109 -0.662109 1310509504.533801
-0.420898 0.566406 -0.632812 1310509504.550689
-0.438477 0.560547 -0.574219 1310509504.593899
-0.417969 0.621094 -0.602539 1310509504.614705
-0.501953 0.716797 -0.564453 1310509504.616771
-0.497070 0.814453 -0.369141 1310509504.616790
-0.461914 0.755859 -0.272461 1310509504.616800
-0.423828 0.765625 -0.138672 1310509504.620735
-0.441406 0.787109 -0.045898 1310509504.629758
-0.379883 0.769531 0.064453 1310509504.639782
-0.317383 0.738281 0.226562 1310509504.642772
-0.264648 0.738281 0.226562 1310509504.643734
-0.224609 0.464844 0.190430 1310509504.686726
-0.115234 0.366211 0.212891 1310509504.697782
0.010742 0.593750 0.302734 1310509504.722779
-0.005859 0.554688 0.334961 1310509504.723731
-0.062500 0.543945 0.280273 1310509504.725780
0.026367 0.539062 0.283203 1310509504.737779
0.018555 0.527344 0.241211 1310509504.765691
-0.069336 0.558594 0.199219 1310509504.788699
-0.118164 0.562500 0.131836 1310509504.832699
-0.114258 0.620117 0.053711 1310509504.854706
-0.141602 0.622070 0.133789 1310509504.875766
-0.120117 0.657227 0.083984 1310509504.919773
-0.067383 0.726562 0.067383 1310509504.948734
-0.004883 0.748047 0.114258 1310509504.990762
-0.005859 0.753906 -0.048828 1310509505.013716
-0.086914 0.775391 -0.126953 1310509505.035795
-0.101562 0.775391 -0.126953 1310509505.079755
-0.125000 0.804688 -0.087891 1310509505.103699
-0.130859 0.739258 -0.117188 1310509505.143696
-0.108398 0.791016 -0.132812 1310509505.170702
-0.154297 0.717773 -0.179688 1310509505.214798
-0.139648 0.732422 -0.148438 1310509505.238747
-0.148438 0.727539 -0.216797 1310509505.268794
-0.148438 0.727539 -0.216797 1310509505.292791
-0.128906 0.740234 -0.189453 1310509505.336744
-0.114258 0.750000 -0.209961 1310509505.380741
-0.125977 0.736328 -0.242188 1310509505.396785
-0.149414 0.740234 -0.232422 1310509505.435799
-0.104492 0.733398 -0.201172 1310509505.503687
-0.069336 0.722656 -0.227539 1310509505.531737
-0.071289 0.728516 -0.249023 1310509505.551711
-0.129883 0.740234 -0.345703 1310509505.554740
-0.100586 0.750977 -0.289062 1310509505.596804
-0.113281 0.757812 -0.265625 1310509505.619710
-0.162109 0.717773 -0.294922 1310509505.664748
-0.149414 0.723633 -0.306641 1310509505.685792
-0.139648 0.746094 -0.336914 1310509505.760750
-0.192383 0.734375 -0.323242 1310509505.780708
-0.227539 0.760742 -0.331055 1310509505.801706
-0.190430 0.750000 -0.268555 1310509505.803705
-0.163086 0.694336 -0.238281 1310509505.849714
-0.217773 0.729492 -0.227539 1310509505.893795
-0.204102 0.717773 -0.147461 1310509505.918719
-0.197266 0.666016 -0.068359 1310509505.961792
-0.180664 0.718750 -0.016602 1310509505.985807
-0.137695 0.776367 -0.067383 1310509506.007716
-0.250000 0.708984 0.008789 1310509506.050810
-0.166016 0.543945 0.108398 1310509506.074764
-0.032227 0.494141 0.163086 1310509506.125729
-0.060547 0.591797 0.115234 1310509506.190748
-0.004883 0.371094 0.475586 1310509506.196800
0.086914 0.371094 0.475586 1310509506.217768
-0.090820 0.738281 0.220703 1310509506.249811
-0.260742 0.648438 0.236328 1310509506.271815
-0.314453 0.602539 0.194336 1310509506.314724
-0.239258 0.837891 0.105469 1310509506.336766
-0.278320 0.747070 0.012695 1310509506.371757
-0.277344 0.997070 0.012695 1310509506.394815
-0.336914 0.868164 -0.091797 1310509506.886720
-0.404297 0.796875 -0.198242 1310509506.933815
-0.375977 0.756836 -0.333984 1310509506.934806
-0.390625 0.732422 -0.430664 1310509506.943819
-0.407227 0.708008 -0.520508 1310509506.969823
-0.410156 0.667969 -0.539062 1310509506.973819
-0.412109 0.656250 -0.583008 1310509507.050786
-0.420898 0.570312 -0.650391 1310509507.093748
-0.375977 0.578125 -0.617188 1310509507.129836
-0.409180 0.613281 -0.600586 1310509507.141779
-0.495117 0.612305 -0.555664 1310509507.146767
-0.497070 0.614258 -0.509766 1310509507.160757
-0.462891 0.699219 -0.504883 1310509507.161732
-0.473633 0.789062 -0.414062 1310509507.163746
-0.484375 0.765625 -0.214844 1310509507.164731
-0.473633 0.804688 -0.165039 1310509507.181817
-0.429688 0.756836 -0.165039 1310509507.183822
-0.420898 0.750000 0.080078 1310509507.185775
-0.364258 0.742188 0.207031 1310509507.186757
-0.298828 0.687500 0.224609 1310509507.206833
-0.170898 0.617188 0.292969 1310509507.208823
-0.109375 0.473633 0.276367 1310509507.208842
-0.055664 0.427734 0.306641 1310509507.208853
-0.022461 0.382812 0.293945 1310509507.226781
-0.119141 0.383789 0.311523 1310509507.228772
-0.034180 0.397461 0.312500 1310509507.229751
0.017578 0.504883 0.236328 1310509507.270825
-0.022461 0.556641 0.155273 1310509507.291745
-0.031250 0.608398 0.146484 1310509507.335822
-0.047852 0.657227 0.102539 1310509507.380829
-0.045898 0.688477 0.142578 1310509507.403834
-0.061523 0.705078 0.177734 1310509507.445826
-0.125000 0.713867 -0.026367 1310509507.468777
-0.110352 0.709961 -0.081055 1310509507.491748
-0.102539 0.821289 -0.018555 1310509507.520735
-0.055664 0.764648 -0.024414 1310509507.563784
-0.098633 0.734375 -0.074219 1310509507.588841
-0.093750 0.738281 -0.071289 1310509507.656835
-0.044922 0.742188 -0.175781 1310509507.658831
-0.094727 0.749023 -0.149414 1310509507.684826
-0.090820 0.761719 -0.160156 1310509507.733845
-0.115234 0.777344 -0.153320 1310509507.754790
-0.115234 0.767578 -0.148438 1310509507.776781
-0.086914 0.755859 -0.163086 1310509507.821820
-0.127930 0.755859 -0.185547 1310509507.865755
-0.138672 0.714844 -0.312500 1310509507.873751
-0.110352 0.736328 -0.262695 1310509507.918801
-0.127930 0.721680 -0.315430 1310509507.941812
-0.151367 0.732422 -0.335938 1310509507.986809
-0.117188 0.685547 -0.374023 1310509508.018811
-0.115234 0.707031 -0.310547 1310509508.041814
-0.125977 0.697266 -0.304688 1310509508.084831
-0.089844 0.717773 -0.380859 1310509508.108844
-0.121094 0.744141 -0.380859 1310509508.137757
-0.125000 0.748047 -0.315430 1310509508.188757
-0.146484 0.744141 -0.327148 1310509508.209762
-0.203125 0.791016 -0.334961 1310509508.231757
-0.202148 0.791016 -0.334961 1310509508.254965
-0.224609 0.759766 -0.293945 1310509508.343755
-0.194336 0.712891 -0.273438 1310509508.361771
-0.185547 0.724609 -0.268555 1310509508.363784
-0.235352 0.734375 -0.241211 1310509508.408804
-0.246094 0.687500 -0.132812 1310509508.429863
-0.258789 0.664062 -0.132812 1310509508.454847
-0.256836 0.728516 -0.066406 1310509508.500787
-0.135742 0.557617 0.114258 1310509508.543767
-0.033203 0.561523 -0.083008 1310509508.579848
-0.216797 0.699219 -0.054688 1310509508.580834
-0.306641 0.474609 0.198242 1310509508.608766
-0.133789 0.393555 0.244141 1310509508.654862
-0.078125 0.803711 -0.087891 1310509508.700815
-0.290039 0.678711 0.288086 1310509508.720784
-0.256836 0.451172 0.182617 1310509508.741762
-0.235352 0.666016 0.017578 1310509508.786770
-0.319336 0.692383 0.170898 1310509508.808768
-0.304688 0.690430 0.095703 1310509508.850825
-0.355469 0.800781 -0.047852 1310509508.873844
-0.403320 0.777344 -0.195312 1310509509.450833
-0.441406 0.675781 -0.271484 1310509509.485770
-0.425781 0.763672 -0.371094 1310509509.486874
-0.446289 0.721680 -0.371094 1310509509.508803
-0.462891 0.677734 -0.469727 1310509509.511778
-0.423828 0.612305 -0.550781 1310509509.551805
-0.440430 0.626953 -0.600586 1310509509.634863
-0.394531 0.562500 -0.645508 1310509509.686872
-0.403320 0.522461 -0.672852 1310509509.713886
-0.397461 0.522461 -0.672852 1310509509.730814
-0.432617 0.480469 -0.689453 1310509509.733821
-0.450195 0.544922 -0.625000 1310509509.734869
-0.437500 0.566406 -0.583008 1310509509.735819
-0.402344 0.650391 -0.531250 1310509509.770877
-0.451172 0.594727 -0.474609 1310509509.773870
-0.468750 0.663086 -0.491211 1310509509.783813
-0.514648 0.775391 -0.402344 1310509509.783833
-0.446289 0.787109 -0.220703 1310509509.783843
-0.439453 0.763672 -0.186523 1310509509.785819
-0.432617 0.784180 -0.102539 1310509509.806864
-0.410156 0.786133 0.041992 1310509509.808857
-0.410156 0.786133 0.041992 1310509509.828881
-0.261719 0.644531 0.236328 1310509509.830783
-0.185547 0.519531 0.273438 1310509509.849885
-0.161133 0.462891 0.234375 1310509509.850870
-0.145508 0.450195 0.329102 1310509509.851893
-0.106445 0.488281 0.336914 1310509509.853885
-0.059570 0.488281 0.336914 1310509509.863896
-0.114258 0.501953 0.419922 1310509509.864815
-0.049805 0.427734 0.362305 1310509509.871873
-0.069336 0.512695 0.357422 1310509509.873873
-0.083008 0.564453 0.275391 1310509509.915875
-0.086914 0.584961 0.223633 1310509509.938858
-0.004883 0.606445 0.250000 1310509509.984886
-0.014648 0.648438 0.230469 1310509510.006884
-0.036133 0.655273 0.183594 1310509510.049800
-0.036133 0.671875 0.198242 1310509510.073829
-0.013672 0.671875 0.177734 1310509510.099878
-0.048828 0.688477 0.140625 1310509510.143880
-0.087891 0.670898 0.112305 1310509510.163883
-0.115234 0.732422 0.067383 1310509510.206815
-0.133789 0.738281 0.101562 1310509510.251894
-0.105469 0.718750 0.061523 1310509510.294888
-0.122070 0.726562 0.041992 1310509510.295885
-0.093750 0.726562 0.041992 1310509510.345896
-0.117188 0.746094 0.000977 1310509510.394894
-0.140625 0.736328 -0.011719 1310509510.416977
-0.125000 0.737305 -0.058594 1310509510.424891
-0.112305 0.757812 -0.024414 1310509510.456803
-0.098633 0.751953 -0.032227 1310509510.478802
-0.083984 0.718750 -0.032227 1310509510.521780
-0.118164 0.816406 -0.041992 1310509510.569806
-0.146484 0.785156 -0.060547 1310509510.605898
-0.120117 0.789062 -0.103516 1310509510.628890
-0.146484 0.729492 -0.082031 1310509510.670894
-0.090820 0.755859 -0.099609 1310509510.685852
-0.101562 0.738281 -0.122070 1310509510.728889
-0.098633 0.671875 -0.083008 1310509510.755849
-0.114258 0.727539 -0.100586 1310509510.778845
-0.123047 0.765625 -0.133789 1310509510.821890
-0.127930 0.728516 -0.127930 1310509510.844895
-0.177734 0.743164 -0.107422 1310509510.920861
-0.135742 0.757812 -0.054688 1310509510.935812
-0.110352 0.734375 -0.097656 1310509510.936789
-0.100586 0.740234 -0.093750 1310509510.980898
-0.139648 0.760742 -0.122070 1310509511.003888
-0.111328 0.735352 -0.119141 1310509511.046903
-0.095703 0.721680 -0.059570 1310509511.069904
-0.120117 0.708008 -0.088867 1310509511.091906
-0.090820 0.720703 -0.066406 1310509511.133880
-0.112305 0.736328 -0.111328 1310509511.178850
-0.137695 0.766602 -0.090820 1310509511.200820
-0.091797 0.723633 -0.125977 1310509511.245915
-0.160156 0.764648 -0.105469 1310509511.266824
-0.141602 0.747070 -0.083984 1310509511.310891
-0.100586 0.697266 -0.092773 1310509511.333910
-0.111328 0.683594 -0.105469 1310509511.354823
-0.127930 0.691406 -0.123047 1310509511.396898
-0.151367 0.785156 -0.116211 1310509511.430832
-0.151367 0.785156 -0.116211 1310509511.441842
-0.150391 0.785156 -0.116211 1310509511.486848
-0.071289 0.738281 -0.088867 1310509511.531884
-0.070312 0.769531 -0.172852 1310509511.554824
-0.101562 0.750977 -0.103516 1310509511.579877
-0.073242 0.738281 -0.138672 1310509511.625916
-0.073242 0.738281 -0.138672 1310509511.648845
-0.123047 0.742188 -0.141602 1310509511.698914
-0.098633 0.722656 -0.062500 1310509511.720862
-0.114258 0.766602 -0.056641 1310509511.741888
-0.080078 0.791016 -0.100586 1310509511.785919
-0.113281 0.771484 -0.116211 1310509511.808914
-0.147461 0.744141 -0.079102 1310509511.853909
-0.146484 0.701172 -0.006836 1310509511.883911
-0.097656 0.715820 -0.031250 1310509511.925889
-0.142578 0.735352 -0.054688 1310509511.948941
-0.155273 0.742188 -0.040039 1310509511.971866
-0.141602 0.764648 -0.056641 1310509512.004832
-0.096680 0.770508 -0.046875 1310509512.048870
