-0.188477 0.973633 0.604492 1311033553.688790 
-0.156250 0.970703 0.624023 1311033553.719796 
-0.186523 0.977539 0.626953 1311033553.749781 
-0.180664 0.957031 0.580078 1311033553.793792 
-0.225586 0.991211 0.606445 1311033553.814789 
-0.212891 0.977539 0.582031 1311033553.860789 
-0.232422 0.987305 0.630859 1311033553.885791 
-0.219727 0.930664 0.583984 1311033553.911791 
-0.277344 0.930664 0.583984 1311033553.943794 
-0.277344 1.021484 0.475586 1311033553.983794 
-0.273438 0.970703 0.521484 1311033554.006795 
-0.283203 0.984375 0.534180 1311033554.058801 
-0.278320 1.027344 0.531250 1311033554.083787 
-0.293945 1.039062 0.546875 1311033554.109801 
-0.351562 1.084961 0.507812 1311033554.132802 
-0.477539 1.153320 0.452148 1311033554.191809 
-0.552734 1.214844 0.325195 1311033554.206793 
-0.575195 1.209961 0.286133 1311033554.418802 
-0.545898 1.110352 0.176758 1311033554.430804 
-0.721680 1.120117 0.165039 1311033554.431799 
-0.721680 1.120117 0.165039 1311033554.435802 
-0.668945 1.160156 0.079102 1311033554.469804 
-0.665039 1.068359 0.165039 1311033554.470802 
-0.709961 1.098633 0.134766 1311033554.471798 
-0.680664 1.208008 0.125977 1311033554.473799 
-0.677734 1.114258 0.186523 1311033554.495805 
-0.596680 1.087891 0.258789 1311033554.605810 
-0.541992 1.058594 0.220703 1311033554.628807 
-0.438477 0.957031 0.183594 1311033554.629803 
-0.342773 0.910156 0.319336 1311033554.630809 
-0.303711 0.886719 0.272461 1311033554.651806 
-0.313477 0.803711 0.245117 1311033554.676821 
-0.314453 0.801758 0.307617 1311033554.726804 
-0.274414 0.766602 0.223633 1311033554.749810 
-0.190430 0.679688 0.224609 1311033554.795807 
-0.287109 0.698242 0.206055 1311033554.818811 
-0.383789 0.771484 0.233398 1311033554.844808 
-0.375000 0.833008 0.319336 1311033554.868809 
-0.407227 0.918945 0.376953 1311033554.926811 
-0.322266 1.023438 0.416016 1311033554.948812 
-0.297852 0.982422 0.413086 1311033554.971812 
-0.332031 0.931641 0.487305 1311033555.001810 
-0.381836 0.895508 0.462891 1311033555.035813 
-0.381836 0.895508 0.462891 1311033555.078817 
-0.243164 0.978516 0.573242 1311033555.101813 
-0.238281 1.017578 0.617188 1311033555.135813 
-0.247070 1.024414 0.599609 1311033555.179817 
-0.284180 1.000000 0.607422 1311033555.201813 
-0.310547 0.999023 0.585938 1311033555.245821 
-0.282227 0.936523 0.633789 1311033555.286819 
-0.262695 0.915039 0.608398 1311033555.309820 
-0.291992 0.932617 0.628906 1311033555.330820 
-0.242188 0.906250 0.642578 1311033555.376814 
-0.222656 0.966797 0.646484 1311033555.399816 
-0.222656 0.935547 0.618164 1311033555.421813 
-0.223633 0.918945 0.684570 1311033555.465824 
-0.208008 0.974609 0.672852 1311033555.489824 
-0.217773 0.949219 0.658203 1311033555.530827 
