0.029297 0.751953 -0.090820 1310160515.225984
0.075195 0.771484 -0.078125 1310160515.267975
0.011719 0.753906 -0.059570 1310160515.289983
0.038086 0.732422 -0.071289 1310160515.315003
0.015625 0.741211 -0.073242 1310160515.337996
0.067383 0.747070 -0.053711 1310160515.370984
0.067383 0.747070 -0.053711 1310160515.402979
0.062500 0.773438 -0.070312 1310160515.445988
0.077148 0.751953 -0.049805 1310160515.502981
0.077148 0.727539 -0.024414 1310160515.504975
0.070312 0.751953 -0.019531 1310160515.537982
0.109375 0.751953 -0.019531 1310160515.573002
0.109375 0.749023 -0.044922 1310160515.637984
0.085938 0.742188 -0.033203 1310160515.639984
0.122070 0.764648 -0.013672 1310160515.662987
0.060547 0.779297 -0.042969 1310160515.705986
0.069336 0.813477 -0.056641 1310160515.727988
0.037109 0.563477 -0.056641 1310160515.752003
-0.044922 0.667969 -0.040039 1310160515.801991
0.015625 0.695312 -0.010742 1310160515.845989
-0.007812 0.781250 -0.026367 1310160515.866992
0.012695 0.785156 -0.043945 1310160515.889985
-0.016602 0.764648 -0.050781 1310160515.915015
-0.022461 0.514648 -0.050781 1310160515.960994
-0.022461 0.514648 -0.050781 1310160515.984992
-0.077148 0.731445 -0.084961 1310160516.034999
-0.163086 0.723633 -0.078125 1310160516.073001
-0.086914 0.753906 -0.105469 1310160516.094476
-0.149414 0.711914 -0.105469 1310160516.116993
-0.133789 0.818359 -0.116211 1310160516.161009
-0.012695 0.723633 -0.114258 1310160516.195020
0.069336 0.685547 -0.095703 1310160516.220992
0.221680 0.702148 -0.047852 1310160516.243013
0.143555 0.768555 0.002930 1310160516.287014
0.107422 0.787109 0.076172 1310160516.309989
0.130859 0.714844 0.063477 1310160516.376954
0.225586 0.809570 0.070312 1310160516.377943
0.156250 0.768555 0.018555 1310160516.422003
0.187500 0.669922 0.071289 1310160516.454999
0.146484 0.748047 0.034180 1310160516.480006
0.161133 0.748047 0.034180 1310160516.512011
0.065430 0.716797 -0.015625 1310160516.541015
0.087891 0.650391 -0.036133 1310160516.585004
0.102539 0.688477 -0.056641 1310160516.606006
0.150391 0.812500 -0.005859 1310160516.650006
0.056641 0.766602 -0.072266 1310160516.672005
-0.020508 0.730469 -0.056641 1310160516.693008
-0.106445 0.802734 -0.078125 1310160516.737028
0.012695 0.758789 -0.068359 1310160516.762013
-0.041992 0.708984 -0.125977 1310160516.804985
-0.261719 0.775391 -0.078125 1310160516.827014
-0.362305 0.696289 -0.083008 1310160516.861019
-0.202148 0.593750 -0.015625 1310160516.928012
-0.175781 0.605469 -0.076172 1310160516.930010
-0.226562 0.785156 -0.117188 1310160516.973016
-0.123047 0.915039 -0.144531 1310160516.995011
0.089844 0.841797 -0.109375 1310160517.020024
0.029297 0.702148 -0.108398 1310160517.056982
-0.098633 0.721680 -0.071289 1310160517.080988
-0.153320 0.683594 -0.111328 1310160517.116012
-0.087891 0.693359 -0.142578 1310160517.163020
0.109375 0.743164 -0.144531 1310160517.186020
0.275391 0.783203 -0.028320 1310160517.211013
0.244141 0.730469 0.000000 1310160517.254026
0.171875 0.649414 0.170898 1310160517.280016
0.291992 0.687500 0.171875 1310160517.323017
0.370117 0.843750 0.095703 1310160517.345021
0.259766 0.732422 0.108398 1310160517.393019
0.203125 0.760742 0.056641 1310160517.413019
0.162109 0.845703 0.052734 1310160517.457020
0.133789 0.751953 0.011719 1310160517.480010
0.091797 0.740234 -0.060547 1310160517.502035
0.081055 0.780273 -0.069336 1310160517.547000
0.061523 0.734375 -0.125000 1310160517.572017
0.015625 0.727539 -0.105469 1310160517.616017
-0.208984 0.633789 -0.155273 1310160517.638022
-0.232422 0.678711 -0.096680 1310160517.681015
-0.013672 0.716797 -0.005859 1310160517.703002
0.140625 0.795898 0.030273 1310160517.726012
0.118164 0.782227 -0.060547 1310160517.768000
-0.186523 0.823242 -0.062500 1310160517.790013
-0.233398 0.823242 -0.062500 1310160517.832029
-0.166016 0.698242 -0.094727 1310160517.876026
-0.212891 0.691406 -0.087891 1310160517.898036
-0.304688 0.773438 -0.149414 1310160517.927028
-0.157227 0.771484 -0.209961 1310160517.951026
-0.047852 0.719727 -0.258789 1310160517.996040
-0.022461 0.745117 -0.246094 1310160518.020031
-0.041992 0.797852 -0.213867 1310160518.068017
-0.007812 0.761719 -0.211914 1310160518.091030
0.146484 0.744141 -0.129883 1310160518.115021
0.316406 0.660156 -0.091797 1310160518.150038
0.315430 0.811523 0.010742 1310160518.213009
0.241211 0.761719 0.114258 1310160518.216002
0.194336 0.677734 0.191406 1310160518.261005
0.277344 0.714844 0.158203 1310160518.283025
0.284180 0.813477 0.101562 1310160518.302988
0.230469 0.742188 0.091797 1310160518.347022
0.209961 0.736328 0.091797 1310160518.376014
0.164062 0.726562 0.016602 1310160518.400014
0.107422 0.769531 -0.036133 1310160518.445055
0.000000 0.711914 -0.077148 1310160518.477039
-0.031250 0.693359 -0.057617 1310160518.521050
0.024414 0.713867 -0.107422 1310160518.543040
0.078125 0.787109 -0.107422 1310160518.566039
0.092773 0.798828 -0.057617 1310160518.611045
-0.030273 0.738281 -0.139648 1310160518.632041
-0.158203 0.751953 -0.015625 1310160518.678051
-0.045898 0.695312 0.019531 1310160518.702047
0.083984 0.699219 0.108398 1310160518.723048
0.089844 0.726562 0.078125 1310160518.757044
-0.087891 0.795898 -0.023438 1310160518.802049
-0.191406 0.744141 -0.046875 1310160518.824048
-0.093750 0.640625 0.022461 1310160518.868048
-0.046875 0.678711 -0.055664 1310160518.889053
-0.146484 0.761719 -0.022461 1310160518.933049
-0.100586 0.740234 -0.084961 1310160518.956048
-0.064453 0.750000 -0.075195 1310160518.986055
-0.095703 0.757812 -0.106445 1310160519.038048
-0.062500 0.738281 -0.147461 1310160519.064057
-0.060547 0.800781 -0.084961 1310160519.088055
-0.082031 0.712891 -0.222656 1310160519.111054
-0.097656 0.767578 -0.157227 1310160519.155054
0.016602 0.730469 -0.076172 1310160519.178055
0.251953 0.704102 -0.034180 1310160519.222057
0.266602 0.762695 0.032227 1310160519.243061
0.226562 0.730469 0.108398 1310160519.292061
0.210938 0.686523 0.197266 1310160519.313054
0.327148 0.754883 0.180664 1310160519.336058
0.305664 0.748047 0.067383 1310160519.379038
0.178711 0.691406 0.050781 1310160519.423034
0.103516 0.773438 0.028320 1310160519.474061
0.125000 0.783203 0.005859 1310160519.501049
0.061523 0.782227 -0.030273 1310160519.502064
0.032227 0.748047 -0.008789 1310160519.544060
0.006836 0.730469 -0.030273 1310160519.566057
0.051758 0.772461 -0.068359 1310160519.608063
0.103516 0.798828 -0.098633 1310160519.629069
0.034180 0.769531 -0.122070 1310160519.673063
-0.084961 0.681641 -0.122070 1310160519.697067
-0.139648 0.655273 -0.105469 1310160519.746060
-0.181641 0.659180 -0.103516 1310160519.767068
-0.113281 0.715820 -0.004883 1310160519.789067
-0.037109 0.787109 0.060547 1310160519.834070
0.166992 0.791016 0.088867 1310160519.857071
0.190430 0.800781 0.088867 1310160519.881071
-0.129883 0.734375 0.088867 1310160519.926067
-0.179688 0.683594 0.002930 1310160519.969070
-0.153320 0.693359 0.014648 1310160519.992067
-0.102539 0.765625 0.000000 1310160520.037066
-0.132812 0.750000 -0.106445 1310160520.058078
-0.075195 0.725586 -0.079102 1310160520.087074
-0.028320 0.695312 -0.087891 1310160520.123068
-0.065430 0.775391 -0.101562 1310160520.168074
-0.049805 0.784180 -0.125977 1310160520.189074
-0.052734 0.827148 -0.130859 1310160520.212079
0.014648 0.821289 -0.155273 1310160520.233075
0.072266 0.724609 -0.102539 1310160520.279066
0.124023 0.656250 -0.079102 1310160520.323123
0.149414 0.683594 0.008789 1310160520.347023
0.125000 0.623047 0.088867 1310160520.393081
0.109375 0.681641 0.158203 1310160520.416078
0.261719 0.709961 0.158203 1310160520.437086
0.293945 0.843750 0.107422 1310160520.481079
0.204102 0.767578 0.115234 1310160520.504083
0.159180 0.660156 0.108398 1310160520.549083
0.116211 0.707031 0.083984 1310160520.573080
0.083984 0.746094 0.050781 1310160520.616094
0.108398 0.735352 0.050781 1310160520.617075
0.119141 0.767578 0.037109 1310160520.661087
0.109375 0.775391 0.066406 1310160520.704074
0.084961 0.775391 0.027344 1310160520.738087
0.094727 0.720703 0.008789 1310160520.788090
0.029297 0.694336 -0.013672 1310160520.789087
-0.099609 0.710938 -0.051758 1310160520.829265
-0.176758 0.740234 -0.082031 1310160520.874091
-0.189453 0.654297 -0.072266 1310160520.897094
-0.172852 0.642578 -0.015625 1310160520.921082
-0.022461 0.707031 0.041016 1310160520.963091
0.157227 0.714844 0.072266 1310160520.984094
0.217773 0.857422 0.062500 1310160521.046095
-0.047852 0.812500 0.037109 1310160521.068064
-0.162109 0.810547 0.001953 1310160521.091267
-0.075195 0.747070 -0.016602 1310160521.114117
-0.068359 0.665039 -0.064453 1310160521.141112
-0.092773 0.750000 -0.046875 1310160521.177095
-0.080078 0.745117 -0.100586 1310160521.222098
-0.072266 0.771484 -0.062500 1310160521.246094
-0.011719 0.742188 -0.116211 1310160521.287093
-0.026367 0.783203 -0.073242 1310160521.311070
-0.058594 0.702148 -0.082031 1310160521.337098
-0.067383 0.769531 -0.145508 1310160521.362094
-0.103516 0.780273 -0.132812 1310160521.406102
-0.132812 0.721680 -0.159180 1310160521.452118
-0.101562 0.760742 -0.143555 1310160521.476118
-0.050781 0.737305 -0.142578 1310160521.501107
-0.008789 0.732422 -0.074219 1310160521.546115
0.018555 0.746094 -0.060547 1310160521.569114
0.041016 0.746094 -0.060547 1310160521.591107
0.131836 0.789062 -0.022461 1310160521.637104
0.137695 0.672852 0.007812 1310160521.658104
0.061523 0.707031 0.066406 1310160521.701101
-0.002930 0.756836 0.053711 1310160521.724079
0.009766 0.794922 0.053711 1310160521.776111
0.009766 0.763672 -0.002930 1310160521.801097
0.064453 0.728516 0.018555 1310160521.823105
0.051758 0.696289 -0.001953 1310160521.858108
0.054688 0.739258 0.009766 1310160521.902106
0.019531 0.724609 0.012695 1310160521.928124
0.003906 0.742188 0.012695 1310160521.950113
-0.018555 0.733398 -0.021484 1310160521.991094
-0.027344 0.753906 -0.007812 1310160522.024111
-0.018555 0.767578 -0.004883 1310160522.062109
-0.004883 0.754883 -0.007812 1310160522.087112
0.084961 0.769531 0.002930 1310160522.109109
0.017578 0.716797 0.029297 1310160522.157115
0.023438 0.733398 -0.070312 1310160522.178117
-0.090820 0.682617 0.000000 1310160522.225105
-0.070312 0.725586 -0.072266 1310160522.246121
