-0.231445 0.735352 0.003906 1310163123.443732
-0.277344 0.717773 0.015625 1310163123.477733
-0.216797 0.694336 0.018555 1310163123.522726
-0.228516 0.706055 0.046875 1310163123.543718
-0.269531 0.697266 0.061523 1310163123.592718
-0.256836 0.667969 -0.015625 1310163123.600688
-0.256836 0.667969 -0.015625 1310163123.622723
-0.279297 0.670898 0.011719 1310163123.687806
-0.292969 0.626953 0.028320 1310163123.708801
-0.271484 0.634766 0.034180 1310163123.732692
-0.294922 0.631836 0.023438 1310163123.775736
-0.254883 0.641602 0.072266 1310163123.798803
-0.165039 0.641602 0.081055 1310163123.839733
-0.151367 0.628906 0.062500 1310163123.865806
-0.157227 0.646484 0.080078 1310163123.890709
-0.195312 0.562500 0.080078 1310163123.963783
-0.186523 0.557617 0.141602 1310163123.975720
-0.137695 0.543945 0.121094 1310163123.999807
-0.158203 0.544922 0.162109 1310163124.035750
-0.185547 0.432617 0.147461 1310163124.061717
-0.264648 0.531250 0.192383 1310163124.087820
-0.287109 0.590820 0.243164 1310163124.114782
-0.240234 0.482422 0.117188 1310163124.143729
-0.178711 0.456055 0.199219 1310163124.203803
-0.319336 0.511719 0.243164 1310163124.272733
-0.295898 0.591797 0.269531 1310163124.344802
-0.253906 0.582031 0.298828 1310163124.359728
-0.444336 0.660156 0.349609 1310163124.372742
-0.421875 0.717773 0.349609 1310163124.374714
-0.421875 0.717773 0.349609 1310163124.380764
-0.256836 0.724609 0.381836 1310163124.554777
-0.321289 0.681641 0.381836 1310163124.626754
-0.360352 0.729492 0.390625 1310163124.648760
-0.464844 0.811523 0.440430 1310163124.654813
-0.361328 0.811523 0.440430 1310163124.655726
-0.252930 0.767578 0.468750 1310163124.699778
-0.190430 0.718750 0.466797 1310163124.715819
-0.131836 0.664062 0.455078 1310163124.741821
-0.045898 0.495117 0.419922 1310163124.745820
-0.046875 0.514648 0.401367 1310163124.754736
-0.000977 0.514648 0.401367 1310163124.755732
0.059570 0.571289 0.651367 1310163124.762754
0.049805 0.548828 0.580078 1310163124.806811
0.113281 0.588867 0.600586 1310163124.871766
0.147461 0.503906 0.520508 1310163124.873816
0.156250 0.404297 0.451172 1310163124.895816
0.110352 0.398438 0.452148 1310163124.929777
0.136719 0.416016 0.558594 1310163124.954826
0.213867 0.418945 0.537109 1310163124.996766
0.292969 0.389648 0.619141 1310163125.020752
0.246094 0.370117 0.621094 1310163125.063776
0.217773 0.383789 0.633789 1310163125.085711
0.280273 0.390625 0.619141 1310163125.108796
0.306641 0.334961 0.619141 1310163125.153816
0.285156 0.381836 0.538086 1310163125.196773
0.301758 0.306641 0.513672 1310163125.218797
0.259766 0.366211 0.554688 1310163125.239815
0.275391 0.440430 0.547852 1310163125.284743
0.264648 0.400391 0.527344 1310163125.306828
0.221680 0.520508 0.546875 1310163125.350809
0.253906 0.490234 0.444336 1310163125.383836
0.335938 0.460938 0.510742 1310163125.404833
0.356445 0.455078 0.526367 1310163125.448776
0.279297 0.540039 0.534180 1310163125.471761
0.367188 0.598633 0.518555 1310163125.516757
0.308594 0.549805 0.475586 1310163125.540735
0.359375 0.545898 0.440430 1310163125.583818
0.320312 0.576172 0.485352 1310163125.606834
0.343750 0.478516 0.429688 1310163125.629824
0.328125 0.538086 0.475586 1310163125.653837
0.299805 0.500000 0.417969 1310163125.751825
0.295898 0.500000 0.445312 1310163125.753899
0.287109 0.435547 0.470703 1310163125.770763
0.264648 0.387695 0.463867 1310163125.814734
0.310547 0.377930 0.535156 1310163125.815712
0.343750 0.284180 0.627930 1310163125.860742
0.302734 0.283203 0.627930 1310163125.883736
0.184570 0.250000 0.686523 1310163125.929727
0.195312 0.258789 0.650391 1310163125.980738
0.243164 0.319336 0.657227 1310163126.201794
