-0.108398 0.704102 -0.175781 1310079146.021145
-0.055664 0.736328 -0.255859 1310079146.023204
-0.097656 0.738281 -0.212891 1310079146.039167
-0.131836 0.708008 -0.226562 1310079146.061125
-0.108398 0.708008 -0.292969 1310079146.084204
-0.138672 0.712891 -0.309570 1310079146.109152
-0.198242 0.632812 -0.327148 1310079146.161148
-0.175781 0.586914 -0.345703 1310079146.209133
-0.140625 0.584961 -0.269531 1310079146.230145
-0.142578 0.510742 -0.319336 1310079146.254164
-0.094727 0.386719 -0.320312 1310079146.278138
-0.099609 0.419922 -0.320312 1310079146.322145
-0.048828 0.458984 -0.235352 1310079146.345157
-0.138672 0.474609 -0.306641 1310079146.389165
-0.205078 0.519531 -0.332031 1310079146.414272
-0.168945 0.632812 -0.349609 1310079146.450127
-0.125977 0.627930 -0.261719 1310079146.474148
-0.209961 0.720703 -0.367188 1310079146.501225
-0.269531 0.624023 -0.411133 1310079146.546217
-0.336914 0.716797 -0.307617 1310079146.569160
-0.200195 0.759766 -0.363281 1310079146.613184
-0.207031 0.688477 -0.484375 1310079146.651156
-0.340820 0.719727 -0.367188 1310079146.679160
-0.386719 0.816406 -0.396484 1310079146.700124
-0.386719 0.816406 -0.396484 1310079146.723101
-0.282227 0.779297 -0.326172 1310079146.767089
-0.301758 0.902344 -0.421875 1310079146.811132
-0.140625 0.750000 -0.362305 1310079146.835125
-0.153320 0.730469 -0.284180 1310079146.856125
-0.312500 1.159180 -0.328125 1310079146.924154
-0.206055 1.347656 -0.339844 1310079146.926142
-0.140625 0.992188 -0.397461 1310079146.970162
-0.007812 1.512695 -0.040039 1310079146.993171
-0.012695 0.695312 -0.046875 1310079147.016190
0.045898 0.530273 0.011719 1310079147.066187
-0.009766 0.546875 0.044922 1310079147.115145
-0.026367 0.562500 0.080078 1310079147.126376
-0.071289 0.702148 0.142578 1310079147.149209
-0.043945 0.780273 0.121094 1310079147.194204
-0.026367 0.832031 0.150391 1310079147.352190
0.004883 0.770508 0.150391 1310079147.354167
0.037109 0.689453 0.149414 1310079147.369250
0.056641 0.628906 0.206055 1310079147.370190
0.101562 0.644531 0.204102 1310079147.415235
0.083008 0.662109 0.198242 1310079147.471240
0.053711 0.684570 0.195312 1310079147.526202
0.095703 0.684570 0.216797 1310079147.546234
0.105469 0.720703 0.148438 1310079147.548164
0.088867 0.744141 0.172852 1310079147.549228
0.133789 0.727539 0.176758 1310079147.571241
0.142578 0.667969 0.239258 1310079147.622172
0.112305 0.609375 0.249023 1310079147.624164
0.112305 0.609375 0.249023 1310079147.626225
0.113281 0.668945 0.255859 1310079147.666243
0.123047 0.656250 0.245117 1310079147.751235
0.104492 0.621094 0.220703 1310079147.806198
0.125000 0.669922 0.153320 1310079147.807176
0.120117 0.666016 0.204102 1310079147.830170
0.098633 0.675781 0.227539 1310079147.832153
0.086914 0.669922 0.247070 1310079147.875253
0.119141 0.662109 0.195312 1310079147.970185
0.110352 0.665039 0.221680 1310079148.000212
0.104492 0.688477 0.231445 1310079148.022247
0.101562 0.625000 0.228516 1310079148.024176
0.096680 0.656250 0.243164 1310079148.049258
0.112305 0.684570 0.257812 1310079148.070259
0.096680 0.671875 0.229492 1310079148.100258
0.091797 0.628906 0.238281 1310079148.121183
0.094727 0.648438 0.225586 1310079148.144216
0.124023 0.661133 0.271484 1310079148.230212
0.091797 0.681641 0.214844 1310079148.233999
0.106445 0.672852 0.241211 1310079148.272208
