-0.275391 0.724609 -0.016602 1310680673.675902
-0.271484 0.739258 -0.022461 1310680673.702882
-0.273438 0.734375 -0.008789 1310680673.741897
-0.227539 0.702148 -0.006836 1310680673.765951
-0.216797 0.700195 -0.045898 1310680673.810958
-0.217773 0.621094 -0.094727 1310680673.853942
-0.209961 0.482422 -0.146484 1310680673.877892
-0.202148 0.324219 -0.212891 1310680673.901918
-0.237305 0.213867 -0.054688 1310680673.937949
-0.200195 0.449219 0.015625 1310680673.960953
-0.124023 0.758789 -0.041016 1310680673.991926
-0.200195 0.876953 0.048828 1310680674.040950
-0.337891 1.340820 0.112305 1310680674.072948
-0.341797 1.822266 0.199219 1310680674.105953
-0.402344 1.975586 0.206055 1310680674.150921
-0.614258 1.763672 -0.013672 1310680674.172954
-0.478516 1.384766 -0.182617 1310680674.200904
-0.168945 0.429688 -0.213867 1310680674.226951
0.004883 -0.106445 -0.148438 1310680674.250954
0.074219 -0.411133 -0.252930 1310680674.300921
-0.022461 -0.357422 -0.189453 1310680674.317893
-0.126953 -0.107422 -0.189453 1310680674.350956
-0.148438 -0.093750 -0.192383 1310680674.393005
-0.087891 -0.132812 -0.235352 1310680674.416963
-0.070312 -0.163086 -0.141602 1310680674.460957
-0.294922 0.140625 -0.172852 1310680674.482956
-0.591797 0.452148 -0.372070 1310680674.507917
-0.628906 1.404297 -0.372070 1310680674.531969
-0.130859 1.978516 0.014648 1310680674.581958
-0.176758 1.977539 0.076172 1310680674.620963
-0.504883 1.984375 0.098633 1310680674.645960
-0.545898 1.984375 -0.143555 1310680674.686923
-0.391602 1.519531 -0.320312 1310680674.712954
-0.328125 0.434570 -0.373047 1310680674.746879
-0.189453 -0.347656 -0.238281 1310680674.775950
-0.027344 -0.371094 -0.236328 1310680674.797917
-0.166992 -0.175781 -0.219727 1310680674.841952
-0.187500 -0.125000 -0.175781 1310680674.865927
0.004883 -0.219727 -0.094727 1310680674.888971
0.032227 -0.219727 -0.094727 1310680674.936968
0.025391 -0.307617 -0.061523 1310680674.968968
-0.160156 -0.081055 -0.112305 1310680674.998933
-0.472656 0.432617 -0.509766 1310680675.043900
-0.398438 1.260742 -0.267578 1310680675.065969
-0.524414 1.949219 -0.245117 1310680675.089969
-0.428711 1.980469 0.291992 1310680675.148979
-0.162109 1.978516 -0.196289 1310680675.153922
-0.351562 1.978516 -0.260742 1310680675.205962
-0.473633 1.708008 -0.368164 1310680675.227982
-0.102539 0.374023 -0.323242 1310680675.248949
-0.017578 -0.211914 -0.073242 1310680675.273939
-0.049805 -0.549805 -0.132812 1310680675.319003
-0.039062 -0.448242 -0.198242 1310680675.348936
-0.040039 -0.301758 -0.198242 1310680675.391989
-0.040039 -0.301758 -0.198242 1310680675.415980
-0.013672 -0.193359 -0.185547 1310680675.460979
-0.034180 -0.179688 -0.101562 1310680675.481923
-0.180664 0.000977 -0.194336 1310680675.525979
-0.598633 0.355469 -0.439453 1310680675.547981
-0.859375 1.233398 -0.470703 1310680675.571325
-0.667969 1.983398 -0.341797 1310680675.612984
-0.332031 1.775391 -0.375000 1310680675.637986
-0.332031 1.775391 -0.375000 1310680675.656980
-0.467773 1.979492 -0.244141 1310680675.701981
-0.668945 1.980469 -0.368164 1310680675.742992
-0.553711 1.316406 -0.429688 1310680675.786925
-0.191406 0.291992 -0.295898 1310680675.807925
0.006836 -0.346680 -0.205078 1310680675.830977
-0.101562 -0.378906 -0.291016 1310680675.883991
-0.246094 -0.156250 -0.255859 1310680675.907971
-0.124023 -0.099609 -0.253906 1310680675.930988
0.020508 -0.192383 -0.145508 1310680675.965988
0.138672 -0.250000 -0.073242 1310680675.987992
0.148438 -0.272461 -0.013672 1310680676.013993
0.048828 -0.181641 -0.043945 1310680676.073991
-0.348633 0.135742 -0.038086 1310680676.094984
-0.544922 0.712891 -0.277344 1310680676.147967
-0.645508 1.980469 0.263672 1310680676.154002
0.069336 1.824219 0.426758 1310680676.186991
-0.182617 1.975586 0.138672 1310680676.208004
-0.129883 1.982422 0.033203 1310680676.253993
-0.628906 1.977539 0.030273 1310680676.297996
-0.218750 1.509766 -0.351562 1310680676.320995
-0.183594 0.577148 -0.301758 1310680676.343003
-0.069336 -0.150391 -0.235352 1310680676.382994
0.033203 -0.524414 -0.141602 1310680676.413993
0.003906 -0.492188 -0.168945 1310680676.436972
-0.023438 -0.324219 -0.170898 1310680676.480965
-0.112305 -0.084961 -0.166016 1310680676.524002
-0.092773 -0.105469 -0.225586 1310680676.553956
-0.040039 -0.176758 -0.194336 1310680676.583002
-0.027344 -0.191406 -0.088867 1310680676.661001
-0.176758 0.083984 -0.165039 1310680676.715933
-0.711914 0.397461 -0.464844 1310680676.716911
-1.099609 1.750000 -0.362305 1310680676.723934
-0.124023 1.977539 0.053711 1310680676.753931
-0.329102 1.979492 -0.277344 1310680676.776959
-0.722656 1.978516 -0.384766 1310680676.815909
-0.791016 1.981445 -0.369141 1310680676.837036
-0.566406 1.429688 -0.319336 1310680676.857896
-0.436523 0.101562 -0.304688 1310680676.908951
-0.113281 -0.267578 -0.288086 1310680676.922011
0.099609 -0.341797 -0.174805 1310680676.968941
-0.113281 -0.091797 -0.174805 1310680676.992018
-0.027344 -0.128906 -0.116211 1310680677.040986
0.069336 -0.298828 -0.131836 1310680677.061948
0.019531 -0.270508 -0.149414 1310680677.103920
-0.038086 -0.300781 -0.067383 1310680677.138968
-0.207031 -0.124023 -0.063477 1310680677.140937
-0.464844 0.212891 -0.395508 1310680677.205999
-0.454102 1.011719 -0.172852 1310680677.226971
-0.230469 1.976562 0.197266 1310680677.269012
-0.337891 1.983398 0.265625 1310680677.292021
-0.356445 1.979492 0.017578 1310680677.314025
-0.256836 1.980469 0.017578 1310680677.337015
-0.393555 1.463867 -0.186523 1310680677.382014
-0.111328 0.232422 -0.300781 1310680677.425956
-0.126953 -0.268555 -0.297852 1310680677.451986
-0.102539 -0.508789 -0.236328 1310680677.496015
0.017578 -0.445312 -0.187500 1310680677.536010
-0.038086 -0.283203 -0.139648 1310680677.536949
-0.032227 -0.153320 -0.162109 1310680677.582023
-0.034180 -0.214844 -0.161133 1310680677.603995
-0.125000 -0.191406 -0.218750 1310680677.640965
-0.348633 -0.099609 -0.145508 1310680677.678984
-0.443359 0.298828 -0.339844 1310680677.701026
-0.443359 0.298828 -0.339844 1310680677.722022
-0.705078 1.798828 -0.339844 1310680677.766004
-0.473633 1.979492 -0.228516 1310680677.810986
-0.351562 1.980469 -0.130859 1310680677.836032
-0.564453 1.982422 -0.297852 1310680677.858027
-0.851562 1.980469 -0.207031 1310680677.891023
-0.570312 1.581055 -0.100586 1310680677.933023
-0.235352 0.445312 -0.179688 1310680677.955973
-0.001953 -0.306641 -0.258789 1310680678.002034
0.029297 -0.302734 -0.297852 1310680678.023032
-0.161133 -0.172852 -0.320312 1310680678.068961
-0.186523 -0.069336 -0.202148 1310680678.078961
-0.006836 -0.151367 -0.157227 1310680678.123920
0.118164 -0.151367 -0.157227 1310680678.146923
0.113281 -0.277344 -0.056641 1310680678.193950
0.055664 -0.248047 -0.116211 1310680678.215933
-0.253906 -0.054688 -0.153320 1310680678.258957
-0.617188 0.491211 -0.120117 1310680678.285012
-0.652344 1.741211 -0.120117 1310680678.307990
-0.448242 1.980469 0.161133 1310680678.353030
-0.223633 1.979492 0.448242 1310680678.375987
-0.409180 1.979492 0.171875 1310680678.443965
-0.493164 1.632812 0.132812 1310680678.444925
-0.379883 0.889648 0.132812 1310680678.482029
-0.153320 -0.031250 -0.372070 1310680678.502030
0.023438 -0.459961 -0.343750 1310680678.566020
-0.068359 -0.465820 -0.352539 1310680678.567982
-0.066406 -0.403320 -0.208008 1310680678.598035
-0.028320 -0.242188 -0.139648 1310680678.642036
0.084961 -0.228516 -0.125977 1310680678.665007
0.072266 -0.184570 -0.140625 1310680678.710999
0.057617 -0.194336 -0.119141 1310680678.752041
-0.166992 -0.041016 -0.338867 1310680678.774045
-0.455078 0.242188 -0.616211 1310680678.797039
-0.700195 1.978516 -0.346680 1310680678.841931
-0.175781 1.979492 -0.572266 1310680678.852958
-0.406250 1.592773 -0.068359 1310680678.901043
-0.352539 1.978516 -0.198242 1310680678.943016
-0.303711 1.980469 -0.463867 1310680678.965972
-0.657227 1.980469 -0.352539 1310680679.007953
-0.508789 1.927734 -0.210938 1310680679.008963
-0.277344 1.491211 -0.409180 1310680679.158963
-0.125977 0.439453 -0.367188 1310680679.222979
-0.166992 -0.109375 -0.224609 1310680679.223972
-0.191406 -0.394531 -0.229492 1310680679.245967
-0.128906 -0.351562 -0.226562 1310680679.268968
-0.162109 -0.129883 -0.316406 1310680679.290969
-0.042969 -0.117188 -0.133789 1310680679.336965
-0.048828 -0.189453 -0.079102 1310680679.431024
-0.019531 -0.218750 -0.124023 1310680679.450976
0.129883 -0.187500 -0.146484 1310680679.452957
-0.083008 0.261719 -0.249023 1310680679.473045
-0.635742 1.234375 -0.397461 1310680679.475043
-0.595703 1.390625 -0.053711 1310680679.495979
-0.640625 1.982422 -0.095703 1310680679.496945
-0.159180 1.278320 0.444336 1310680679.577988
0.188477 1.384766 0.254883 1310680679.578990
-0.103516 1.093750 -0.102539 1310680679.604056
-0.235352 0.565430 -0.097656 1310680679.605958
-0.255859 0.565430 -0.097656 1310680679.665978
-0.223633 0.249023 -0.300781 1310680679.832005
-0.138672 0.305664 -0.246094 1310680679.832949
-0.196289 0.498047 -0.208008 1310680679.852960
-0.220703 0.924805 -0.191406 1310680679.853943
-0.220703 0.924805 -0.191406 1310680679.877975
-0.322266 0.644531 -0.060547 1310680679.937978
-0.399414 0.590820 -0.122070 1310680679.938978
-0.408203 0.759766 -0.215820 1310680679.940978
-0.255859 0.752930 -0.137695 1310680679.941971
-0.132812 0.684570 -0.079102 1310680679.978080
-0.169922 0.712891 -0.028320 1310680679.998983
-0.303711 0.711914 -0.013672 1310680680.024000
-0.251953 0.738281 -0.033203 1310680680.071081
-0.257812 0.708984 -0.083008 1310680680.093065
-0.277344 0.695312 -0.077148 1310680680.112044
-0.255859 0.688477 -0.077148 1310680680.156031
-0.271484 0.693359 -0.060547 1310680680.202081
-0.243164 0.714844 -0.056641 1310680680.246002
-0.293945 0.731445 -0.033203 1310680680.287978
-0.300781 0.657227 -0.071289 1310680680.291976
-0.267578 0.668945 -0.086914 1310680680.317061
-0.246094 0.693359 -0.047852 1310680680.339046
