-0.118164 0.642578 0.305664 1309979169.981343
-0.083008 0.648438 0.306641 1309979170.029359
-0.095703 0.646484 0.293945 1309979170.051361
-0.107422 0.648438 0.284180 1309979170.075346
-0.059570 0.644531 0.331055 1309979170.119353
-0.083008 0.646484 0.326172 1309979170.141374
-0.133789 0.587891 0.308594 1309979170.185340
-0.137695 0.642578 0.268555 1309979170.209377
-0.099609 0.605469 0.292969 1309979170.231322
-0.160156 0.622070 0.261719 1309979170.298364
-0.162109 0.622070 0.261719 1309979170.299329
-0.158203 0.569336 0.208984 1309979170.343343
-0.129883 0.529297 0.214844 1309979170.366378
-0.148438 0.465820 0.175781 1309979170.390359
-0.041016 0.394531 0.203125 1309979170.469365
-0.142578 0.457031 0.203125 1309979170.470357
-0.191406 0.619141 0.453125 1309979170.496375
-0.054688 0.784180 0.376953 1309979170.540320
-0.222656 1.003906 0.397461 1309979170.563361
-0.261719 1.421875 0.638672 1309979170.605351
0.045898 1.556641 0.714844 1309979170.628376
-0.014648 1.511719 0.625977 1309979170.650382
0.071289 1.273438 0.447266 1309979170.693371
-0.070312 0.993164 0.105469 1309979170.760318
-0.305664 0.318359 -0.268555 1309979170.764360
-0.241211 0.063477 -0.399414 1309979170.791366
-0.138672 -0.353516 -0.093750 1309979170.814354
-0.144531 -0.335938 -0.048828 1309979170.873395
0.021484 -0.052734 -0.048828 1309979170.876342
0.099609 -0.172852 -0.151367 1309979170.919346
-0.055664 -0.073242 -0.123047 1309979170.941356
-0.306641 0.720703 0.300781 1309979170.984384
-0.096680 1.244141 0.329102 1309979171.026369
-0.317383 1.980469 0.436523 1309979171.029350
0.390625 1.567383 0.333008 1309979171.075369
0.345703 0.909180 0.116211 1309979171.121414
0.256836 1.116211 0.661133 1309979171.143356
0.088867 1.807617 0.691406 1309979171.208372
-0.077148 1.169922 0.432617 1309979171.210380
0.067383 0.564453 -0.121094 1309979171.228395
0.056641 0.270508 -0.247070 1309979171.273375
0.017578 -0.185547 -0.264648 1309979171.296365
0.045898 -0.423828 -0.093750 1309979171.355371
-0.095703 -0.291992 -0.147461 1309979171.378367
-0.121094 -0.282227 -0.245117 1309979171.399358
-0.371094 -0.282227 -0.245117 1309979171.421379
-0.588867 0.664062 0.122070 1309979171.468362
-0.018555 0.774414 0.192383 1309979171.491369
-0.394531 1.978516 -0.043945 1309979171.534386
-0.148438 1.668945 0.133789 1309979171.556378
0.027344 1.630859 0.316406 1309979171.589381
-0.222656 1.630859 0.316406 1309979171.618385
-0.201172 1.267578 0.267578 1309979171.664390
-0.034180 1.035156 0.188477 1309979171.775381
0.008789 0.542969 -0.010742 1309979171.776374
-0.188477 0.135742 -0.431641 1309979171.795361
-0.198242 -0.050781 -0.444336 1309979171.796363
-0.074219 -0.234375 -0.069336 1309979171.829369
0.092773 -0.359375 0.017578 1309979171.850382
0.121094 -0.117188 -0.089844 1309979171.874376
-0.080078 -0.128906 -0.197266 1309979171.904377
-0.291016 0.177734 -0.264648 1309979171.946376
-0.347656 0.902344 0.449219 1309979171.971381
-0.103516 1.689453 0.426758 1309979172.015379
0.370117 1.983398 0.510742 1309979172.058389
0.158203 1.500000 0.532227 1309979172.084374
0.210938 1.489258 0.519531 1309979172.105370
0.193359 1.473633 0.607422 1309979172.148370
0.090820 0.957031 0.233398 1309979172.159387
-0.141602 0.365234 -0.073242 1309979172.220376
-0.093750 0.125000 -0.349609 1309979172.241391
-0.107422 -0.164062 -0.318359 1309979172.286416
-0.086914 -0.404297 -0.007812 1309979172.296408
-0.028320 -0.251953 -0.091797 1309979172.340385
0.081055 -0.251953 -0.091797 1309979172.361368
-0.185547 0.041016 -0.395508 1309979172.398399
-0.595703 0.586914 0.221680 1309979172.443391
0.052734 1.109375 0.108398 1309979172.464407
0.041016 1.981445 0.744141 1309979172.486362
-0.317383 1.908203 0.372070 1309979172.531401
-0.187500 1.875000 0.336914 1309979172.554395
-0.097656 1.569336 0.317383 1309979172.600387
-0.050781 1.279297 0.222656 1309979172.623434
-0.164062 0.949219 0.001953 1309979172.669414
-0.342773 0.537109 -0.263672 1309979172.690403
-0.121094 0.282227 -0.341797 1309979172.736390
-0.082031 -0.095703 -0.304688 1309979172.758395
-0.340820 -0.380859 -0.004883 1309979172.783457
-0.073242 -0.433594 0.057617 1309979172.825431
0.040039 -0.134766 -0.129883 1309979172.846391
-0.141602 0.308594 -0.420898 1309979172.890403
-0.146484 1.595703 0.272461 1309979172.911398
0.173828 1.176758 0.272461 1309979172.934388
0.069336 1.466797 0.682617 1309979172.980425
-0.051758 1.218750 0.387695 1309979173.045409
0.322266 1.180664 0.340820 1309979173.046399
-0.120117 1.501953 0.648438 1309979173.071405
0.079102 1.603516 0.519531 1309979173.094419
0.312500 1.151367 0.315430 1309979173.140399
0.042969 0.502930 -0.095703 1309979173.206421
-0.339844 0.229492 -0.311523 1309979173.208401
-0.157227 -0.104492 -0.278320 1309979173.229431
-0.086914 -0.335938 -0.058594 1309979173.265414
-0.041992 -0.223633 -0.038086 1309979173.288388
0.124023 -0.107422 -0.092773 1309979173.335395
0.130859 -0.149414 -0.149414 1309979173.359414
-0.083008 0.073242 -0.282227 1309979173.404405
-0.278320 0.329102 0.029297 1309979173.423429
-0.714844 1.980469 -0.041016 1309979173.466415
0.362305 1.982422 0.432617 1309979173.490408
0.002930 1.429688 0.432617 1309979173.533410
-0.154297 1.522461 0.358398 1309979173.547406
0.075195 1.979492 0.572266 1309979173.590396
-0.059570 1.211914 0.230469 1309979173.634416
-0.204102 0.490234 -0.301758 1309979173.656405
-0.454102 0.490234 -0.301758 1309979173.679417
-0.388672 0.012695 -0.365234 1309979173.724420
-0.373047 -0.163086 -0.145508 1309979173.745416
-0.183594 -0.378906 -0.040039 1309979173.791420
0.062500 -0.268555 -0.035156 1309979173.806394
0.125977 -0.188477 -0.098633 1309979173.835419
-0.036133 0.239258 -0.171875 1309979173.876419
-0.402344 1.170898 0.346680 1309979173.929419
0.205078 0.951172 0.370117 1309979173.950418
-0.166016 1.982422 0.544922 1309979173.971417
0.582031 1.836914 0.825195 1309979174.016419
0.245117 1.333984 0.159180 1309979174.039423
0.245117 1.333984 0.159180 1309979174.063426
0.307617 1.718750 0.344727 1309979174.109426
0.062500 0.639648 0.160156 1309979174.130430
-0.126953 0.277344 -0.328125 1309979174.175421
-0.206055 -0.125977 -0.314453 1309979174.199425
-0.109375 -0.312500 -0.086914 1309979174.236425
-0.109375 -0.218750 0.001953 1309979174.281428
0.049805 -0.099609 0.041016 1309979174.333462
0.156250 -0.190430 -0.044922 1309979174.334438
-0.090820 0.027344 -0.348633 1309979174.359424
-0.464844 0.535156 0.255859 1309979174.403429
-0.446289 1.517578 -0.227539 1309979174.425453
0.458984 1.769531 0.763672 1309979174.469440
-0.483398 1.729492 0.263672 1309979174.493449
0.135742 1.722656 0.583984 1309979174.523431
0.178711 1.595703 0.617188 1309979174.568426
-0.004883 1.748047 0.411133 1309979174.590452
-0.178711 0.956055 0.131836 1309979174.612435
-0.246094 0.397461 -0.319336 1309979174.656426
-0.256836 0.175781 -0.423828 1309979174.679426
-0.260742 -0.052734 -0.326172 1309979174.728444
-0.250977 -0.238281 -0.087891 1309979174.759435
-0.061523 -0.313477 0.111328 1309979174.781447
-0.028320 -0.225586 0.022461 1309979174.820434
0.123047 -0.102539 -0.202148 1309979174.894439
-0.083008 0.529297 0.017578 1309979174.909441
-0.202148 0.980469 -0.229492 1309979174.930443
-0.103516 1.312500 0.975586 1309979174.950440
0.582031 1.076172 0.622070 1309979174.995437
0.249023 0.877930 0.324219 1309979175.023445
-0.199219 0.999023 0.340820 1309979175.043440
-0.002930 0.644531 0.458984 1309979175.068441
0.084961 0.359375 0.155273 1309979175.113443
-0.006836 0.380859 0.106445 1309979175.154453
-0.085938 0.542969 0.146484 1309979175.156436
-0.146484 0.832031 0.197266 1309979175.219447
-0.090820 0.613281 0.201172 1309979175.240441
0.037109 0.519531 0.213867 1309979175.261443
0.056641 0.591797 0.197266 1309979175.295430
0.050781 0.755859 0.253906 1309979175.339444
0.012695 0.704102 0.253906 1309979175.362451
0.014648 0.683594 0.290039 1309979175.396430
0.042969 0.691406 0.319336 1309979175.420465
0.038086 0.644531 0.241211 1309979175.471445
0.000977 0.666992 0.263672 1309979175.495446
-0.023438 0.671875 0.236328 1309979175.523486
-0.023438 0.671875 0.236328 1309979175.544444
-0.055664 0.658203 0.236328 1309979175.619455
-0.044922 0.624023 0.208008 1309979175.668446
-0.068359 0.705078 0.256836 1309979175.690452
-0.101562 0.691406 0.225586 1309979175.756461
-0.082031 0.683594 0.229492 1309979175.765455
-0.129883 0.683594 0.229492 1309979175.779461
-0.083984 0.632812 0.200195 1309979175.783452
-0.112305 0.635742 0.279297 1309979175.803454
-0.091797 0.669922 0.296875 1309979175.849449
-0.096680 0.678711 0.315430 1309979175.895461
-0.053711 0.644531 0.264648 1309979175.896452
