-0.192383 0.635742 0.246094 1311190090.679631
-0.216797 0.633789 0.263672 1311190090.710618
-0.272461 0.648438 0.213867 1311190090.736619
-0.217773 0.656250 0.207031 1311190090.781656
-0.222656 0.672852 0.165039 1311190090.808643
-0.190430 0.671875 0.205078 1311190090.831616
-0.175781 0.638672 0.234375 1311190090.863631
-0.181641 0.675781 0.229492 1311190090.893639
-0.152344 0.669922 0.222656 1311190090.935631
-0.153320 0.651367 0.217773 1311190090.980657
-0.157227 0.657227 0.231445 1311190090.995632
-0.164062 0.683594 0.225586 1311190091.026654
-0.191406 0.669922 0.149414 1311190091.060671
-0.229492 0.652344 0.149414 1311190091.098627
-0.223633 0.629883 0.213867 1311190091.126643
-0.236328 0.655273 0.196289 1311190091.170645
-0.222656 0.669922 0.221680 1311190091.191632
-0.237305 0.656250 0.173828 1311190091.216667
-0.272461 0.631836 0.149414 1311190091.264741
-0.347656 0.631836 0.149414 1311190091.288661
-0.415039 0.666016 0.099609 1311190091.334664
-0.387695 0.675781 0.087891 1311190091.355629
-0.392578 0.712891 0.026367 1311190091.398639
-0.525391 0.752930 -0.040039 1311190091.420676
-0.626953 0.792969 -0.095703 1311190091.441649
-0.626953 0.792969 -0.095703 1311190091.484676
-0.618164 0.794922 -0.207031 1311190091.520660
-0.598633 0.699219 -0.221680 1311190091.544663
-0.599609 0.669922 -0.228516 1311190091.591644
-0.625000 0.666992 -0.270508 1311190091.614651
-0.582031 0.669922 -0.256836 1311190091.636674
-0.578125 0.603516 -0.242188 1311190091.681657
-0.549805 0.583984 -0.271484 1311190091.705660
-0.534180 0.616211 -0.216797 1311190091.749689
-0.579102 0.626953 -0.234375 1311190091.794657
-0.575195 0.617188 -0.200195 1311190091.795656
-0.544922 0.557617 -0.156250 1311190091.841689
-0.502930 0.556641 -0.165039 1311190091.874655
-0.490234 0.471680 -0.141602 1311190091.918649
-0.443359 0.508789 -0.109375 1311190091.943646
-0.438477 0.538086 -0.089844 1311190091.966667
-0.443359 0.527344 -0.016602 1311190091.988664
-0.453125 0.504883 0.010742 1311190092.029665
-0.428711 0.524414 0.024414 1311190092.054667
-0.428711 0.524414 0.024414 1311190092.100674
-0.420898 0.550781 0.074219 1311190092.126659
-0.335938 0.532227 0.086914 1311190092.170643
-0.310547 0.535156 0.073242 1311190092.193666
-0.301758 0.577148 0.084961 1311190092.216672
-0.340820 0.574219 0.129883 1311190092.260676
-0.364258 0.580078 0.103516 1311190092.283679
-0.376953 0.523438 0.124023 1311190092.330671
-0.288086 0.571289 0.178711 1311190092.383681
-0.339844 0.588867 0.116211 1311190092.409690
-0.339844 0.588867 0.116211 1311190092.410657
-0.309570 0.576172 0.124023 1311190092.451668
-0.334961 0.576172 0.150391 1311190092.474670
-0.350586 0.615234 0.159180 1311190092.519673
-0.335938 0.611328 0.164062 1311190092.545676
-0.286133 0.626953 0.216797 1311190092.573671
-0.289062 0.590820 0.216797 1311190092.596682
-0.372070 0.626953 0.144531 1311190092.660764
-0.405273 0.656250 0.139648 1311190092.683678
-0.355469 0.661133 0.132812 1311190092.706677
-0.308594 0.673828 0.164062 1311190092.731658
-0.294922 0.671875 0.128906 1311190092.760684
-0.276367 0.673828 0.140625 1311190092.806670
-0.292969 0.642578 0.142578 1311190092.850674
-0.315430 0.648438 0.145508 1311190092.874684
-0.336914 0.671875 0.154297 1311190092.903729
-0.294922 0.643555 0.156250 1311190092.924688
-0.273438 0.626953 0.167969 1311190092.950687
-0.282227 0.698242 0.136719 1311190092.996669
-0.309570 0.617188 0.166016 1311190093.030659
-0.297852 0.639648 0.144531 1311190093.075672
-0.304688 0.605469 0.166016 1311190093.096690
-0.293945 0.658203 0.162109 1311190093.118688
-0.307617 0.652344 0.162109 1311190093.161688
