-0.086914 0.744141 -0.052734 1310510486.047882
-0.114258 0.994141 -0.052734 1310510486.092806
-0.067383 0.728516 -0.071289 1310510486.169822
-0.068359 0.716797 -0.055664 1310510486.170864
-0.078125 0.750000 -0.063477 1310510486.193802
-0.104492 0.738281 -0.074219 1310510486.214869
-0.077148 0.769531 -0.105469 1310510486.257833
-0.094727 0.763672 -0.079102 1310510486.300772
-0.057617 0.753906 -0.067383 1310510486.340820
-0.048828 0.730469 -0.090820 1310510486.342937
-0.083984 0.759766 -0.091797 1310510486.388873
-0.090820 0.712891 -0.118164 1310510486.410882
-0.083008 0.741211 -0.103516 1310510486.455843
-0.125977 0.765625 -0.100586 1310510486.483787
-0.115234 0.738281 -0.110352 1310510486.505039
-0.156250 0.765625 -0.104492 1310510486.548833
-0.077148 0.701172 -0.081055 1310510486.570850
-0.058594 0.747070 -0.081055 1310510486.595828
-0.079102 0.742188 -0.049805 1310510486.630880
-0.080078 0.717773 -0.039062 1310510486.674796
-0.059570 0.726562 -0.083984 1310510486.718887
-0.085938 0.743164 -0.059570 1310510486.742837
-0.102539 0.712891 -0.079102 1310510486.764787
-0.105469 0.740234 -0.079102 1310510486.787864
-0.096680 0.769531 -0.046875 1310510486.849811
-0.055664 0.750000 -0.043945 1310510486.872796
-0.081055 0.752930 -0.035156 1310510486.894791
-0.094727 0.752930 -0.079102 1310510486.939843
-0.090820 0.721680 -0.063477 1310510486.972890
-0.132812 0.730469 -0.032227 1310510486.995851
-0.132812 0.730469 -0.032227 1310510487.017801
-0.117188 0.708984 -0.023438 1310510487.062850
-0.138672 0.704102 -0.046875 1310510487.084808
-0.119141 0.761719 -0.049805 1310510487.123895
-0.095703 0.743164 -0.083984 1310510487.145818
-0.072266 0.743164 -0.084961 1310510487.193883
-0.063477 0.750000 -0.040039 1310510487.214886
-0.062500 0.728516 -0.053711 1310510487.260832
-0.083008 0.689453 -0.094727 1310510487.283810
-0.071289 0.733398 -0.079102 1310510487.308899
-0.083984 0.723633 -0.103516 1310510487.340801
-0.133789 0.728516 -0.141602 1310510487.383837
-0.118164 0.748047 -0.137695 1310510487.454894
-0.092773 0.773438 -0.103516 1310510487.455852
-0.087891 0.744141 -0.132812 1310510487.475787
-0.047852 0.751953 -0.135742 1310510487.522859
-0.031250 0.778320 -0.093750 1310510487.532898
-0.018555 0.724609 -0.116211 1310510487.577860
-0.007812 0.721680 -0.091797 1310510487.623907
-0.043945 0.746094 -0.108398 1310510487.647901
-0.096680 0.734375 -0.106445 1310510487.669834
-0.108398 0.688477 -0.121094 1310510487.695873
-0.232422 0.835938 -0.039062 1310510487.750836
-0.193359 0.780273 -0.215820 1310510487.773824
-0.083984 0.744141 -0.139648 1310510487.815871
-0.145508 0.699219 -0.161133 1310510487.838897
-0.165039 0.749023 -0.148438 1310510487.860823
-0.113281 0.776367 -0.137695 1310510487.909818
-0.117188 0.755859 -0.190430 1310510487.930852
-0.147461 0.717773 -0.160156 1310510487.953841
-0.139648 0.740234 -0.128906 1310510487.999847
-0.084961 0.750000 -0.121094 1310510488.042868
-0.091797 0.744141 -0.160156 1310510488.059900
-0.102539 0.743164 -0.169922 1310510488.103836
-0.095703 0.765625 -0.169922 1310510488.125872
-0.042969 0.758789 -0.112305 1310510488.167915
-0.097656 0.777344 -0.066406 1310510488.189910
-0.066406 0.718750 -0.078125 1310510488.212897
-0.080078 0.733398 -0.095703 1310510488.254854
-0.081055 0.732422 -0.060547 1310510488.278917
-0.055664 0.739258 -0.056641 1310510488.322892
-0.105469 0.749023 -0.059570 1310510488.343878
-0.128906 0.734375 -0.075195 1310510488.387823
-0.094727 0.722656 -0.049805 1310510488.410824
-0.055664 0.696289 -0.072266 1310510488.449904
-0.058594 0.720703 -0.073242 1310510488.473879
-0.112305 0.713867 -0.043945 1310510488.515825
-0.131836 0.723633 -0.014648 1310510488.563917
-0.090820 0.761719 -0.034180 1310510488.585917
-0.065430 0.711914 -0.032227 1310510488.608926
-0.065430 0.722656 -0.037109 1310510488.644927
-0.042969 0.746094 -0.078125 1310510488.670927
-0.075195 0.750000 -0.031250 1310510488.723874
-0.014648 0.707031 -0.074219 1310510488.773861
-0.084961 0.733398 -0.087891 1310510488.774842
-0.069336 0.745117 -0.057617 1310510488.795857
-0.125977 0.710938 -0.082031 1310510488.839835
-0.138672 0.765625 -0.132812 1310510488.862868
-0.099609 0.749023 -0.079102 1310510488.905839
-0.153320 0.756836 -0.102539 1310510488.930845
-0.108398 0.756836 -0.140625 1310510488.975878
-0.097656 0.748047 -0.086914 1310510488.998880
-0.130859 0.728516 -0.124023 1310510489.043054
-0.130859 0.728516 -0.124023 1310510489.044076
-0.087891 0.738281 -0.095703 1310510489.090924
-0.047852 0.772461 -0.103516 1310510489.117855
-0.042969 0.744141 -0.144531 1310510489.159843
-0.047852 0.769531 -0.113281 1310510489.205840
-0.028320 0.753906 -0.102539 1310510489.227939
-0.042969 0.709961 -0.061523 1310510489.249931
-0.091797 0.726562 -0.091797 1310510489.271905
-0.172852 0.685547 -0.107422 1310510489.317934
-0.252930 0.742188 -0.111328 1310510489.340856
-0.162109 0.762695 -0.137695 1310510489.383907
-0.117188 0.740234 -0.209961 1310510489.427877
-0.145508 0.667969 -0.146484 1310510489.449929
-0.124023 0.681641 -0.116211 1310510489.474942
-0.047852 0.706055 -0.097656 1310510489.522851
-0.073242 0.768555 -0.117188 1310510489.543913
-0.119141 0.764648 -0.185547 1310510489.588940
-0.086914 0.792969 -0.172852 1310510489.608912
-0.081055 0.785156 -0.183594 1310510489.635871
-0.053711 0.781250 -0.170898 1310510489.683861
-0.030273 0.746094 -0.173828 1310510489.705811
-0.063477 0.732422 -0.135742 1310510489.728822
-0.029297 0.736328 -0.122070 1310510489.770945
-0.079102 0.733398 -0.089844 1310510489.793901
-0.082031 0.746094 -0.119141 1310510489.837894
-0.122070 0.728516 -0.102539 1310510489.868917
-0.112305 0.748047 -0.092773 1310510489.892872
-0.146484 0.728516 -0.096680 1310510489.934890
-0.164062 0.713867 -0.086914 1310510489.955869
-0.137695 0.745117 -0.086914 1310510490.028904
-0.134766 0.752930 -0.080078 1310510490.069945
-0.103516 0.708984 -0.099609 1310510490.072906
-0.118164 0.722656 -0.051758 1310510490.093952
-0.097656 0.720703 -0.063477 1310510490.115898
-0.114258 0.751953 -0.065430 1310510490.146945
-0.105469 0.748047 -0.065430 1310510490.190964
-0.136719 0.753906 -0.088867 1310510490.234952
-0.121094 0.746094 -0.048828 1310510490.255917
-0.113281 0.736328 -0.048828 1310510490.305918
-0.104492 0.710938 -0.051758 1310510490.307932
-0.109375 0.741211 -0.072266 1310510490.333869
-0.091797 0.719727 -0.073242 1310510490.382890
-0.116211 0.720703 -0.092773 1310510490.424869
-0.136719 0.702148 -0.114258 1310510490.445868
-0.141602 0.736328 -0.083984 1310510490.482865
-0.139648 0.705078 -0.097656 1310510490.512941
-0.113281 0.712891 -0.106445 1310510490.534905
-0.075195 0.765625 -0.135742 1310510490.577950
-0.102539 0.740234 -0.151367 1310510490.598907
-0.126953 0.706055 -0.169922 1310510490.645921
-0.142578 0.738281 -0.158203 1310510490.668952
-0.117188 0.777344 -0.202148 1310510490.692920
-0.149414 0.754883 -0.202148 1310510490.736882
-0.170898 0.664062 -0.161133 1310510490.774873
-0.145508 0.914062 -0.161133 1310510490.797961
-0.147461 0.751953 -0.173828 1310510490.827898
-0.157227 0.750000 -0.122070 1310510490.863915
-0.144531 0.722656 -0.146484 1310510490.907877
-0.171875 0.722656 -0.146484 1310510490.915932
-0.225586 0.736328 -0.114258 1310510490.964952
-0.170898 0.763672 -0.124023 1310510490.989971
-0.108398 0.691406 -0.163086 1310510491.033974
-0.146484 0.702148 -0.179688 1310510491.055911
-0.113281 0.722656 -0.118164 1310510491.078943
-0.113281 0.722656 -0.118164 1310510491.120978
-0.116211 0.764648 -0.225586 1310510491.165908
-0.145508 0.764648 -0.193359 1310510491.190930
-0.125000 0.750977 -0.169922 1310510491.219870
-0.132812 0.758789 -0.171875 1310510491.287978
-0.157227 0.757812 -0.171875 1310510491.325885
-0.146484 0.742188 -0.133789 1310510491.348887
-0.101562 0.761719 -0.162109 1310510491.349866
-0.072266 0.742188 -0.156250 1310510491.387906
-0.060547 0.767578 -0.129883 1310510491.408943
-0.095703 0.756836 -0.102539 1310510491.454968
-0.112305 0.748047 -0.091797 1310510491.475898
-0.110352 0.781250 -0.088867 1310510491.519883
-0.117188 0.699219 -0.093750 1310510491.543932
-0.113281 0.744141 -0.117188 1310510491.567937
-0.148438 0.730469 -0.103516 1310510491.612921
-0.153320 0.708984 -0.055664 1310510491.633896
-0.149414 0.703125 -0.049805 1310510491.657922
-0.141602 0.693359 -0.076172 1310510491.712979
-0.165039 0.732422 -0.072266 1310510491.755897
-0.142578 0.744141 -0.074219 1310510491.757880
-0.152344 0.730469 -0.079102 1310510491.800892
-0.142578 0.717773 -0.031250 1310510491.828890
-0.139648 0.741211 -0.047852 1310510491.853902
-0.116211 0.741211 -0.047852 1310510491.880971
-0.116211 0.741211 -0.047852 1310510491.925914
-0.121094 0.708984 -0.049805 1310510491.959968
-0.145508 0.718750 -0.044922 1310510492.002981
-0.112305 0.745117 -0.063477 1310510492.024942
-0.115234 0.745117 -0.063477 1310510492.045915
-0.090820 0.724609 -0.058594 1310510492.090980
-0.127930 0.714844 -0.057617 1310510492.135916
-0.089844 0.715820 -0.119141 1310510492.158888
-0.085938 0.737305 -0.077148 1310510492.184940
-0.110352 0.738281 -0.085938 1310510492.207941
-0.120117 0.718750 -0.083984 1310510492.256966
-0.121094 0.701172 -0.073242 1310510492.282908
-0.109375 0.744141 -0.110352 1310510492.325890
-0.059570 0.753906 -0.147461 1310510492.348998
-0.065430 0.744141 -0.154297 1310510492.370989
-0.081055 0.733398 -0.176758 1310510492.394961
-0.073242 0.708984 -0.061523 1310510492.453992
-0.014648 0.737305 -0.145508 1310510492.477961
-0.082031 0.751953 -0.113281 1310510492.499967
-0.078125 0.720703 -0.089844 1310510492.544919
-0.122070 0.741211 -0.150391 1310510492.594867
-0.178711 0.710938 -0.105469 1310510492.622902
-0.218750 0.663086 -0.110352 1310510492.644930
-0.274414 0.744141 -0.063477 1310510492.667908
-0.118164 0.730469 -0.218750 1310510492.709909
-0.149414 0.722656 -0.149414 1310510492.735901
-0.091797 0.722656 -0.105469 1310510492.767883
-0.063477 0.730469 -0.105469 1310510492.788914
-0.098633 0.750977 -0.131836 1310510492.837919
-0.157227 0.751953 -0.156250 1310510492.872907
-0.148438 0.748047 -0.134766 1310510492.898876
-0.117188 0.749023 -0.163086 1310510492.922895
-0.126953 0.750000 -0.143555 1310510492.965934
-0.113281 0.748047 -0.124023 1310510492.987889
-0.066406 0.748047 -0.141602 1310510493.018888
-0.068359 0.732422 -0.140625 1310510493.063947
-0.079102 0.748047 -0.103516 1310510493.086001
-0.101562 0.783203 -0.090820 1310510493.130016
-0.102539 0.720703 -0.074219 1310510493.152977
-0.102539 0.720703 -0.074219 1310510493.175004
-0.136719 0.716797 -0.072266 1310510493.219948
-0.145508 0.712891 -0.062500 1310510493.242904
-0.146484 0.746094 -0.105469 1310510493.286003
-0.125000 0.741211 -0.099609 1310510493.311009
-0.156250 0.733398 -0.020508 1310510493.365953
-0.135742 0.675781 -0.020508 1310510493.388016
-0.137695 0.746094 -0.050781 1310510493.413014
-0.112305 0.722656 -0.043945 1310510493.433985
-0.165039 0.719727 -0.039062 1310510493.479064
-0.139648 0.723633 -0.062500 1310510493.503098
-0.137695 0.734375 -0.063477 1310510493.525119
-0.137695 0.734375 -0.063477 1310510493.568976
-0.102539 0.730469 -0.017578 1310510493.614023
-0.141602 0.753906 -0.038086 1310510493.658972
-0.121094 0.730469 -0.047852 1310510493.682968
-0.089844 0.755859 -0.057617 1310510493.703961
-0.122070 0.791016 -0.046875 1310510493.725929
-0.159180 0.714844 -0.039062 1310510493.767932
-0.151367 0.728516 -0.063477 1310510493.809940
-0.168945 0.720703 -0.041992 1310510493.830962
-0.104492 0.745117 -0.067383 1310510493.919005
-0.115234 0.740234 -0.068359 1310510493.920015
-0.086914 0.737305 -0.110352 1310510493.940976
-0.138672 0.702148 -0.079102 1310510493.975960
-0.132812 0.744141 -0.077148 1310510493.998922
-0.151367 0.738281 -0.092773 1310510494.023955
-0.142578 0.771484 -0.111328 1310510494.055941
-0.117188 0.766602 -0.177734 1310510494.077946
-0.157227 0.766602 -0.177734 1310510494.103000
-0.114258 0.744141 -0.192383 1310510494.168947
-0.070312 0.736328 -0.178711 1310510494.190980
-0.084961 0.800781 -0.227539 1310510494.213030
-0.109375 0.798828 -0.214844 1310510494.239000
-0.140625 0.725586 -0.177734 1310510494.273990
-0.132812 0.747070 -0.130859 1310510494.296977
-0.097656 0.734375 -0.125977 1310510494.339970
-0.152344 0.728516 -0.149414 1310510494.384033
-0.184570 0.705078 -0.065430 1310510494.408030
-0.234375 0.776367 0.009766 1310510494.450039
-0.182617 0.691406 -0.224609 1310510494.472991
-0.160156 0.739258 -0.160156 1310510494.498967
-0.063477 0.673828 -0.144531 1310510494.543032
-0.026367 0.733398 -0.111328 1310510494.572992
