-0.274414 0.576172 0.224609 1311188821.438919
-0.226562 0.607422 0.279297 1311188821.440949
-0.250977 0.625000 0.255859 1311188821.476943
-0.280273 0.617188 0.300781 1311188821.497950
-0.311523 0.617188 0.300781 1311188821.540942
-0.328125 0.566406 0.300781 1311188821.548926
-0.295898 0.599609 0.310547 1311188821.608951
-0.340820 0.543945 0.293945 1311188821.631961
-0.336914 0.572266 0.222656 1311188821.660957
-0.402344 0.570312 0.231445 1311188821.682948
-0.342773 0.582031 0.231445 1311188821.725955
-0.315430 0.562500 0.256836 1311188821.768948
-0.368164 0.566406 0.264648 1311188821.791954
-0.351562 0.605469 0.286133 1311188821.833955
-0.347656 0.582031 0.303711 1311188821.855952
-0.326172 0.584961 0.285156 1311188821.897959
-0.375977 0.556641 0.307617 1311188821.923034
-0.334961 0.537109 0.314453 1311188821.943953
-0.348633 0.559570 0.315430 1311188821.988948
-0.344727 0.569336 0.296875 1311188822.013954
-0.295898 0.576172 0.294922 1311188822.035961
-0.339844 0.509766 0.292969 1311188822.082955
-0.422852 0.486328 0.255859 1311188822.126964
-0.451172 0.505859 0.248047 1311188822.147963
-0.448242 0.541992 0.240234 1311188822.173958
-0.459961 0.562500 0.217773 1311188822.197963
-0.400391 0.521484 0.260742 1311188822.230960
-0.412109 0.501953 0.010742 1311188822.256952
-0.426758 0.501953 0.010742 1311188822.303973
-0.419922 0.543945 0.233398 1311188822.350958
-0.394531 0.606445 0.173828 1311188822.372964
-0.438477 0.636719 0.097656 1311188822.418960
-0.377930 0.737305 0.073242 1311188822.420965
-0.301758 0.724609 0.131836 1311188822.462965
-0.301758 0.724609 0.131836 1311188822.485767
-0.235352 0.653320 -0.011719 1311188822.531976
-0.250977 0.616211 -0.070312 1311188822.566972
-0.241211 0.645508 -0.126953 1311188822.601962
-0.210938 0.669922 -0.237305 1311188822.623959
-0.210938 0.669922 -0.237305 1311188822.646967
-0.278320 0.742188 -0.285156 1311188822.693968
-0.369141 0.761719 -0.355469 1311188822.728968
-0.320312 0.757812 -0.387695 1311188822.750967
-0.357422 0.774414 -0.416016 1311188822.795973
-0.303711 0.760742 -0.481445 1311188822.821994
-0.373047 0.760742 -0.481445 1311188822.841980
-0.254883 0.703125 -0.338867 1311188822.885978
-0.262695 0.799805 -0.339844 1311188822.932973
-0.177734 0.784180 -0.304688 1311188822.975977
-0.252930 0.640625 -0.265625 1311188822.998980
-0.377930 0.574219 -0.269531 1311188823.020958
-0.243164 0.888672 -0.064453 1311188823.081960
0.059570 0.765625 -0.309570 1311188823.198981
-0.582031 -0.023438 0.030273 1311188823.266989
-0.243164 0.842773 -0.193359 1311188823.281990
-0.301758 0.627930 -0.153320 1311188823.282974
-0.543945 0.787109 -0.163086 1311188823.347987
-0.566406 0.781250 -0.263672 1311188823.384985
-0.538086 0.531250 -0.263672 1311188823.385989
-0.538086 0.531250 -0.263672 1311188823.396990
-0.489258 0.621094 -0.275391 1311188823.425988
-0.489258 0.630859 -0.327148 1311188823.426979
-0.481445 0.628906 -0.327148 1311188823.440977
-0.454102 0.604492 -0.291016 1311188823.462985
-0.491211 0.625000 -0.335938 1311188823.463977
-0.459961 0.546875 -0.271484 1311188823.508989
-0.469727 0.601562 -0.295898 1311188823.532988
-0.468750 0.603516 -0.327148 1311188823.557992
-0.462891 0.603516 -0.327148 1311188823.591990
-0.462891 0.572266 -0.316406 1311188823.620992
-0.437500 0.599609 -0.236328 1311188823.667995
-0.423828 0.619141 -0.277344 1311188823.698993
-0.427734 0.617188 -0.304688 1311188823.720987
-0.456055 0.609375 -0.272461 1311188823.744006
-0.407227 0.672852 -0.253906 1311188823.788997
-0.435547 0.657227 -0.250000 1311188823.833997
-0.422852 0.625000 -0.261719 1311188823.849010
-0.451172 0.612305 -0.234375 1311188823.895986
-0.396484 0.601562 -0.259766 1311188823.917971
-0.450195 0.632812 -0.349609 1311188824.017997
-0.419922 0.609375 -0.237305 1311188824.018994
-0.417969 0.612305 -0.236328 1311188824.037999
-0.404297 0.603516 -0.225586 1311188824.053998
-0.426758 0.619141 -0.220703 1311188824.076979
-0.406250 0.595703 -0.221680 1311188824.098003
-0.471680 0.637695 -0.195312 1311188824.143001
-0.417969 0.625977 -0.239258 1311188824.211989
-0.459961 0.615234 -0.238281 1311188824.231982
-0.430664 0.624023 -0.239258 1311188824.253984
-0.400391 0.669922 -0.231445 1311188824.351989
-0.441406 0.648438 -0.222656 1311188824.360981
-0.408203 0.659180 -0.222656 1311188824.380984
-0.392578 0.653320 -0.194336 1311188824.402986
-0.405273 0.655273 -0.185547 1311188824.403967
-0.426758 0.662109 -0.235352 1311188824.441981
