-0.242188 0.996094 0.625977 1311030984.366866 
-0.230469 0.980469 0.611328 1311030984.411873 
-0.251953 0.953125 0.606445 1311030984.434874 
-0.254883 0.943359 0.610352 1311030984.459873 
-0.233398 1.015625 0.587891 1311030984.494847 
-0.276367 0.991211 0.607422 1311030984.518883 
-0.269531 0.978516 0.608398 1311030984.561872 
-0.242188 0.972656 0.585938 1311030984.585875 
-0.243164 0.966797 0.590820 1311030984.635873 
-0.223633 0.968750 0.628906 1311030984.658834 
-0.263672 0.950195 0.644531 1311030984.681880 
-0.246094 0.951172 0.643555 1311030984.725882 
-0.240234 0.932617 0.665039 1311030984.748881 
-0.214844 0.983398 0.621094 1311030984.794821 
-0.169922 0.958984 0.654297 1311030984.865882 
-0.184570 0.948242 0.655273 1311030984.885877 
-0.178711 1.013672 0.615234 1311030984.887836 
-0.207031 0.977539 0.611328 1311030984.909873 
-0.173828 0.958984 0.643555 1311030984.953884 
-0.217773 0.966797 0.647461 1311030984.996884 
-0.228516 1.011719 0.609375 1311030984.998877 
-0.237305 0.987305 0.676758 1311030985.038886 
-0.277344 0.987305 0.676758 1311030985.059824 
-0.277344 0.987305 0.676758 1311030985.101889 
-0.235352 0.950195 0.619141 1311030985.148888 
-0.220703 0.973633 0.640625 1311030985.170854 
-0.243164 0.925781 0.650391 1311030985.212887 
-0.188477 0.908203 0.633789 1311030985.235890 
-0.187500 0.908203 0.633789 1311030985.258904 
-0.191406 0.987305 0.660156 1311030985.310891 
-0.176758 1.020508 0.687500 1311030985.331891 
-0.207031 0.964844 0.647461 1311030985.354893 
-0.184570 0.960938 0.636719 1311030985.396879 
-0.188477 0.962891 0.612305 1311030985.418893 
-0.192383 0.962891 0.629883 1311030985.463896 
-0.216797 0.982422 0.604492 1311030985.488896 
-0.252930 0.938477 0.663086 1311030985.531852 
-0.305664 0.990234 0.610352 1311030985.576895 
-0.347656 0.907227 0.587891 1311030985.598814 
-0.371094 0.990234 0.512695 1311030985.624839 
-0.371094 0.990234 0.512695 1311030985.645896 
-0.284180 1.043945 0.538086 1311030985.686831 
-0.207031 1.087891 0.502930 1311030985.731841 
-0.116211 1.041992 0.652344 1311030985.739861 
0.023438 0.984375 0.679688 1311030985.786885 
0.105469 0.931641 0.681641 1311030985.808900 
-0.031250 1.019531 0.725586 1311030985.851899 
-0.094727 1.012695 0.689453 1311030985.870888 
-0.209961 0.942383 0.658203 1311030985.914901 
-0.406250 0.836914 0.733398 1311030985.936905 
-0.218750 0.929688 0.657227 1311030985.979876 
-0.094727 1.176758 0.657227 1311030986.002879 
-0.088867 0.935547 0.586914 1311030986.049902 
-0.066406 0.952148 0.586914 1311030986.065876 
-0.087891 1.085938 0.529297 1311030986.155868 
-0.272461 1.012695 0.554688 1311030986.177904 
-0.385742 0.960938 0.547852 1311030986.198901 
-0.265625 0.998047 0.571289 1311030986.199884 
-0.193359 0.998047 0.571289 1311030986.220828 
-0.160156 0.946289 0.583008 1311030986.264839 
-0.251953 1.009766 0.583008 1311030986.287886 
-0.259766 1.007812 0.541016 1311030986.331881 
-0.230469 0.979492 0.570312 1311030986.375843 
-0.480469 0.979492 0.570312 1311030986.376851 
-0.295898 1.005859 0.530273 1311030986.442914 
-0.312500 0.986328 0.566406 1311030986.466902 
-0.281250 1.055664 0.548828 1311030986.492911 
-0.278320 0.972656 0.571289 1311030986.515916 
-0.247070 0.976562 0.577148 1311030986.557906 
-0.203125 0.960938 0.708008 1311030986.600847 
-0.034180 0.898438 0.833984 1311030986.621901 
0.256836 0.920898 0.958984 1311030986.665917 
-0.006836 0.800781 0.723633 1311030986.687914 
-0.242188 0.907227 0.635742 1311030986.734883 
-0.243164 1.000000 0.590820 1311030986.736918 
-0.261719 0.993164 0.638672 1311030986.775873 
-0.324219 0.945312 0.550781 1311030986.819922 
-0.293945 1.035156 0.561523 1311030986.841922 
-0.314453 0.993164 0.586914 1311030986.867922 
-0.216797 0.969727 0.558594 1311030986.915917 
-0.257812 0.975586 0.586914 1311030986.936923 
-0.257812 0.975586 0.586914 1311030986.965924 
-0.171875 0.982422 0.670898 1311030987.009926 
-0.186523 0.982422 0.671875 1311030987.031890 
-0.193359 0.984375 0.655273 1311030987.077917 
-0.161133 0.971680 0.641602 1311030987.095873 
-0.158203 0.971680 0.641602 1311030987.123929 
-0.200195 0.957031 0.668945 1311030987.186919 
-0.263672 0.934570 0.662109 1311030987.209863 
-0.229492 0.983398 0.629883 1311030987.231927 
-0.164062 1.019531 0.628906 1311030987.275885 
-0.169922 1.010742 0.654297 1311030987.297930 
-0.149414 1.010742 0.654297 1311030987.314934 
0.015625 0.958008 0.719727 1311030987.369929 
0.051758 0.994141 0.661133 1311030987.447927 
-0.133789 0.949219 0.643555 1311030987.449924 
-0.378906 0.896484 0.730469 1311030987.450928 
-0.364258 0.959961 0.772461 1311030987.492906 
-0.080078 0.937500 0.626953 1311030987.516951 
-0.222656 0.958008 0.595703 1311030987.547901 
-0.262695 0.970703 0.625977 1311030987.599852 
-0.110352 0.978516 0.645508 1311030987.621936 
-0.147461 0.930664 0.604492 1311030987.666922 
-0.241211 0.980469 0.641602 1311030987.667922 
-0.217773 1.031250 0.678711 1311030987.721935 
-0.195312 0.981445 0.616211 1311030987.744936 
-0.179688 0.994141 0.619141 1311030987.787924 
-0.173828 0.956055 0.611328 1311030987.812938 
-0.158203 0.970703 0.598633 1311030987.855936 
-0.212891 0.971680 0.626953 1311030987.876938 
-0.198242 0.995117 0.613281 1311030987.921941 
-0.191406 0.944336 0.595703 1311030987.964941 
-0.204102 1.014648 0.575195 1311030987.965934 
-0.239258 0.998047 0.585938 1311030988.007926 
-0.303711 1.024414 0.513672 1311030988.032939 
-0.323242 1.011719 0.513672 1311030988.063894 
-0.337891 1.011719 0.477539 1311030988.102945 
-0.405273 1.038086 0.439453 1311030988.145944 
-0.450195 0.992188 0.578125 1311030988.166900 
-0.273438 0.918945 0.697266 1311030988.190944 
0.061523 0.943359 0.822266 1311030988.236946 
0.208984 0.962891 0.781250 1311030988.266935 
-0.075195 0.847656 0.632812 1311030988.296875 
-0.165039 0.986328 0.623047 1311030988.320947 
-0.246094 1.011719 0.615234 1311030988.380949 
-0.283203 0.950195 0.570312 1311030988.402953 
-0.238281 0.947266 0.581055 1311030988.425954 
-0.238281 0.947266 0.581055 1311030988.450956 
-0.259766 1.006836 0.538086 1311030988.492951 
-0.271484 0.975586 0.573242 1311030988.515956 
-0.230469 0.956055 0.608398 1311030988.559953 
-0.195312 0.980469 0.592773 1311030988.581955 
-0.225586 1.001953 0.605469 1311030988.611955 
-0.236328 0.953125 0.598633 1311030988.657958 
-0.247070 0.931641 0.626953 1311030988.711964 
-0.216797 0.952148 0.642578 1311030988.736942 
-0.213867 0.970703 0.597656 1311030988.789952 
-0.270508 0.951172 0.600586 1311030988.790946 
-0.285156 0.947266 0.637695 1311030988.806958 
-0.263672 0.954102 0.597656 1311030988.850958 
-0.255859 0.995117 0.616211 1311030988.872955 
-0.201172 0.988281 0.664062 1311030988.919958 
-0.148438 0.941406 0.773438 1311030988.941957 
-0.016602 0.966797 0.713867 1311030988.965965 
-0.069336 0.927734 0.639648 1311030989.000962 
-0.145508 0.897461 0.617188 1311030989.042922 
-0.272461 0.845703 0.652344 1311030989.066956 
-0.410156 0.886719 0.730469 1311030989.111961 
-0.071289 0.946289 0.658203 1311030989.132910 
-0.020508 0.919922 0.623047 1311030989.160903 
-0.222656 0.919922 0.623047 1311030989.194965 
-0.036133 0.917969 0.750977 1311030989.240966 
-0.000977 0.931641 0.681641 1311030989.262961 
-0.185547 0.955078 0.691406 1311030989.285929 
-0.342773 0.946289 0.712891 1311030989.331970 
-0.187500 0.978516 0.676758 1311030989.352971 
-0.217773 0.978516 0.676758 1311030989.375972 
-0.222656 0.964844 0.675781 1311030989.420967 
-0.166016 0.939453 0.639648 1311030989.462970 
-0.169922 0.943359 0.708984 1311030989.484975 
-0.179688 0.958984 0.623047 1311030989.519965 
-0.199219 0.942383 0.660156 1311030989.561969 
-0.177734 0.941406 0.660156 1311030989.583973 
-0.177734 0.941406 0.660156 1311030989.606891 
-0.227539 0.953125 0.628906 1311030989.649971 
-0.276367 1.035156 0.602539 1311030989.694977 
-0.358398 1.021484 0.564453 1311030989.737976 
-0.380859 0.965820 0.535156 1311030989.739974 
-0.306641 0.943359 0.649414 1311030989.780945 
-0.113281 0.890625 0.842773 1311030989.802973 
0.163086 0.920898 0.916992 1311030989.846974 
0.202148 0.929688 0.748047 1311030989.890979 
-0.260742 0.772461 0.583984 1311030989.912981 
-0.225586 0.918945 0.702148 1311030989.935981 
-0.236328 1.012695 0.669922 1311030989.957980 
-0.268555 0.983398 0.631836 1311030990.049930 
-0.314453 1.023438 0.597656 1311030990.064974 
-0.265625 0.985352 0.559570 1311030990.086971 
-0.266602 1.056641 0.616211 1311030990.087970 
-0.305664 0.984375 0.616211 1311030990.128974 
-0.275391 0.961914 0.601562 1311030990.170964 
-0.223633 0.962891 0.620117 1311030990.192985 
-0.192383 0.974609 0.634766 1311030990.235983 
-0.205078 0.955078 0.629883 1311030990.256938 
-0.267578 0.963867 0.602539 1311030990.300986 
-0.288086 0.935547 0.602539 1311030990.323957 
-0.288086 0.935547 0.602539 1311030990.345986 
-0.235352 0.973633 0.603516 1311030990.412995 
-0.229492 0.968750 0.579102 1311030990.434985 
-0.262695 0.998047 0.580078 1311030990.456958 
-0.219727 0.946289 0.638672 1311030990.480987 
-0.219727 0.946289 0.638672 1311030990.524992 
-0.033203 0.989258 0.747070 1311030990.542994 
0.002930 0.953125 0.741211 1311030990.587963 
-0.066406 0.927734 0.738281 1311030990.610989 
-0.190430 0.861328 0.710938 1311030990.652993 
-0.365234 0.963867 0.743164 1311030990.674995 
-0.092773 0.980469 0.721680 1311030990.719988 
-0.031250 0.939453 0.624023 1311030990.741993 
-0.094727 0.939453 0.609375 1311030990.784944 
-0.083984 0.898438 0.693359 1311030990.811001 
-0.156250 0.931641 0.716797 1311030990.852000 
-0.210938 1.017578 0.680664 1311030990.874999 
-0.213867 0.948242 0.644531 1311030990.920001 
-0.208008 0.967773 0.679688 1311030990.947003 
-0.158203 0.972656 0.656250 1311030990.976012 
-0.176758 0.971680 0.595703 1311030990.996989 
-0.148438 0.949219 0.614258 1311030991.041001 
-0.155273 0.973633 0.614258 1311030991.062989 
-0.220703 0.980469 0.615234 1311030991.110003 
-0.192383 0.961914 0.583984 1311030991.132004 
-0.183594 0.942383 0.609375 1311030991.155959 
-0.208008 0.948242 0.620117 1311030991.201000 
-0.193359 0.953125 0.585938 1311030991.231008 
-0.242188 1.203125 0.585938 1311030991.308003 
-0.290039 1.025391 0.491211 1311030991.323009 
-0.318359 1.025391 0.525391 1311030991.324935 
-0.281250 1.011719 0.593750 1311030991.371968 
-0.162109 0.944336 0.654297 1311030991.392968 
-0.178711 0.984375 0.749023 1311030991.415946 
-0.056641 0.967773 0.749023 1311030991.439007 
-0.013672 0.884766 0.720703 1311030991.482997 
-0.150391 0.987305 0.595703 1311030991.518007 
-0.192383 0.976562 0.603516 1311030991.561939 
-0.206055 0.893555 0.680664 1311030991.585012 
-0.246094 0.950195 0.669922 1311030991.610012 
-0.204102 0.952148 0.644531 1311030991.647067 
-0.204102 0.952148 0.644531 1311030991.679981 
-0.321289 0.961914 0.577148 1311030991.723018 
-0.317383 0.984375 0.516602 1311030991.745006 
-0.240234 1.041016 0.566406 1311030991.787968 
-0.211914 1.024414 0.612305 1311030991.810020 
-0.214844 0.957031 0.622070 1311030991.853017 
-0.197266 0.987305 0.586914 1311030991.875012 
-0.184570 0.980469 0.603516 1311030991.920017 
-0.220703 0.990234 0.572266 1311030991.944965 
-0.253906 0.978516 0.581055 1311030991.966016 
-0.263672 0.981445 0.587891 1311030991.987035 
-0.237305 0.991211 0.570312 1311030992.032943 
-0.273438 1.014648 0.582031 1311030992.078955 
-0.234375 0.987305 0.638672 1311030992.101015 
-0.059570 0.953125 0.641602 1311030992.126022 
0.120117 1.007812 0.688477 1311030992.170012 
0.121094 1.050781 0.688477 1311030992.192999 
-0.150391 0.925781 0.620117 1311030992.227020 
-0.396484 0.942383 0.640625 1311030992.270977 
-0.253906 0.916016 0.641602 1311030992.292980 
-0.113281 1.019531 0.531250 1311030992.316020 
-0.187500 1.001953 0.603516 1311030992.360030 
-0.172852 0.889648 0.698242 1311030992.386026 
-0.172852 0.889648 0.698242 1311030992.407994 
-0.156250 0.983398 0.630859 1311030992.452971 
-0.263672 0.933594 0.629883 1311030992.477999 
-0.334961 0.973633 0.628906 1311030992.510027 
-0.216797 0.986328 0.623047 1311030992.582035 
-0.200195 0.986328 0.623047 1311030992.583027 
-0.219727 0.992188 0.616211 1311030992.612027 
-0.208984 0.965820 0.664062 1311030992.658032 
-0.199219 0.958008 0.610352 1311030992.680034 
-0.188477 0.959961 0.593750 1311030992.701036 
-0.178711 0.978516 0.595703 1311030992.745034 
-0.184570 0.996094 0.632812 1311030992.787971 
-0.169922 0.987305 0.620117 1311030992.811036 
-0.209961 1.005859 0.637695 1311030992.857035 
-0.239258 1.028320 0.549805 1311030992.876041 
-0.295898 1.011719 0.518555 1311030992.916038 
-0.378906 1.016602 0.473633 1311030992.938027 
-0.440430 1.005859 0.509766 1311030992.962031 
-0.332031 0.924805 0.586914 1311030993.002991 
-0.113281 0.857422 0.886719 1311030993.042036 
0.280273 0.936523 0.960938 1311030993.066037 
0.280273 1.059570 0.658203 1311030993.102040 
-0.198242 0.801758 0.609375 1311030993.131007 
-0.298828 0.875000 0.670898 1311030993.176040 
-0.222656 1.037109 0.580078 1311030993.198046 
-0.305664 1.025391 0.559570 1311030993.243045 
-0.361328 0.984375 0.527344 1311030993.266045 
-0.221680 1.014648 0.591797 1311030993.287992 
-0.210938 1.014648 0.591797 1311030993.311055 
-0.158203 1.011719 0.622070 1311030993.355050 
-0.168945 0.966797 0.624023 1311030993.380049 
-0.155273 0.968750 0.666992 1311030993.425049 
-0.147461 0.962891 0.652344 1311030993.448051 
-0.125000 0.950195 0.662109 1311030993.475015 
-0.143555 0.926758 0.662109 1311030993.518052 
-0.181641 0.960938 0.758789 1311030993.560053 
-0.183594 0.949219 0.730469 1311030993.582051 
-0.203125 0.960938 0.652344 1311030993.606053 
-0.170898 0.945312 0.689453 1311030993.652052 
-0.164062 0.939453 0.661133 1311030993.674051 
-0.167969 0.962891 0.661133 1311030993.722043 
-0.154297 0.946289 0.672852 1311030993.743055 
-0.172852 0.946289 0.664062 1311030993.786993 
-0.180664 0.957031 0.673828 1311030993.808049 
-0.222656 0.943359 0.710938 1311030993.908059 
-0.198242 0.932617 0.656250 1311030993.910049 
-0.153320 0.932617 0.656250 1311030993.923032 
-0.191406 0.917969 0.661133 1311030993.946002 
-0.163086 0.949219 0.675781 1311030993.968060 
-0.167969 0.947266 0.683594 1311030993.990057 
-0.202148 0.949219 0.654297 1311030994.032062 
-0.153320 0.961914 0.676758 1311030994.054000 
-0.205078 0.947266 0.656250 1311030994.097058 
-0.206055 0.966797 0.662109 1311030994.140069 
-0.206055 0.926758 0.658203 1311030994.165063 
-0.173828 0.949219 0.644531 1311030994.186050 
-0.184570 0.938477 0.664062 1311030994.231064 
-0.176758 0.924805 0.664062 1311030994.253065 
-0.176758 0.929688 0.665039 1311030994.297063 
-0.214844 0.962891 0.655273 1311030994.322070 
-0.204102 0.935547 0.663086 1311030994.385063 
-0.237305 0.968750 0.667969 1311030994.402071 
-0.234375 0.945312 0.700195 1311030994.430067 
-0.289062 0.956055 0.654297 1311030994.440062 
-0.242188 0.953125 0.625000 1311030994.483068 
-0.234375 0.947266 0.668945 1311030994.508070 
-0.222656 0.958008 0.635742 1311030994.552069 
-0.216797 0.954102 0.625977 1311030994.576069 
-0.215820 0.955078 0.594727 1311030994.622073 
-0.211914 0.985352 0.621094 1311030994.643075 
-0.214844 0.957031 0.654297 1311030994.668075 
