-0.349609 0.654297 0.092773 1311187134.841149
-0.333984 0.658203 0.115234 1311187134.866140
-0.282227 0.654297 0.160156 1311187134.912145
-0.343750 0.657227 0.116211 1311187134.941135
-0.313477 0.636719 0.157227 1311187134.962140
-0.287109 0.651367 0.155273 1311187134.984130
-0.279297 0.644531 0.155273 1311187135.029144
-0.279297 0.644531 0.155273 1311187135.051140
-0.249023 0.639648 0.203125 1311187135.096146
-0.275391 0.621094 0.170898 1311187135.128146
-0.260742 0.654297 0.164062 1311187135.151142
-0.266602 0.695312 0.203125 1311187135.181147
-0.301758 0.650391 0.160156 1311187135.225220
-0.241211 0.657227 0.160156 1311187135.248138
-0.230469 0.656250 0.156250 1311187135.291156
-0.250000 0.660156 0.156250 1311187135.335159
-0.249023 0.651367 0.116211 1311187135.358149
-0.257812 0.651367 0.116211 1311187135.371153
-0.266602 0.669922 0.164062 1311187135.412128
-0.313477 0.677734 0.127930 1311187135.455152
-0.253906 0.613281 0.096680 1311187135.477147
-0.307617 0.708984 0.066406 1311187135.521152
-0.344727 0.697266 0.045898 1311187135.543153
-0.358398 0.675781 0.045898 1311187135.565146
-0.301758 0.666992 0.045898 1311187135.610156
-0.259766 0.664062 0.040039 1311187135.653146
-0.352539 0.692383 0.023438 1311187135.678160
-0.302734 0.641602 0.068359 1311187135.700154
-0.357422 0.666016 0.026367 1311187135.743152
-0.377930 0.691406 0.031250 1311187135.767152
-0.364258 0.648438 0.015625 1311187135.806159
-0.333008 0.660156 -0.033203 1311187135.830158
-0.382812 0.673828 -0.019531 1311187135.863176
-0.398438 0.658203 -0.058594 1311187135.928162
-0.435547 0.679688 -0.073242 1311187135.930153
-0.442383 0.679688 -0.073242 1311187135.952155
-0.422852 0.691406 -0.105469 1311187135.997163
-0.453125 0.664062 -0.115234 1311187136.041165
-0.443359 0.666992 -0.102539 1311187136.063160
-0.455078 0.674805 -0.122070 1311187136.105165
-0.378906 0.619141 -0.004883 1311187136.128162
-0.239258 0.439453 0.057617 1311187136.152165
-0.344727 0.573242 0.015625 1311187136.200147
-0.297852 0.683594 0.163086 1311187136.222163
-0.125977 0.573242 -0.011719 1311187136.246165
-0.483398 0.812500 -0.014648 1311187136.291180
-0.170898 0.495117 0.235352 1311187136.313166
-0.401367 0.757812 0.024414 1311187136.361166
-0.617188 0.728516 -0.112305 1311187136.383167
-0.369141 0.433594 0.002930 1311187136.408170
-0.499023 0.713867 -0.166016 1311187136.461171
-0.778320 0.580078 -0.411133 1311187136.482167
-0.772461 0.461914 -0.347656 1311187136.507173
-0.681641 0.485352 -0.473633 1311187136.553173
-0.627930 0.319336 -0.419922 1311187136.576170
-0.710938 0.288086 -0.433594 1311187136.621155
-0.632812 0.158203 -0.527344 1311187136.706178
-0.659180 0.169922 -0.561523 1311187136.728154
-0.835938 0.105469 -0.687500 1311187136.730177
-0.965820 0.149414 -0.731445 1311187136.748180
-0.844727 0.097656 -0.981445 1311187136.771175
-0.876953 0.049805 -0.809570 1311187136.822178
-0.859375 0.018555 -0.690430 1311187136.844179
-0.900391 0.071289 -0.767578 1311187136.867174
-0.905273 0.143555 -0.652344 1311187136.911179
-0.899414 0.130859 -0.695312 1311187136.970185
-0.881836 0.183594 -0.616211 1311187136.990175
-0.763672 0.196289 -0.542969 1311187137.003172
-0.754883 0.251953 -0.528320 1311187137.021180
-0.782227 0.371094 -0.500977 1311187137.059173
-0.668945 0.414062 -0.443359 1311187137.106185
-0.613281 0.373047 -0.377930 1311187137.128180
-0.587891 0.492188 -0.324219 1311187137.172181
-0.563477 0.523438 -0.243164 1311187137.210182
-0.492188 0.605469 -0.117188 1311187137.211184
-0.473633 0.531250 -0.089844 1311187137.250183
-0.506836 0.527344 -0.068359 1311187137.292188
-0.412109 0.613281 0.074219 1311187137.336166
-0.302734 0.614258 0.008789 1311187137.380189
-0.364258 0.601562 0.089844 1311187137.381185
-0.468750 0.656250 0.108398 1311187137.410194
-0.319336 0.580078 0.108398 1311187137.443159
-0.344727 0.511719 0.135742 1311187137.488187
-0.367188 0.573242 0.073242 1311187137.512194
-0.396484 0.537109 0.088867 1311187137.555194
-0.363281 0.603516 0.119141 1311187137.581210
-0.334961 0.604492 0.092773 1311187137.608190
-0.309570 0.536133 0.092773 1311187137.630191
-0.338867 0.597656 -0.005859 1311187137.677190
-0.398438 0.730469 -0.027344 1311187137.698193
-0.412109 0.628906 -0.003906 1311187137.745200
-0.414062 0.758789 -0.024414 1311187137.767195
-0.337891 0.744141 -0.020508 1311187137.811198
-0.362305 0.619141 0.003906 1311187137.834197
-0.356445 0.670898 -0.017578 1311187137.877204
-0.384766 0.666016 -0.012695 1311187137.903180
-0.357422 0.669922 -0.058594 1311187137.925203
-0.384766 0.641602 -0.046875 1311187137.971203
-0.422852 0.669922 -0.069336 1311187137.995207
-0.426758 0.707031 -0.061523 1311187138.038197
-0.432617 0.647461 -0.053711 1311187138.062198
-0.420898 0.673828 -0.075195 1311187138.085203
-0.429688 0.668945 -0.067383 1311187138.132205
-0.403320 0.656250 -0.088867 1311187138.155195
-0.457031 0.666016 -0.113281 1311187138.198197
-0.433594 0.666016 -0.113281 1311187138.220205
-0.426758 0.644531 -0.113281 1311187138.263199
-0.371094 0.606445 -0.060547 1311187138.286206
-0.330078 0.518555 -0.019531 1311187138.330213
-0.441406 0.648438 -0.075195 1311187138.340209
-0.238281 0.482422 0.174805 1311187138.383184
-0.314453 0.603516 0.045898 1311187138.456219
-0.499023 0.843750 0.034180 1311187138.457208
-0.206055 0.399414 0.140625 1311187138.493210
-0.408203 0.664062 -0.015625 1311187138.515204
-0.630859 0.656250 0.174805 1311187138.537208
-0.371094 0.366211 0.015625 1311187138.580208
-0.503906 0.648438 -0.100586 1311187138.622204
-0.488281 0.567383 -0.032227 1311187138.645210
-0.643555 0.495117 -0.068359 1311187138.668213
-0.514648 0.458984 -0.231445 1311187138.712217
-0.684570 0.505859 -0.352539 1311187138.741220
-0.684570 0.505859 -0.352539 1311187138.765209
-0.577148 0.426758 -0.336914 1311187138.796196
-0.723633 0.411133 -0.480469 1311187138.841218
-0.785156 0.371094 -0.464844 1311187138.863219
-0.802734 0.362305 -0.526367 1311187138.918218
-0.823242 0.318359 -0.593750 1311187138.938220
-0.787109 0.208008 -0.626953 1311187138.962269
-0.843750 0.189453 -0.657227 1311187138.992195
-0.843750 0.189453 -0.657227 1311187139.013224
-0.871094 0.072266 -0.697266 1311187139.061219
-0.852539 0.205078 -0.718750 1311187139.096221
-0.878906 0.138672 -0.742188 1311187139.121217
-0.885742 0.164062 -0.722656 1311187139.148214
-0.885742 0.164062 -0.722656 1311187139.170222
-0.785156 0.262695 -0.605469 1311187139.238227
-0.750000 0.267578 -0.544922 1311187139.260203
-0.686523 0.325195 -0.433594 1311187139.282198
-0.761719 0.271484 -0.418945 1311187139.306229
-0.703125 0.271484 -0.418945 1311187139.344225
-0.604492 0.457031 -0.318359 1311187139.388229
-0.551758 0.544922 -0.250977 1311187139.411227
-0.526367 0.535156 -0.203125 1311187139.455229
-0.513672 0.535156 -0.160156 1311187139.478227
-0.485352 0.611328 -0.160156 1311187139.501214
-0.439453 0.622070 -0.056641 1311187139.543218
-0.397461 0.699219 0.024414 1311187139.588237
-0.416992 0.640625 0.019531 1311187139.615233
-0.375977 0.587891 0.049805 1311187139.638230
-0.271484 0.681641 0.131836 1311187139.661240
-0.356445 0.654297 0.131836 1311187139.704232
-0.363281 0.550781 0.058594 1311187139.761237
-0.346680 0.546875 0.120117 1311187139.786233
-0.375000 0.576172 0.120117 1311187139.807230
-0.309570 0.580078 0.100586 1311187139.828246
-0.361328 0.573242 0.124023 1311187139.872244
-0.414062 0.563477 0.063477 1311187139.895235
-0.360352 0.563477 0.063477 1311187139.927233
-0.379883 0.605469 0.074219 1311187139.963239
-0.313477 0.666016 0.110352 1311187139.986237
-0.411133 0.647461 0.041992 1311187140.030244
-0.375000 0.605469 0.038086 1311187140.051225
-0.348633 0.637695 0.001953 1311187140.115241
-0.351562 0.690430 0.053711 1311187140.116236
-0.305664 0.673828 0.007812 1311187140.150254
-0.418945 0.691406 0.006836 1311187140.195248
-0.372070 0.670898 -0.071289 1311187140.217242
-0.353516 0.722656 -0.078125 1311187140.239244
-0.363281 0.722656 -0.078125 1311187140.282253
-0.375000 0.689453 -0.035156 1311187140.317246
-0.388672 0.669922 -0.083984 1311187140.346243
-0.399414 0.660156 -0.058594 1311187140.391244
-0.345703 0.667969 -0.036133 1311187140.413244
-0.399414 0.683594 -0.054688 1311187140.456245
-0.364258 0.702148 -0.060547 1311187140.480264
-0.365234 0.662109 -0.021484 1311187140.503246
-0.386719 0.686523 -0.027344 1311187140.547243
-0.416016 0.654297 -0.069336 1311187140.572235
-0.428711 0.681641 -0.077148 1311187140.620252
-0.420898 0.681641 -0.077148 1311187140.621233
-0.464844 0.617188 -0.091797 1311187140.667239
-0.458008 0.660156 -0.091797 1311187140.715257
-0.510742 0.635742 -0.159180 1311187140.757249
-0.426758 0.583984 -0.026367 1311187140.758249
-0.235352 0.414062 0.007812 1311187140.790250
-0.485352 0.414062 0.007812 1311187140.833257
-0.335938 0.579102 0.021484 1311187140.857262
-0.537109 0.516602 -0.015625 1311187140.901265
-0.467773 0.687500 0.129883 1311187140.923260
-0.235352 0.681641 -0.050781 1311187140.966261
-0.513672 0.463867 -0.005859 1311187140.995257
-0.513672 0.723633 0.224609 1311187141.066262
-0.284180 0.666016 -0.249023 1311187141.067255
-0.766602 0.386719 -0.112305 1311187141.086251
-0.655273 0.483398 -0.004883 1311187141.126262
-0.468750 0.618164 -0.484375 1311187141.157258
-0.769531 0.487305 -0.279297 1311187141.181260
-0.704102 0.310547 -0.342773 1311187141.233266
-0.677734 0.436523 -0.559570 1311187141.243254
-0.778320 0.330078 -0.501953 1311187141.277265
-0.827148 0.271484 -0.564453 1311187141.331265
-0.735352 0.216797 -0.507812 1311187141.371272
-0.851562 0.226562 -0.704102 1311187141.374265
-0.886719 0.163086 -0.661133 1311187141.418267
-0.918945 0.096680 -0.620117 1311187141.443265
-0.830078 0.117188 -0.708008 1311187141.489271
-0.902344 0.122070 -0.786133 1311187141.523281
-0.886719 0.131836 -0.620117 1311187141.549275
-0.871094 0.166016 -0.625977 1311187141.572255
-0.830078 0.235352 -0.599609 1311187141.616279
-0.723633 0.291992 -0.542969 1311187141.641268
-0.719727 0.337891 -0.504883 1311187141.672279
-0.669922 0.314453 -0.478516 1311187141.709273
-0.631836 0.327148 -0.416016 1311187141.746277
-0.666016 0.457031 -0.399414 1311187141.788273
-0.660156 0.482422 -0.326172 1311187141.797264
-0.605469 0.506836 -0.290039 1311187141.842273
-0.585938 0.537109 -0.215820 1311187141.869278
-0.513672 0.616211 -0.179688 1311187141.889270
-0.503906 0.656250 -0.102539 1311187141.937278
-0.446289 0.646484 -0.016602 1311187141.959277
-0.359375 0.667969 -0.007812 1311187141.996254
-0.416016 0.578125 0.050781 1311187142.022278
-0.363281 0.626953 0.083008 1311187142.054278
-0.295898 0.584961 0.047852 1311187142.097296
-0.311523 0.546875 0.120117 1311187142.122277
-0.323242 0.609375 0.095703 1311187142.169277
-0.405273 0.559570 0.075195 1311187142.192279
-0.336914 0.554688 0.027344 1311187142.214281
-0.339844 0.568359 0.064453 1311187142.258283
-0.346680 0.582031 0.067383 1311187142.281290
-0.354492 0.609375 0.056641 1311187142.356280
-0.375000 0.611328 0.037109 1311187142.377269
-0.402344 0.641602 0.020508 1311187142.378260
-0.366211 0.659180 -0.001953 1311187142.413294
-0.410156 0.648438 0.049805 1311187142.433284
-0.401367 0.686523 0.036133 1311187142.478290
-0.346680 0.694336 0.002930 1311187142.501288
-0.372070 0.662109 -0.057617 1311187142.547291
-0.361328 0.695312 -0.028320 1311187142.569268
-0.333008 0.669922 -0.004883 1311187142.613294
-0.361328 0.628906 0.003906 1311187142.634448
-0.399414 0.666016 0.036133 1311187142.658292
-0.347656 0.696289 0.034180 1311187142.699294
-0.299805 0.638672 0.034180 1311187142.734297
-0.319336 0.677734 0.030273 1311187142.778293
-0.326172 0.738281 -0.009766 1311187142.801289
-0.329102 0.677734 -0.011719 1311187142.823296
-0.327148 0.691406 -0.004883 1311187142.868298
-0.327148 0.691406 -0.004883 1311187142.889296
-0.378906 0.650391 -0.007812 1311187142.929297
-0.364258 0.656250 -0.047852 1311187142.952295
-0.385742 0.691406 -0.015625 1311187142.997295
-0.428711 0.632812 -0.049805 1311187143.019294
-0.435547 0.642578 -0.075195 1311187143.063285
-0.448242 0.642578 -0.075195 1311187143.085294
-0.474609 0.626953 -0.092773 1311187143.128302
-0.485352 0.635742 -0.088867 1311187143.151299
-0.401367 0.504883 -0.029297 1311187143.189301
-0.282227 0.482422 -0.022461 1311187143.226304
-0.371094 0.556641 -0.047852 1311187143.247300
-0.372070 0.589844 0.041016 1311187143.272303
-0.257812 0.710938 0.053711 1311187143.322301
-0.363281 0.835938 -0.043945 1311187143.346303
-0.346680 0.415039 0.092773 1311187143.367309
-0.405273 0.712891 0.033203 1311187143.414329
-0.459961 0.767578 -0.046875 1311187143.424308
-0.653320 0.455078 -0.023438 1311187143.486299
-0.445312 0.607422 -0.087891 1311187143.513308
-0.466797 0.523438 -0.246094 1311187143.548309
-0.663086 0.457031 -0.130859 1311187143.571320
-0.550781 0.416016 -0.271484 1311187143.623348
-0.640625 0.416016 -0.271484 1311187143.648305
-0.760742 0.423828 -0.437500 1311187143.670305
-0.706055 0.317383 -0.531250 1311187143.693365
-0.799805 0.257812 -0.567383 1311187143.746313
-0.855469 0.273438 -0.605469 1311187143.769311
-0.806641 0.215820 -0.657227 1311187143.808306
-0.866211 0.169922 -0.654297 1311187143.829305
-0.834961 0.099609 -0.763672 1311187143.853314
-0.864258 0.201172 -0.752930 1311187143.903317
-0.860352 0.152344 -0.675781 1311187143.926321
-0.816406 0.179688 -0.687500 1311187143.972316
-0.874023 0.222656 -0.669922 1311187143.977316
-0.874023 0.222656 -0.669922 1311187144.043327
-0.750000 0.246094 -0.557617 1311187144.046447
-0.750977 0.376953 -0.505859 1311187144.082335
-0.720703 0.353516 -0.458008 1311187144.113326
-0.723633 0.422852 -0.385742 1311187144.159325
-0.688477 0.455078 -0.303711 1311187144.181317
-0.638672 0.505859 -0.053711 1311187144.204328
-0.613281 0.476562 -0.142578 1311187144.251323
-0.568359 0.552734 -0.119141 1311187144.272318
-0.494141 0.566406 -0.066406 1311187144.314329
-0.476562 0.602539 -0.044922 1311187144.337333
-0.423828 0.567383 0.045898 1311187144.361326
-0.318359 0.567383 0.045898 1311187144.406326
-0.344727 0.626953 0.018555 1311187144.449325
-0.396484 0.623047 0.129883 1311187144.474317
-0.241211 0.593750 0.015625 1311187144.496320
-0.404297 0.542969 0.045898 1311187144.539321
-0.463867 0.574219 0.089844 1311187144.561334
-0.378906 0.585938 -0.001953 1311187144.594329
-0.366211 0.607422 0.012695 1311187144.633334
-0.297852 0.603516 0.076172 1311187144.657327
-0.393555 0.600586 0.074219 1311187144.699328
-0.397461 0.623047 0.005859 1311187144.721328
-0.286133 0.623047 0.005859 1311187144.764328
-0.330078 0.661133 0.103516 1311187144.789331
-0.344727 0.669922 0.088867 1311187144.834313
-0.301758 0.617188 0.050781 1311187144.856331
-0.368164 0.730469 0.007812 1311187144.929330
-0.385742 0.692383 -0.002930 1311187144.947331
-0.401367 0.587891 0.042969 1311187144.949334
-0.423828 0.702148 0.000977 1311187144.993336
-0.288086 0.647461 0.025391 1311187145.016331
-0.323242 0.655273 0.018555 1311187145.061346
-0.411133 0.661133 -0.015625 1311187145.084342
-0.357422 0.654297 0.036133 1311187145.108334
-0.356445 0.689453 -0.029297 1311187145.153339
-0.365234 0.654297 0.024414 1311187145.176332
-0.335938 0.662109 0.035156 1311187145.219344
-0.344727 0.652344 -0.010742 1311187145.241343
-0.390625 0.679688 -0.028320 1311187145.284338
-0.364258 0.644531 -0.030273 1311187145.307379
-0.364258 0.644531 -0.030273 1311187145.332346
-0.439453 0.645508 -0.083984 1311187145.376342
-0.406250 0.688477 -0.112305 1311187145.419346
-0.447266 0.660156 -0.071289 1311187145.447338
-0.440430 0.650391 -0.135742 1311187145.469347
-0.462891 0.656250 -0.163086 1311187145.491343
-0.455078 0.657227 -0.163086 1311187145.537348
-0.514648 0.601562 -0.170898 1311187145.581398
-0.391602 0.536133 -0.087891 1311187145.603354
-0.416016 0.559570 -0.104492 1311187145.626348
-0.383789 0.573242 -0.035156 1311187145.668351
-0.348633 0.323242 -0.035156 1311187145.691352
-0.322266 0.593750 0.041016 1311187145.742350
-0.356445 0.464844 0.140625 1311187145.767352
-0.462891 0.698242 0.058594 1311187145.794347
-0.557617 0.810547 -0.167969 1311187145.837349
-0.476562 0.492188 0.123047 1311187145.873356
-0.273438 0.805664 -0.111328 1311187145.875349
-0.595703 0.591797 -0.138672 1311187145.921340
-0.408203 0.594727 -0.090820 1311187145.966363
-0.448242 0.534180 -0.390625 1311187145.992350
-0.780273 0.420898 -0.208984 1311187146.018356
-0.718750 0.496094 -0.354492 1311187146.042357
-0.621094 0.480469 -0.418945 1311187146.111344
-0.610352 0.345703 -0.454102 1311187146.113356
-0.738281 0.367188 -0.510742 1311187146.181365
-0.797852 0.330078 -0.590820 1311187146.182347
-0.792969 0.230469 -0.583984 1311187146.238358
-0.790039 0.212891 -0.616211 1311187146.279366
-0.778320 0.164062 -0.685547 1311187146.297364
-0.838867 0.157227 -0.698242 1311187146.322363
-0.808594 0.115234 -0.660156 1311187146.352369
-0.821289 0.078125 -0.744141 1311187146.374363
-0.807617 0.127930 -0.767578 1311187146.403361
-0.840820 0.166016 -0.670898 1311187146.429372
-0.786133 0.142578 -0.654297 1311187146.518365
-0.797852 0.179688 -0.653320 1311187146.536363
-0.826172 0.251953 -0.615234 1311187146.541362
-0.800781 0.226562 -0.555664 1311187146.573370
-0.782227 0.287109 -0.509766 1311187146.598369
-0.780273 0.358398 -0.472656 1311187146.624447
-0.673828 0.330078 -0.425781 1311187146.669365
-0.602539 0.416016 -0.322266 1311187146.717374
-0.637695 0.490234 -0.331055 1311187146.738361
-0.609375 0.526367 -0.246094 1311187146.764371
-0.532227 0.511719 -0.215820 1311187146.786354
-0.492188 0.511719 -0.215820 1311187146.809374
-0.476562 0.608398 -0.176758 1311187146.856366
-0.405273 0.587891 -0.098633 1311187146.902355
-0.428711 0.588867 -0.033203 1311187146.923360
-0.444336 0.629883 0.031250 1311187146.964381
-0.420898 0.586914 0.074219 1311187146.987370
-0.323242 0.586914 0.074219 1311187147.008376
-0.403320 0.581055 0.086914 1311187147.052372
-0.361328 0.675781 0.090820 1311187147.079376
-0.346680 0.554688 0.033203 1311187147.107373
-0.372070 0.615234 0.076172 1311187147.143380
-0.455078 0.562500 0.090820 1311187147.168379
-0.380859 0.573242 0.085938 1311187147.212376
-0.348633 0.599609 0.051758 1311187147.254379
-0.384766 0.609375 0.111328 1311187147.277381
-0.454102 0.581055 0.104492 1311187147.301383
-0.365234 0.620117 0.106445 1311187147.346388
-0.293945 0.606445 0.145508 1311187147.369361
-0.293945 0.606445 0.145508 1311187147.394394
-0.364258 0.638672 0.100586 1311187147.451455
-0.384766 0.628906 0.106445 1311187147.488383
-0.366211 0.648438 0.106445 1311187147.513389
-0.356445 0.634766 0.074219 1311187147.537386
-0.375000 0.663086 0.102539 1311187147.559383
-0.399414 0.659180 0.061523 1311187147.604389
-0.382812 0.664062 0.125000 1311187147.651387
-0.352539 0.645508 0.153320 1311187147.653376
