-0.036133 0.777344 -0.083984 1310160162.863093
-0.013672 0.777344 -0.083984 1310160162.885097
-0.013672 0.777344 -0.083984 1310160162.928131
-0.007812 0.739258 -0.113281 1310160162.953126
-0.023438 0.747070 -0.142578 1310160162.998126
0.001953 0.697266 -0.084961 1310160163.021129
-0.002930 0.742188 -0.080078 1310160163.070107
-0.038086 0.723633 -0.090820 1310160163.092126
-0.010742 0.748047 -0.067383 1310160163.126133
-0.000977 0.733398 -0.135742 1310160163.150121
-0.027344 0.753906 -0.090820 1310160163.193130
-0.045898 0.761719 -0.122070 1310160163.215143
-0.062500 0.757812 -0.150391 1310160163.237131
-0.063477 0.762695 -0.151367 1310160163.302134
-0.059570 0.760742 -0.134766 1310160163.325134
-0.053711 0.742188 -0.123047 1310160163.360128
0.022461 0.713867 -0.138672 1310160163.382132
0.001953 0.757812 -0.104492 1310160163.426141
0.040039 0.751953 -0.079102 1310160163.427127
0.043945 0.716797 -0.026367 1310160163.475138
0.046875 0.731445 -0.046875 1310160163.520137
0.050781 0.718750 -0.032227 1310160163.541138
0.042969 0.719727 -0.016602 1310160163.565256
0.092773 0.742188 -0.008789 1310160163.596136
0.069336 0.758789 -0.008789 1310160163.624114
0.035156 0.750977 -0.049805 1310160163.670095
-0.021484 0.751953 -0.028320 1310160163.725141
-0.010742 0.746094 -0.071289 1310160163.726141
-0.037109 0.772461 -0.050781 1310160163.771131
0.003906 0.763672 -0.074219 1310160163.793126
-0.002930 0.746094 -0.074219 1310160163.838128
0.030273 0.736328 -0.106445 1310160163.863149
-0.021484 0.679688 -0.081055 1310160163.907149
-0.004883 0.750000 -0.097656 1310160163.930147
-0.001953 0.742188 -0.111328 1310160163.966279
-0.038086 0.753906 -0.135742 1310160163.990129
0.002930 0.827148 -0.136719 1310160164.017148
0.041992 0.796875 -0.152344 1310160164.121120
-0.045898 0.714844 -0.156250 1310160164.122116
-0.077148 0.744141 -0.197266 1310160164.141138
-0.192383 0.753906 -0.238281 1310160164.142099
-0.138672 0.743164 -0.289062 1310160164.185150
-0.137695 0.776367 -0.250000 1310160164.228144
-0.114258 0.782227 -0.256836 1310160164.250119
-0.124023 0.776367 -0.223633 1310160164.292151
-0.104492 0.746094 -0.193359 1310160164.315165
-0.114258 0.716797 -0.200195 1310160164.341155
-0.115234 0.708008 -0.215820 1310160164.383150
-0.151367 0.724609 -0.232422 1310160164.406134
-0.217773 0.755859 -0.263672 1310160164.448150
-0.192383 0.718750 -0.156250 1310160164.470158
-0.150391 0.734375 -0.132812 1310160164.515160
-0.122070 0.722656 -0.136719 1310160164.537157
0.042969 0.566406 -0.027344 1310160164.560156
0.028320 0.647461 -0.039062 1310160164.605156
-0.031250 0.784180 -0.060547 1310160164.650162
-0.134766 0.708008 0.052734 1310160164.672156
-0.052734 0.718750 -0.018555 1310160164.693157
-0.056641 0.744141 -0.067383 1310160164.737158
-0.096680 0.648438 -0.030273 1310160164.760159
-0.086914 0.767578 -0.013672 1310160164.802153
-0.220703 0.662109 -0.091797 1310160164.832162
-0.236328 0.773438 -0.083008 1310160164.855168
-0.192383 0.762695 -0.138672 1310160164.921147
-0.227539 0.614258 -0.251953 1310160164.938166
-0.356445 0.722656 -0.251953 1310160164.961164
-0.341797 0.710938 -0.303711 1310160164.987161
-0.387695 0.681641 -0.309570 1310160165.034166
-0.424805 0.693359 -0.292969 1310160165.055166
-0.390625 0.593750 -0.383789 1310160165.421170
-0.493164 0.640625 -0.371094 1310160165.423167
-0.493164 0.640625 -0.371094 1310160165.443637
-0.501953 0.574219 -0.441406 1310160165.458171
-0.530273 0.668945 -0.403320 1310160165.460150
-0.474609 0.606445 -0.473633 1310160165.475176
-0.551758 0.578125 -0.439453 1310160165.481193
-0.546875 0.588867 -0.437500 1310160165.483173
-0.536133 0.569336 -0.437500 1310160165.501158
-0.547852 0.634766 -0.393555 1310160165.522176
-0.518555 0.664062 -0.372070 1310160165.523150
-0.501953 0.718750 -0.320312 1310160165.538156
-0.432617 0.676758 -0.291016 1310160165.540172
-0.333984 0.692383 -0.190430 1310160165.558215
-0.280273 0.710938 -0.171875 1310160165.562162
-0.267578 0.686523 -0.086914 1310160165.592174
-0.196289 0.724609 -0.028320 1310160165.601170
-0.143555 0.689453 0.010742 1310160165.645195
-0.073242 0.701172 0.004883 1310160165.668216
-0.042969 0.690430 0.004883 1310160165.701182
-0.045898 0.701172 0.030273 1310160165.746196
0.040039 0.632812 -0.047852 1310160165.770182
-0.044922 0.722656 0.030273 1310160165.792185
-0.086914 0.695312 -0.030273 1310160165.837192
-0.122070 0.708984 -0.014648 1310160165.860186
-0.066406 0.644531 -0.014648 1310160165.904184
0.018555 0.750977 -0.004883 1310160165.923185
0.018555 0.750977 -0.004883 1310160165.968205
-0.083008 0.726562 -0.058594 1310160165.991144
-0.066406 0.710938 -0.082031 1310160166.035189
-0.052734 0.749023 -0.064453 1310160166.057178
0.013672 0.746094 -0.085938 1310160166.080226
0.052734 0.692383 -0.057617 1310160166.122189
-0.037109 0.720703 -0.043945 1310160166.146168
0.006836 0.728516 -0.049805 1310160166.190191
-0.041016 0.802734 -0.082031 1310160166.211197
-0.005859 0.758789 -0.108398 1310160166.256192
-0.040039 0.730469 -0.105469 1310160166.278172
-0.093750 0.791016 -0.162109 1310160166.322191
-0.090820 0.771484 -0.160156 1310160166.343189
-0.044922 0.851562 -0.169922 1310160166.388193
-0.066406 0.749023 -0.105469 1310160166.412661
-0.069336 0.711914 -0.114258 1310160166.437197
-0.058594 0.785156 -0.131836 1310160166.468195
-0.038086 0.752930 -0.129883 1310160166.506193
-0.005859 0.767578 -0.135742 1310160166.550193
-0.063477 0.737305 -0.161133 1310160166.572199
-0.122070 0.760742 -0.184570 1310160166.617197
-0.111328 0.803711 -0.173828 1310160166.691191
-0.105469 0.759766 -0.205078 1310160166.712198
-0.101562 0.695312 -0.195312 1310160166.732202
-0.127930 0.742188 -0.166016 1310160166.733198
-0.117188 0.741211 -0.177734 1310160166.775187
-0.095703 0.727539 -0.183594 1310160166.796189
-0.129883 0.711914 -0.138672 1310160166.817198
-0.142578 0.711914 -0.138672 1310160166.863202
-0.252930 0.753906 -0.277344 1310160166.908264
-0.214844 0.728516 -0.253906 1310160166.931197
-0.208984 0.738281 -0.186523 1310160166.955205
-0.160156 0.686523 -0.122070 1310160166.998202
-0.003906 0.660156 0.014648 1310160167.021202
0.000977 0.642578 0.041992 1310160167.043211
0.122070 0.787109 0.063477 1310160167.087204
0.037109 0.825195 0.012695 1310160167.132208
-0.158203 0.583008 -0.063477 1310160167.153211
-0.219727 0.666992 -0.028320 1310160167.176211
-0.241211 0.837891 -0.028320 1310160167.200217
-0.071289 0.652344 -0.035156 1310160167.250183
-0.177734 0.656250 -0.093750 1310160167.292192
-0.204102 0.656250 -0.161133 1310160167.315210
-0.165039 0.757812 -0.189453 1310160167.362217
-0.300781 0.726562 -0.187500 1310160167.383197
-0.466797 0.611328 -0.205078 1310160167.406235
-0.394531 0.718750 -0.162109 1310160167.451226
-0.271484 0.719727 -0.356445 1310160167.466194
-0.395508 0.629883 -0.355469 1310160168.116228
-0.479492 0.654297 -0.266602 1310160168.117227
-0.501953 0.597656 -0.387695 1310160168.158221
-0.454102 0.562500 -0.454102 1310160168.178226
-0.523438 0.542969 -0.405273 1310160168.181229
-0.577148 0.559570 -0.465820 1310160168.182227
-0.535156 0.510742 -0.456055 1310160168.183224
-0.549805 0.578125 -0.480469 1310160168.201237
-0.588867 0.546875 -0.730469 1310160168.203211
-0.563477 0.507812 -0.499023 1310160168.205202
-0.578125 0.588867 -0.415039 1310160168.226244
-0.549805 0.474609 -0.468750 1310160168.227221
-0.590820 0.599609 -0.446289 1310160168.238229
-0.602539 0.535156 -0.442383 1310160168.240226
-0.552734 0.583984 -0.442383 1310160168.241226
-0.574219 0.650391 -0.359375 1310160168.265231
-0.512695 0.663086 -0.344727 1310160168.265243
-0.428711 0.654297 -0.271484 1310160168.265254
-0.375000 0.679688 -0.201172 1310160168.265265
-0.344727 0.619141 -0.161133 1310160168.265276
-0.344727 0.619141 -0.161133 1310160168.273228
-0.179688 0.656250 -0.104492 1310160168.282219
-0.190430 0.758789 -0.014648 1310160168.283224
-0.102539 0.742188 -0.068359 1310160168.285221
-0.080078 0.705078 -0.043945 1310160168.286221
-0.038086 0.724609 0.001953 1310160168.302240
-0.038086 0.724609 0.001953 1310160168.328229
-0.038086 0.741211 0.038086 1310160168.382228
-0.047852 0.690430 0.007812 1310160168.405229
-0.020508 0.748047 -0.040039 1310160168.450235
-0.025391 0.756836 -0.028320 1310160168.471216
-0.049805 0.750977 -0.077148 1310160168.518215
-0.056641 0.698242 -0.098633 1310160168.540207
-0.047852 0.652344 -0.125977 1310160168.562233
-0.083984 0.741211 -0.083008 1310160168.608275
-0.071289 0.745117 -0.066406 1310160168.631208
0.060547 0.726562 -0.055664 1310160168.656238
0.020508 0.719727 -0.087891 1310160168.683239
-0.074219 0.721680 -0.155273 1310160168.752242
-0.097656 0.675781 -0.114258 1310160168.755237
-0.015625 0.720703 -0.127930 1310160168.795238
0.003906 0.775391 -0.118164 1310160168.820258
-0.014648 0.729492 -0.116211 1310160168.863244
-0.042969 0.740234 -0.123047 1310160168.885241
-0.030273 0.740234 -0.115234 1310160168.927240
-0.067383 0.753906 -0.133789 1310160168.950247
-0.050781 0.738281 -0.132812 1310160168.978261
-0.018555 0.734375 -0.121094 1310160169.025247
0.002930 0.750000 -0.151367 1310160169.047241
-0.026367 0.750000 -0.151367 1310160169.071242
-0.054688 0.781250 -0.149414 1310160169.126251
-0.067383 0.714844 -0.160156 1310160169.170239
-0.103516 0.757812 -0.159180 1310160169.246253
-0.083984 0.744141 -0.199219 1310160169.271243
-0.083984 0.747070 -0.189453 1310160169.272242
-0.167969 0.768555 -0.189453 1310160169.293212
-0.122070 0.745117 -0.241211 1310160169.315249
-0.164062 0.744141 -0.266602 1310160169.337251
-0.192383 0.747070 -0.263672 1310160169.381248
-0.153320 0.671875 -0.266602 1310160169.407254
-0.159180 0.798828 -0.272461 1310160169.451281
-0.173828 0.712891 -0.319336 1310160169.472237
-0.137695 0.707031 -0.158203 1310160169.496258
-0.079102 0.695312 -0.112305 1310160169.535256
0.057617 0.607422 -0.000977 1310160169.560255
0.166992 0.658203 0.014648 1310160169.603255
0.047852 0.740234 -0.025391 1310160169.626259
-0.090820 0.837891 -0.049805 1310160169.668254
-0.076172 0.724609 -0.063477 1310160169.690258
-0.104492 0.718750 -0.146484 1310160169.733257
-0.204102 0.707031 -0.135742 1310160169.756257
-0.199219 0.799805 -0.123047 1310160169.800262
-0.201172 0.709961 -0.123047 1310160169.823250
-0.236328 0.694336 -0.180664 1310160169.866255
-0.285156 0.726562 -0.188477 1310160169.908245
-0.227539 0.679688 -0.247070 1310160169.935262
-0.334961 0.708984 -0.290039 1310160169.973268
-0.399414 0.641602 -0.259766 1310160169.995274
-0.282227 0.641602 -0.259766 1310160170.018240
-0.513672 0.628906 -0.375977 1310160170.410270
-0.554688 0.632812 -0.376953 1310160170.458299
-0.478516 0.604492 -0.387695 1310160170.460260
-0.487305 0.594727 -0.461914 1310160170.473297
-0.520508 0.631836 -0.488281 1310160170.481273
-0.520508 0.631836 -0.488281 1310160170.482273
-0.514648 0.610352 -0.452148 1310160170.558269
-0.465820 0.592773 -0.465820 1310160170.560257
-0.506836 0.589844 -0.461914 1310160170.580276
-0.548828 0.635742 -0.364258 1310160170.581272
-0.508789 0.637695 -0.426758 1310160170.588287
-0.455078 0.660156 -0.333984 1310160170.588301
-0.455078 0.660156 -0.333984 1310160170.588312
-0.353516 0.733398 -0.250000 1310160170.595301
-0.294922 0.698242 -0.160156 1310160170.602284
-0.222656 0.682617 -0.138672 1310160170.603265
-0.180664 0.632812 -0.070312 1310160170.611288
-0.138672 0.691406 -0.011719 1310160170.620275
-0.158203 0.698242 -0.038086 1310160170.629270
-0.068359 0.697266 -0.027344 1310160170.658275
-0.001953 0.666016 0.019531 1310160170.701276
0.034180 0.705078 0.036133 1310160170.745281
0.034180 0.709961 0.085938 1310160170.746277
0.049805 0.742188 0.020508 1310160170.793299
0.053711 0.718750 0.039062 1310160170.837282
0.061523 0.672852 0.024414 1310160170.858279
0.040039 0.699219 -0.049805 1310160170.881277
0.035156 0.701172 -0.062500 1310160170.925290
-0.000977 0.683594 -0.040039 1310160170.947293
-0.019531 0.762695 -0.067383 1310160170.990280
-0.041016 0.750000 -0.066406 1310160171.015282
-0.041992 0.711914 -0.113281 1310160171.058278
-0.057617 0.728516 -0.093750 1310160171.106286
0.004883 0.756836 -0.024414 1310160171.107282
-0.007812 0.756836 -0.024414 1310160171.150289
-0.051758 0.773438 -0.043945 1310160171.196287
-0.110352 0.772461 -0.184570 1310160171.220301
-0.035156 0.728516 -0.145508 1310160171.242286
0.013672 0.779297 -0.091797 1310160171.267286
-0.053711 0.729492 -0.086914 1310160171.307294
0.020508 0.745117 -0.131836 1310160171.329292
0.014648 0.733398 -0.098633 1310160171.374494
-0.068359 0.725586 -0.111328 1310160171.425286
0.007812 0.751953 -0.119141 1310160171.438291
-0.008789 0.722656 -0.157227 1310160171.462297
-0.016602 0.790039 -0.160156 1310160171.502306
-0.005859 0.786133 -0.164062 1310160171.535297
-0.049805 0.754883 -0.163086 1310160171.578294
-0.036133 0.742188 -0.221680 1310160171.605295
-0.098633 0.763672 -0.177734 1310160171.628299
-0.154297 0.744141 -0.152344 1310160171.666301
-0.050781 0.731445 -0.213867 1310160171.687293
-0.072266 0.748047 -0.231445 1310160171.733294
-0.098633 0.718750 -0.203125 1310160171.755294
-0.105469 0.740234 -0.252930 1310160171.786318
-0.200195 0.767578 -0.277344 1310160171.823307
-0.238281 0.716797 -0.231445 1310160171.850298
-0.176758 0.732422 -0.231445 1310160171.874298
-0.174805 0.737305 -0.178711 1310160171.916297
-0.086914 0.674805 -0.157227 1310160171.961298
0.076172 0.592773 -0.041016 1310160172.003304
0.033203 0.725586 -0.027344 1310160172.005298
-0.091797 0.767578 -0.018555 1310160172.048306
-0.116211 0.829102 -0.084961 1310160172.070299
-0.207031 0.684570 -0.081055 1310160172.131305
-0.137695 0.703125 -0.106445 1310160172.141303
-0.146484 0.806641 -0.025391 1310160172.197304
-0.105469 0.656250 -0.119141 1310160172.220308
-0.187500 0.773438 -0.053711 1310160172.241308
-0.187500 0.773438 -0.053711 1310160172.263308
-0.348633 0.673828 -0.238281 1310160172.310310
-0.403320 0.703125 -0.162109 1310160172.337307
-0.404297 0.630859 -0.240234 1310160172.891322
-0.321289 0.620117 -0.311523 1310160172.938320
-0.398438 0.713867 -0.251953 1310160173.005324
-0.398438 0.713867 -0.251953 1310160173.006319
-0.514648 0.591797 -0.396484 1310160173.012314
-0.559570 0.637695 -0.392578 1310160173.028318
-0.559570 0.637695 -0.392578 1310160173.030320
-0.589844 0.620117 -0.440430 1310160173.048319
-0.576172 0.584961 -0.486328 1310160173.049314
-0.573242 0.577148 -0.473633 1310160173.052312
-0.531250 0.613281 -0.427734 1310160173.095321
-0.484375 0.583984 -0.448242 1310160173.133321
-0.538086 0.582031 -0.385742 1310160173.135323
-0.505859 0.647461 -0.362305 1310160173.154326
-0.473633 0.705078 -0.257812 1310160173.171330
-0.455078 0.704102 -0.224609 1310160173.171344
-0.375000 0.709961 -0.220703 1310160173.171354
-0.283203 0.739258 -0.051758 1310160173.172315
-0.158203 0.704102 -0.122070 1310160173.182323
-0.130859 0.710938 0.013672 1310160173.202300
-0.153320 0.704102 0.071289 1310160173.202312
-0.116211 0.634766 0.071289 1310160173.204319
-0.075195 0.650391 0.005859 1310160173.241318
-0.041016 0.640625 0.014648 1310160173.242316
0.020508 0.709961 0.002930 1310160173.243316
-0.018555 0.708984 0.022461 1310160173.263316
0.030273 0.708984 0.022461 1310160173.265327
0.042969 0.708984 0.045898 1310160173.267319
0.024414 0.717773 -0.019531 1310160173.281325
-0.004883 0.779297 -0.077148 1310160173.326330
-0.060547 0.690430 -0.063477 1310160173.332332
-0.118164 0.748047 -0.083008 1310160173.392329
-0.085938 0.732422 -0.060547 1310160173.394330
-0.066406 0.717773 -0.046875 1310160173.441328
0.007812 0.693359 -0.042969 1310160173.463355
0.060547 0.704102 -0.033203 1310160173.507339
0.045898 0.798828 -0.006836 1310160173.528334
0.053711 0.781250 -0.031250 1310160173.551331
-0.095703 0.673828 -0.200195 1310160173.593333
-0.041016 0.923828 -0.200195 1310160173.617317
-0.055664 0.784180 -0.176758 1310160173.664334
-0.125000 0.787109 -0.166016 1310160173.687331
-0.083008 0.810547 -0.184570 1310160173.732334
-0.058594 0.699219 -0.155273 1310160173.748334
-0.062500 0.713867 -0.125977 1310160173.798359
-0.040039 0.686523 -0.073242 1310160173.819306
0.050781 0.746094 -0.075195 1310160173.863339
0.028320 0.783203 -0.075195 1310160173.907341
0.017578 0.777344 -0.083984 1310160173.931343
0.008789 0.759766 -0.112305 1310160173.952336
-0.039062 0.741211 -0.102539 1310160173.994358
0.003906 0.708008 -0.108398 1310160174.018351
-0.049805 0.777344 -0.130859 1310160174.039342
-0.086914 0.745117 -0.167969 1310160174.083344
-0.117188 0.763672 -0.188477 1310160174.107341
-0.136719 0.744141 -0.180664 1310160174.145349
-0.125000 0.734375 -0.164062 1310160174.196345
-0.147461 0.705078 -0.154297 1310160174.219317
-0.112305 0.718750 -0.187500 1310160174.242354
-0.147461 0.800781 -0.226562 1310160174.264343
-0.142578 0.797852 -0.295898 1310160174.308343
-0.142578 0.797852 -0.295898 1310160174.330337
-0.193359 0.638672 -0.106445 1310160174.428352
-0.142578 0.643555 -0.117188 1310160174.429348
0.002930 0.587891 0.019531 1310160174.433352
0.089844 0.517578 0.020508 1310160174.454362
0.000977 0.774414 0.083008 1310160174.489355
-0.053711 0.774414 0.083008 1310160174.515355
0.011719 0.810547 0.048828 1310160174.585359
0.021484 0.829102 -0.003906 1310160174.608355
-0.099609 0.666016 0.048828 1310160174.636356
-0.054688 0.664062 -0.037109 1310160174.678352
-0.167969 0.793945 -0.106445 1310160174.699352
-0.340820 0.663086 -0.106445 1310160174.722354
-0.258789 0.664062 -0.088867 1310160174.933389
-0.345703 0.812500 -0.205078 1310160175.023364
-0.429688 0.564453 -0.295898 1310160175.047360
-0.360352 0.676758 -0.213867 1310160175.101361
-0.414062 0.594727 -0.374023 1310160175.102370
-0.443359 0.596680 -0.403320 1310160175.144357
-0.471680 0.593750 -0.415039 1310160175.188314
-0.550781 0.601562 -0.458008 1310160175.568376
-0.582031 0.554688 -0.542969 1310160175.584367
-0.586914 0.519531 -0.561523 1310160175.757364
-0.647461 0.490234 -0.614258 1310160175.761406
-0.619141 0.433594 -0.614258 1310160175.775377
-0.580078 0.478516 -0.596680 1310160175.792390
-0.527344 0.474609 -0.596680 1310160175.803371
-0.531250 0.480469 -0.634766 1310160175.804372
-0.568359 0.519531 -0.547852 1310160175.809378
-0.527344 0.565430 -0.494141 1310160175.814378
-0.480469 0.599609 -0.508789 1310160175.826374
-0.524414 0.623047 -0.402344 1310160175.838407
-0.415039 0.592773 -0.394531 1310160175.847375
-0.420898 0.585938 -0.323242 1310160175.849384
-0.425781 0.608398 -0.314453 1310160175.853383
-0.400391 0.603516 -0.285156 1310160175.874377
-0.372070 0.679688 -0.216797 1310160175.875379
-0.296875 0.652344 -0.191406 1310160175.875391
-0.275391 0.662109 -0.172852 1310160175.875401
-0.183594 0.683594 -0.083984 1310160175.876375
-0.174805 0.689453 -0.080078 1310160175.898376
-0.179688 0.662109 -0.042969 1310160175.898390
-0.135742 0.748047 -0.065430 1310160175.898400
-0.130859 0.756836 -0.085938 1310160175.898411
-0.135742 0.693359 -0.037109 1310160175.898421
-0.122070 0.713867 0.004883 1310160175.916369
-0.023438 0.759766 -0.032227 1310160175.917390
-0.032227 0.757812 -0.009766 1310160175.918388
-0.029297 0.732422 -0.001953 1310160175.919360
-0.022461 0.707031 -0.005859 1310160175.939379
0.004883 0.710938 0.034180 1310160175.941371
0.017578 0.730469 -0.003906 1310160175.983379
0.027344 0.759766 0.246094 1310160176.006383
0.012695 0.732422 0.042969 1310160176.049423
0.058594 0.812500 0.045898 1310160176.092384
0.083008 0.763672 0.026367 1310160176.114377
0.026367 0.738281 0.015625 1310160176.137385
0.029297 0.751953 0.023438 1310160176.183379
0.105469 0.716797 0.023438 1310160176.206387
0.073242 0.732422 0.007812 1310160176.236382
0.074219 0.718750 -0.005859 1310160176.281385
0.064453 0.734375 -0.011719 1310160176.304381
0.081055 0.759766 -0.021484 1310160176.328388
0.036133 0.687500 -0.134766 1310160176.381387
-0.028320 0.687500 -0.134766 1310160176.413412
0.014648 0.724609 -0.103516 1310160176.428386
0.013672 0.749023 -0.084961 1310160176.459390
-0.039062 0.761719 -0.103516 1310160176.506392
-0.083008 0.731445 -0.116211 1310160176.537388
-0.093750 0.734375 -0.155273 1310160176.559389
-0.091797 0.734375 -0.155273 1310160176.579389
-0.040039 0.773438 -0.155273 1310160176.625394
-0.042969 0.703125 -0.123047 1310160176.661370
-0.071289 0.756836 -0.135742 1310160176.686393
-0.040039 0.730469 -0.164062 1310160176.729402
