-0.248047 0.702148 -0.047852 1310682742.513072
-0.244141 0.684570 -0.055664 1310682742.535074
-0.244141 0.684570 -0.055664 1310682742.557077
-0.245117 0.684570 -0.055664 1310682742.600073
-0.221680 0.697266 -0.066406 1310682742.643076
-0.246094 0.734375 -0.061523 1310682742.664074
-0.242188 0.709961 -0.077148 1310682742.713134
-0.277344 0.721680 -0.079102 1310682742.734121
-0.226562 0.739258 -0.110352 1310682742.781128
-0.208008 0.723633 -0.086914 1310682742.804142
-0.235352 0.743164 -0.075195 1310682742.828137
-0.239258 0.725586 -0.063477 1310682742.853131
-0.227539 0.712891 -0.083008 1310682742.884116
-0.217773 0.719727 -0.071289 1310682742.927156
-0.219727 0.714844 -0.095703 1310682742.951164
-0.229492 0.727539 -0.103516 1310682743.001118
-0.196289 0.715820 -0.079102 1310682743.024198
-0.224609 0.720703 -0.055664 1310682743.066141
-0.234375 0.670898 -0.079102 1310682743.088183
-0.232422 0.715820 -0.078125 1310682743.109121
-0.216797 0.735352 -0.097656 1310682743.155175
-0.236328 0.705078 -0.073242 1310682743.178142
-0.208008 0.712891 -0.017578 1310682743.224135
-0.219727 0.690430 -0.053711 1310682743.246122
-0.231445 0.712891 -0.060547 1310682743.275180
-0.218750 0.712891 -0.060547 1310682743.299175
-0.218750 0.712891 -0.060547 1310682743.343193
-0.176758 0.704102 -0.026367 1310682743.386142
-0.219727 0.687500 -0.104492 1310682743.409171
-0.243164 0.724609 -0.026367 1310682743.455116
-0.257812 0.717773 -0.075195 1310682743.478126
-0.263672 0.736328 -0.031250 1310682743.499162
-0.267578 0.683594 -0.037109 1310682743.543172
-0.263672 0.712891 -0.023438 1310682743.566173
-0.238281 0.682617 -0.038086 1310682743.673175
-0.250977 0.703125 -0.044922 1310682743.674180
-0.245117 0.704102 -0.040039 1310682743.688141
-0.259766 0.690430 -0.054688 1310682743.708157
-0.261719 0.717773 -0.049805 1310682743.731188
-0.266602 0.695312 -0.061523 1310682743.756142
-0.226562 0.708984 -0.053711 1310682743.799148
-0.305664 0.709961 -0.046875 1310682743.820182
-0.278320 0.714844 -0.046875 1310682743.846164
-0.278320 0.714844 -0.046875 1310682743.889144
-0.253906 0.710938 -0.064453 1310682743.933183
-0.250977 0.689453 -0.036133 1310682743.958174
-0.286133 0.724609 -0.045898 1310682743.981184
-0.243164 0.718750 -0.063477 1310682744.025222
-0.273438 0.683594 -0.063477 1310682744.049158
-0.240234 0.701172 -0.072266 1310682744.093213
-0.249023 0.706055 -0.084961 1310682744.115230
-0.235352 0.710938 -0.072266 1310682744.161233
-0.224609 0.717773 -0.076172 1310682744.184164
-0.224609 0.695312 -0.059570 1310682744.205147
-0.225586 0.708984 -0.059570 1310682744.249213
-0.212891 0.677734 -0.106445 1310682744.273178
-0.203125 0.701172 -0.072266 1310682744.319171
-0.243164 0.714844 -0.118164 1310682744.335238
-0.251953 0.679688 -0.088867 1310682744.378152
-0.225586 0.687500 -0.063477 1310682744.424208
-0.475586 0.687500 -0.063477 1310682744.445163
-0.255859 0.707031 -0.112305 1310682744.470188
-0.230469 0.716797 -0.095703 1310682744.518193
-0.245117 0.735352 -0.117188 1310682744.539162
-0.246094 0.722656 -0.151367 1310682744.561163
-0.214844 0.706055 -0.094727 1310682744.605149
-0.214844 0.706055 -0.094727 1310682744.626193
-0.222656 0.726562 -0.113281 1310682744.674163
-0.215820 0.740234 -0.062500 1310682744.695157
-0.228516 0.701172 -0.126953 1310682744.738193
-0.208984 0.714844 -0.099609 1310682744.781143
-0.216797 0.724609 -0.074219 1310682744.783169
-0.237305 0.724609 -0.074219 1310682744.829169
-0.242188 0.734375 -0.069336 1310682744.853183
-0.249023 0.714844 -0.105469 1310682744.895175
-0.234375 0.705078 -0.108398 1310682744.963171
-0.254883 0.735352 -0.075195 1310682744.964164
-0.200195 0.722656 -0.075195 1310682744.984160
-0.266602 0.683594 -0.076172 1310682745.030189
-0.237305 0.725586 -0.087891 1310682745.055231
-0.267578 0.708008 -0.103516 1310682745.076225
-0.277344 0.714844 -0.086914 1310682745.126168
-0.208008 0.719727 -0.091797 1310682745.148196
-0.265625 0.710938 -0.076172 1310682745.170200
-0.229492 0.705078 -0.076172 1310682745.214241
-0.249023 0.695312 -0.081055 1310682745.258183
-0.243164 0.736328 -0.098633 1310682745.280225
-0.236328 0.716797 -0.098633 1310682745.324189
-0.236328 0.695312 -0.071289 1310682745.349242
-0.239258 0.710938 -0.063477 1310682745.373199
-0.227539 0.705078 -0.098633 1310682745.395243
-0.261719 0.736328 -0.098633 1310682745.439238
-0.229492 0.656250 -0.056641 1310682745.476234
-0.265625 0.732422 -0.075195 1310682745.521173
-0.249023 0.695312 -0.083008 1310682745.543178
-0.249023 0.708984 -0.074219 1310682745.564215
-0.215820 0.705078 -0.080078 1310682745.609173
-0.263672 0.705078 -0.066406 1310682745.634210
-0.221680 0.712891 -0.062500 1310682745.679206
-0.220703 0.708984 -0.097656 1310682745.703225
-0.255859 0.723633 -0.082031 1310682745.725184
-0.255859 0.723633 -0.082031 1310682745.749212
-0.285156 0.718750 -0.095703 1310682745.809261
-0.227539 0.726562 -0.062500 1310682745.831181
-0.259766 0.710938 -0.086914 1310682745.854188
-0.218750 0.722656 -0.101562 1310682745.896227
-0.231445 0.720703 -0.112305 1310682745.911187
-0.240234 0.718750 -0.112305 1310682745.941220
-0.217773 0.718750 -0.127930 1310682745.993165
-0.209961 0.708984 -0.099609 1310682746.018200
-0.198242 0.718750 -0.140625 1310682746.061244
-0.250000 0.695312 -0.093750 1310682746.104259
-0.196289 0.715820 -0.098633 1310682746.106251
-0.225586 0.710938 -0.110352 1310682746.149225
-0.206055 0.744141 -0.103516 1310682746.173201
-0.223633 0.729492 -0.126953 1310682746.231230
-0.236328 0.705078 -0.094727 1310682746.233175
-0.250977 0.696289 -0.088867 1310682746.279220
-0.237305 0.733398 -0.106445 1310682746.302259
-0.249023 0.710938 -0.093750 1310682746.349200
-0.268555 0.707031 -0.090820 1310682746.370215
-0.254883 0.717773 -0.104492 1310682746.413188
-0.234375 0.722656 -0.063477 1310682746.436235
-0.266602 0.727539 -0.100586 1310682746.479173
-0.263672 0.726562 -0.092773 1310682746.504282
-0.262695 0.713867 -0.076172 1310682746.549277
-0.218750 0.700195 -0.051758 1310682746.573271
-0.290039 0.700195 -0.088867 1310682746.598228
-0.237305 0.705078 -0.091797 1310682746.623221
-0.235352 0.714844 -0.094727 1310682746.663212
-0.235352 0.714844 -0.094727 1310682746.684208
-0.230469 0.726562 -0.090820 1310682746.739199
-0.247070 0.699219 -0.107422 1310682746.760349
-0.212891 0.722656 -0.041016 1310682746.784276
-0.234375 0.715820 -0.100586 1310682746.830245
-0.222656 0.711914 -0.063477 1310682746.854217
-0.239258 0.673828 -0.086914 1310682746.887240
-0.265625 0.718750 -0.084961 1310682746.916256
-0.230469 0.720703 -0.148438 1310682746.963217
-0.198242 0.711914 -0.088867 1310682747.006227
-0.253906 0.703125 -0.098633 1310682747.008299
-0.230469 0.730469 -0.102539 1310682747.041249
-0.237305 0.675781 -0.096680 1310682747.086244
-0.235352 0.709961 -0.117188 1310682747.109232
-0.230469 0.708984 -0.088867 1310682747.144258
-0.243164 0.709961 -0.088867 1310682747.169225
-0.239258 0.705078 -0.115234 1310682747.205230
-0.218750 0.716797 -0.123047 1310682747.231219
-0.230469 0.693359 -0.097656 1310682747.275278
-0.211914 0.734375 -0.107422 1310682747.298243
-0.222656 0.742188 -0.123047 1310682747.341212
-0.204102 0.697266 -0.100586 1310682747.365249
-0.219727 0.727539 -0.108398 1310682747.400252
-0.233398 0.727539 -0.108398 1310682747.425285
-0.255859 0.714844 -0.112305 1310682747.469286
-0.255859 0.712891 -0.130859 1310682747.520281
-0.263672 0.695312 -0.057617 1310682747.545237
-0.239258 0.698242 -0.105469 1310682747.568264
-0.234375 0.732422 -0.111328 1310682747.591234
-0.287109 0.736328 -0.134766 1310682747.616262
-0.225586 0.726562 -0.128906 1310682747.660217
-0.259766 0.710938 -0.111328 1310682747.705212
-0.235352 0.714844 -0.109375 1310682747.728240
-0.232422 0.736328 -0.145508 1310682747.750251
-0.209961 0.724609 -0.124023 1310682747.794232
-0.173828 0.714844 -0.132812 1310682747.836294
-0.251953 0.700195 -0.102539 1310682747.858286
-0.261719 0.708008 -0.155273 1310682747.885241
-0.261719 0.681641 -0.115234 1310682747.928277
-0.273438 0.677734 -0.152344 1310682747.949251
-0.270508 0.716797 -0.113281 1310682747.993231
-0.275391 0.718750 -0.140625 1310682748.016257
-0.256836 0.704102 -0.099609 1310682748.059199
-0.272461 0.691406 -0.110352 1310682748.081246
-0.275391 0.732422 -0.119141 1310682748.105253
-0.240234 0.712891 -0.121094 1310682748.151260
-0.256836 0.685547 -0.121094 1310682748.173307
-0.251953 0.732422 -0.089844 1310682748.216257
-0.249023 0.709961 -0.109375 1310682748.239253
-0.254883 0.715820 -0.125000 1310682748.281269
-0.235352 0.718750 -0.099609 1310682748.304275
-0.276367 0.697266 -0.153320 1310682748.348244
-0.250000 0.744141 -0.153320 1310682748.373300
-0.273438 0.681641 -0.097656 1310682748.410302
-0.266602 0.699219 -0.061523 1310682748.436287
-0.251953 0.670898 -0.107422 1310682748.480230
-0.236328 0.717773 -0.128906 1310682748.501258
-0.335938 0.730469 -0.123047 1310682748.523249
-0.335938 0.730469 -0.123047 1310682748.569309
-0.244141 0.673828 -0.110352 1310682748.611239
-0.236328 0.707031 -0.112305 1310682748.633282
-0.253906 0.703125 -0.125977 1310682748.654267
-0.225586 0.697266 -0.096680 1310682748.699275
-0.267578 0.706055 -0.098633 1310682748.721311
-0.238281 0.706055 -0.098633 1310682748.744269
-0.261719 0.732422 -0.092773 1310682748.825237
-0.208984 0.701172 -0.108398 1310682748.839275
-0.250977 0.705078 -0.098633 1310682748.861228
-0.225586 0.697266 -0.143555 1310682748.884283
-0.247070 0.676758 -0.118164 1310682748.908321
-0.239258 0.755859 -0.116211 1310682748.954259
-0.274414 0.695312 -0.099609 1310682748.978252
-0.270508 0.724609 -0.118164 1310682749.033313
-0.225586 0.720703 -0.136719 1310682749.054270
-0.242188 0.693359 -0.129883 1310682749.075277
-0.269531 0.714844 -0.129883 1310682749.099289
-0.248047 0.673828 -0.114258 1310682749.144241
-0.215820 0.673828 -0.114258 1310682749.165279
-0.241211 0.707031 -0.137695 1310682749.211268
-0.222656 0.700195 -0.111328 1310682749.235306
-0.237305 0.709961 -0.146484 1310682749.279232
-0.223633 0.726562 -0.146484 1310682749.302325
-0.245117 0.710938 -0.102539 1310682749.346247
-0.280273 0.718750 -0.124023 1310682749.369332
-0.316406 0.719727 -0.131836 1310682749.398293
-0.250000 0.718750 -0.102539 1310682749.441267
-0.270508 0.723633 -0.139648 1310682749.464301
-0.276367 0.723633 -0.139648 1310682749.488279
-0.275391 0.723633 -0.089844 1310682749.535332
-0.292969 0.642578 -0.110352 1310682749.556318
-0.269531 0.698242 -0.096680 1310682749.599297
-0.247070 0.677734 -0.126953 1310682749.621270
-0.250000 0.720703 -0.122070 1310682749.666267
-0.298828 0.702148 -0.117188 1310682749.689272
-0.242188 0.703125 -0.117188 1310682749.735241
-0.263672 0.705078 -0.122070 1310682749.758298
-0.285156 0.712891 -0.131836 1310682749.783280
-0.281250 0.701172 -0.119141 1310682749.828362
-0.276367 0.679688 -0.148438 1310682749.853328
-0.262695 0.718750 -0.131836 1310682749.895273
-0.276367 0.690430 -0.097656 1310682749.918305
-0.269531 0.717773 -0.100586 1310682749.944343
-0.262695 0.669922 -0.152344 1310682749.981287
-0.256836 0.688477 -0.082031 1310682750.006289
-0.258789 0.683594 -0.125000 1310682750.111294
-0.292969 0.727539 -0.133789 1310682750.113278
-0.267578 0.718750 -0.115234 1310682750.134327
-0.289062 0.725586 -0.114258 1310682750.144268
-0.259766 0.664062 -0.098633 1310682750.189298
-0.249023 0.717773 -0.129883 1310682750.215326
-0.253906 0.697266 -0.129883 1310682750.239294
-0.260742 0.693359 -0.113281 1310682750.283296
-0.232422 0.700195 -0.125977 1310682750.304328
-0.225586 0.685547 -0.119141 1310682750.346280
-0.277344 0.702148 -0.139648 1310682750.373349
-0.236328 0.700195 -0.093750 1310682750.418348
-0.258789 0.702148 -0.102539 1310682750.441296
-0.258789 0.702148 -0.102539 1310682750.450274
-0.245117 0.686523 -0.125000 1310682750.493345
-0.276367 0.702148 -0.118164 1310682750.536286
-0.228516 0.724609 -0.093750 1310682750.558272
-0.272461 0.675781 -0.101562 1310682750.603301
-0.244141 0.721680 -0.093750 1310682750.628320
-0.257812 0.709961 -0.102539 1310682750.673314
-0.246094 0.706055 -0.090820 1310682750.695286
-0.286133 0.708984 -0.088867 1310682750.718309
-0.238281 0.719727 -0.070312 1310682750.760344
-0.252930 0.725586 -0.060547 1310682750.785288
-0.255859 0.675781 -0.116211 1310682750.828349
-0.225586 0.721680 -0.080078 1310682750.851292
-0.217773 0.721680 -0.096680 1310682750.896276
-0.208984 0.708984 -0.124023 1310682750.918279
-0.215820 0.709961 -0.055664 1310682750.961314
-0.218750 0.699219 -0.087891 1310682750.982355
-0.217773 0.703125 -0.114258 1310682751.009306
-0.229492 0.715820 -0.115234 1310682751.045354
-0.270508 0.712891 -0.085938 1310682751.069355
-0.187500 0.708984 -0.075195 1310682751.120270
-0.222656 0.711914 -0.121094 1310682751.143368
-0.241211 0.705078 -0.124023 1310682751.185337
-0.197266 0.706055 -0.103516 1310682751.206289
-0.250977 0.722656 -0.103516 1310682751.234371
-0.216797 0.678711 -0.093750 1310682751.282326
-0.213867 0.719727 -0.096680 1310682751.308368
-0.284180 0.754883 -0.126953 1310682751.329350
-0.240234 0.710938 -0.087891 1310682751.382388
-0.220703 0.702148 -0.090820 1310682751.408288
-0.220703 0.706055 -0.082031 1310682751.430311
-0.213867 0.708984 -0.057617 1310682751.464365
-0.294922 0.710938 -0.069336 1310682751.488316
-0.238281 0.739258 -0.061523 1310682751.530321
-0.234375 0.734375 -0.117188 1310682751.574330
-0.237305 0.732422 -0.076172 1310682751.600330
-0.225586 0.706055 -0.096680 1310682751.621300
-0.233398 0.728516 -0.110352 1310682751.665324
-0.255859 0.709961 -0.063477 1310682751.688376
-0.242188 0.726562 -0.073242 1310682751.731293
-0.245117 0.708008 -0.073242 1310682751.754384
-0.223633 0.707031 -0.065430 1310682751.786293
-0.243164 0.707031 -0.065430 1310682751.809302
-0.242188 0.728516 -0.081055 1310682751.853327
-0.241211 0.716797 -0.069336 1310682751.896332
-0.252930 0.669922 -0.069336 1310682751.919312
-0.230469 0.728516 -0.089844 1310682751.965381
-0.216797 0.708984 -0.047852 1310682751.986296
-0.231445 0.717773 -0.070312 1310682752.031312
-0.210938 0.720703 -0.061523 1310682752.053325
-0.205078 0.722656 -0.074219 1310682752.078350
-0.229492 0.704102 -0.089844 1310682752.099333
-0.212891 0.709961 -0.061523 1310682752.143378
-0.207031 0.705078 -0.058594 1310682752.175303
-0.250977 0.655273 -0.077148 1310682752.199474
-0.267578 0.723633 -0.049805 1310682752.245381
-0.238281 0.697266 -0.101562 1310682752.266389
-0.210938 0.708984 -0.101562 1310682752.309383
-0.223633 0.707031 -0.103516 1310682752.331379
-0.220703 0.750000 -0.099609 1310682752.375288
-0.226562 0.729492 -0.098633 1310682752.398322
-0.206055 0.726562 -0.114258 1310682752.435364
-0.190430 0.716797 -0.099609 1310682752.479404
-0.214844 0.720703 -0.097656 1310682752.480363
-0.214844 0.720703 -0.097656 1310682752.533312
-0.230469 0.712891 -0.094727 1310682752.569381
-0.207031 0.690430 -0.106445 1310682752.591337
-0.208984 0.740234 -0.085938 1310682752.618331
-0.221680 0.713867 -0.128906 1310682752.670343
-0.208008 0.713867 -0.128906 1310682752.694299
-0.180664 0.712891 -0.083984 1310682752.715336
-0.214844 0.733398 -0.103516 1310682752.759325
-0.251953 0.742188 -0.083984 1310682752.784331
-0.254883 0.724609 -0.072266 1310682752.828304
-0.250977 0.726562 -0.103516 1310682752.850306
-0.239258 0.726562 -0.103516 1310682752.871323
-0.268555 0.718750 -0.113281 1310682752.919318
-0.260742 0.730469 -0.090820 1310682752.941311
-0.262695 0.707031 -0.078125 1310682752.988293
-0.205078 0.702148 -0.077148 1310682753.009323
-0.221680 0.705078 -0.096680 1310682753.031333
-0.214844 0.718750 -0.096680 1310682753.077316
-0.246094 0.717773 -0.110352 1310682753.121321
-0.235352 0.728516 -0.109375 1310682753.144332
-0.222656 0.726562 -0.096680 1310682753.188331
-0.233398 0.691406 -0.174805 1310682753.208406
-0.237305 0.697266 -0.072266 1310682753.231328
-0.208008 0.709961 -0.179688 1310682753.275397
-0.229492 0.728516 -0.094727 1310682753.296377
-0.265625 0.701172 -0.116211 1310682753.340350
-0.222656 0.721680 -0.076172 1310682753.364340
-0.235352 0.677734 -0.079102 1310682753.413333
-0.242188 0.722656 -0.079102 1310682753.414326
-0.194336 0.704102 -0.073242 1310682753.484398
-0.247070 0.717773 -0.097656 1310682753.505331
-0.218750 0.710938 -0.068359 1310682753.529408
-0.233398 0.734375 -0.080078 1310682753.551368
-0.216797 0.726562 -0.096680 1310682753.595334
-0.225586 0.703125 -0.096680 1310682753.618336
-0.230469 0.745117 -0.065430 1310682753.661342
-0.221680 0.703125 -0.108398 1310682753.684402
-0.211914 0.725586 -0.067383 1310682753.730341
-0.232422 0.705078 -0.090820 1310682753.765358
-0.214844 0.729492 -0.090820 1310682753.786378
-0.214844 0.729492 -0.090820 1310682753.809378
-0.215820 0.667969 -0.102539 1310682753.876407
-0.226562 0.708984 -0.104492 1310682753.878365
-0.233398 0.724609 -0.098633 1310682753.956389
-0.226562 0.707031 -0.099609 1310682753.980407
-0.212891 0.692383 -0.038086 1310682753.981336
-0.236328 0.710938 -0.041016 1310682754.003320
-0.241211 0.732422 -0.105469 1310682754.054411
-0.213867 0.740234 -0.118164 1310682754.086394
-0.225586 0.705078 -0.080078 1310682754.110421
-0.223633 0.693359 -0.084961 1310682754.155378
-0.201172 0.698242 -0.111328 1310682754.178372
-0.206055 0.736328 -0.071289 1310682754.200385
-0.224609 0.700195 -0.078125 1310682754.245421
-0.239258 0.703125 -0.067383 1310682754.288395
-0.226562 0.742188 -0.061523 1310682754.313407
-0.229492 0.716797 -0.096680 1310682754.334344
-0.225586 0.732422 -0.096680 1310682754.356348
-0.225586 0.701172 -0.078125 1310682754.398412
-0.241211 0.722656 -0.035156 1310682754.423430
-0.255859 0.706055 -0.089844 1310682754.469396
-0.247070 0.691406 -0.061523 1310682754.493343
-0.218750 0.700195 -0.075195 1310682754.536375
-0.268555 0.734375 -0.045898 1310682754.558372
-0.018555 0.734375 -0.045898 1310682754.585428
-0.215820 0.707031 -0.030273 1310682754.639356
-0.209961 0.728516 -0.056641 1310682754.661381
-0.218750 0.705078 -0.048828 1310682754.686401
-0.212891 0.708984 -0.024414 1310682754.710369
-0.212891 0.708984 -0.024414 1310682754.754369
-0.240234 0.726562 -0.075195 1310682754.777366
-0.236328 0.716797 -0.050781 1310682754.821402
-0.246094 0.668945 -0.061523 1310682754.866415
-0.232422 0.736328 -0.051758 1310682754.889378
-0.250977 0.708984 -0.067383 1310682754.914397
-0.241211 0.688477 -0.067383 1310682754.938359
-0.221680 0.694336 -0.047852 1310682754.987424
-0.271484 0.728516 -0.051758 1310682755.010431
-0.233398 0.718750 -0.079102 1310682755.032434
-0.222656 0.708984 -0.044922 1310682755.076400
-0.233398 0.730469 -0.036133 1310682755.099383
-0.238281 0.693359 -0.042969 1310682755.152397
-0.231445 0.666992 -0.114258 1310682755.174406
-0.232422 0.739258 -0.061523 1310682755.197363
-0.258789 0.698242 -0.047852 1310682755.266367
-0.224609 0.722656 -0.024414 1310682755.267359
-0.215820 0.694336 -0.064453 1310682755.287375
-0.245117 0.725586 -0.068359 1310682755.331374
-0.245117 0.707031 -0.068359 1310682755.358445
-0.208984 0.701172 -0.056641 1310682755.402439
-0.219727 0.706055 -0.064453 1310682755.447367
-0.295898 0.724609 -0.056641 1310682755.470386
-0.227539 0.709961 -0.084961 1310682755.496438
-0.239258 0.695312 -0.072266 1310682755.539409
-0.225586 0.686523 -0.084961 1310682755.561410
-0.201172 0.722656 -0.051758 1310682755.586369
-0.178711 0.703125 -0.123047 1310682755.611406
-0.201172 0.738281 -0.056641 1310682755.662450
-0.223633 0.712891 -0.056641 1310682755.684372
-0.219727 0.720703 -0.071289 1310682755.728384
-0.228516 0.699219 -0.086914 1310682755.746400
-0.218750 0.723633 -0.085938 1310682755.776387
-0.243164 0.703125 -0.104492 1310682755.807432
-0.325195 0.717773 -0.101562 1310682755.860394
-0.325195 0.717773 -0.101562 1310682755.881377
-0.230469 0.712891 -0.069336 1310682755.906386
-0.250000 0.703125 -0.102539 1310682755.949447
-0.249023 0.718750 -0.056641 1310682755.970452
-0.220703 0.679688 -0.100586 1310682756.014417
-0.247070 0.719727 -0.078125 1310682756.036414
-0.232422 0.719727 -0.078125 1310682756.061461
-0.232422 0.719727 -0.078125 1310682756.107407
-0.225586 0.712891 -0.060547 1310682756.152424
-0.201172 0.716797 -0.083008 1310682756.174396
-0.249023 0.711914 -0.063477 1310682756.196441
-0.232422 0.727539 -0.096680 1310682756.239457
-0.231445 0.697266 -0.098633 1310682756.261391
-0.250977 0.739258 -0.065430 1310682756.309410
-0.250977 0.709961 -0.097656 1310682756.330454
-0.235352 0.713867 -0.076172 1310682756.356420
-0.263672 0.701172 -0.059570 1310682756.399410
-0.233398 0.707031 -0.059570 1310682756.420481
-0.277344 0.704102 -0.083008 1310682756.464385
-0.252930 0.698242 -0.042969 1310682756.500481
-0.216797 0.699219 -0.056641 1310682756.566405
-0.236328 0.700195 -0.086914 1310682756.567409
-0.239258 0.705078 -0.086914 1310682756.591399
-0.244141 0.733398 -0.086914 1310682756.612397
-0.228516 0.692383 -0.080078 1310682756.656392
-0.250977 0.707031 -0.058594 1310682756.679474
-0.209961 0.695312 -0.057617 1310682756.726473
-0.243164 0.708008 -0.080078 1310682756.747462
-0.227539 0.730469 -0.033203 1310682756.771480
-0.477539 0.730469 -0.033203 1310682756.807438
-0.253906 0.720703 -0.081055 1310682756.852417
-0.241211 0.725586 -0.061523 1310682756.875454
-0.247070 0.650391 -0.072266 1310682756.920427
-0.239258 0.720703 -0.063477 1310682756.944408
-0.242188 0.694336 -0.072266 1310682756.969434
-0.244141 0.690430 -0.072266 1310682757.017401
-0.269531 0.699219 -0.065430 1310682757.032472
-0.263672 0.738281 -0.073242 1310682757.077470
-0.237305 0.700195 -0.081055 1310682757.120473
-0.242188 0.711914 -0.056641 1310682757.141390
-0.254883 0.697266 -0.075195 1310682757.164409
-0.228516 0.688477 -0.024414 1310682757.206407
-0.253906 0.728516 -0.070312 1310682757.230389
-0.240234 0.707031 -0.055664 1310682757.276483
-0.239258 0.682617 -0.070312 1310682757.301424
-0.247070 0.727539 -0.061523 1310682757.322429
-0.194336 0.706055 -0.131836 1310682757.366418
-0.251953 0.716797 -0.048828 1310682757.411423
-0.253906 0.708008 -0.083008 1310682757.432398
-0.231445 0.737305 -0.041992 1310682757.476449
-0.218750 0.685547 -0.076172 1310682757.492404
-0.212891 0.718750 -0.051758 1310682757.515424
-0.235352 0.704102 -0.051758 1310682757.558420
-0.206055 0.706055 -0.091797 1310682757.582440
-0.294922 0.704102 -0.104492 1310682757.626419
-0.247070 0.703125 -0.077148 1310682757.649429
-0.226562 0.689453 -0.073242 1310682757.692427
-0.227539 0.710938 -0.102539 1310682757.715448
-0.250000 0.685547 -0.102539 1310682757.758427
-0.275391 0.708008 -0.102539 1310682757.835460
-0.240234 0.726562 -0.105469 1310682757.850421
-0.246094 0.716797 -0.072266 1310682757.851390
-0.219727 0.716797 -0.075195 1310682757.889439
-0.238281 0.707031 -0.062500 1310682757.910429
-0.238281 0.707031 -0.062500 1310682757.932417
-0.200195 0.704102 -0.079102 1310682757.976424
-0.230469 0.687500 -0.053711 1310682757.999420
-0.217773 0.733398 -0.080078 1310682758.045451
-0.245117 0.751953 -0.050781 1310682758.070447
-0.260742 0.669922 -0.056641 1310682758.092415
-0.231445 0.708008 -0.056641 1310682758.137498
-0.223633 0.684570 -0.052734 1310682758.182423
-0.245117 0.715820 -0.105469 1310682758.205433
-0.226562 0.724609 -0.075195 1310682758.230446
-0.300781 0.716797 -0.090820 1310682758.275281
-0.286133 0.707031 -0.055664 1310682758.287431
