-0.075195 0.753906 -0.029297 1310510091.598131
-0.122070 0.761719 -0.037109 1310510091.620199
-0.066406 0.730469 -0.041016 1310510091.643151
-0.091797 0.730469 -0.021484 1310510091.686124
-0.130859 0.754883 -0.048828 1310510091.709115
-0.080078 0.769531 -0.048828 1310510091.756130
-0.080078 0.769531 -0.048828 1310510091.778160
-0.083984 0.699219 -0.032227 1310510091.823167
-0.047852 0.727539 0.006836 1310510091.843199
-0.084961 0.769531 -0.045898 1310510091.906123
-0.102539 0.739258 -0.041992 1310510091.908154
-0.115234 0.740234 -0.031250 1310510091.949129
-0.094727 0.725586 -0.008789 1310510091.958132
-0.102539 0.730469 -0.044922 1310510092.014205
-0.139648 0.755859 -0.054688 1310510092.038205
-0.102539 0.728516 -0.040039 1310510092.084143
-0.079102 0.779297 -0.058594 1310510092.104206
-0.067383 0.727539 -0.068359 1310510092.126142
-0.057617 0.731445 -0.052734 1310510092.195209
-0.041992 0.737305 -0.016602 1310510092.216104
-0.072266 0.738281 -0.058594 1310510092.238210
-0.081055 0.759766 -0.056641 1310510092.281124
-0.089844 0.780273 -0.031250 1310510092.304112
-0.068359 0.724609 -0.065430 1310510092.326157
-0.085938 0.746094 -0.065430 1310510092.351208
-0.102539 0.719727 -0.046875 1310510092.396128
-0.145508 0.730469 -0.041992 1310510092.420210
-0.104492 0.765625 -0.069336 1310510092.464144
-0.058594 0.777344 -0.062500 1310510092.485125
-0.106445 0.735352 -0.080078 1310510092.508183
-0.097656 0.721680 -0.080078 1310510092.552170
-0.110352 0.722656 -0.089844 1310510092.599203
-0.120117 0.737305 -0.032227 1310510092.623168
-0.105469 0.740234 -0.075195 1310510092.639210
-0.084961 0.732422 -0.075195 1310510092.679138
-0.119141 0.712891 -0.072266 1310510092.719182
-0.071289 0.731445 -0.068359 1310510092.739133
-0.061523 0.752930 -0.072266 1310510092.783214
-0.068359 0.731445 -0.067383 1310510092.805213
-0.052734 0.726562 -0.073242 1310510092.853145
-0.078125 0.730469 -0.083008 1310510092.870161
-0.078125 0.730469 -0.083008 1310510092.894220
-0.123047 0.722656 -0.071289 1310510092.939118
-0.093750 0.749023 -0.053711 1310510092.969196
-0.078125 0.692383 -0.051758 1310510093.011221
-0.069336 0.702148 -0.029297 1310510093.040228
-0.056641 0.702148 -0.029297 1310510093.069225
-0.076172 0.722656 -0.106445 1310510093.104192
-0.097656 0.791992 -0.081055 1310510093.136161
-0.094727 0.752930 -0.130859 1310510093.175232
-0.094727 0.776367 -0.110352 1310510093.189170
-0.090820 0.723633 -0.114258 1310510093.236230
-0.092773 0.723633 -0.114258 1310510093.258195
-0.118164 0.743164 -0.133789 1310510093.305221
-0.088867 0.738281 -0.097656 1310510093.326176
-0.105469 0.749023 -0.152344 1310510093.353225
-0.079102 0.740234 -0.103516 1310510093.394152
-0.078125 0.725586 -0.107422 1310510093.415228
-0.090820 0.734375 -0.072266 1310510093.460227
-0.110352 0.728516 -0.068359 1310510093.504229
-0.125000 0.746094 -0.080078 1310510093.525179
-0.158203 0.732422 -0.085938 1310510093.548153
-0.098633 0.732422 -0.095703 1310510093.591171
-0.112305 0.684570 -0.150391 1310510093.613238
-0.112305 0.684570 -0.150391 1310510093.659210
-0.119141 0.759766 -0.122070 1310510093.683239
-0.099609 0.742188 -0.143555 1310510093.710235
-0.069336 0.755859 -0.119141 1310510093.738160
-0.092773 0.735352 -0.110352 1310510093.776187
-0.114258 0.704102 -0.110352 1310510093.819194
-0.114258 0.704102 -0.110352 1310510093.841251
-0.147461 0.740234 -0.125000 1310510093.865150
-0.144531 0.728516 -0.115234 1310510093.902447
-0.130859 0.745117 -0.114258 1310510094.000250
-0.097656 0.648438 -0.081055 1310510094.001186
-0.112305 0.898438 -0.081055 1310510094.015215
-0.239258 0.667969 -0.090820 1310510094.038205
-0.103516 0.762695 -0.150391 1310510094.061198
-0.054688 0.755859 -0.124023 1310510094.094148
-0.079102 0.703125 -0.107422 1310510094.136150
-0.148438 0.761719 -0.117188 1310510094.166168
-0.148438 0.761719 -0.117188 1310510094.189160
-0.149414 0.724609 -0.074219 1310510094.248201
-0.130859 0.695312 -0.098633 1310510094.270250
-0.126953 0.756836 -0.065430 1310510094.291220
-0.166992 0.726562 -0.073242 1310510094.335243
-0.125000 0.722656 -0.065430 1310510094.356232
-0.092773 0.748047 -0.099609 1310510094.379169
-0.097656 0.721680 -0.083008 1310510094.424192
-0.086914 0.729492 -0.059570 1310510094.465210
-0.096680 0.732422 -0.070312 1310510094.486189
-0.098633 0.730469 -0.096680 1310510094.511258
-0.125977 0.756836 -0.117188 1310510094.553342
-0.087891 0.751953 -0.086914 1310510094.595197
-0.141602 0.724609 -0.077148 1310510094.641204
-0.089844 0.740234 -0.090820 1310510094.649258
-0.096680 0.744141 -0.090820 1310510094.673181
-0.111328 0.734375 -0.098633 1310510094.719258
-0.082031 0.732422 -0.093750 1310510094.743203
-0.094727 0.748047 -0.129883 1310510094.765185
-0.094727 0.748047 -0.129883 1310510094.809189
-0.130859 0.744141 -0.076172 1310510094.834210
-0.109375 0.749023 -0.059570 1310510094.876255
-0.123047 0.695312 -0.062500 1310510094.900206
-0.067383 0.718750 -0.038086 1310510094.953173
-0.123047 0.734375 -0.052734 1310510094.975207
-0.067383 0.748047 -0.051758 1310510094.998210
-0.112305 0.745117 -0.115234 1310510095.040192
-0.097656 0.750000 -0.087891 1310510095.076264
-0.054688 0.770508 -0.071289 1310510095.098208
-0.054688 0.770508 -0.071289 1310510095.120274
-0.077148 0.746094 -0.077148 1310510095.164209
-0.097656 0.726562 -0.122070 1310510095.189272
-0.072266 0.753906 -0.089844 1310510095.258277
-0.069336 0.728516 -0.146484 1310510095.296184
-0.140625 0.716797 -0.141602 1310510095.298173
-0.189453 0.693359 -0.141602 1310510095.318475
-0.158203 0.771484 -0.025391 1310510095.361250
-0.139648 0.753906 -0.182617 1310510095.406219
-0.091797 0.720703 -0.126953 1310510095.429244
-0.095703 0.719727 -0.110352 1310510095.451268
-0.117188 0.764648 -0.165039 1310510095.474272
-0.093750 0.775391 -0.095703 1310510095.519265
-0.039062 0.772461 -0.159180 1310510095.550190
-0.144531 0.750977 -0.154297 1310510095.573270
-0.223633 0.737305 -0.200195 1310510095.616160
-0.193359 0.744141 -0.172852 1310510095.641255
-0.196289 0.738281 -0.157227 1310510095.664201
-0.180664 0.746094 -0.178711 1310510095.729221
-0.106445 0.678711 -0.120117 1310510095.751230
-0.199219 0.796875 -0.123047 1310510095.794194
-0.196289 0.705078 -0.192383 1310510095.816181
-0.069336 0.722656 -0.139648 1310510095.840275
-0.058594 0.690430 -0.139648 1310510095.871221
-0.094727 0.753906 -0.118164 1310510095.898228
-0.146484 0.705078 -0.129883 1310510095.945216
-0.130859 0.727539 -0.113281 1310510095.968239
-0.156250 0.728516 -0.102539 1310510096.011194
-0.125977 0.750000 -0.121094 1310510096.033270
-0.147461 0.755859 -0.121094 1310510096.054196
-0.144531 0.730469 -0.146484 1310510096.100197
-0.118164 0.744141 -0.111328 1310510096.136209
-0.102539 0.731445 -0.068359 1310510096.180281
-0.163086 0.673828 -0.039062 1310510096.203283
-0.107422 0.742188 -0.095703 1310510096.224202
-0.107422 0.742188 -0.095703 1310510096.245196
-0.121094 0.757812 -0.133789 1310510096.291233
-0.123047 0.738281 -0.150391 1310510096.321289
-0.116211 0.753906 -0.086914 1310510096.369213
-0.120117 0.730469 -0.095703 1310510096.390185
-0.120117 0.713867 -0.075195 1310510096.415243
-0.111328 0.728516 -0.093750 1310510096.460259
-0.095703 0.728516 -0.113281 1310510096.481285
-0.086914 0.668945 -0.091797 1310510096.580305
-0.090820 0.715820 -0.140625 1310510096.621287
-0.121094 0.740234 -0.086914 1310510096.645298
-0.141602 0.743164 -0.088867 1310510096.666250
-0.123047 0.726562 -0.094727 1310510096.668249
-0.080078 0.722656 -0.091797 1310510096.686267
-0.126953 0.741211 -0.052734 1310510096.709193
-0.105469 0.730469 -0.077148 1310510096.755249
-0.138672 0.728516 -0.099609 1310510096.776207
-0.158203 0.760742 -0.099609 1310510096.801227
-0.133789 0.728516 -0.125977 1310510096.839310
-0.125000 0.671875 -0.088867 1310510096.884300
-0.140625 0.734375 -0.074219 1310510096.918259
-0.162109 0.724609 -0.127930 1310510096.939311
-0.155273 0.736328 -0.085938 1310510096.983224
-0.149414 0.733398 -0.116211 1310510097.000239
-0.130859 0.707031 -0.103516 1310510097.044303
-0.122070 0.715820 -0.072266 1310510097.069287
-0.132812 0.726562 -0.059570 1310510097.090300
-0.173828 0.748047 -0.087891 1310510097.136203
-0.124023 0.785156 -0.142578 1310510097.151229
-0.124023 0.785156 -0.142578 1310510097.195243
-0.100586 0.733398 -0.126953 1310510097.219208
-0.115234 0.772461 -0.119141 1310510097.263316
-0.083008 0.736328 -0.154297 1310510097.285303
-0.129883 0.733398 -0.139648 1310510097.329305
-0.126953 0.757812 -0.122070 1310510097.353291
-0.111328 0.703125 -0.134766 1310510097.375256
-0.126953 0.728516 -0.134766 1310510097.419256
-0.151367 0.737305 -0.137695 1310510097.463301
-0.131836 0.746094 -0.138672 1310510097.484270
-0.128906 0.742188 -0.147461 1310510097.510280
-0.141602 0.697266 -0.143555 1310510097.559218
-0.112305 0.734375 -0.143555 1310510097.582316
-0.186523 0.730469 -0.122070 1310510097.621223
-0.179688 0.723633 -0.107422 1310510097.656240
-0.161133 0.721680 -0.133789 1310510097.679310
-0.120117 0.734375 -0.076172 1310510097.721221
-0.094727 0.703125 -0.107422 1310510097.744223
-0.129883 0.755859 -0.103516 1310510097.768264
-0.109375 0.746094 -0.096680 1310510097.824245
-0.076172 0.704102 -0.208008 1310510097.870313
-0.110352 0.765625 -0.172852 1310510097.871304
-0.078125 0.711914 -0.059570 1310510097.909254
-0.133789 0.759766 -0.059570 1310510097.932346
-0.137695 0.750000 -0.109375 1310510097.969282
-0.126953 0.740234 -0.112305 1310510097.991332
-0.075195 0.718750 -0.078125 1310510098.036237
-0.102539 0.725586 -0.023438 1310510098.059231
-0.088867 0.722656 -0.032227 1310510098.103270
-0.126953 0.729492 -0.032227 1310510098.124239
-0.108398 0.749023 -0.048828 1310510098.168247
-0.100586 0.704102 -0.055664 1310510098.189319
-0.081055 0.733398 -0.045898 1310510098.231311
-0.089844 0.759766 -0.035156 1310510098.268405
-0.120117 0.748047 -0.102539 1310510098.298289
-0.132812 0.713867 -0.059570 1310510098.321329
-0.126953 0.963867 -0.059570 1310510098.343333
-0.125977 0.763672 -0.088867 1310510098.388263
-0.122070 0.693359 -0.079102 1310510098.410274
-0.079102 0.724609 -0.067383 1310510098.443240
-0.084961 0.720703 -0.070312 1310510098.488238
-0.084961 0.720703 -0.070312 1310510098.511254
-0.148438 0.760742 -0.072266 1310510098.554282
-0.166016 0.744141 -0.085938 1310510098.575291
-0.140625 0.787109 -0.116211 1310510098.620330
-0.120117 0.726562 -0.059570 1310510098.646282
-0.091797 0.713867 -0.054688 1310510098.669257
-0.106445 0.689453 -0.075195 1310510098.714296
-0.070312 0.749023 -0.086914 1310510098.738377
-0.089844 0.734375 -0.094727 1310510098.781332
-0.113281 0.720703 -0.054688 1310510098.804298
-0.097656 0.720703 -0.073242 1310510098.846241
-0.124023 0.720703 -0.090820 1310510098.868345
-0.172852 0.778320 -0.066406 1310510098.916343
-0.148438 0.743164 -0.144531 1310510098.938309
-0.131836 0.726562 -0.072266 1310510098.959335
-0.175781 0.728516 -0.121094 1310510099.046273
-0.114258 0.730469 -0.094727 1310510099.160293
-0.098633 0.757812 -0.054688 1310510099.161338
-0.090820 0.720703 -0.105469 1310510099.194368
-0.071289 0.711914 -0.070312 1310510099.215275
-0.086914 0.737305 -0.091797 1310510099.216272
-0.100586 0.775391 -0.121094 1310510099.239257
-0.094727 0.728516 -0.140625 1310510099.246259
-0.094727 0.728516 -0.140625 1310510099.259264
-0.104492 0.738281 -0.061523 1310510099.305267
-0.132812 0.728516 -0.078125 1310510099.328313
-0.075195 0.717773 -0.097656 1310510099.370340
-0.004883 0.645508 0.018555 1310510099.393253
-0.100586 0.753906 -0.172852 1310510099.417270
-0.179688 0.666016 -0.422852 1310510099.439355
-0.084961 0.810547 -0.094727 1310510099.484274
-0.103516 0.653320 -0.004883 1310510099.520337
-0.139648 0.763672 -0.125000 1310510099.546312
-0.148438 0.745117 -0.114258 1310510099.571280
-0.106445 0.750977 -0.088867 1310510099.615269
-0.096680 0.734375 -0.034180 1310510099.660303
-0.081055 0.748047 -0.037109 1310510099.681339
-0.079102 0.720703 -0.034180 1310510099.708298
-0.135742 0.708984 -0.040039 1310510099.750295
-0.115234 0.749023 -0.076172 1310510099.773341
-0.085938 0.772461 -0.063477 1310510099.795286
-0.086914 0.759766 -0.054688 1310510099.864310
-0.110352 0.748047 -0.049805 1310510099.888317
-0.072266 0.699219 -0.055664 1310510099.931329
-0.055664 0.720703 -0.014648 1310510099.978324
-0.043945 0.739258 -0.027344 1310510099.979347
-0.054688 0.760742 -0.082031 1310510099.996352
-0.085938 0.748047 -0.078125 1310510100.020255
-0.054688 0.730469 -0.016602 1310510100.121360
-0.083008 0.727539 -0.050781 1310510100.123357
-0.076172 0.718750 -0.049805 1310510100.140290
-0.103516 0.752930 -0.015625 1310510100.165302
-0.157227 0.764648 -0.056641 1310510100.188370
-0.131836 0.760742 -0.113281 1310510100.253290
-0.123047 0.765625 -0.082031 1310510100.274309
-0.085938 0.771484 -0.054688 1310510100.310310
-0.102539 0.742188 -0.098633 1310510100.344317
-0.089844 0.700195 -0.080078 1310510100.348305
-0.089844 0.700195 -0.080078 1310510100.368362
-0.105469 0.750977 -0.106445 1310510100.464263
-0.120117 0.764648 -0.107422 1310510100.466304
-0.161133 0.732422 -0.093750 1310510100.510289
-0.118164 0.699219 -0.094727 1310510100.521283
-0.147461 0.759766 -0.115234 1310510100.545285
-0.125977 0.741211 -0.115234 1310510100.568311
-0.144531 0.715820 -0.064453 1310510100.619340
-0.103516 0.740234 -0.072266 1310510100.644295
-0.096680 0.739258 -0.037109 1310510100.685273
-0.141602 0.740234 -0.058594 1310510100.740380
-0.153320 0.718750 -0.058594 1310510100.742384
-0.107422 0.738281 -0.045898 1310510100.776278
-0.181641 0.759766 -0.040039 1310510100.818391
-0.163086 0.747070 -0.111328 1310510100.863281
-0.125977 0.745117 -0.102539 1310510100.881273
-0.133789 0.757812 -0.090820 1310510100.905272
-0.154297 0.716797 -0.070312 1310510100.928259
-0.118164 0.763672 -0.076172 1310510100.973254
-0.072266 0.759766 -0.097656 1310510100.995349
-0.103516 0.724609 -0.096680 1310510101.040317
-0.122070 0.785156 -0.061523 1310510101.063288
