-0.241211 0.615234 0.295898 1309542572.014340
-0.270508 0.626953 0.316406 1309542572.045315
-0.291992 0.626953 0.316406 1309542572.067331
-0.261719 0.604492 0.287109 1309542572.111353
-0.307617 0.646484 0.288086 1309542572.136314
-0.290039 0.588867 0.277344 1309542572.182371
-0.233398 0.658203 0.265625 1309542572.205371
-0.278320 0.636719 0.252930 1309542572.227379
-0.295898 0.625000 0.250000 1309542572.272369
-0.312500 0.670898 0.229492 1309542572.315400
-0.327148 0.634766 0.200195 1309542572.337751
-0.317383 0.626953 0.163086 1309542572.381381
-0.248047 0.565430 0.138672 1309542572.404374
-0.221680 0.456055 0.055664 1309542572.426376
-0.221680 0.456055 0.055664 1309542572.449373
-0.232422 0.403320 0.205078 1309542572.525373
-0.205078 0.491211 0.181641 1309542572.551375
-0.259766 0.450195 0.223633 1309542572.552372
-0.087891 0.417969 0.295898 1309542572.596364
-0.199219 0.499023 0.295898 1309542572.619328
-0.194336 0.384766 0.309570 1309542572.660333
-0.286133 0.539062 0.245117 1309542572.684354
-0.384766 0.542969 0.242188 1309542572.729325
-0.339844 0.634766 0.293945 1309542572.751396
-0.310547 0.692383 0.273438 1309542572.776383
-0.368164 0.716797 0.277344 1309542572.820381
-0.324219 0.689453 0.355469 1309542572.862387
-0.258789 0.652344 0.359375 1309542572.886389
-0.198242 0.625000 0.327148 1309542572.922334
-0.256836 0.718750 0.381836 1309542572.946331
-0.197266 0.679688 0.363281 1309542572.971336
-0.196289 0.757812 0.344727 1309542573.147348
-0.191406 1.048828 0.496094 1309542573.170398
-0.254883 1.085938 0.536133 1309542573.171386
-0.140625 0.809570 0.445312 1309542573.209368
0.010742 0.658203 0.459961 1309542573.215394
-0.003906 0.491211 0.479492 1309542573.279402
-0.034180 0.504883 0.469727 1309542573.280386
-0.001953 0.572266 0.469727 1309542573.282385
-0.055664 0.605469 0.429688 1309542573.307462
0.014648 0.576172 0.483398 1309542573.309386
0.016602 0.554688 0.491211 1309542573.331399
0.068359 0.581055 0.555664 1309542573.369407
0.012695 0.554688 0.516602 1309542573.400391
-0.021484 0.492188 0.476562 1309542573.444395
-0.028320 0.507812 0.443359 1309542573.466391
-0.099609 0.510742 0.464844 1309542573.510397
-0.001953 0.511719 0.495117 1309542573.531413
-0.005859 0.507812 0.495117 1309542573.580365
-0.002930 0.514648 0.489258 1309542573.624368
-0.024414 0.494141 0.520508 1309542573.625341
-0.043945 0.486328 0.495117 1309542573.669345
-0.055664 0.488281 0.513672 1309542573.691342
-0.041016 0.513672 0.511719 1309542573.715384
-0.008789 0.538086 0.500000 1309542573.736399
0.010742 0.510742 0.519531 1309542573.827401
-0.001953 0.491211 0.547852 1309542573.829396
0.004883 0.536133 0.520508 1309542573.849398
0.048828 0.535156 0.516602 1309542573.894354
-0.013672 0.507812 0.472656 1309542573.916358
0.019531 0.507812 0.472656 1309542573.939413
0.010742 0.491211 0.530273 1309542573.986352
-0.004883 0.523438 0.541992 1309542574.007358
0.037109 0.507812 0.548828 1309542574.032401
-0.043945 0.507812 0.512695 1309542574.080352
0.005859 0.504883 0.536133 1309542574.101354
0.011719 0.254883 0.536133 1309542574.124395
-0.017578 0.505859 0.520508 1309542574.169396
0.025391 0.505859 0.483398 1309542574.196406
0.037109 0.488281 0.536133 1309542574.242410
0.022461 0.490234 0.515625 1309542574.265408
