-0.235352 0.695312 -0.116211 1310680005.965902
-0.235352 0.683594 -0.113281 1310680005.987952
-0.235352 0.616211 -0.097656 1310680006.038871
-0.223633 0.556641 -0.173828 1310680006.059914
-0.193359 0.503906 -0.115234 1310680006.083853
-0.239258 0.350586 -0.115234 1310680006.105869
-0.199219 0.317383 -0.041016 1310680006.157958
-0.199219 0.317383 -0.041016 1310680006.179961
-0.054688 0.620117 -0.052734 1310680006.225909
-0.219727 0.669922 0.017578 1310680006.248906
-0.148438 0.931641 0.040039 1310680006.272891
-0.170898 1.093750 0.048828 1310680006.309892
-0.292969 1.093750 0.048828 1310680006.357966
-0.332031 1.636719 0.057617 1310680006.418891
-0.434570 1.770508 0.045898 1310680006.419889
-0.488281 1.816406 -0.069336 1310680006.430963
-0.440430 1.828125 -0.176758 1310680006.482887
-0.297852 1.205078 -0.186523 1310680006.505968
-0.124023 0.328125 -0.177734 1310680006.528945
-0.084961 -0.252930 -0.100586 1310680006.574968
-0.057617 -0.423828 -0.250000 1310680006.610919
-0.183594 -0.185547 -0.276367 1310680006.633965
-0.192383 -0.092773 -0.321289 1310680006.655899
-0.112305 -0.181641 -0.255859 1310680006.702925
0.001953 -0.181641 -0.179688 1310680006.725968
-0.002930 -0.208984 -0.133789 1310680006.772967
-0.077148 -0.107422 -0.115234 1310680006.794969
-0.310547 0.337891 -0.133789 1310680006.838870
-0.329102 0.889648 -0.135742 1310680006.865891
-0.329102 0.889648 -0.135742 1310680006.900872
-0.209961 1.865234 -0.157227 1310680006.973882
-0.405273 1.977539 0.092773 1310680007.013896
-0.158203 1.981445 0.142578 1310680007.018878
-0.341797 1.979492 0.024414 1310680007.020872
-0.392578 1.975586 -0.284180 1310680007.059916
-0.291992 1.374023 -0.281250 1310680007.080975
-0.270508 0.425781 -0.297852 1310680007.125980
-0.167969 -0.180664 -0.251953 1310680007.147978
-0.062500 -0.523438 -0.156250 1310680007.189864
-0.124023 -0.330078 -0.216797 1310680007.210907
-0.054688 -0.330078 -0.216797 1310680007.232989
-0.121094 -0.097656 -0.370117 1310680007.276915
-0.083984 -0.114258 -0.260742 1310680007.327982
-0.024414 -0.257812 -0.115234 1310680007.352992
-0.145508 -0.078125 -0.182617 1310680007.380993
-0.399414 0.400391 -0.196289 1310680007.424903
-0.488281 1.088867 -0.196289 1310680007.426899
-0.208984 1.982422 -0.151367 1310680007.483925
-0.385742 1.792969 0.107422 1310680007.504914
-0.238281 1.983398 -0.018555 1310680007.528925
-0.596680 1.979492 -0.243164 1310680007.627953
-0.499023 1.944336 -0.097656 1310680007.628991
-0.191406 1.123047 -0.323242 1310680007.688964
-0.264648 0.306641 -0.353516 1310680007.689981
-0.140625 -0.248047 -0.159180 1310680007.690980
0.006836 -0.484375 -0.204102 1310680007.737987
-0.021484 -0.349609 -0.166016 1310680007.759998
-0.049805 -0.089844 -0.286133 1310680007.785915
-0.156250 -0.074219 -0.331055 1310680007.828986
-0.135742 -0.148438 -0.191406 1310680007.870935
-0.181641 -0.262695 -0.231445 1310680007.892929
-0.246094 -0.041016 -0.142578 1310680007.937995
-0.472656 0.584961 -0.037109 1310680007.958992
-0.134766 1.488281 0.066406 1310680007.981016
0.075195 1.894531 -0.227539 1310680008.025996
-0.471680 1.765625 0.043945 1310680008.068965
-0.591797 1.980469 0.090820 1310680008.092956
-0.473633 1.982422 0.037109 1310680008.152997
-0.200195 1.980469 -0.066406 1310680008.157922
-0.410156 1.422852 -0.255859 1310680008.179000
-0.324219 0.369141 -0.289062 1310680008.217941
0.028320 -0.314453 -0.276367 1310680008.262970
0.057617 -0.559570 -0.211914 1310680008.284994
-0.146484 -0.253906 -0.274414 1310680008.307990
-0.195312 -0.073242 -0.284180 1310680008.331010
-0.195312 -0.073242 -0.284180 1310680008.361003
-0.043945 -0.181641 -0.169922 1310680008.424967
0.028320 -0.186523 -0.104492 1310680008.449934
-0.095703 -0.260742 -0.132812 1310680008.470012
-0.226562 0.020508 -0.094727 1310680008.495016
-0.655273 0.628906 -0.187500 1310680008.565935
-0.655273 0.628906 -0.187500 1310680008.589018
0.182617 1.980469 -0.140625 1310680008.609006
-0.168945 1.982422 0.314453 1310680008.653006
-0.274414 1.978516 -0.107422 1310680008.673903
-0.584961 1.859375 -0.092773 1310680008.702929
-0.356445 1.123047 -0.409180 1310680008.723929
-0.303711 0.208984 -0.280273 1310680008.767933
-0.035156 -0.344727 -0.154297 1310680008.789923
-0.006836 -0.444336 -0.177734 1310680008.834961
-0.125000 -0.244141 -0.193359 1310680008.855918
-0.187500 -0.046875 -0.246094 1310680008.968931
-0.071289 -0.133789 -0.257812 1310680008.970941
-0.028320 -0.210938 -0.114258 1310680008.990902
-0.191406 -0.139648 -0.168945 1310680009.009910
-0.466797 0.372070 -0.122070 1310680009.010901
-0.474609 1.027344 -0.284180 1310680009.055945
-0.019531 1.670898 0.224609 1310680009.160999
-0.576172 1.980469 -0.398438 1310680009.166013
-0.135742 1.230469 -0.398438 1310680009.183027
-0.049805 1.415039 0.125000 1310680009.221029
-0.062500 1.285156 0.005859 1310680009.223974
-0.129883 0.871094 0.067383 1310680009.249011
-0.208008 0.632812 -0.056641 1310680009.297926
-0.149414 0.632812 -0.056641 1310680009.298898
-0.217773 0.393555 -0.151367 1310680009.349017
-0.184570 0.342773 -0.164062 1310680009.386013
-0.254883 0.336914 -0.158203 1310680009.406017
-0.257812 0.528320 -0.205078 1310680009.428997
-0.293945 0.638672 -0.155273 1310680009.474028
-0.291992 0.822266 -0.099609 1310680009.518960
-0.302734 0.695312 -0.080078 1310680009.540025
-0.313477 0.667969 -0.051758 1310680009.562970
-0.330078 0.746094 -0.122070 1310680009.608997
-0.312500 0.750000 -0.083008 1310680009.673040
-0.233398 0.689453 -0.064453 1310680009.674021
-0.268555 0.659180 -0.050781 1310680009.705016
-0.277344 0.696289 -0.091797 1310680009.784964
-0.289062 0.708008 -0.063477 1310680009.804995
-0.289062 0.701172 -0.083984 1310680009.808005
