-0.257812 0.611328 0.226562 1311188870.905889
-0.177734 0.628906 0.322266 1311188870.947895
-0.158203 0.691406 0.318359 1311188870.968872
-0.208984 0.618164 0.292969 1311188870.991879
-0.223633 0.618164 0.292969 1311188871.013878
-0.285156 0.574219 0.373047 1311188871.058896
-0.194336 0.552734 0.338867 1311188871.108894
-0.239258 0.535156 0.329102 1311188871.130897
-0.291992 0.625000 0.340820 1311188871.152882
-0.402344 0.588867 0.304688 1311188871.195885
-0.413086 0.558594 0.212891 1311188871.218901
-0.399414 0.542969 0.244141 1311188871.261882
-0.372070 0.562500 0.245117 1311188871.283901
-0.383789 0.634766 0.243164 1311188871.326974
-0.448242 0.643555 0.179688 1311188871.348881
-0.336914 0.626953 0.160156 1311188871.370877
-0.336914 0.651367 0.183594 1311188871.415881
-0.323242 0.651367 0.183594 1311188871.442881
-0.353516 0.570312 0.115234 1311188871.486904
-0.508789 0.524414 0.087891 1311188871.507906
-0.527344 0.542969 0.115234 1311188871.551890
-0.529297 0.589844 0.125000 1311188871.573878
-0.459961 0.454102 0.125000 1311188871.617907
-0.379883 0.450195 0.215820 1311188871.653909
-0.414062 0.505859 0.172852 1311188871.675904
-0.499023 0.488281 0.168945 1311188871.733902
-0.559570 0.529297 0.235352 1311188871.735892
-0.445312 0.583008 0.218750 1311188871.756879
-0.367188 0.583008 0.218750 1311188871.802889
-0.335938 0.599609 0.289062 1311188871.846898
-0.251953 0.603516 0.253906 1311188871.867883
-0.314453 0.623047 0.188477 1311188871.890881
-0.284180 0.669922 0.135742 1311188871.933010
-0.294922 0.649414 0.181641 1311188871.956912
-0.267578 0.742188 0.046875 1311188872.003892
-0.293945 0.758789 0.041016 1311188872.028899
-0.279297 0.679688 -0.072266 1311188872.073994
-0.329102 0.590820 -0.216797 1311188872.096919
-0.264648 0.687500 -0.250977 1311188872.117913
-0.264648 0.687500 -0.250977 1311188872.160898
-0.351562 0.749023 -0.473633 1311188872.185893
-0.356445 0.751953 -0.515625 1311188872.230932
-0.403320 0.751953 -0.541016 1311188872.252917
-0.171875 0.876953 -0.539062 1311188872.298926
-0.042969 0.997070 -0.467773 1311188872.326922
-0.129883 0.997070 -0.467773 1311188872.335921
-0.152344 0.619141 -0.180664 1311188872.426914
-0.291992 0.491211 -0.128906 1311188872.447899
-0.361328 0.473633 0.038086 1311188872.448890
0.163086 1.342773 -0.095703 1311188872.471921
-0.536133 0.137695 -0.330078 1311188872.515899
-0.641602 0.535156 -0.006836 1311188872.545901
-0.229492 0.750000 -0.227539 1311188872.568908
-0.366211 0.842773 -0.086914 1311188872.611901
-0.286133 0.797852 -0.091797 1311188872.637899
-0.329102 0.792969 -0.086914 1311188872.682924
-0.375000 0.771484 -0.098633 1311188872.705898
-0.432617 0.677734 -0.222656 1311188872.750921
-0.500000 0.710938 -0.255859 1311188872.771893
-0.488281 0.617188 -0.238281 1311188872.800931
-0.487305 0.628906 -0.261719 1311188872.852915
-0.457031 0.511719 -0.267578 1311188872.871908
-0.499023 0.570312 -0.241211 1311188872.938927
-0.510742 0.570312 -0.301758 1311188872.941129
-0.477539 0.608398 -0.283203 1311188872.977934
-0.516602 0.623047 -0.281250 1311188873.005906
-0.491211 0.658203 -0.299805 1311188873.028924
-0.431641 0.611328 -0.272461 1311188873.057905
-0.461914 0.611328 -0.272461 1311188873.078908
-0.458984 0.562500 -0.268555 1311188873.128917
-0.501953 0.630859 -0.244141 1311188873.150909
-0.421875 0.635742 -0.291992 1311188873.198907
-0.400391 0.618164 -0.258789 1311188873.232912
-0.427734 0.611328 -0.246094 1311188873.242912
-0.458984 0.609375 -0.235352 1311188873.289927
-0.444336 0.625000 -0.252930 1311188873.362939
-0.458008 0.610352 -0.257812 1311188873.365913
-0.478516 0.649414 -0.233398 1311188873.385925
-0.445312 0.616211 -0.264648 1311188873.457943
-0.464844 0.625000 -0.260742 1311188873.458909
-0.440430 0.576172 -0.226562 1311188873.482921
-0.435547 0.631836 -0.262695 1311188873.523925
-0.442383 0.617188 -0.254883 1311188873.566925
-0.423828 0.617188 -0.234375 1311188873.583920
-0.437500 0.630859 -0.213867 1311188873.596946
-0.416016 0.623047 -0.220703 1311188873.628925
-0.458008 0.625000 -0.219727 1311188873.672950
-0.474609 0.635742 -0.230469 1311188873.695947
-0.443359 0.604492 -0.226562 1311188873.737934
-0.458984 0.624023 -0.186523 1311188873.785920
-0.437500 0.588867 -0.200195 1311188873.811950
