-0.104492 0.643555 0.302734 1309983003.944910
-0.122070 0.649414 0.305664 1309983003.987952
-0.097656 0.653320 0.320312 1309983004.009918
-0.148438 0.648438 0.273438 1309983004.042917
-0.144531 0.589844 0.245117 1309983004.065966
-0.153320 0.638672 0.242188 1309983004.112004
-0.172852 0.634766 0.260742 1309983004.134922
-0.150391 0.647461 0.253906 1309983004.155935
-0.126953 0.647461 0.253906 1309983004.197914
-0.175781 0.617188 0.241211 1309983004.234998
-0.169922 0.646484 0.184570 1309983004.278002
-0.167969 0.616211 0.212891 1309983004.301997
-0.207031 0.614258 0.190430 1309983004.324968
-0.179688 0.585938 0.189453 1309983004.349964
-0.179688 0.585938 0.189453 1309983004.394938
-0.160156 0.621094 0.159180 1309983004.439937
-0.261719 0.612305 0.161133 1309983004.461000
-0.204102 0.544922 0.209961 1309983004.483008
-0.201172 0.535156 0.231445 1309983004.527947
-0.242188 0.552734 0.221680 1309983004.550000
-0.243164 0.568359 0.221680 1309983004.573959
-0.310547 0.580078 0.471680 1309983004.620931
-0.286133 0.545898 0.304688 1309983004.650950
-0.247070 0.588867 0.245117 1309983004.702022
-0.273438 0.544922 0.284180 1309983004.740007
-0.330078 0.534180 0.358398 1309983004.741008
-0.301758 0.640625 0.331055 1309983004.782973
-0.377930 0.705078 0.262695 1309983004.826896
-0.463867 0.590820 0.358398 1309983004.847928
-0.429688 0.468750 0.360352 1309983004.871019
-0.391602 0.488281 0.412109 1309983004.919958
-0.375000 0.516602 0.412109 1309983004.940929
-0.361328 0.591797 0.426758 1309983004.982963
-0.431641 0.524414 0.378906 1309983005.004976
-0.438477 0.447266 0.456055 1309983005.048011
-0.449219 0.520508 0.495117 1309983005.071046
-0.409180 0.412109 0.499023 1309983005.113022
-0.424805 0.412109 0.499023 1309983005.134941
-0.425781 0.396484 0.428711 1309983005.172017
-0.384766 0.420898 0.457031 1309983005.216032
-0.442383 0.412109 0.447266 1309983005.240020
-0.418945 0.415039 0.447266 1309983005.261003
-0.344727 0.435547 0.449219 1309983005.282018
-0.369141 0.435547 0.449219 1309983005.322987
-0.381836 0.414062 0.550781 1309983005.362981
-0.359375 0.370117 0.505859 1309983005.407955
-0.388672 0.421875 0.599609 1309983005.431028
-0.330078 0.387695 0.644531 1309983005.455955
-0.278320 0.324219 0.638672 1309983005.477201
-0.203125 0.356445 0.673828 1309983005.521066
-0.248047 0.322266 0.668945 1309983005.562942
-0.215820 0.320312 0.695312 1309983005.585931
-0.205078 0.306641 0.743164 1309983005.611949
-0.204102 0.283203 0.718750 1309983005.655934
-0.197266 0.221680 0.699219 1309983005.678000
-0.197266 0.221680 0.699219 1309983005.700963
-0.153320 0.214844 0.644531 1309983005.747029
-0.132812 0.193359 0.682617 1309983005.799992
-0.163086 0.220703 0.701172 1309983005.814948
-0.182617 0.180664 0.693359 1309983005.830960
-0.128906 0.233398 0.708984 1309983005.877988
-0.118164 0.264648 0.712891 1309983005.922032
-0.140625 0.219727 0.731445 1309983005.943035
-0.148438 0.205078 0.727539 1309983006.019970
-0.078125 0.236328 0.739258 1309983006.020947
-0.041016 0.223633 0.684570 1309983006.040000
-0.092773 0.254883 0.684570 1309983006.062992
-0.126953 0.277344 0.668945 1309983006.107043
-0.091797 0.281250 0.678711 1309983006.143044
-0.149414 0.315430 0.719727 1309983006.170037
-0.134766 0.280273 0.746094 1309983006.225978
-0.160156 0.331055 0.805664 1309983006.227942
-0.136719 0.372070 0.773438 1309983006.280005
-0.136719 0.372070 0.773438 1309983006.282984
-0.263672 0.423828 0.792969 1309983006.350032
-0.285156 0.429688 0.725586 1309983006.351026
-0.343750 0.484375 0.604492 1309983006.406979
-0.499023 0.495117 0.613281 1309983006.428036
-0.443359 0.495117 0.613281 1309983006.451042
-0.458008 0.510742 0.556641 1309983006.495045
-0.375977 0.517578 0.552734 1309983006.516991
-0.476562 0.492188 0.472656 1309983006.560956
-0.392578 0.450195 0.469727 1309983006.599999
-0.405273 0.493164 0.436523 1309983006.601062
-0.432617 0.471680 0.411133 1309983006.656962
-0.414062 0.430664 0.398438 1309983006.676963
-0.341797 0.439453 0.374023 1309983006.774947
-0.312500 0.441406 0.350586 1309983006.810933
-0.275391 0.483398 0.342773 1309983006.827931
-0.283203 0.501953 0.323242 1309983006.833931
-0.274414 0.488281 0.330078 1309983006.872943
-0.258789 0.499023 0.320312 1309983006.890954
-0.204102 0.478516 0.271484 1309983006.915952
-0.189453 0.471680 0.275391 1309983006.937006
-0.176758 0.491211 0.280273 1309983006.959952
-0.206055 0.529297 0.030273 1309983007.002939
-0.266602 0.548828 0.258789 1309983007.032957
-0.187500 0.564453 0.241211 1309983007.060973
-0.172852 0.580078 0.268555 1309983007.110945
-0.193359 0.563477 0.245117 1309983007.133016
-0.146484 0.574219 0.269531 1309983007.155960
-0.154297 0.574219 0.269531 1309983007.199961
-0.114258 0.603516 0.280273 1309983007.242937
-0.168945 0.651367 0.233398 1309983007.312967
-0.125977 0.616211 0.237305 1309983007.314945
-0.131836 0.597656 0.206055 1309983007.334969
-0.148438 0.635742 0.226562 1309983007.356117
-0.142578 0.635742 0.226562 1309983007.376965
-0.104492 0.671875 0.237305 1309983007.424963
-0.131836 0.638672 0.221680 1309983007.445957
-0.175781 0.672852 0.214844 1309983007.491937
-0.152344 0.659180 0.237305 1309983007.536979
-0.095703 0.701172 0.223633 1309983007.557944
-0.121094 0.701172 0.223633 1309983007.580953
-0.152344 0.642578 0.229492 1309983007.609987
-0.164062 0.640625 0.254883 1309983007.650970
-0.153320 0.639648 0.228516 1309983007.672965
-0.173828 0.645508 0.238281 1309983007.719956
-0.124023 0.622070 0.237305 1309983007.740947
-0.124023 0.622070 0.237305 1309983007.762965
-0.125000 0.683594 0.265625 1309983007.827953
-0.124023 0.593750 0.240234 1309983007.852954
-0.178711 0.604492 0.213867 1309983007.875965
-0.145508 0.615234 0.246094 1309983007.906981
-0.166992 0.627930 0.228516 1309983007.930003
-0.147461 0.610352 0.213867 1309983007.971963
-0.103516 0.583984 0.196289 1309983008.015076
-0.199219 0.591797 0.159180 1309983008.035997
-0.218750 0.581055 0.169922 1309983008.057985
-0.209961 0.565430 0.213867 1309983008.103082
-0.196289 0.607422 0.213867 1309983008.126068
-0.189453 0.590820 0.197266 1309983008.169977
-0.258789 0.585938 0.167969 1309983008.191952
-0.290039 0.509766 0.252930 1309983008.232954
-0.258789 0.535156 0.265625 1309983008.254957
-0.281250 0.550781 0.208984 1309983008.303020
-0.318359 0.543945 0.237305 1309983008.326023
-0.401367 0.644531 0.291992 1309983008.350086
-0.420898 0.608398 0.340820 1309983008.397079
-0.373047 0.542969 0.390625 1309983008.418080
-0.333008 0.560547 0.325195 1309983008.463088
-0.312500 0.565430 0.260742 1309983008.478040
-0.312500 0.565430 0.260742 1309983008.523079
-0.470703 0.446289 0.444336 1309983008.601996
-0.410156 0.503906 0.458008 1309983008.603011
-0.352539 0.514648 0.428711 1309983008.623011
-0.430664 0.519531 0.473633 1309983008.645002
-0.424805 0.507812 0.499023 1309983008.688000
-0.418945 0.486328 0.501953 1309983008.710990
-0.408203 0.418945 0.529297 1309983008.755061
-0.346680 0.406250 0.594727 1309983008.768029
-0.353516 0.432617 0.594727 1309983008.818044
-0.291992 0.380859 0.616211 1309983008.840059
-0.256836 0.352539 0.615234 1309983008.861040
-0.240234 0.319336 0.649414 1309983008.905085
-0.241211 0.331055 0.729492 1309983008.948017
-0.261719 0.300781 0.798828 1309983008.995081
-0.199219 0.334961 0.791016 1309983008.996051
-0.169922 0.275391 0.803711 1309983009.048093
-0.173828 0.221680 0.553711 1309983009.055065
-0.070312 0.129883 0.673828 1309983009.108004
-0.062500 0.131836 0.702148 1309983009.150060
-0.054688 0.125000 0.708008 1309983009.151105
-0.038086 0.166016 0.713867 1309983009.196066
0.010742 0.223633 0.765625 1309983009.221030
-0.012695 0.223633 0.765625 1309983009.263055
-0.007812 0.206055 0.706055 1309983009.288025
0.053711 0.208984 0.712891 1309983009.353112
0.050781 0.190430 0.689453 1309983009.360058
0.034180 0.194336 0.707031 1309983009.397055
0.041016 0.212891 0.698242 1309983009.427070
0.065430 0.210938 0.698242 1309983009.446035
0.020508 0.214844 0.711914 1309983009.493049
-0.035156 0.240234 0.713867 1309983009.515073
-0.010742 0.198242 0.703125 1309983009.558100
0.010742 0.207031 0.718750 1309983009.581074
-0.003906 0.229492 0.716797 1309983009.615098
-0.010742 0.222656 0.698242 1309983009.665018
-0.087891 0.239258 0.691406 1309983009.698096
-0.028320 0.244141 0.729492 1309983009.702008
-0.058594 0.224609 0.725586 1309983009.737126
-0.057617 0.228516 0.704102 1309983009.782028
-0.084961 0.249023 0.696289 1309983009.805043
-0.161133 0.227539 0.754883 1309983009.852033
-0.127930 0.311523 0.754883 1309983009.889020
-0.135742 0.315430 0.808594 1309983009.910113
-0.126953 0.389648 0.771484 1309983009.931058
-0.170898 0.389648 0.857422 1309983009.975015
-0.250000 0.390625 0.694336 1309983009.997097
-0.329102 0.355469 0.656250 1309983010.020045
-0.354492 0.424805 0.589844 1309983010.070121
-0.458008 0.499023 0.605469 1309983010.093082
-0.444336 0.505859 0.570312 1309983010.136043
-0.458008 0.499023 0.550781 1309983010.160104
-0.453125 0.510742 0.550781 1309983010.181053
-0.442383 0.545898 0.522461 1309983010.225053
-0.469727 0.546875 0.439453 1309983010.250096
-0.448242 0.518555 0.390625 1309983010.313122
-0.411133 0.449219 0.377930 1309983010.315053
-0.375000 0.479492 0.396484 1309983010.358073
-0.316406 0.450195 0.368164 1309983010.381092
-0.309570 0.472656 0.333008 1309983010.427083
-0.315430 0.465820 0.306641 1309983010.451127
-0.250977 0.474609 0.325195 1309983010.473030
-0.236328 0.466797 0.296875 1309983010.536065
-0.230469 0.497070 0.273438 1309983010.557129
-0.202148 0.497070 0.277344 1309983010.579120
-0.199219 0.524414 0.277344 1309983010.600080
-0.203125 0.513672 0.261719 1309983010.645062
-0.181641 0.534180 0.278320 1309983010.670062
-0.169922 0.526367 0.245117 1309983010.713124
-0.171875 0.513672 0.226562 1309983010.736056
-0.155273 0.524414 0.221680 1309983010.761066
-0.147461 0.596680 0.280273 1309983010.804116
-0.159180 0.595703 0.232422 1309983010.847019
-0.158203 0.628906 0.259766 1309983010.871024
-0.137695 0.612305 0.255859 1309983010.900031
-0.153320 0.658203 0.254883 1309983010.943013
-0.151367 0.625977 0.254883 1309983010.966052
-0.171875 0.678711 0.249023 1309983011.011091
-0.129883 0.653320 0.252930 1309983011.032078
-0.096680 0.621094 0.193359 1309983011.056087
-0.106445 0.626953 0.214844 1309983011.103106
-0.097656 0.652344 0.188477 1309983011.153144
-0.103516 0.699219 0.246094 1309983011.179100
-0.125977 0.696289 0.262695 1309983011.202058
-0.113281 0.664062 0.234375 1309983011.226064
-0.073242 0.604492 0.259766 1309983011.248129
-0.053711 0.685547 0.280273 1309983011.292048
-0.067383 0.685547 0.280273 1309983011.315138
-0.092773 0.678711 0.219727 1309983011.363069
-0.116211 0.683594 0.210938 1309983011.386136
-0.103516 0.646484 0.219727 1309983011.408077
-0.083984 0.648438 0.230469 1309983011.452156
-0.093750 0.658203 0.229492 1309983011.473051
-0.066406 0.675781 0.229492 1309983011.517142
-0.120117 0.687500 0.206055 1309983011.552151
-0.103516 0.681641 0.214844 1309983011.573078
-0.070312 0.654297 0.215820 1309983011.617143
-0.124023 0.689453 0.233398 1309983011.640149
-0.089844 0.643555 0.234375 1309983011.686155
-0.140625 0.654297 0.217773 1309983011.708137
-0.103516 0.651367 0.230469 1309983011.751067
-0.111328 0.685547 0.213867 1309983011.777103
-0.122070 0.659180 0.202148 1309983011.799076
-0.127930 0.638672 0.165039 1309983011.826161
-0.178711 0.663086 0.167969 1309983011.869140
-0.168945 0.641602 0.196289 1309983011.912161
-0.135742 0.617188 0.173828 1309983011.934103
-0.134766 0.643555 0.195312 1309983011.979156
-0.152344 0.634766 0.164062 1309983012.002114
-0.178711 0.599609 0.178711 1309983012.026122
-0.150391 0.565430 0.167969 1309983012.051103
-0.199219 0.598633 0.190430 1309983012.092125
-0.197266 0.581055 0.172852 1309983012.136146
-0.197266 0.611328 0.173828 1309983012.157093
-0.199219 0.617188 0.245117 1309983012.182073
-0.258789 0.642578 0.245117 1309983012.226112
-0.295898 0.571289 0.245117 1309983012.249085
-0.313477 0.488281 0.241211 1309983012.293164
-0.304688 0.451172 0.281250 1309983012.317079
-0.293945 0.548828 0.230469 1309983012.344192
-0.314453 0.582031 0.261719 1309983012.388088
-0.344727 0.521484 0.363281 1309983012.441137
-0.422852 0.561523 0.318359 1309983012.509091
-0.422852 0.561523 0.318359 1309983012.511112
-0.411133 0.510742 0.333008 1309983012.554160
-0.409180 0.431641 0.440430 1309983012.556164
-0.360352 0.419922 0.430664 1309983012.573100
-0.412109 0.497070 0.508789 1309983012.618128
-0.351562 0.486328 0.505859 1309983012.642174
-0.383789 0.450195 0.520508 1309983012.685161
-0.378906 0.434570 0.520508 1309983012.701162
-0.433594 0.443359 0.574219 1309983012.744157
-0.371094 0.316406 0.533203 1309983012.767173
-0.331055 0.371094 0.604492 1309983012.788143
-0.321289 0.386719 0.694336 1309983012.853165
-0.215820 0.312500 0.750000 1309983012.876135
-0.215820 0.317383 0.725586 1309983012.899121
-0.211914 0.340820 0.768555 1309983012.941159
-0.250000 0.402344 0.840820 1309983012.966122
-0.236328 0.349609 0.893555 1309983012.987122
-0.149414 0.243164 0.768555 1309983013.032119
-0.024414 0.100586 0.712891 1309983013.053134
0.001953 0.098633 0.674805 1309983013.097095
-0.031250 0.103516 0.684570 1309983013.119107
-0.036133 0.113281 0.739258 1309983013.163179
-0.031250 0.151367 0.801758 1309983013.199135
-0.015625 0.183594 0.786133 1309983013.223101
-0.064453 0.136719 0.768555 1309983013.268181
0.017578 0.163086 0.714844 1309983013.289083
0.050781 0.196289 0.706055 1309983013.332175
-0.005859 0.177734 0.748047 1309983013.354082
0.035156 0.184570 0.748047 1309983013.377178
0.046875 0.163086 0.760742 1309983013.421146
0.032227 0.175781 0.750000 1309983013.443119
0.035156 0.218750 0.732422 1309983013.492161
0.031250 0.210938 0.708984 1309983013.516152
0.025391 0.172852 0.688477 1309983013.556150
0.025391 0.172852 0.688477 1309983013.577097
0.037109 0.193359 0.722656 1309983013.631112
0.007812 0.249023 0.745117 1309983013.653110
-0.009766 0.208984 0.734375 1309983013.676123
-0.023438 0.203125 0.744141 1309983013.728086
-0.026367 0.264648 0.712891 1309983013.756116
-0.034180 0.135742 0.738281 1309983013.798146
-0.055664 0.236328 0.672852 1309983013.799182
-0.077148 0.244141 0.682617 1309983013.833143
-0.070312 0.290039 0.766602 1309983013.869145
-0.153320 0.326172 0.826172 1309983013.898177
-0.196289 0.416992 0.764648 1309983013.919194
-0.156250 0.369141 0.764648 1309983013.949189
-0.212891 0.416016 0.778320 1309983014.012179
-0.282227 0.431641 0.678711 1309983014.034097
-0.269531 0.439453 0.622070 1309983014.078194
-0.405273 0.457031 0.608398 1309983014.099158
-0.460938 0.492188 0.530273 1309983014.121260
-0.394531 0.511719 0.577148 1309983014.146195
-0.445312 0.511719 0.580078 1309983014.189119
-0.497070 0.558594 0.548828 1309983014.234189
-0.446289 0.513672 0.486328 1309983014.257160
-0.378906 0.515625 0.459961 1309983014.299130
-0.387695 0.458984 0.459961 1309983014.312200
-0.370117 0.437500 0.366211 1309983014.381200
-0.312500 0.441406 0.356445 1309983014.402158
-0.282227 0.425781 0.380859 1309983014.469120
-0.277344 0.439453 0.330078 1309983014.471303
-0.226562 0.484375 0.341797 1309983014.478172
-0.229492 0.437500 0.331055 1309983014.508179
-0.180664 0.437500 0.331055 1309983014.529107
-0.180664 0.437500 0.331055 1309983014.582156
-0.192383 0.450195 0.279297 1309983014.606149
-0.211914 0.494141 0.310547 1309983014.648191
-0.238281 0.516602 0.272461 1309983014.669119
-0.238281 0.516602 0.272461 1309983014.692202
-0.184570 0.554688 0.233398 1309983014.736149
-0.185547 0.574219 0.241211 1309983014.761154
-0.155273 0.623047 0.231445 1309983014.804213
-0.176758 0.664062 0.254883 1309983014.827172
-0.190430 0.671875 0.248047 1309983014.869216
-0.175781 0.662109 0.202148 1309983014.892216
-0.144531 0.621094 0.241211 1309983014.942208
-0.175781 0.660156 0.237305 1309983014.963152
-0.127930 0.636719 0.257812 1309983015.016388
-0.132812 0.611328 0.194336 1309983015.042205
-0.139648 0.577148 0.202148 1309983015.044137
-0.131836 0.646484 0.200195 1309983015.090139
-0.117188 0.680664 0.217773 1309983015.118211
-0.118164 0.673828 0.213867 1309983015.162136
-0.091797 0.658203 0.205078 1309983015.184204
-0.105469 0.660156 0.220703 1309983015.211178
-0.083008 0.697266 0.224609 1309983015.238133
-0.100586 0.677734 0.237305 1309983015.282113
-0.117188 0.662109 0.201172 1309983015.323172
-0.116211 0.643555 0.202148 1309983015.344172
-0.108398 0.666016 0.187500 1309983015.389141
-0.116211 0.663086 0.196289 1309983015.412137
-0.118164 0.678711 0.196289 1309983015.435224
-0.129883 0.679688 0.210938 1309983015.479230
-0.105469 0.698242 0.168945 1309983015.502160
-0.092773 0.725586 0.195312 1309983015.544219
-0.106445 0.699219 0.218750 1309983015.568182
-0.094727 0.699219 0.193359 1309983015.610551
-0.158203 0.634766 0.236328 1309983015.633152
-0.166992 0.661133 0.200195 1309983015.676141
-0.137695 0.683594 0.219727 1309983015.701220
-0.153320 0.668945 0.214844 1309983015.746144
-0.175781 0.650391 0.149414 1309983015.768232
-0.166992 0.668945 0.182617 1309983015.789223
-0.158203 0.609375 0.184570 1309983015.834103
-0.173828 0.592773 0.166016 1309983015.858136
-0.118164 0.557617 0.126953 1309983015.906159
-0.154297 0.562500 0.071289 1309983015.929228
-0.196289 0.557617 0.154297 1309983015.951226
-0.140625 0.582031 0.209961 1309983015.994161
-0.171875 0.630859 0.213867 1309983016.038181
-0.197266 0.610352 0.170898 1309983016.068194
-0.189453 0.561523 0.160156 1309983016.091136
-0.228516 0.621094 0.176758 1309983016.133184
-0.242188 0.652344 0.228516 1309983016.154178
-0.257812 0.555664 0.252930 1309983016.180197
-0.315430 0.539062 0.215820 1309983016.227174
-0.311523 0.583008 0.195312 1309983016.248150
-0.342773 0.633789 0.293945 1309983016.322178
-0.357422 0.554688 0.345703 1309983016.323231
-0.377930 0.607422 0.315430 1309983016.344234
-0.389648 0.593750 0.262695 1309983016.382163
-0.413086 0.547852 0.403320 1309983016.418146
-0.413086 0.530273 0.505859 1309983016.441248
-0.385742 0.506836 0.419922 1309983016.486249
-0.386719 0.473633 0.434570 1309983016.508205
-0.451172 0.443359 0.440430 1309983016.531177
-0.388672 0.443359 0.440430 1309983016.564196
-0.388672 0.437500 0.537109 1309983016.609208
-0.365234 0.466797 0.565430 1309983016.632162
-0.337891 0.397461 0.565430 1309983016.677171
-0.358398 0.353516 0.645508 1309983016.698241
-0.271484 0.384766 0.760742 1309983016.742244
-0.200195 0.421875 0.760742 1309983016.765172
-0.211914 0.423828 0.892578 1309983016.808249
-0.200195 0.381836 0.911133 1309983016.831247
-0.123047 0.282227 0.761719 1309983016.873206
-0.015625 0.124023 0.649414 1309983016.898254
0.005859 0.125977 0.645508 1309983016.919218
-0.043945 0.089844 0.723633 1309983016.971248
-0.043945 0.116211 0.733398 1309983017.001189
-0.068359 0.165039 0.733398 1309983017.031205
-0.029297 0.214844 0.785156 1309983017.052197
-0.027344 0.160156 0.756836 1309983017.096148
0.027344 0.187500 0.734375 1309983017.117180
0.043945 0.148438 0.638672 1309983017.177193
0.071289 0.160156 0.700195 1309983017.179177
0.108398 0.193359 0.699219 1309983017.209213
0.100586 0.196289 0.718750 1309983017.247205
0.132812 0.259766 0.748047 1309983017.279211
0.086914 0.240234 0.749023 1309983017.313263
0.075195 0.490234 0.749023 1309983017.340272
0.075195 0.211914 0.707031 1309983017.377265
0.113281 0.212891 0.726562 1309983017.424175
0.098633 0.148438 0.720703 1309983017.447268
0.095703 0.167969 0.728516 1309983017.469209
0.082031 0.167969 0.728516 1309983017.494202
0.105469 0.202148 0.779297 1309983017.543201
0.073242 0.179688 0.703125 1309983017.634189
0.037109 0.154297 0.750000 1309983017.657223
0.025391 0.213867 0.687500 1309983017.669269
0.057617 0.191406 0.704102 1309983017.688218
0.042969 0.212891 0.713867 1309983017.711270
0.014648 0.215820 0.696289 1309983017.733222
-0.013672 0.217773 0.708008 1309983017.772219
-0.029297 0.207031 0.678711 1309983017.796237
-0.026367 0.261719 0.726562 1309983017.868262
-0.033203 0.240234 0.725586 1309983017.892199
-0.060547 0.276367 0.778320 1309983017.908266
-0.117188 0.276367 0.778320 1309983017.916220
-0.131836 0.379883 0.844727 1309983017.968230
-0.145508 0.395508 0.784180 1309983017.994201
-0.184570 0.443359 0.833008 1309983018.018233
-0.290039 0.423828 0.589844 1309983018.061255
-0.322266 0.443359 0.564453 1309983018.083261
-0.376953 0.496094 0.596680 1309983018.128244
-0.380859 0.474609 0.558594 1309983018.152229
-0.437500 0.508789 0.531250 1309983018.194266
-0.429688 0.533203 0.516602 1309983018.219273
-0.416992 0.507812 0.487305 1309983018.241284
-0.468750 0.554688 0.465820 1309983018.286281
-0.440430 0.561523 0.485352 1309983018.327230
-0.435547 0.537109 0.428711 1309983018.349281
-0.420898 0.493164 0.402344 1309983018.371273
-0.349609 0.445312 0.368164 1309983018.426275
-0.326172 0.473633 0.349609 1309983018.427200
-0.282227 0.472656 0.297852 1309983018.496231
-0.266602 0.470703 0.279297 1309983018.514267
-0.219727 0.453125 0.318359 1309983018.537243
-0.250977 0.492188 0.293945 1309983018.584289
-0.222656 0.453125 0.272461 1309983018.607279
-0.197266 0.453125 0.272461 1309983018.628204
-0.189453 0.503906 0.288086 1309983018.662222
-0.223633 0.518555 0.262695 1309983018.707289
-0.189453 0.536133 0.255859 1309983018.732209
-0.193359 0.542969 0.267578 1309983018.776198
-0.244141 0.578125 0.264648 1309983018.801291
-0.244141 0.578125 0.264648 1309983018.823246
-0.163086 0.569336 0.217773 1309983018.878300
-0.191406 0.618164 0.256836 1309983018.903285
-0.151367 0.612305 0.178711 1309983018.927213
-0.161133 0.666016 0.215820 1309983018.949213
-0.138672 0.640625 0.217773 1309983018.993285
-0.138672 0.659180 0.211914 1309983019.037225
-0.151367 0.620117 0.212891 1309983019.058207
-0.146484 0.654297 0.214844 1309983019.081198
-0.125977 0.691406 0.220703 1309983019.124219
-0.100586 0.697266 0.216797 1309983019.147298
-0.125977 0.682617 0.159180 1309983019.170240
-0.120117 0.691406 0.192383 1309983019.213244
-0.089844 0.698242 0.208008 1309983019.257249
-0.095703 0.685547 0.186523 1309983019.278302
-0.118164 0.681641 0.159180 1309983019.322292
-0.150391 0.710938 0.149414 1309983019.344494
-0.131836 0.696289 0.179688 1309983019.367287
-0.113281 0.697266 0.176758 1309983019.412246
-0.113281 0.699219 0.206055 1309983019.437224
-0.091797 0.709961 0.157227 1309983019.482207
-0.095703 0.674805 0.162109 1309983019.505206
-0.130859 0.685547 0.192383 1309983019.548300
-0.184570 0.636719 0.196289 1309983019.569261
-0.118164 0.693359 0.177734 1309983019.613226
-0.130859 0.663086 0.158203 1309983019.636235
-0.160156 0.636719 0.143555 1309983019.667296
-0.155273 0.659180 0.165039 1309983019.694301
-0.167969 0.638672 0.155273 1309983019.737191
-0.166992 0.644531 0.127930 1309983019.759212
-0.173828 0.634766 0.125000 1309983019.806216
-0.204102 0.608398 0.126953 1309983019.829209
-0.181641 0.613281 0.137695 1309983019.858226
-0.169922 0.571289 0.140625 1309983019.882244
-0.133789 0.564453 0.180664 1309983019.931271
-0.133789 0.564453 0.180664 1309983019.952313
-0.237305 0.591797 0.131836 1309983020.002236
-0.232422 0.595703 0.203125 1309983020.026248
-0.265625 0.556641 0.213867 1309983020.056277
-0.372070 0.568359 0.190430 1309983020.077271
-0.308594 0.556641 0.271484 1309983020.134241
-0.254883 0.537109 0.265625 1309983020.201274
-0.261719 0.529297 0.253906 1309983020.202260
-0.382812 0.592773 0.250000 1309983020.224281
-0.357422 0.609375 0.325195 1309983020.247249
-0.448242 0.570312 0.400391 1309983020.294279
-0.418945 0.532227 0.379883 1309983020.296282
-0.404297 0.503906 0.339844 1309983020.340320
-0.398438 0.437500 0.409180 1309983020.383239
-0.456055 0.471680 0.475586 1309983020.406316
-0.460938 0.491211 0.461914 1309983020.449269
-0.445312 0.472656 0.477539 1309983020.472271
-0.398438 0.550781 0.555664 1309983020.517312
-0.458008 0.378906 0.518555 1309983020.543328
-0.403320 0.423828 0.506836 1309983020.566317
-0.355469 0.417969 0.584961 1309983020.604246
-0.362305 0.381836 0.651367 1309983020.627265
-0.395508 0.367188 0.729492 1309983020.674258
-0.297852 0.369141 0.727539 1309983020.697319
-0.240234 0.380859 0.727539 1309983020.720257
-0.227539 0.365234 0.818359 1309983020.764228
-0.199219 0.284180 0.797852 1309983020.812244
-0.108398 0.246094 0.734375 1309983020.834298
-0.100586 0.126953 0.763672 1309983020.887277
-0.136719 0.107422 0.702148 1309983020.889253
-0.154297 0.150391 0.672852 1309983020.934310
-0.126953 0.152344 0.744141 1309983020.958304
-0.137695 0.168945 0.778320 1309983020.981291
-0.084961 0.170898 0.717773 1309983021.024280
-0.091797 0.125000 0.729492 1309983021.051333
-0.051758 0.104492 0.746094 1309983021.073266
-0.044922 0.124023 0.724609 1309983021.122325
0.025391 0.141602 0.707031 1309983021.158235
0.051758 0.148438 0.712891 1309983021.182234
0.018555 0.136719 0.737305 1309983021.207242
-0.004883 0.156250 0.752930 1309983021.243345
0.028320 0.175781 0.732422 1309983021.273249
0.017578 0.175781 0.728516 1309983021.333268
0.031250 0.160156 0.736328 1309983021.334368
0.028320 0.117188 0.708984 1309983021.388297
0.038086 0.176758 0.675781 1309983021.422333
0.062500 0.220703 0.719727 1309983021.423325
0.022461 0.208984 0.711914 1309983021.475301
-0.000977 0.215820 0.696289 1309983021.517258
0.000000 0.213867 0.699219 1309983021.547340
0.004883 0.230469 0.756836 1309983021.568244
-0.040039 0.290039 0.682617 1309983021.614381
-0.037109 0.276367 0.713867 1309983021.631264
-0.037109 0.276367 0.713867 1309983021.666300
-0.109375 0.308594 0.724609 1309983021.709340
-0.096680 0.353516 0.709961 1309983021.732325
-0.184570 0.319336 0.768555 1309983021.788318
-0.145508 0.390625 0.764648 1309983021.789238
-0.166016 0.437500 0.744141 1309983021.832278
-0.210938 0.464844 0.818359 1309983021.857342
-0.271484 0.378906 0.656250 1309983021.902283
-0.349609 0.361328 0.654297 1309983021.923248
-0.407227 0.398438 0.592773 1309983021.947280
-0.456055 0.450195 0.564453 1309983021.991312
-0.531250 0.427734 0.571289 1309983022.016257
-0.494141 0.460938 0.524414 1309983022.063257
-0.524414 0.481445 0.465820 1309983022.090313
-0.516602 0.473633 0.422852 1309983022.122367
-0.517578 0.459961 0.399414 1309983022.146378
-0.514648 0.453125 0.375000 1309983022.168250
-0.508789 0.466797 0.327148 1309983022.326289
-0.488281 0.471680 0.283203 1309983022.327254
-0.464844 0.460938 0.340820 1309983022.343349
-0.499023 0.414062 0.275391 1309983022.348298
-0.450195 0.458984 0.298828 1309983022.364268
-0.412109 0.432617 0.259766 1309983022.366262
-0.408203 0.523438 0.248047 1309983022.462277
-0.384766 0.499023 0.211914 1309983022.463349
-0.319336 0.477539 0.260742 1309983022.477300
-0.286133 0.467773 0.280273 1309983022.522294
-0.312500 0.525391 0.262695 1309983022.523312
-0.294922 0.476562 0.262695 1309983022.567356
-0.249023 0.541016 0.277344 1309983022.593328
-0.258789 0.603516 0.259766 1309983022.639366
-0.220703 0.573242 0.271484 1309983022.661282
-0.219727 0.541992 0.264648 1309983022.687303
-0.190430 0.577148 0.256836 1309983022.762285
-0.204102 0.577148 0.256836 1309983022.763266
-0.202148 0.619141 0.271484 1309983022.804283
-0.196289 0.592773 0.252930 1309983022.827328
-0.188477 0.562500 0.233398 1309983022.851279
-0.208008 0.605469 0.229492 1309983022.881304
-0.183594 0.657227 0.230469 1309983022.934271
-0.179688 0.657227 0.230469 1309983022.936289
-0.159180 0.646484 0.251953 1309983022.989290
-0.155273 0.651367 0.255859 1309983023.012329
-0.208008 0.638672 0.264648 1309983023.054320
-0.110352 0.664062 0.253906 1309983023.098312
-0.112305 0.664062 0.229492 1309983023.099356
-0.126953 0.664062 0.229492 1309983023.146374
-0.092773 0.663086 0.203125 1309983023.192296
-0.134766 0.679688 0.205078 1309983023.215297
-0.078125 0.659180 0.233398 1309983023.241380
-0.111328 0.666016 0.223633 1309983023.266302
-0.071289 0.623047 0.229492 1309983023.302316
-0.083008 0.650391 0.229492 1309983023.347339
-0.105469 0.673828 0.199219 1309983023.391317
-0.059570 0.692383 0.239258 1309983023.413371
-0.072266 0.670898 0.224609 1309983023.436296
-0.086914 0.652344 0.238281 1309983023.479291
-0.093750 0.685547 0.230469 1309983023.500285
-0.098633 0.648438 0.230469 1309983023.523610
-0.080078 0.638672 0.233398 1309983023.568336
-0.076172 0.654297 0.212891 1309983023.613274
-0.092773 0.698242 0.249023 1309983023.635363
-0.082031 0.675781 0.280273 1309983023.661323
