0.032227 0.605469 0.511719 1309983311.867930
-0.010742 0.610352 0.503906 1309983311.910902
0.071289 0.610352 0.478516 1309983311.931958
0.044922 0.601562 0.514648 1309983311.957949
0.060547 0.568359 0.500977 1309983312.001951
0.072266 0.552734 0.510742 1309983312.023955
0.072266 0.552734 0.510742 1309983312.047941
0.077148 0.617188 0.500000 1309983312.091962
0.035156 0.594727 0.502930 1309983312.124001
0.088867 0.585938 0.494141 1309983312.145989
0.076172 0.565430 0.512695 1309983312.190961
0.076172 0.565430 0.512695 1309983312.213001
0.045898 0.609375 0.504883 1309983312.257992
0.050781 0.583008 0.499023 1309983312.278935
0.068359 0.593750 0.468750 1309983312.320945
0.076172 0.570312 0.484375 1309983312.348926
0.096680 0.580078 0.502930 1309983312.370993
0.119141 0.582031 0.499023 1309983312.446912
0.123047 0.563477 0.484375 1309983312.447931
0.083008 0.607422 0.502930 1309983312.467940
0.110352 0.581055 0.503906 1309983312.513994
0.125000 0.586914 0.485352 1309983312.535966
0.159180 0.554688 0.518555 1309983312.580957
0.146484 0.554688 0.486328 1309983312.608000
0.146484 0.554688 0.486328 1309983312.628947
0.139648 0.561523 0.502930 1309983312.678006
0.170898 0.529297 0.530273 1309983312.701977
0.191406 0.567383 0.502930 1309983312.748997
0.214844 0.554688 0.493164 1309983312.750966
0.211914 0.523438 0.496094 1309983312.801931
0.233398 0.527344 0.476562 1309983312.823935
0.242188 0.557617 0.507812 1309983312.866932
0.205078 0.536133 0.513672 1309983312.888929
0.254883 0.562500 0.523438 1309983312.932947
0.272461 0.562500 0.523438 1309983312.953972
0.227539 0.522461 0.515625 1309983313.002002
0.248047 0.471680 0.476562 1309983313.022986
0.268555 0.470703 0.549805 1309983313.065976
0.277344 0.561523 0.494141 1309983313.087966
0.241211 0.509766 0.526367 1309983313.110959
0.276367 0.444336 0.526367 1309983313.154972
0.293945 0.434570 0.553711 1309983313.182964
0.319336 0.534180 0.452148 1309983313.208984
0.345703 0.423828 0.516602 1309983313.261125
0.367188 0.337891 0.537109 1309983313.290974
0.372070 0.420898 0.517578 1309983313.311963
0.393555 0.458008 0.506836 1309983313.350944
0.386719 0.349609 0.501953 1309983313.371959
0.392578 0.381836 0.541992 1309983313.418954
0.412109 0.417969 0.511719 1309983313.442022
0.364258 0.426758 0.516602 1309983313.484019
0.358398 0.287109 0.559570 1309983313.505966
0.396484 0.287109 0.559570 1309983313.531053
0.427734 0.425781 0.555664 1309983313.576968
0.435547 0.404297 0.553711 1309983313.615959
0.417969 0.417969 0.526367 1309983313.637022
0.375977 0.368164 0.557617 1309983313.660944
0.402344 0.401367 0.597656 1309983313.749019
0.398438 0.442383 0.550781 1309983313.766953
0.375000 0.391602 0.581055 1309983313.784024
0.320312 0.424805 0.585938 1309983313.793961
0.300781 0.440430 0.534180 1309983313.839979
0.257812 0.419922 0.528320 1309983313.861941
0.219727 0.441406 0.528320 1309983313.884029
0.225586 0.458984 0.535156 1309983313.942027
0.159180 0.486328 0.553711 1309983313.964996
0.128906 0.530273 0.645508 1309983313.988028
0.048828 0.798828 0.811523 1309983314.014034
0.029297 0.952148 0.754883 1309983314.057954
-0.066406 0.696289 0.527344 1309983314.079026
-0.091797 0.611328 0.437500 1309983314.123029
-0.141602 0.676758 0.375000 1309983314.167029
-0.072266 0.599609 0.405273 1309983314.188035
-0.110352 0.671875 0.431641 1309983314.211033
-0.138672 0.642578 0.511719 1309983314.252984
-0.122070 0.707031 0.511719 1309983314.277031
-0.123047 0.616211 0.455078 1309983314.322034
-0.231445 0.652344 0.470703 1309983314.343942
-0.195312 0.706055 0.478516 1309983314.386959
-0.212891 0.625000 0.435547 1309983314.408094
-0.179688 0.600586 0.431641 1309983314.431031
-0.245117 0.640625 0.435547 1309983314.473951
-0.195312 0.687500 0.405273 1309983314.518930
-0.195312 0.666992 0.423828 1309983314.542318
-0.195312 0.636719 0.415039 1309983314.565996
-0.199219 0.665039 0.408203 1309983314.608989
-0.172852 0.570312 0.411133 1309983314.631976
-0.183594 0.638672 0.429688 1309983314.681042
-0.181641 0.651367 0.431641 1309983314.703040
-0.174805 0.627930 0.405273 1309983314.725960
-0.193359 0.623047 0.425781 1309983314.768037
-0.152344 0.656250 0.408203 1309983314.812098
-0.192383 0.615234 0.426758 1309983314.812973
-0.183594 0.646484 0.447266 1309983314.862950
-0.179688 0.619141 0.401367 1309983314.887049
-0.193359 0.631836 0.401367 1309983314.930995
-0.171875 0.648438 0.390625 1309983314.990056
-0.171875 0.597656 0.428711 1309983315.028029
-0.206055 0.630859 0.428711 1309983315.050042
-0.154297 0.642578 0.411133 1309983315.052012
-0.214844 0.638672 0.419922 1309983315.094013
-0.176758 0.635742 0.405273 1309983315.117017
-0.181641 0.638672 0.409180 1309983315.146972
-0.172852 0.620117 0.391602 1309983315.169053
-0.155273 0.608398 0.391602 1309983315.201993
-0.208984 0.649414 0.411133 1309983315.246052
-0.208984 0.649414 0.411133 1309983315.268056
-0.166992 0.655273 0.422852 1309983315.313994
-0.189453 0.641602 0.385742 1309983315.347966
-0.154297 0.621094 0.395508 1309983315.370044
-0.222656 0.661133 0.386719 1309983315.401982
-0.198242 0.626953 0.400391 1309983315.448042
