0.268555 0.724609 0.331055 1311115482.912363
0.257812 0.676758 0.323242 1311115482.958322
0.256836 0.676758 0.323242 1311115482.980385
0.275391 0.713867 0.369141 1311115483.023382
0.280273 0.717773 0.315430 1311115483.046381
0.262695 0.675781 0.336914 1311115483.068377
0.316406 0.673828 0.346680 1311115483.113392
0.315430 0.708008 0.353516 1311115483.170388
0.315430 0.708008 0.353516 1311115483.171370
0.332031 0.676758 0.332031 1311115483.212384
0.308594 0.677734 0.327148 1311115483.297326
0.354492 0.628906 0.339844 1311115483.298384
0.395508 0.626953 0.334961 1311115483.300378
0.368164 0.645508 0.367188 1311115483.333373
0.368164 0.645508 0.367188 1311115483.355360
0.354492 0.604492 0.301758 1311115483.424314
0.315430 0.660156 0.443359 1311115483.443379
0.267578 0.515625 0.141602 1311115483.473394
0.237305 0.489258 0.162109 1311115483.497354
0.158203 0.544922 0.273438 1311115483.518386
0.250977 0.542969 0.255859 1311115483.563392
0.227539 0.543945 0.302734 1311115483.610341
0.226562 0.461914 0.233398 1311115483.635387
0.137695 0.453125 0.235352 1311115483.657399
0.264648 0.464844 0.296875 1311115483.681395
0.337891 0.563477 0.416992 1311115483.718333
0.328125 0.562500 0.376953 1311115483.763391
0.374023 0.570312 0.382812 1311115483.808337
0.325195 0.602539 0.464844 1311115483.810359
0.435547 0.587891 0.499023 1311115483.850385
0.446289 0.620117 0.493164 1311115483.875336
0.379883 0.609375 0.506836 1311115483.918396
0.424805 0.652344 0.494141 1311115483.942402
0.411133 0.566406 0.444336 1311115483.985402
0.409180 0.612305 0.439453 1311115484.006389
0.433594 0.644531 0.475586 1311115484.052418
0.362305 0.630859 0.474609 1311115484.076401
0.315430 0.630859 0.474609 1311115484.120372
0.288086 0.729492 0.527344 1311115484.166421
0.219727 0.952148 0.620117 1311115484.167364
0.092773 0.987305 0.589844 1311115484.226403
-0.014648 0.996094 0.516602 1311115484.248409
-0.097656 0.820312 0.345703 1311115484.271400
-0.017578 0.670898 0.301758 1311115484.294462
-0.007812 0.659180 0.191406 1311115484.341342
-0.009766 0.698242 0.249023 1311115484.390409
-0.086914 0.740234 0.248047 1311115484.416383
-0.148438 0.810547 0.250000 1311115484.441409
-0.231445 0.835938 0.238281 1311115484.456413
-0.282227 0.830078 0.248047 1311115484.498380
-0.290039 0.743164 0.213867 1311115484.522399
-0.293945 0.767578 0.196289 1311115484.567340
-0.286133 0.741211 0.138672 1311115484.595433
-0.301758 0.769531 0.091797 1311115484.640391
-0.348633 0.783203 0.115234 1311115484.641352
-0.277344 0.781250 0.134766 1311115484.692410
-0.266602 0.795898 0.150391 1311115484.721414
-0.295898 0.777344 0.147461 1311115484.746419
-0.258789 0.773438 0.144531 1311115484.791420
-0.299805 0.752930 0.141602 1311115484.811386
-0.290039 0.768555 0.147461 1311115484.855423
-0.282227 0.779297 0.127930 1311115484.896419
-0.309570 0.795898 0.098633 1311115484.921416
-0.259766 0.773438 0.135742 1311115484.975423
-0.239258 0.755859 0.113281 1311115484.983422
-0.259766 0.761719 0.117188 1311115485.011491
-0.257812 0.764648 0.142578 1311115485.034420
-0.291016 0.759766 0.089844 1311115485.078423
-0.291016 0.745117 0.131836 1311115485.101435
-0.314453 0.744141 0.120117 1311115485.143357
-0.297852 0.763672 0.175781 1311115485.165424
-0.273438 0.729492 0.103516 1311115485.207423
-0.023438 0.729492 0.103516 1311115485.230421
-0.246094 0.768555 0.151367 1311115485.276420
-0.230469 0.785156 0.107422 1311115485.298434
-0.231445 0.777344 0.106445 1311115485.337420
-0.215820 0.824219 0.102539 1311115485.368423
-0.196289 0.804688 0.096680 1311115485.412417
-0.262695 0.804688 0.096680 1311115485.413353
-0.272461 0.804688 0.147461 1311115485.461429
-0.325195 0.758789 0.121094 1311115485.493440
-0.266602 0.791992 0.140625 1311115485.538378
-0.283203 0.747070 0.154297 1311115485.561418
-0.242188 0.765625 0.117188 1311115485.603349
-0.232422 0.802734 0.115234 1311115485.635432
-0.264648 0.802734 0.140625 1311115485.666409
-0.230469 0.764648 0.163086 1311115485.687435
-0.207031 0.780273 0.165039 1311115485.737394
-0.271484 0.767578 0.119141 1311115485.758424
-0.231445 0.764648 0.176758 1311115485.783457
-0.231445 0.764648 0.176758 1311115485.812438
