0.205078 0.958984 0.494141 1311112475.514790
0.308594 1.034180 0.640625 1311112475.536858
0.195312 1.201172 0.688477 1311112475.538846
0.445312 1.201172 0.688477 1311112475.583877
0.351562 1.724609 1.034180 1311112475.614871
0.455078 1.982422 1.122070 1311112475.656842
0.258789 1.980469 1.118164 1311112475.679885
0.410156 1.869141 1.145508 1311112475.701881
0.604492 0.923828 0.530273 1311112475.741849
0.604492 0.923828 0.530273 1311112475.806816
0.392578 -1.059570 0.064453 1311112475.809883
0.588867 -0.353516 -0.032227 1311112475.851884
0.211914 0.223633 0.020508 1311112475.874889
-0.190430 -0.163086 -0.132812 1311112475.895847
-0.156250 -0.163086 -0.132812 1311112475.939885
-0.077148 0.032227 -0.241211 1311112475.969835
0.059570 -0.087891 -0.208984 1311112475.994888
0.101562 -0.103516 -0.150391 1311112476.040894
0.083008 -0.108398 -0.141602 1311112476.076893
0.125000 -0.152344 -0.166016 1311112476.099879
0.127930 -0.152344 -0.166016 1311112476.122886
0.266602 -0.063477 0.589844 1311112476.195889
1.000977 0.288086 0.874023 1311112476.216898
0.090820 1.982422 1.025391 1311112476.218828
-0.183594 1.982422 1.156250 1311112476.259894
0.184570 1.980469 1.087891 1311112476.280866
-0.349609 1.980469 1.109375 1311112476.323895
0.060547 1.978516 1.123047 1311112476.348838
-0.155273 1.982422 1.172852 1311112476.393894
-0.085938 1.979492 1.094727 1311112476.449852
0.590820 1.490234 0.877930 1311112476.486867
0.402344 0.614258 -0.202148 1311112476.488817
0.418945 -0.399414 0.310547 1311112476.528859
0.700195 -1.056641 -0.181641 1311112476.569869
0.574219 -0.013672 -0.089844 1311112476.591886
-0.103516 -0.040039 -0.028320 1311112476.613843
-0.282227 -0.183594 -0.178711 1311112476.635899
-0.128906 0.013672 -0.277344 1311112476.661903
-0.011719 0.003906 -0.195312 1311112476.709847
0.104492 -0.105469 -0.069336 1311112476.753896
0.053711 -0.140625 -0.091797 1311112476.775908
-0.014648 -0.226562 -0.130859 1311112476.796893
0.084961 -0.226562 -0.131836 1311112476.840901
0.323242 -0.245117 -0.131836 1311112476.862832
1.398438 -0.003906 -0.197266 1311112476.908915
0.621094 1.982422 1.518555 1311112476.931857
-0.747070 1.983398 1.074219 1311112476.974899
0.595703 1.832031 0.829102 1311112476.995905
-0.134766 1.980469 1.229492 1311112477.042905
-0.193359 1.980469 1.229492 1311112477.081875
0.268555 1.978516 1.167969 1311112477.101904
0.342773 1.983398 1.090820 1311112477.125909
0.375977 1.300781 0.489258 1311112477.169902
0.155273 0.092773 -0.209961 1311112477.191911
0.558594 -1.101562 -0.040039 1311112477.215912
0.558594 -1.101562 -0.040039 1311112477.241912
0.468750 0.258789 -0.008789 1311112477.284912
0.010742 -0.199219 -0.243164 1311112477.330904
-0.125977 -0.142578 -0.229492 1311112477.353895
-0.045898 0.055664 -0.198242 1311112477.395872
0.107422 -0.099609 -0.207031 1311112477.418906
0.098633 -0.109375 -0.148438 1311112477.463913
0.006836 -0.128906 -0.172852 1311112477.485914
-0.001953 -0.162109 -0.116211 1311112477.516904
0.073242 -0.216797 -0.033203 1311112477.560892
0.328125 -0.238281 0.221680 1311112477.583917
1.174805 -0.041992 0.624023 1311112477.606925
0.186523 1.980469 0.459961 1311112477.650859
-0.731445 1.977539 0.791016 1311112477.671920
0.088867 1.984375 0.673828 1311112477.716880
0.706055 1.978516 1.235352 1311112477.739911
-0.060547 1.981445 1.198242 1311112477.763862
-0.003906 1.983398 1.037109 1311112477.805894
0.456055 1.980469 1.156250 1311112477.854868
0.468750 1.605469 0.812500 1311112477.869921
0.240234 0.772461 -0.088867 1311112477.893930
0.147461 -0.407227 0.176758 1311112477.941935
0.542969 -1.291016 -0.140625 1311112477.965916
0.478516 -0.041016 -0.140625 1311112477.988887
0.212891 0.249023 0.210938 1311112478.044920
-0.028320 -0.265625 -0.241211 1311112478.066915
-0.233398 -0.082031 -0.229492 1311112478.089935
-0.068359 0.040039 -0.228516 1311112478.135925
0.036133 -0.129883 -0.186523 1311112478.156874
0.096680 -0.129883 -0.186523 1311112478.179928
0.089844 -0.100586 -0.186523 1311112478.222929
0.073242 -0.200195 -0.108398 1311112478.274927
0.332031 -0.167969 0.091797 1311112478.371855
1.041016 0.119141 0.380859 1311112478.393856
1.045898 1.890625 0.805664 1311112478.403928
-0.766602 1.895508 0.953125 1311112478.414934
0.649414 1.783203 1.050781 1311112478.441936
-0.003906 1.986328 1.326172 1311112478.456884
-0.148438 1.727539 1.311523 1311112478.479927
0.260742 1.980469 1.312500 1311112478.523933
0.258789 1.981445 1.273438 1311112478.544939
0.252930 1.982422 0.940430 1311112478.565929
0.227539 0.757812 -0.186523 1311112478.609884
0.675781 -0.650391 0.454102 1311112478.632946
0.926758 -1.096680 -0.213867 1311112478.676886
0.486328 0.053711 -0.092773 1311112478.699940
-0.333008 -0.118164 -0.212891 1311112478.743945
-0.508789 0.113281 -0.161133 1311112478.779943
-0.103516 0.058594 -0.265625 1311112478.801884
0.119141 -0.083984 -0.218750 1311112478.848885
0.200195 -0.132812 -0.112305 1311112478.869957
0.019531 -0.181641 -0.159180 1311112478.894929
-0.115234 -0.144531 -0.159180 1311112478.917946
-0.017578 -0.090820 -0.128906 1311112478.959910
0.091797 -0.126953 -0.111328 1311112479.003934
0.062500 -0.183594 -0.147461 1311112479.045944
-0.046875 -0.074219 0.000000 1311112479.066932
1.687500 0.709961 1.125000 1311112479.089952
-0.256836 1.982422 1.375977 1311112479.112948
-0.036133 1.980469 1.011719 1311112479.158891
0.382812 1.984375 0.744141 1311112479.190950
-0.105469 1.759766 0.849609 1311112479.218947
0.237305 1.298828 0.750977 1311112479.260917
0.430664 0.941406 0.494141 1311112479.283951
0.430664 0.941406 0.494141 1311112479.310899
0.058594 0.360352 0.076172 1311112479.355892
0.119141 0.296875 0.110352 1311112479.375950
0.143555 0.277344 0.144531 1311112479.419956
0.191406 0.407227 0.218750 1311112479.441953
0.289062 0.448242 0.265625 1311112479.495950
0.253906 0.529297 0.303711 1311112479.529946
0.217773 0.634766 0.270508 1311112479.544960
0.177734 0.701172 0.389648 1311112479.572951
0.223633 0.869141 0.438477 1311112479.655948
0.263672 0.875977 0.405273 1311112479.656950
0.201172 0.609375 0.311523 1311112479.677928
0.196289 0.581055 0.299805 1311112479.725963
0.288086 0.638672 0.369141 1311112479.751944
0.273438 0.729492 0.353516 1311112479.788950
0.206055 0.760742 0.345703 1311112479.811955
0.194336 0.680664 0.323242 1311112479.844967
0.111328 0.738281 0.323242 1311112479.868933
0.139648 0.714844 0.349609 1311112479.914976
0.192383 0.698242 0.302734 1311112479.935960
0.163086 0.725586 0.332031 1311112479.960909
0.165039 0.712891 0.324219 1311112480.008965
0.181641 0.710938 0.337891 1311112480.073963
0.128906 0.960938 0.337891 1311112480.088967
0.146484 0.708984 0.321289 1311112480.094963
0.154297 0.747070 0.313477 1311112480.179962
0.166992 0.740234 0.310547 1311112480.253972
0.200195 0.707031 0.305664 1311112480.256964
0.174805 0.712891 0.319336 1311112480.283963
0.162109 0.712891 0.319336 1311112480.288910
0.175781 0.669922 0.342773 1311112480.295967
0.193359 0.676758 0.349609 1311112480.390963
0.173828 0.660156 0.331055 1311112480.455975
