0.264648 0.636719 0.339844 1311112828.656812
0.286133 0.617188 0.390625 1311112828.679672
0.280273 0.529297 0.296875 1311112828.724750
0.273438 0.431641 0.221680 1311112828.746705
0.100586 0.429688 0.141602 1311112828.791748
0.140625 0.513672 0.141602 1311112828.793749
0.101562 0.571289 0.286133 1311112828.836730
0.084961 0.519531 0.259766 1311112828.879742
0.092773 0.639648 0.333008 1311112828.900726
0.120117 0.724609 0.348633 1311112828.944756
0.216797 0.863281 0.394531 1311112828.965751
0.166992 1.351562 0.628906 1311112829.011741
0.198242 1.981445 0.639648 1311112829.042746
-0.071289 1.982422 0.787109 1311112829.086758
-0.225586 1.982422 0.901367 1311112829.089768
0.275391 1.177734 0.863281 1311112829.120759
0.650391 0.633789 -0.024414 1311112829.154753
0.220703 -0.032227 -0.269531 1311112829.189773
0.096680 -0.907227 -0.018555 1311112829.231756
0.085938 -0.218750 -0.062500 1311112829.254751
0.116211 0.054688 -0.080078 1311112829.297767
0.115234 -0.179688 -0.114258 1311112829.320720
-0.042969 -0.088867 -0.151367 1311112829.343762
0.150391 -0.076172 -0.090820 1311112829.387677
0.342773 -0.121094 -0.057617 1311112829.431761
0.386719 -0.148438 -0.064453 1311112829.454764
0.425781 0.475586 0.290039 1311112829.484690
0.180664 1.981445 1.457031 1311112829.535770
-0.478516 1.982422 1.707031 1311112829.537762
0.197266 1.978516 0.745117 1311112829.579711
0.320312 1.984375 0.880859 1311112829.605800
0.169922 1.909180 1.006836 1311112829.635715
0.088867 0.796875 0.582031 1311112829.689779
-0.209961 -0.079102 0.018555 1311112829.697733
0.007812 -0.685547 -0.235352 1311112829.742760
0.079102 -0.421875 -0.282227 1311112829.802771
0.144531 -0.326172 -0.351562 1311112829.866771
0.112305 -0.239258 -0.244141 1311112829.867755
0.203125 -0.216797 -0.022461 1311112829.869773
0.134766 -0.273438 -0.287109 1311112829.911741
0.134766 -0.273438 -0.287109 1311112829.921756
0.870117 1.132812 0.280273 1311112829.971770
-0.139648 1.980469 0.804688 1311112829.992769
-0.561523 1.982422 1.297852 1311112830.030780
0.170898 1.984375 0.998047 1311112830.054774
0.205078 1.982422 1.015625 1311112830.089782
0.869141 1.360352 0.390625 1311112830.145776
0.619141 0.268555 -0.015625 1311112830.166689
-0.033203 -0.488281 -0.240234 1311112830.189742
-0.032227 -0.564453 -0.072266 1311112830.231744
0.130859 -0.098633 -0.176758 1311112830.254777
0.269531 -0.048828 -0.122070 1311112830.277781
0.057617 -0.247070 -0.286133 1311112830.320780
-0.192383 -0.247070 -0.286133 1311112830.345779
-0.108398 0.024414 -0.138672 1311112830.409754
0.174805 -0.064453 0.229492 1311112830.411723
0.470703 0.107422 0.375000 1311112830.462783
0.881836 1.223633 0.663086 1311112830.484743
-0.204102 1.983398 1.051758 1311112830.509744
0.038086 1.979492 1.150391 1311112830.552740
0.333008 1.978516 1.097656 1311112830.576752
0.010742 1.978516 0.984375 1311112830.609786
0.169922 1.670898 1.083984 1311112830.633789
0.026367 1.019531 1.083984 1311112830.685733
-0.094727 0.019531 1.083984 1311112830.696769
0.231445 -0.414062 -0.119141 1311112830.760799
0.316406 -0.232422 -0.105469 1311112830.785858
0.122070 -0.188477 -0.114258 1311112830.811791
0.016602 -0.120117 -0.280273 1311112830.836792
0.156250 -0.000977 -0.030273 1311112830.858791
0.099609 -0.125000 -0.179688 1311112830.901794
-0.036133 -0.228516 -0.201172 1311112830.926792
0.020508 -0.111328 -0.087891 1311112830.974792
0.598633 0.150391 0.070312 1311112830.997797
0.987305 1.280273 0.679688 1311112831.022795
-0.530273 1.979492 0.868164 1311112831.066716
-0.406250 1.984375 1.538086 1311112831.119806
0.387695 1.978516 1.209961 1311112831.145781
0.280273 1.865234 0.847656 1311112831.167802
0.538086 0.826172 0.104492 1311112831.191745
0.342773 -0.304688 -0.204102 1311112831.230796
0.236328 -0.845703 -0.204102 1311112831.257798
0.198242 -0.187500 -0.333008 1311112831.287716
0.088867 -0.087891 -0.160156 1311112831.331797
0.030273 -0.041016 -0.165039 1311112831.357799
-0.176758 0.009766 -0.201172 1311112831.380802
-0.236328 -0.044922 -0.209961 1311112831.409753
0.084961 0.133789 -0.209961 1311112831.447799
0.555664 0.144531 0.280273 1311112831.492757
0.673828 0.270508 0.395508 1311112831.515750
0.127930 1.630859 1.020508 1311112831.537795
-0.792969 1.980469 1.078125 1311112831.609810
-0.398438 1.978516 1.078125 1311112831.610802
0.143555 1.979492 1.267578 1311112831.640774
0.484375 1.984375 0.936523 1311112831.687757
0.067383 0.958984 0.436523 1311112831.709779
-0.094727 -0.067383 0.049805 1311112831.751760
0.218750 -0.781250 -0.038086 1311112831.774794
0.084961 -0.781250 -0.038086 1311112831.795753
0.037109 -0.203125 -0.244141 1311112831.846811
0.042969 -0.248047 -0.276367 1311112831.883812
-0.032227 -0.074219 -0.242188 1311112831.907739
-0.090820 -0.087891 -0.208984 1311112831.930799
-0.210938 -0.244141 -0.105469 1311112831.955771
0.289062 -0.244141 -0.105469 1311112831.999804
0.868164 1.466797 0.695312 1311112832.021796
-0.334961 1.979492 1.152344 1311112832.076813
-0.153320 1.975586 1.305664 1311112832.102778
0.023438 1.982422 0.857422 1311112832.125834
0.137695 1.977539 0.729492 1311112832.146812
0.437500 1.056641 0.140625 1311112832.210809
0.310547 -0.044922 -0.145508 1311112832.211804
0.012695 -0.044922 -0.145508 1311112832.255828
0.115234 -0.253906 -0.242188 1311112832.304746
0.238281 -0.010742 -0.259766 1311112832.326780
-0.011719 -0.083984 -0.274414 1311112832.349774
-0.336914 -0.062500 -0.226562 1311112832.445816
-0.205078 -0.070312 -0.147461 1311112832.446820
0.300781 -0.168945 -0.108398 1311112832.447814
0.541016 -0.100586 -0.009766 1311112832.485761
0.513672 -0.208984 0.934570 1311112832.506817
0.838867 1.489258 0.902344 1311112832.530825
0.838867 1.489258 0.902344 1311112832.575822
-0.454102 1.981445 0.741211 1311112832.604804
-0.154297 1.981445 1.414062 1311112832.650808
0.322266 1.830078 0.892578 1311112832.672825
-0.067383 0.854492 0.066406 1311112832.717819
-0.122070 -0.251953 -0.084961 1311112832.739825
0.085938 -0.472656 -0.059570 1311112832.765826
0.115234 -0.269531 -0.254883 1311112832.815823
0.090820 -0.082031 -0.122070 1311112832.837830
0.173828 -0.113281 -0.058594 1311112832.883832
0.135742 -0.142578 -0.244141 1311112832.904748
-0.074219 -0.279297 -0.202148 1311112832.927830
-0.223633 -0.181641 -0.377930 1311112832.972804
0.296875 0.060547 0.009766 1311112832.999781
1.049805 0.898438 0.506836 1311112833.021819
0.007812 1.980469 1.022461 1311112833.066829
-0.699219 1.984375 1.042969 1311112833.089817
-0.699219 1.984375 1.042969 1311112833.134844
0.202148 1.980469 1.115234 1311112833.201818
0.368164 1.389648 0.687500 1311112833.202820
0.433594 0.449219 0.039062 1311112833.224838
0.312500 -0.459961 -0.176758 1311112833.245837
0.168945 -0.875000 -0.404297 1311112833.281834
0.190430 -0.161133 -0.256836 1311112833.340842
0.132812 -0.135742 -0.111328 1311112833.352836
-0.030273 -0.171875 -0.153320 1311112833.396789
-0.236328 -0.142578 -0.118164 1311112833.421842
-0.174805 -0.072266 0.018555 1311112833.444797
0.233398 0.063477 0.038086 1311112833.488837
0.398438 0.063477 0.038086 1311112833.511808
0.179688 0.357422 0.925781 1311112833.556845
0.400391 1.981445 1.141602 1311112833.581821
-0.340820 1.978516 1.554688 1311112833.599785
-0.085938 1.980469 1.125977 1311112833.634844
-0.061523 1.978516 1.296875 1311112833.712821
-0.336914 1.582031 0.930664 1311112833.795785
-0.437500 0.548828 0.203125 1311112833.797775
0.163086 -0.199219 -0.166992 1311112833.811835
0.425781 -0.358398 -0.059570 1311112833.812795
0.133789 -0.125977 -0.026367 1311112833.835801
0.016602 -0.125977 -0.026367 1311112833.856813
0.025391 -0.226562 -0.337891 1311112833.901807
0.122070 -0.157227 -0.274414 1311112833.925823
0.076172 -0.111328 -0.298828 1311112833.960849
0.278320 0.089844 0.081055 1311112833.985851
0.664062 0.877930 0.644531 1311112834.029825
0.164062 0.877930 0.644531 1311112834.050854
0.023438 1.980469 0.727539 1311112834.102867
-0.310547 1.248047 0.462891 1311112834.117804
0.162109 1.116211 0.256836 1311112834.147814
0.222656 0.720703 0.080078 1311112834.194842
0.001953 0.789062 0.145508 1311112834.221814
0.199219 0.475586 0.269531 1311112834.269858
0.163086 0.399414 0.269531 1311112834.309830
0.153320 0.635742 0.362305 1311112834.340860
0.072266 0.818359 0.345703 1311112834.354858
0.131836 0.792969 0.237305 1311112834.387860
0.097656 0.772461 0.269531 1311112834.412811
0.105469 0.703125 0.302734 1311112834.434786
0.177734 0.705078 0.324219 1311112834.477861
0.246094 0.675781 0.331055 1311112834.500788
0.255859 0.702148 0.347656 1311112834.544811
0.273438 0.690430 0.291016 1311112834.567853
0.198242 0.722656 0.297852 1311112834.621866
0.178711 0.706055 0.304688 1311112834.644868
0.141602 0.732422 0.310547 1311112834.665859
0.174805 0.740234 0.316406 1311112834.709833
0.214844 0.750000 0.341797 1311112834.755869
0.227539 0.710938 0.318359 1311112834.767870
0.189453 0.710938 0.318359 1311112834.789867
0.174805 0.710938 0.291992 1311112834.834854
