0.116211 0.842773 0.584961 1310160515.205978 
0.150391 0.824219 0.556641 1310160515.227974 
0.150391 0.824219 0.556641 1310160515.270977 
0.132812 0.856445 0.569336 1310160515.316958 
0.134766 0.850586 0.570312 1310160515.339977 
0.092773 0.841797 0.556641 1310160515.382979 
0.126953 0.841797 0.574219 1310160515.406003 
0.136719 0.841797 0.574219 1310160515.427976 
0.141602 0.859375 0.550781 1310160515.477993 
0.118164 0.893555 0.511719 1310160515.500986 
0.134766 0.876953 0.554688 1310160515.530992 
0.204102 0.833984 0.554688 1310160515.575970 
0.159180 0.906250 0.585938 1310160515.625993 
0.170898 0.837891 0.500000 1310160515.627981 
0.186523 0.875977 0.568359 1310160515.666978 
0.120117 0.852539 0.521484 1310160515.689984 
0.048828 0.882812 0.487305 1310160515.736984 
0.041016 0.899414 0.478516 1310160515.759995 
0.058594 0.930664 0.501953 1310160515.782984 
0.058594 0.930664 0.501953 1310160515.807987 
0.041992 0.898438 0.550781 1310160515.851988 
0.089844 0.899414 0.518555 1310160515.897983 
0.058594 0.943359 0.501953 1310160515.920990 
0.049805 0.937500 0.535156 1310160515.964992 
0.050781 0.880859 0.556641 1310160515.965986 
0.068359 0.900391 0.562500 1310160516.016991 
0.057617 0.909180 0.549805 1310160516.040990 
0.014648 0.907227 0.541992 1310160516.087014 
-0.000977 0.966797 0.505859 1310160516.107992 
0.049805 0.894531 0.509766 1310160516.131975 
0.154297 0.800781 0.497070 1310160516.163002 
0.259766 0.824219 0.566406 1310160516.204982 
0.318359 0.897461 0.507812 1310160516.247999 
0.271484 0.922852 0.510742 1310160516.271026 
0.163086 0.913086 0.505859 1310160516.316989 
0.094727 0.980469 0.468750 1310160516.339946 
0.279297 0.926758 0.483398 1310160516.360965 
0.419922 0.813477 0.527344 1310160516.405983 
0.331055 0.805664 0.478516 1310160516.450018 
0.376953 0.860352 0.543945 1310160516.471004 
0.299805 0.934570 0.490234 1310160516.492002 
0.315430 0.898438 0.518555 1310160516.535992 
0.223633 0.898438 0.518555 1310160516.557986 
0.158203 0.953125 0.519531 1310160516.595003 
0.167969 0.973633 0.567383 1310160516.641018 
0.153320 0.936523 0.475586 1310160516.666012 
0.110352 0.902344 0.425781 1310160516.691050 
0.050781 0.928711 0.474609 1310160516.713006 
-0.016602 0.928711 0.474609 1310160516.746004 
0.006836 0.940430 0.552734 1310160516.791004 
-0.220703 0.943359 0.476562 1310160516.822017 
-0.386719 0.874023 0.556641 1310160516.844021 
-0.205078 0.892578 0.519531 1310160516.896023 
-0.067383 1.005859 0.466797 1310160516.920986 
-0.076172 0.985352 0.510742 1310160516.963022 
0.029297 0.887695 0.550781 1310160516.986018 
0.113281 0.792969 0.547852 1310160517.008011 
0.228516 0.869141 0.521484 1310160517.050994 
0.209961 0.861328 0.462891 1310160517.073000 
0.172852 0.865234 0.542969 1310160517.096011 
0.192383 0.919922 0.571289 1310160517.148012 
0.291992 0.790039 0.568359 1310160517.170016 
0.387695 0.785156 0.528320 1310160517.213012 
0.308594 0.820312 0.531250 1310160517.235020 
0.306641 0.939453 0.500000 1310160517.278017 
0.307617 0.956055 0.527344 1310160517.307019 
0.523438 0.829102 0.447266 1310160517.352019 
0.531250 0.790039 0.484375 1310160517.377018 
0.381836 0.925781 0.543945 1310160517.403019 
0.335938 1.063477 0.541992 1310160517.440021 
0.215820 1.002930 0.523438 1310160517.462027 
0.119141 1.002930 0.523438 1310160517.483033 
0.198242 1.002930 0.514648 1310160517.530026 
0.189453 0.983398 0.500000 1310160517.575022 
0.004883 0.949219 0.477539 1310160517.597025 
-0.063477 0.929688 0.527344 1310160517.641032 
-0.043945 0.841797 0.490234 1310160517.666998 
-0.003906 0.841797 0.500977 1310160517.693037 
0.095703 0.930664 0.440430 1310160517.723014 
0.028320 1.049805 0.445312 1310160517.765620 
-0.313477 0.958008 0.470703 1310160517.787021 
-0.409180 0.935547 0.591797 1310160517.828027 
-0.276367 0.972656 0.520508 1310160517.850030 
-0.200195 1.006836 0.532227 1310160517.894031 
-0.179688 0.917969 0.527344 1310160517.917032 
0.015625 0.914062 0.508789 1310160517.941032 
0.143555 0.867188 0.507812 1310160517.983026 
0.157227 0.742188 0.503906 1310160518.008023 
0.125000 0.803711 0.528320 1310160518.032037 
0.168945 0.876953 0.621094 1310160518.100025 
0.245117 0.966797 0.515625 1310160518.100986 
0.339844 0.756836 0.542969 1310160518.167048 
0.441406 0.758789 0.499023 1310160518.203018 
0.335938 0.912109 0.523438 1310160518.205043 
0.237305 0.962891 0.523438 1310160518.241033 
0.312500 0.939453 0.549805 1310160518.264999 
0.562500 0.897461 0.445312 1310160518.305988 
0.500000 0.853516 0.460938 1310160518.327985 
0.365234 0.840820 0.533203 1310160518.375018 
0.273438 0.987305 0.524414 1310160518.403000 
0.230469 0.952148 0.535156 1310160518.468039 
0.136719 0.901367 0.576172 1310160518.470037 
0.104492 0.903320 0.552734 1310160518.504042 
0.088867 0.890625 0.566406 1310160518.527042 
0.136719 0.911133 0.598633 1310160518.554038 
0.171875 0.781250 0.494141 1310160518.600022 
0.150391 0.781250 0.494141 1310160518.621038 
-0.034180 0.948242 0.541016 1310160518.667043 
-0.086914 0.956055 0.541992 1310160518.688037 
0.004883 0.944336 0.446289 1310160518.732045 
0.069336 1.036133 0.431641 1310160518.754044 
-0.115234 0.998047 0.515625 1310160518.797050 
-0.115234 0.998047 0.515625 1310160518.821058 
-0.155273 0.829102 0.488281 1310160518.844049 
0.030273 0.911133 0.528320 1310160518.893049 
-0.106445 0.916016 0.566406 1310160518.914047 
-0.016602 0.871094 0.556641 1310160518.937046 
0.026367 0.857422 0.593750 1310160518.971031 
-0.006836 0.875977 0.565430 1310160519.013063 
-0.006836 0.859375 0.535156 1310160519.057051 
0.078125 0.861328 0.539062 1310160519.083051 
0.183594 0.814453 0.535156 1310160519.107055 
0.286133 0.783203 0.519531 1310160519.149055 
0.315430 0.802734 0.570312 1310160519.171052 
0.315430 0.802734 0.570312 1310160519.192050 
0.315430 0.802734 0.570312 1310160519.237054 
0.215820 0.891602 0.577148 1310160519.281058 
0.231445 0.998047 0.593750 1310160519.327061 
0.454102 0.867188 0.513672 1310160519.328052 
0.643555 0.771484 0.469727 1310160519.372034 
0.458984 0.756836 0.476562 1310160519.404033 
0.278320 0.852539 0.511719 1310160519.439077 
0.214844 0.977539 0.525391 1310160519.503057 
0.241211 0.964844 0.558594 1310160519.504054 
0.188477 0.924805 0.447266 1310160519.527057 
0.166992 0.924805 0.462891 1310160519.550060 
0.230469 0.896484 0.537109 1310160519.593061 
0.159180 0.917969 0.477539 1310160519.624074 
0.172852 0.904297 0.500000 1310160519.667066 
0.196289 0.905273 0.498047 1310160519.689064 
0.075195 0.902344 0.462891 1310160519.711064 
-0.096680 0.925781 0.472656 1310160519.757067 
-0.096680 0.925781 0.472656 1310160519.778057 
-0.033203 0.949219 0.503906 1310160519.831067 
0.092773 0.957031 0.503906 1310160519.853068 
0.132812 0.998047 0.448242 1310160519.876065 
-0.163086 1.011719 0.429688 1310160519.923072 
-0.329102 0.983398 0.513672 1310160519.944065 
-0.209961 0.983398 0.478516 1310160519.990074 
-0.145508 0.995117 0.517578 1310160520.009064 
-0.151367 0.908203 0.495117 1310160520.053073 
-0.024414 0.854492 0.488281 1310160520.074067 
0.130859 0.910156 0.471680 1310160520.098074 
0.098633 0.816406 0.439453 1310160520.142075 
0.062500 0.924805 0.474609 1310160520.167070 
0.055664 0.909180 0.499023 1310160520.199072 
0.161133 0.872070 0.548828 1310160520.242073 
0.288086 0.825195 0.488281 1310160520.264071 
0.446289 0.815430 0.505859 1310160520.287077 
0.417969 0.842773 0.477539 1310160520.332025 
0.192383 0.883789 0.435547 1310160520.374081 
0.135742 0.939453 0.513672 1310160520.397091 
0.296875 0.993164 0.535156 1310160520.440076 
0.598633 0.848633 0.485352 1310160520.462084 
0.552734 0.791992 0.416992 1310160520.486082 
0.361328 0.863281 0.469727 1310160520.531081 
0.246094 0.957031 0.523438 1310160520.576079 
0.210938 0.983398 0.480469 1310160520.598095 
0.240234 1.004883 0.517578 1310160520.619075 
0.222656 0.983398 0.512695 1310160520.644089 
0.159180 0.983398 0.262695 1310160520.686093 
0.258789 0.906250 0.459961 1310160520.754089 
0.348633 0.901367 0.431641 1310160520.791083 
0.384766 0.945312 0.387695 1310160520.792076 
0.212891 0.954102 0.394531 1310160520.811075 
0.059570 0.954102 0.477539 1310160520.854094 
0.015625 0.954102 0.463867 1310160520.879086 
-0.061523 0.946289 0.457031 1310160520.923088 
-0.010742 0.837891 0.455078 1310160520.966089 
0.102539 0.924805 0.491211 1310160520.967083 
0.140625 1.002930 0.424805 1310160521.037094 
-0.158203 1.014648 0.440430 1310160521.038089 
-0.291016 0.973633 0.542969 1310160521.074102 
-0.158203 0.942383 0.486328 1310160521.107106 
-0.107422 0.894531 0.489258 1310160521.149092 
0.002930 0.854492 0.536133 1310160521.172090 
0.071289 0.857422 0.541992 1310160521.196091 
0.132812 0.860352 0.552734 1310160521.239096 
0.156250 0.810547 0.561523 1310160521.262099 
0.151367 0.869141 0.574219 1310160521.301095 
0.157227 0.864258 0.544922 1310160521.324095 
0.182617 0.878906 0.581055 1310160521.369099 
0.152344 0.925781 0.562500 1310160521.396100 
0.113281 0.925781 0.596680 1310160521.444190 
0.125000 0.846680 0.517578 1310160521.466104 
0.192383 0.849609 0.535156 1310160521.498292 
0.224609 0.914062 0.505859 1310160521.541107 
0.160156 0.927734 0.464844 1310160521.561094 
0.138672 0.950195 0.553711 1310160521.587101 
0.287109 0.950195 0.567383 1310160521.610082 
0.348633 0.984375 0.500000 1310160521.654102 
0.338867 0.840820 0.449219 1310160521.698115 
0.255859 0.887695 0.453125 1310160521.719099 
0.239258 0.944336 0.502930 1310160521.767103 
0.289062 0.880859 0.531250 1310160521.789111 
0.294922 0.793945 0.515625 1310160521.813106 
0.263672 0.831055 0.528320 1310160521.863104 
0.226562 0.913086 0.516602 1310160521.888103 
0.169922 0.916016 0.527344 1310160521.909113 
0.144531 0.918945 0.549805 1310160521.953106 
0.156250 0.904297 0.508789 1310160521.974107 
0.244141 0.853516 0.510742 1310160522.045098 
0.263672 0.862305 0.500977 1310160522.082104 
0.175781 0.892578 0.501953 1310160522.083100 
0.153320 0.911133 0.507812 1310160522.124106 
0.164062 0.862305 0.542969 1310160522.147115 
0.212891 0.888672 0.503906 1310160522.169119 
0.130859 0.875000 0.532227 1310160522.195110 
0.124023 0.893555 0.519531 1310160522.228110 
