0.397461 0.734375 0.250000 1310582978.843629
0.451172 0.842773 0.314453 1310582978.858627
0.271484 0.758789 0.263672 1310582978.946631
0.107422 0.726562 0.207031 1310582978.947645
0.215820 0.696289 0.207031 1310582978.949629
0.296875 0.736328 0.195312 1310582978.996680
0.285156 0.740234 0.165039 1310582979.018661
0.301758 0.753906 0.125000 1310582979.081681
0.294922 0.830078 0.132812 1310582979.167633
0.156250 0.822266 0.208008 1310582979.175684
0.154297 0.808594 0.248047 1310582979.185688
0.218750 0.867188 0.288086 1310582979.195685
0.222656 0.776367 0.251953 1310582979.217688
0.102539 0.795898 0.269531 1310582979.263634
0.073242 0.753906 0.267578 1310582979.285639
0.167969 0.757812 0.274414 1310582979.333697
0.177734 0.730469 0.249023 1310582979.340670
0.175781 0.673828 0.302734 1310582979.377694
0.208984 0.639648 0.306641 1310582979.433690
0.233398 0.677734 0.272461 1310582979.521699
0.268555 0.718750 0.301758 1310582979.522690
0.288086 0.724609 0.322266 1310582979.543697
0.409180 0.690430 0.290039 1310582979.566695
0.450195 0.709961 0.350586 1310582979.567666
0.527344 0.605469 0.355469 1310582979.612696
0.492188 0.682617 0.259766 1310582979.637699
0.456055 0.667969 0.250000 1310582979.720696
0.467773 0.662109 0.227539 1310582979.727696
0.291992 0.741211 0.254883 1310582979.742702
0.116211 0.804688 0.316406 1310582979.763667
0.133789 0.743164 0.341797 1310582979.858714
0.228516 0.698242 0.303711 1310582979.893678
0.324219 0.741211 0.276367 1310582979.941690
0.314453 0.749023 0.026367 1310582979.943667
0.264648 0.750000 0.209961 1310582979.983677
0.267578 0.722656 0.195312 1310582979.986671
0.224609 0.750977 0.210938 1310582979.998651
0.225586 0.780273 0.247070 1310582980.026649
0.155273 0.792969 0.255859 1310582980.125702
0.137695 0.741211 0.290039 1310582980.126677
0.183594 0.757812 0.251953 1310582980.138677
0.181641 0.720703 0.253906 1310582980.147677
0.180664 0.769531 0.280273 1310582980.192713
0.197266 0.749023 0.241211 1310582980.213684
0.219727 0.717773 0.238281 1310582980.261656
0.218750 0.717773 0.238281 1310582980.282672
0.176758 0.744141 0.246094 1310582980.330693
0.184570 0.787109 0.277344 1310582980.352712
0.162109 0.772461 0.276367 1310582980.378715
0.125977 0.759766 0.271484 1310582980.408686
0.202148 0.792969 0.250000 1310582980.431712
0.208984 0.792969 0.250000 1310582980.467717
0.212891 0.760742 0.239258 1310582980.516713
0.213867 0.763672 0.233398 1310582980.540717
0.266602 0.712891 0.259766 1310582980.583722
0.242188 0.737305 0.248047 1310582980.607678
0.246094 0.774414 0.253906 1310582980.631717
0.196289 0.704102 0.283203 1310582980.678715
0.240234 0.750000 0.213867 1310582980.700721
0.184570 0.787109 0.281250 1310582980.723693
0.213867 0.759766 0.268555 1310582980.772669
0.227539 0.777344 0.276367 1310582980.795719
0.233398 0.744141 0.241211 1310582980.817722
0.233398 0.744141 0.241211 1310582980.851678
0.210938 0.762695 0.247070 1310582980.898694
0.163086 0.751953 0.262695 1310582980.945723
0.181641 0.752930 0.249023 1310582980.967690
0.138672 0.747070 0.249023 1310582981.037700
0.159180 0.791016 0.249023 1310582981.039695
0.150391 0.774414 0.242188 1310582981.063671
0.201172 0.786133 0.240234 1310582981.103731
0.183594 0.779297 0.214844 1310582981.131733
0.185547 0.767578 0.246094 1310582981.182733
0.205078 0.749023 0.221680 1310582981.218674
0.202148 0.999023 0.221680 1310582981.220673
0.226562 0.744141 0.196289 1310582981.248673
0.215820 0.783203 0.238281 1310582981.292736
0.277344 0.738281 0.247070 1310582981.400736
0.259766 0.767578 0.252930 1310582981.440737
0.283203 0.745117 0.288086 1310582981.446730
0.299805 0.814453 0.249023 1310582981.491726
