0.113281 0.895508 -0.094727 1309540645.159877
0.120117 0.874023 -0.090820 1309540645.180879
0.107422 0.869141 -0.085938 1309540645.181879
0.094727 0.853516 -0.085938 1309540645.199881
0.120117 0.851562 -0.100586 1309540645.225886
0.123047 0.883789 -0.083984 1309540645.260888
0.115234 0.843750 -0.069336 1309540645.283861
0.122070 0.871094 -0.081055 1309540645.305883
0.114258 0.867188 -0.110352 1309540645.356866
0.138672 0.898438 -0.110352 1309540645.378890
0.138672 0.898438 -0.110352 1309540645.403891
0.104492 0.852539 -0.057617 1309540645.453887
0.046875 0.880859 -0.068359 1309540645.475892
0.017578 0.857422 -0.094727 1309540645.521887
0.053711 0.820312 -0.083008 1309540645.544425
0.071289 0.820312 -0.083008 1309540645.566892
0.078125 0.876953 -0.063477 1309540645.613914
0.102539 0.883789 -0.083984 1309540645.635893
0.153320 0.874023 -0.077148 1309540645.679893
0.123047 0.867188 -0.074219 1309540645.701893
0.174805 0.877930 -0.083984 1309540645.745879
0.223633 0.877930 -0.083984 1309540645.768891
0.258789 0.909180 -0.091797 1309540645.810894
0.327148 0.864258 -0.048828 1309540645.831887
0.271484 0.835938 -0.071289 1309540645.856895
0.155273 0.815430 -0.086914 1309540645.904872
0.104492 0.896484 -0.086914 1309540645.919897
0.084961 0.912109 -0.075195 1309540645.970896
0.023438 0.850586 -0.048828 1309540645.993900
-0.083008 0.828125 0.007812 1309540646.038896
-0.124023 0.865234 0.087891 1309540646.061884
-0.015625 0.892578 0.044922 1309540646.084902
0.157227 0.907227 -0.011719 1309540646.106898
0.316406 0.748047 -0.053711 1309540646.156902
0.281250 0.746094 -0.150391 1309540646.179902
-0.011719 0.922852 -0.176758 1309540646.226910
-0.213867 0.947266 -0.126953 1309540646.248898
-0.129883 0.872070 -0.046875 1309540646.270907
-0.031250 0.875000 -0.069336 1309540646.314077
0.007812 0.839844 -0.025391 1309540646.334900
0.042969 0.839844 -0.025391 1309540646.377910
0.111328 0.826172 0.071289 1309540646.455908
0.228516 0.773438 0.072266 1309540646.456904
0.370117 0.792969 0.146484 1309540646.480909
0.418945 0.892578 0.146484 1309540646.502908
0.466797 0.903320 0.066406 1309540646.552921
0.202148 0.884766 -0.052734 1309540646.580913
-0.247070 0.924805 -0.133789 1309540646.601911
-0.227539 0.897461 -0.092773 1309540646.625916
0.355469 0.753906 -0.001953 1309540646.660905
0.646484 0.771484 -0.081055 1309540646.704893
0.430664 0.856445 -0.014648 1309540646.728912
0.148438 0.902344 -0.001953 1309540646.781909
0.100586 0.902344 -0.022461 1309540646.808917
0.146484 0.872070 0.000977 1309540646.835916
0.077148 0.824219 0.040039 1309540646.848911
0.064453 0.792969 0.050781 1309540646.890914
0.039062 0.865234 0.018555 1309540646.935934
0.020508 0.879883 0.041992 1309540646.958930
0.111328 0.880859 0.003906 1309540647.006919
0.202148 0.799805 -0.078125 1309540647.028917
0.211914 0.860352 -0.138672 1309540647.050919
0.000000 0.892578 -0.141602 1309540647.081920
-0.229492 0.922852 -0.085938 1309540647.120922
-0.248047 0.903320 -0.078125 1309540647.163899
-0.070312 0.866211 -0.091797 1309540647.184897
0.019531 0.855469 -0.047852 1309540647.206927
0.080078 0.836914 -0.047852 1309540647.233930
0.089844 0.819336 -0.041016 1309540647.279936
0.171875 0.789062 -0.010742 1309540647.323923
0.334961 0.804688 0.089844 1309540647.365928
0.432617 0.863281 0.092773 1309540647.368925
0.472656 0.921875 0.040039 1309540647.425924
0.358398 0.875977 -0.053711 1309540647.446928
-0.086914 0.915039 -0.177734 1309540647.483928
-0.331055 0.935547 -0.164062 1309540647.511940
0.087891 0.839844 -0.052734 1309540647.541893
0.580078 0.760742 0.051758 1309540647.563933
0.502930 0.764648 0.016602 1309540647.611930
0.240234 0.886719 0.064453 1309540647.638931
0.085938 0.898438 -0.011719 1309540647.713942
0.155273 0.897461 0.052734 1309540647.738932
0.077148 0.818359 0.071289 1309540647.739936
0.055664 0.826172 0.076172 1309540647.759935
-0.025391 0.833984 0.026367 1309540647.803936
0.014648 0.833984 0.026367 1309540647.824934
0.039062 0.845703 0.013672 1309540647.869938
0.144531 0.756836 -0.013672 1309540647.894936
0.270508 0.824219 -0.115234 1309540647.918937
0.189453 0.917969 -0.173828 1309540647.964935
-0.160156 0.916016 -0.161133 1309540647.988942
-0.261719 0.951172 -0.096680 1309540648.010940
-0.108398 0.884766 -0.098633 1309540648.056937
0.039062 0.889648 -0.058594 1309540648.084937
0.099609 0.886719 -0.050781 1309540648.118938
0.114258 0.882812 -0.018555 1309540648.151943
0.166992 0.827148 -0.075195 1309540648.166937
0.243164 0.827148 -0.075195 1309540648.203947
0.385742 0.751953 0.043945 1309540648.248922
0.473633 0.843750 0.113281 1309540648.283948
0.429688 0.916016 0.062500 1309540648.306950
0.072266 0.930664 -0.137695 1309540648.350942
-0.342773 0.908203 -0.137695 1309540648.373948
-0.175781 0.837891 -0.094727 1309540648.416947
0.402344 0.736328 0.024414 1309540648.461943
0.627930 0.718750 -0.001953 1309540648.483949
0.408203 0.849609 0.006836 1309540648.504929
0.152344 0.916992 0.037109 1309540648.540952
0.107422 0.929688 0.037109 1309540648.564952
0.151367 0.878906 0.022461 1309540648.624928
0.083008 0.817383 0.036133 1309540648.633948
0.057617 0.796875 0.000977 1309540648.668954
0.004883 0.789062 -0.015625 1309540648.710953
0.008789 0.896484 0.019531 1309540648.745961
0.008789 0.896484 0.019531 1309540648.746945
0.208008 0.830078 -0.119141 1309540648.796954
0.274414 0.856445 -0.120117 1309540648.840956
0.041016 0.886719 -0.109375 1309540648.865958
-0.200195 0.912109 -0.117188 1309540648.888960
-0.227539 0.881836 -0.093750 1309540648.911959
-0.071289 0.863281 -0.044922 1309540648.955966
0.007812 0.886719 -0.032227 1309540649.022955
0.032227 0.841797 0.000000 1309540649.041960
0.125000 0.882812 -0.026367 1309540649.064940
0.122070 0.818359 -0.065430 1309540649.088965
0.215820 0.790039 0.017578 1309540649.114962
0.296875 0.788086 0.100586 1309540649.158962
0.405273 0.853516 0.085938 1309540649.181961
0.370117 0.814453 0.062500 1309540649.226966
0.167969 0.871094 -0.049805 1309540649.249958
-0.192383 0.920898 -0.123047 1309540649.275965
-0.135742 0.937500 -0.123047 1309540649.298962
0.371094 0.718750 0.016602 1309540649.343941
0.677734 0.708984 0.032227 1309540649.388968
0.447266 0.836914 -0.023438 1309540649.409965
0.154297 0.929688 0.021484 1309540649.454973
0.036133 0.927734 -0.040039 1309540649.479963
0.120117 0.874023 -0.004883 1309540649.504945
0.092773 0.874023 -0.004883 1309540649.541968
0.092773 0.819336 0.020508 1309540649.571968
0.079102 0.827148 0.044922 1309540649.596004
0.081055 0.914062 -0.011719 1309540649.639975
0.049805 0.888672 -0.009766 1309540649.661968
0.049805 0.888672 -0.009766 1309540649.689969
0.323242 0.888672 -0.126953 1309540649.731973
0.055664 0.882812 -0.147461 1309540649.754969
-0.208008 0.901367 -0.070312 1309540649.803976
-0.163086 0.848633 -0.063477 1309540649.825976
0.009766 0.849609 -0.064453 1309540649.868971
0.009766 0.849609 -0.064453 1309540649.890975
0.040039 0.917969 -0.021484 1309540649.934988
0.038086 0.853516 -0.023438 1309540649.956997
0.128906 0.836914 -0.028320 1309540650.004994
0.205078 0.807617 -0.011719 1309540650.010988
0.213867 0.876953 0.051758 1309540650.055983
0.323242 0.840820 0.070312 1309540650.085958
0.418945 0.784180 0.048828 1309540650.129949
0.363281 0.851562 0.017578 1309540650.144978
0.074219 0.923828 -0.069336 1309540650.181988
-0.181641 0.841797 -0.022461 1309540650.211995
0.145508 0.773438 0.045898 1309540650.241977
0.561523 0.687500 0.116211 1309540650.309985
0.544922 0.808594 0.065430 1309540650.310978
0.260742 0.875000 0.024414 1309540650.332010
0.112305 0.919922 0.022461 1309540650.370034
0.120117 0.876953 0.023438 1309540650.416979
0.137695 0.875977 -0.031250 1309540650.438969
0.156250 0.855469 -0.005859 1309540650.462000
0.175781 0.843750 -0.026367 1309540650.503960
0.161133 0.893555 -0.027344 1309540650.528976
0.138672 0.883789 -0.041992 1309540650.571986
0.151367 0.843750 -0.034180 1309540650.596989
0.166992 0.849609 -0.104492 1309540650.639970
0.142578 0.815430 -0.061523 1309540650.663967
0.163086 0.804688 -0.026367 1309540650.705963
0.146484 0.846680 -0.039062 1309540650.735998
0.117188 0.835938 -0.051758 1309540650.763994
0.148438 0.831055 -0.038086 1309540650.784972
0.148438 0.831055 -0.038086 1309540650.809996
0.097656 0.892578 -0.052734 1309540650.865997
0.081055 0.852539 -0.037109 1309540650.898996
0.063477 0.880859 -0.036133 1309540650.924010
0.024414 0.880859 -0.066406 1309540650.971006
0.053711 0.849609 -0.069336 1309540650.991997
0.083984 0.872070 -0.046875 1309540651.016998
0.102539 0.835938 -0.045898 1309540651.063975
0.071289 0.888672 -0.031250 1309540651.084974
0.088867 0.869141 -0.083008 1309540651.106997
0.118164 0.874023 -0.080078 1309540651.152004
0.124023 0.868164 -0.030273 1309540651.177002
0.169922 0.858398 -0.062500 1309540651.214002
0.120117 0.876953 -0.052734 1309540651.261003
0.132812 0.861328 -0.120117 1309540651.272007
0.113281 0.872070 -0.089844 1309540651.326001
0.143555 0.885742 -0.055664 1309540651.350001
0.129883 0.851562 -0.050781 1309540651.372015
0.142578 0.880859 -0.043945 1309540651.397005
0.113281 0.880859 -0.043945 1309540651.435002
0.096680 0.872070 -0.046875 1309540651.475989
0.082031 0.855469 -0.090820 1309540651.499002
0.083008 0.824219 -0.072266 1309540651.576011
0.118164 0.806641 -0.062500 1309540651.604007
0.083984 0.877930 -0.081055 1309540651.606007
0.090820 0.911133 -0.047852 1309540651.646007
0.105469 0.846680 -0.083008 1309540651.672010
0.060547 0.849609 -0.059570 1309540651.691012
0.046875 0.879883 -0.097656 1309540651.737005
0.083984 0.883789 -0.078125 1309540651.759012
0.107422 0.875000 -0.061523 1309540651.803010
0.084961 0.858398 -0.073242 1309540651.824983
0.071289 0.853516 -0.056641 1309540651.851010
