0.202148 0.792969 0.284180 1310582251.380544
0.216797 0.817383 0.257812 1310582251.381512
0.251953 0.779297 0.212891 1310582251.404588
0.237305 0.693359 0.224609 1310582251.449567
0.221680 0.694336 0.235352 1310582251.452516
0.198242 0.748047 0.252930 1310582251.497533
0.162109 0.730469 0.002930 1310582251.522532
0.101562 0.724609 0.248047 1310582251.572579
0.044922 0.767578 0.279297 1310582251.594612
0.102539 0.728516 0.297852 1310582251.637611
0.139648 0.807617 0.317383 1310582251.659539
0.206055 0.742188 0.333984 1310582251.689538
0.245117 0.720703 0.306641 1310582251.735477
0.315430 0.684570 0.347656 1310582251.756502
0.313477 0.694336 0.311523 1310582251.800607
0.313477 0.722656 0.319336 1310582251.812538
0.282227 0.722656 0.319336 1310582251.859537
0.241211 0.697266 0.267578 1310582251.880609
0.288086 0.729492 0.269531 1310582251.929577
0.250977 0.733398 0.293945 1310582251.952526
0.256836 0.763672 0.295898 1310582251.974489
0.280273 0.765625 0.272461 1310582252.020555
0.203125 0.785156 0.254883 1310582252.042487
0.261719 0.785156 0.254883 1310582252.066489
0.222656 0.710938 0.264648 1310582252.129554
0.186523 0.764648 0.290039 1310582252.174492
0.204102 0.737305 0.267578 1310582252.195519
0.231445 0.713867 0.258789 1310582252.216501
0.276367 0.707031 0.250000 1310582252.250525
0.272461 0.738281 0.252930 1310582252.270517
0.263672 0.719727 0.261719 1310582252.314590
0.233398 0.674805 0.276367 1310582252.335538
0.254883 0.738281 0.283203 1310582252.379502
0.291016 0.708984 0.262695 1310582252.400502
0.293945 0.775391 0.301758 1310582252.424621
0.240234 0.686523 0.292969 1310582252.475546
0.235352 0.753906 0.289062 1310582252.497572
0.214844 0.715820 0.312500 1310582252.520635
0.272461 0.688477 0.320312 1310582252.561629
0.258789 0.728516 0.303711 1310582252.584600
0.257812 0.712891 0.333984 1310582252.664557
0.262695 0.721680 0.331055 1310582252.689572
0.291992 0.710938 0.252930 1310582252.710545
0.211914 0.771484 0.295898 1310582252.739507
0.141602 0.767578 0.305664 1310582252.765571
0.153320 0.741211 0.272461 1310582252.787555
0.180664 0.756836 0.318359 1310582252.847564
0.166992 0.750000 0.311523 1310582252.849559
0.190430 0.682617 0.335938 1310582252.896538
0.234375 0.723633 0.311523 1310582252.940542
0.209961 0.720703 0.288086 1310582252.941544
0.280273 0.716797 0.288086 1310582252.965538
0.267578 0.726562 0.241211 1310582253.012509
0.268555 0.747070 0.254883 1310582253.052559
0.262695 0.730469 0.272461 1310582253.075542
0.309570 0.776367 0.287109 1310582253.120555
0.282227 0.681641 0.258789 1310582253.145544
0.285156 0.689453 0.258789 1310582253.167568
0.278320 0.705078 0.282227 1310582253.214516
0.226562 0.691406 0.286133 1310582253.239541
0.231445 0.748047 0.292969 1310582253.265537
0.229492 0.716797 0.291016 1310582253.310544
0.238281 0.744141 0.299805 1310582253.334514
0.238281 0.744141 0.299805 1310582253.359516
0.266602 0.686523 0.282227 1310582253.414650
0.270508 0.730469 0.285156 1310582253.461586
0.248047 0.759766 0.288086 1310582253.462610
0.254883 0.708984 0.268555 1310582253.486651
0.235352 0.695312 0.310547 1310582253.521577
0.264648 0.742188 0.272461 1310582253.576550
0.273438 0.687500 0.264648 1310582253.599644
0.250977 0.716797 0.264648 1310582253.622589
0.261719 0.728516 0.291992 1310582253.664521
0.250977 0.711914 0.256836 1310582253.686518
0.259766 0.718750 0.319336 1310582253.709585
0.264648 0.712891 0.295898 1310582253.761616
0.281250 0.763672 0.321289 1310582253.782564
0.279297 0.691406 0.281250 1310582253.827575
0.258789 0.711914 0.265625 1310582253.840567
0.195312 0.765625 0.288086 1310582253.942601
0.166016 0.743164 0.277344 1310582253.963682
0.118164 0.804688 0.239258 1310582253.977549
0.072266 0.787109 0.271484 1310582253.979528
0.163086 0.765625 0.291016 1310582254.021529
0.188477 0.683594 0.310547 1310582254.042568
0.321289 0.671875 0.304688 1310582254.065656
0.332031 0.710938 0.294922 1310582254.108543
0.275391 0.707031 0.320312 1310582254.141566
0.272461 0.722656 0.306641 1310582254.201536
0.274414 0.747070 0.284180 1310582254.205530
0.270508 0.747070 0.287109 1310582254.227559
0.241211 0.738281 0.268555 1310582254.275666
0.255859 0.724609 0.297852 1310582254.322644
0.223633 0.728516 0.260742 1310582254.324661
0.214844 0.730469 0.263672 1310582254.367660
0.225586 0.755859 0.247070 1310582254.399600
0.239258 0.771484 0.237305 1310582254.442614
0.256836 0.734375 0.229492 1310582254.475664
0.254883 0.728516 0.479492 1310582254.493630
0.183594 0.761719 0.257812 1310582254.540619
0.244141 0.756836 0.264648 1310582254.561670
0.244141 0.725586 0.263672 1310582254.605667
0.239258 0.765625 0.241211 1310582254.626569
0.252930 0.734375 0.240234 1310582254.647539
0.245117 0.693359 0.264648 1310582254.691592
0.284180 0.733398 0.276367 1310582254.717668
0.234375 0.716797 0.282227 1310582254.746667
0.244141 0.739258 0.270508 1310582254.790643
0.218750 0.710938 0.278320 1310582254.811607
0.213867 0.724609 0.310547 1310582254.855546
0.235352 0.733398 0.296875 1310582254.890575
0.252930 0.740234 0.279297 1310582254.912605
0.277344 0.732422 0.266602 1310582254.955548
0.294922 0.732422 0.291016 1310582254.977565
0.265625 0.744141 0.231445 1310582255.006578
0.228516 0.742188 0.231445 1310582255.029642
0.152344 0.695312 0.274414 1310582255.082815
0.121094 0.810547 0.265625 1310582255.105576
0.165039 0.760742 0.250000 1310582255.147586
0.190430 0.720703 0.273438 1310582255.182601
0.237305 0.710938 0.299805 1310582255.229563
0.282227 0.730469 0.299805 1310582255.230576
0.268555 0.711914 0.281250 1310582255.295653
0.218750 0.742188 0.283203 1310582255.296584
0.251953 0.747070 0.273438 1310582255.352612
0.249023 0.748047 0.278320 1310582255.353619
0.235352 0.713867 0.267578 1310582255.386630
0.235352 0.713867 0.267578 1310582255.429621
0.236328 0.749023 0.287109 1310582255.473680
0.228516 0.748047 0.273438 1310582255.496594
0.232422 0.717773 0.236328 1310582255.541602
0.159180 0.743164 0.254883 1310582255.562685
0.227539 0.741211 0.258789 1310582255.592589
0.249023 0.741211 0.246094 1310582255.621561
0.218750 0.747070 0.268555 1310582255.663608
0.218750 0.744141 0.289062 1310582255.686685
0.155273 0.781250 0.266602 1310582255.708654
0.211914 0.764648 0.280273 1310582255.758651
0.239258 0.746094 0.284180 1310582255.783701
0.256836 0.725586 0.260742 1310582255.825573
0.218750 0.732422 0.227539 1310582255.858629
0.177734 0.724609 0.286133 1310582255.876667
0.205078 0.739258 0.275391 1310582255.910627
0.238281 0.753906 0.262695 1310582255.932594
0.220703 0.696289 0.254883 1310582255.976623
0.215820 0.750000 0.290039 1310582256.000593
0.200195 0.727539 0.269531 1310582256.043566
0.175781 0.714844 0.270508 1310582256.083705
0.224609 0.742188 0.264648 1310582256.108598
0.241211 0.817383 0.267578 1310582256.165593
0.275391 0.773438 0.243164 1310582256.168246
0.265625 0.523438 0.243164 1310582256.189676
0.240234 0.737305 0.276367 1310582256.237613
0.231445 0.775391 0.250977 1310582256.286703
0.225586 0.727539 0.204102 1310582256.292670
0.175781 0.753906 0.241211 1310582256.335657
0.175781 0.753906 0.241211 1310582256.356632
0.189453 0.732422 0.257812 1310582256.401628
0.203125 0.746094 0.254883 1310582256.425559
0.247070 0.741211 0.214844 1310582256.500648
0.207031 0.799805 0.252930 1310582256.525668
0.205078 0.763672 0.260742 1310582256.541618
0.221680 0.763672 0.260742 1310582256.556622
0.229492 0.716797 0.276367 1310582256.587579
0.202148 0.737305 0.261719 1310582256.622637
0.217773 0.761719 0.237305 1310582256.667657
0.246094 0.808594 0.243164 1310582256.691639
0.244141 0.712891 0.272461 1310582256.701622
0.266602 0.763672 0.262695 1310582256.743621
0.237305 0.721680 0.233398 1310582256.795586
0.228516 0.718750 0.270508 1310582256.820585
0.232422 0.749023 0.275391 1310582256.862585
0.266602 0.758789 0.213867 1310582256.887584
0.238281 0.708008 0.255859 1310582256.926611
0.248047 0.708008 0.255859 1310582256.936616
0.201172 0.718750 0.284180 1310582256.986587
0.236328 0.772461 0.275391 1310582257.007859
0.247070 0.706055 0.253906 1310582257.031617
0.212891 0.730469 0.277344 1310582257.081589
0.239258 0.709961 0.289062 1310582257.105590
0.257812 0.689453 0.283203 1310582257.127614
0.266602 0.759766 0.273438 1310582257.171693
0.207031 0.785156 0.267578 1310582257.193647
0.206055 0.757812 0.271484 1310582257.237649
0.185547 0.710938 0.286133 1310582257.291658
0.222656 0.734375 0.285156 1310582257.295720
0.188477 0.733398 0.192383 1310582257.341654
0.234375 0.773438 0.258789 1310582257.365720
0.224609 0.748047 0.273438 1310582257.388674
0.261719 0.751953 0.265625 1310582257.433677
0.321289 0.705078 0.248047 1310582257.455732
0.321289 0.705078 0.248047 1310582257.477725
0.333008 0.690430 0.263672 1310582257.522594
0.268555 0.688477 0.303711 1310582257.566652
0.152344 0.787109 0.299805 1310582257.587716
0.134766 0.785156 0.262695 1310582257.611733
0.109375 0.791016 0.254883 1310582257.647733
0.143555 0.751953 0.254883 1310582257.671671
0.210938 0.726562 0.268555 1310582257.709735
0.315430 0.726562 0.246094 1310582257.788616
0.386719 0.763672 0.265625 1310582257.813646
