-0.235352 0.779297 0.115234 1311115633.418309
-0.242188 0.785156 0.110352 1311115633.441310
-0.227539 0.772461 0.126953 1311115633.486310
-0.232422 0.791016 0.147461 1311115633.511309
-0.213867 0.775391 0.080078 1311115633.555298
-0.208008 0.781250 0.140625 1311115633.578243
-0.245117 0.791016 0.153320 1311115633.601311
-0.219727 0.794922 0.114258 1311115633.645237
-0.267578 0.786133 0.146484 1311115633.670317
-0.258789 0.785156 0.138672 1311115633.703314
-0.008789 0.785156 0.138672 1311115633.726260
-0.188477 0.783203 0.213867 1311115633.768306
-0.197266 0.792969 0.234375 1311115633.793312
-0.187500 0.793945 0.246094 1311115633.837315
-0.171875 0.767578 0.217773 1311115633.860322
-0.120117 0.803711 0.229492 1311115633.906319
-0.093750 0.759766 0.291992 1311115633.931305
-0.077148 0.749023 0.287109 1311115633.960285
-0.103516 0.779297 0.279297 1311115633.991320
-0.037109 0.957031 0.458008 1311115634.070315
0.028320 1.109375 0.608398 1311115634.073313
0.011719 0.798828 0.484375 1311115634.092260
0.143555 0.644531 0.407227 1311115634.137322
0.271484 0.857422 0.512695 1311115634.180325
0.344727 0.736328 0.590820 1311115634.202322
0.266602 0.731445 0.566406 1311115634.223324
0.302734 0.732422 0.578125 1311115634.247269
0.329102 0.768555 0.541992 1311115634.269420
0.346680 0.759766 0.517578 1311115634.313326
0.311523 0.509766 0.517578 1311115634.337327
0.272461 0.675781 0.387695 1311115634.382329
0.248047 0.710938 0.391602 1311115634.406327
0.187500 0.666016 0.307617 1311115634.433337
0.141602 0.636719 0.307617 1311115634.460249
0.241211 0.583984 0.266602 1311115634.501293
0.232422 0.526367 0.274414 1311115634.553287
0.212891 0.495117 0.252930 1311115634.578333
0.229492 0.468750 0.196289 1311115634.611331
0.286133 0.464844 0.199219 1311115634.638326
0.365234 0.464844 0.199219 1311115634.663316
0.364258 0.362305 0.146484 1311115634.706331
0.304688 0.439453 0.130859 1311115634.749275
0.253906 0.522461 0.209961 1311115634.769321
0.323242 0.630859 0.304688 1311115634.792380
0.309570 0.672852 0.342773 1311115634.839345
0.291016 0.672852 0.342773 1311115634.861337
0.303711 0.650391 0.332031 1311115634.904333
0.335938 0.660156 0.353516 1311115634.927337
0.395508 0.679688 0.409180 1311115634.951279
0.424805 0.650391 0.361328 1311115635.034326
0.385742 0.650391 0.333984 1311115635.036322
0.264648 0.746094 0.311523 1311115635.062334
0.229492 0.749023 0.327148 1311115635.083341
0.202148 0.730469 0.359375 1311115635.132344
0.245117 0.713867 0.312500 1311115635.197343
0.237305 0.719727 0.310547 1311115635.218343
0.286133 0.714844 0.337891 1311115635.239274
0.233398 0.718750 0.333008 1311115635.259339
0.252930 0.693359 0.342773 1311115635.282286
