0.180664 0.712891 0.334961 1311112898.573045
0.169922 0.711914 0.302734 1311112898.603046
0.163086 0.730469 0.354492 1311112898.641107
0.203125 0.733398 0.343750 1311112898.691105
0.201172 0.701172 0.350586 1311112898.692101
0.192383 0.755859 0.365234 1311112898.746112
0.204102 0.715820 0.342773 1311112898.769115
0.170898 0.722656 0.298828 1311112898.813075
0.179688 0.723633 0.302734 1311112898.838094
0.150391 0.748047 0.291992 1311112898.862123
0.169922 0.740234 0.294922 1311112898.909080
0.169922 0.740234 0.294922 1311112898.932112
0.188477 0.734375 0.333984 1311112898.978114
0.202148 0.713867 0.337891 1311112899.004112
0.232422 0.707031 0.354492 1311112899.026113
0.262695 0.690430 0.346680 1311112899.069110
0.234375 0.694336 0.348633 1311112899.091107
0.234375 0.694336 0.348633 1311112899.113123
0.166992 0.702148 0.289062 1311112899.158127
0.138672 0.736328 0.328125 1311112899.203117
0.101562 0.751953 0.316406 1311112899.224115
0.123047 0.716797 0.306641 1311112899.269121
0.112305 0.726562 0.337891 1311112899.289128
0.166016 0.722656 0.304688 1311112899.373129
0.187500 0.703125 0.354492 1311112899.374122
0.213867 0.704102 0.341797 1311112899.392052
0.206055 0.683594 0.346680 1311112899.416123
0.207031 0.728516 0.335938 1311112899.448072
0.249023 0.728516 0.349609 1311112899.470124
0.176758 0.738281 0.349609 1311112899.516069
0.184570 0.694336 0.343750 1311112899.562133
0.186523 0.708008 0.373047 1311112899.586098
0.221680 0.717773 0.369141 1311112899.599091
0.223633 0.702148 0.371094 1311112899.642126
0.213867 0.695312 0.315430 1311112899.664117
0.159180 0.713867 0.327148 1311112899.713113
0.174805 0.708984 0.322266 1311112899.739126
0.155273 0.708008 0.291992 1311112899.763129
0.143555 0.704102 0.338867 1311112899.807141
0.156250 0.737305 0.339844 1311112899.829082
0.198242 0.737305 0.339844 1311112899.851134
0.199219 0.732422 0.335938 1311112899.906132
0.226562 0.693359 0.241211 1311112899.941134
0.242188 0.668945 0.352539 1311112899.967134
0.229492 0.714844 0.362305 1311112900.010093
0.217773 0.733398 0.366211 1311112900.032137
0.250000 0.697266 0.361328 1311112900.056137
0.235352 0.705078 0.383789 1311112900.123135
0.291992 0.683594 0.338867 1311112900.124138
0.291016 0.673828 0.372070 1311112900.159079
0.258789 0.676758 0.364258 1311112900.193074
0.280273 0.677734 0.380859 1311112900.216175
0.280273 0.677734 0.380859 1311112900.239106
0.274414 0.688477 0.360352 1311112900.284140
0.304688 0.658203 0.355469 1311112900.327143
0.280273 0.682617 0.375977 1311112900.349142
0.315430 0.681641 0.403320 1311112900.393139
0.289062 0.657227 0.359375 1311112900.416088
0.299805 0.670898 0.354492 1311112900.439142
0.297852 0.648438 0.330078 1311112900.488075
0.155273 0.731445 0.397461 1311112900.526141
0.302734 0.644531 0.335938 1311112900.551154
0.261719 0.605469 0.375000 1311112900.573147
0.232422 0.662109 0.386719 1311112900.595142
0.297852 0.706055 0.324219 1311112900.674152
0.120117 0.699219 0.347656 1311112900.678152
0.173828 0.638672 0.368164 1311112900.723149
0.243164 0.680664 0.275391 1311112900.741143
0.276367 0.773438 0.354492 1311112900.771147
0.418945 0.553711 0.369141 1311112900.794121
0.453125 0.584961 0.350586 1311112900.836151
0.351562 0.749023 0.442383 1311112900.878121
0.445312 0.639648 0.378906 1311112900.904143
0.513672 0.557617 0.389648 1311112900.927154
0.544922 0.536133 0.431641 1311112900.949149
0.544922 0.536133 0.431641 1311112900.998156
0.598633 0.435547 0.380859 1311112901.022152
0.701172 0.398438 0.392578 1311112901.067095
0.718750 0.277344 0.375000 1311112901.089090
0.708984 0.293945 0.397461 1311112901.132151
0.634766 0.329102 0.530273 1311112901.176110
0.795898 0.329102 0.530273 1311112901.177162
0.787109 0.208008 0.386719 1311112901.221157
0.806641 0.193359 0.391602 1311112901.263162
0.734375 0.194336 0.389648 1311112901.291105
0.777344 0.201172 0.395508 1311112901.326173
0.765625 0.237305 0.363281 1311112901.348152
0.696289 0.281250 0.401367 1311112901.377118
0.692383 0.322266 0.375977 1311112901.446158
0.639648 0.374023 0.365234 1311112901.447152
0.619141 0.451172 0.428711 1311112901.468161
0.583008 0.486328 0.414062 1311112901.539150
0.543945 0.558594 0.405273 1311112901.564169
0.543945 0.558594 0.405273 1311112901.566167
0.453125 0.619141 0.357422 1311112901.601154
0.364258 0.673828 0.370117 1311112901.647168
0.311523 0.690430 0.364258 1311112901.673171
0.311523 0.726562 0.325195 1311112901.698149
0.315430 0.693359 0.289062 1311112901.731166
0.224609 0.732422 0.327148 1311112901.772170
0.208008 0.749023 0.325195 1311112901.812161
0.191406 0.704102 0.298828 1311112901.866177
0.185547 0.712891 0.304688 1311112901.873174
0.178711 0.671875 0.313477 1311112901.932185
0.113281 0.671875 0.313477 1311112901.957174
0.078125 0.713867 0.310547 1311112901.981167
0.117188 0.745117 0.376953 1311112902.003121
0.171875 0.686523 0.307617 1311112902.026171
0.138672 0.685547 0.304688 1311112902.048173
0.164062 0.700195 0.293945 1311112902.078187
0.182617 0.738281 0.303711 1311112902.114174
0.186523 0.758789 0.363281 1311112902.172166
0.205078 0.716797 0.346680 1311112902.183182
0.208984 0.716797 0.346680 1311112902.216172
0.222656 0.717773 0.347656 1311112902.249181
0.199219 0.751953 0.339844 1311112902.289185
0.194336 0.733398 0.323242 1311112902.311180
0.185547 0.689453 0.302734 1311112902.357184
0.203125 0.703125 0.313477 1311112902.398122
0.191406 0.703125 0.327148 1311112902.420179
0.202148 0.742188 0.357422 1311112902.444183
0.161133 0.712891 0.341797 1311112902.467184
0.131836 0.736328 0.324219 1311112902.510116
0.108398 0.736328 0.305664 1311112902.533145
0.125000 0.731445 0.304688 1311112902.576184
0.127930 0.718750 0.301758 1311112902.618121
0.118164 0.739258 0.337891 1311112902.640183
0.154297 0.732422 0.326172 1311112902.667185
0.107422 0.734375 0.313477 1311112902.690191
0.086914 0.748047 0.311523 1311112902.743186
0.146484 0.720703 0.284180 1311112902.767198
0.114258 0.751953 0.314453 1311112902.790190
0.115234 0.732422 0.327148 1311112902.837133
0.146484 0.698242 0.312500 1311112902.860189
0.146484 0.698242 0.312500 1311112902.877186
0.175781 0.736328 0.316406 1311112902.925183
0.198242 0.696289 0.325195 1311112902.959190
0.212891 0.669922 0.346680 1311112903.003187
0.176758 0.693359 0.295898 1311112903.027192
0.143555 0.693359 0.295898 1311112903.049158
0.165039 0.740234 0.312500 1311112903.094200
0.186523 0.721680 0.299805 1311112903.117148
0.167969 0.708008 0.341797 1311112903.160196
0.165039 0.682617 0.374023 1311112903.205164
0.173828 0.676758 0.317383 1311112903.264197
0.173828 0.676758 0.317383 1311112903.284202
0.075195 0.689453 0.293945 1311112903.324204
0.109375 0.663086 0.265625 1311112903.330206
0.163086 0.710938 0.393555 1311112903.350123
0.302734 0.678711 0.314453 1311112903.385210
0.269531 0.636719 0.367188 1311112903.407196
0.174805 0.666016 0.363281 1311112903.455201
0.238281 0.759766 0.317383 1311112903.472202
0.307617 0.679688 0.437500 1311112903.498207
0.356445 0.584961 0.423828 1311112903.542199
0.365234 0.670898 0.283203 1311112903.563206
0.317383 0.662109 0.362305 1311112903.609204
0.403320 0.598633 0.336914 1311112903.635199
0.482422 0.599609 0.368164 1311112903.660196
0.588867 0.533203 0.377930 1311112903.704161
0.586914 0.592773 0.419922 1311112903.764206
0.637695 0.406250 0.339844 1311112903.765202
0.702148 0.335938 0.339844 1311112903.782216
0.725586 0.314453 0.426758 1311112903.844209
0.811523 0.265625 0.406250 1311112903.887212
0.740234 0.187500 0.416016 1311112903.889202
0.843750 0.142578 0.340820 1311112903.932209
0.807617 0.119141 0.393555 1311112903.954208
0.835938 0.119141 0.393555 1311112903.977216
0.833984 0.119141 0.372070 1311112904.020168
0.799805 0.083008 0.385742 1311112904.068207
0.816406 0.136719 0.430664 1311112904.090141
0.764648 0.141602 0.350586 1311112904.134176
0.792969 0.165039 0.357422 1311112904.155218
0.790039 0.158203 0.361328 1311112904.177217
0.712891 0.215820 0.401367 1311112904.223217
0.682617 0.250977 0.417969 1311112904.244217
0.681641 0.299805 0.381836 1311112904.283203
0.670898 0.345703 0.359375 1311112904.307155
0.611328 0.371094 0.409180 1311112904.329223
0.583984 0.462891 0.416992 1311112904.383224
0.510742 0.517578 0.338867 1311112904.409175
0.474609 0.643555 0.393555 1311112904.433222
0.398438 0.640625 0.337891 1311112904.462224
0.367188 0.651367 0.310547 1311112904.527169
0.311523 0.647461 0.357422 1311112904.548221
0.304688 0.712891 0.325195 1311112904.569195
0.224609 0.737305 0.338867 1311112904.592162
0.205078 0.694336 0.335938 1311112904.640220
0.176758 0.734375 0.292969 1311112904.677230
0.176758 0.747070 0.361328 1311112904.729228
0.173828 0.706055 0.361328 1311112904.731226
0.130859 0.689453 0.316406 1311112904.767233
0.166016 0.691406 0.313477 1311112904.810169
0.200195 0.722656 0.401367 1311112904.833224
0.191406 0.639648 0.352539 1311112904.854229
0.206055 0.720703 0.356445 1311112904.899228
0.185547 0.709961 0.366211 1311112904.922225
0.163086 0.686523 0.408203 1311112904.955230
0.153320 0.717773 0.346680 1311112904.999225
0.173828 0.734375 0.370117 1311112905.022182
0.171875 0.716797 0.398438 1311112905.044229
0.211914 0.684570 0.360352 1311112905.089236
0.272461 0.684570 0.360352 1311112905.110174
0.205078 0.687500 0.343750 1311112905.159233
0.201172 0.666016 0.306641 1311112905.184236
0.215820 0.748047 0.299805 1311112905.208205
0.152344 0.719727 0.309570 1311112905.252231
0.211914 0.699219 0.378906 1311112905.274238
0.178711 0.724609 0.359375 1311112905.325250
0.118164 0.759766 0.346680 1311112905.348240
0.149414 0.755859 0.350586 1311112905.390241
0.138672 0.752930 0.337891 1311112905.413194
0.092773 0.767578 0.331055 1311112905.438204
0.083008 0.769531 0.322266 1311112905.462250
0.148438 0.744141 0.324219 1311112905.505185
0.125000 0.695312 0.320312 1311112905.543208
0.062500 0.756836 0.321289 1311112905.565242
0.099609 0.758789 0.356445 1311112905.608236
0.051758 0.717773 0.298828 1311112905.629240
0.029297 0.742188 0.340820 1311112905.654246
0.055664 0.742188 0.340820 1311112905.688244
0.067383 0.694336 0.341797 1311112905.779257
0.113281 0.703125 0.343750 1311112905.818199
0.171875 0.686523 0.306641 1311112905.819239
0.165039 0.675781 0.319336 1311112905.840241
0.150391 0.759766 0.319336 1311112905.861242
0.148438 0.693359 0.366211 1311112905.883240
0.185547 0.685547 0.352539 1311112905.925244
0.196289 0.654297 0.283203 1311112905.948258
0.202148 0.661133 0.315430 1311112905.988246
0.213867 0.707031 0.330078 1311112906.034260
0.163086 0.707031 0.330078 1311112906.039249
0.233398 0.651367 0.398438 1311112906.093247
0.152344 0.713867 0.475586 1311112906.115203
0.174805 0.781250 0.336914 1311112906.158252
0.208984 0.733398 0.362305 1311112906.180253
0.159180 0.657227 0.377930 1311112906.203252
0.249023 0.698242 0.306641 1311112906.248253
0.245117 0.648438 0.247070 1311112906.278255
0.154297 0.696289 0.343750 1311112906.349259
0.396484 0.701172 0.409180 1311112906.350195
0.477539 0.637695 0.348633 1311112906.372200
0.372070 0.644531 0.366211 1311112906.395220
0.316406 0.644531 0.366211 1311112906.435261
0.316406 0.644531 0.366211 1311112906.468197
0.414062 0.660156 0.369141 1311112906.513263
0.543945 0.531250 0.343750 1311112906.535251
0.581055 0.482422 0.416992 1311112906.568261
0.581055 0.464844 0.362305 1311112906.612264
0.622070 0.388672 0.351562 1311112906.634277
0.749023 0.403320 0.377930 1311112906.677266
0.791016 0.362305 0.385742 1311112906.698267
0.803711 0.250000 0.366211 1311112906.720205
0.875000 0.196289 0.361328 1311112906.764270
0.870117 0.119141 0.361328 1311112906.787207
0.857422 0.127930 0.302734 1311112906.825254
0.790039 0.158203 0.292969 1311112906.859268
0.826172 0.146484 0.338867 1311112906.893273
0.850586 0.162109 0.312500 1311112906.914271
0.836914 0.207031 0.310547 1311112906.957263
0.792969 0.224609 0.315430 1311112906.983223
0.542969 0.224609 0.315430 1311112907.005499
0.661133 0.339844 0.363281 1311112907.108257
0.791016 0.334961 0.357422 1311112907.130270
0.685547 0.400391 0.402344 1311112907.132265
0.548828 0.503906 0.353516 1311112907.154271
0.548828 0.503906 0.353516 1311112907.177280
0.488281 0.505859 0.380859 1311112907.207268
0.433594 0.643555 0.391602 1311112907.248275
0.358398 0.677734 0.386719 1311112907.313265
0.308594 0.664062 0.323242 1311112907.354280
0.334961 0.615234 0.281250 1311112907.355267
0.272461 0.615234 0.281250 1311112907.375263
0.265625 0.668945 0.331055 1311112907.399278
0.147461 0.822266 0.379883 1311112907.467279
0.110352 0.816406 0.357422 1311112907.468264
0.237305 0.644531 0.303711 1311112907.507191
0.183594 0.650391 0.262695 1311112907.529227
0.034180 0.709961 0.289062 1311112907.572261
0.082031 0.690430 0.291992 1311112907.607285
0.166992 0.779297 0.330078 1311112907.628213
0.139648 0.695312 0.349609 1311112907.674283
0.207031 0.715820 0.315430 1311112907.699281
0.185547 0.714844 0.317383 1311112907.722230
0.190430 0.742188 0.398438 1311112907.760295
0.198242 0.786133 0.316406 1311112907.805287
0.208984 0.736328 0.356445 1311112907.828252
0.223633 0.700195 0.350586 1311112907.853285
0.248047 0.728516 0.358398 1311112907.879257
0.224609 0.718750 0.358398 1311112907.925220
0.171875 0.708008 0.355469 1311112907.963289
0.157227 0.742188 0.313477 1311112907.985284
0.100586 0.734375 0.332031 1311112908.017289
0.085938 0.755859 0.336914 1311112908.042236
0.099609 0.753906 0.327148 1311112908.070290
0.126953 0.753906 0.327148 1311112908.114293
0.180664 0.738281 0.345703 1311112908.175306
0.180664 0.738281 0.345703 1311112908.189298
0.210938 0.726562 0.417969 1311112908.228236
0.274414 0.701172 0.391602 1311112908.249294
0.239258 0.666016 0.397461 1311112908.272298
0.239258 0.666016 0.397461 1311112908.292847
0.293945 0.654297 0.461914 1311112908.397298
0.268555 0.632812 0.362305 1311112908.399234
0.298828 0.646484 0.407227 1311112908.402296
0.204102 0.644531 0.344727 1311112908.442258
0.231445 0.666016 0.386719 1311112908.464292
0.279297 0.644531 0.390625 1311112908.509212
0.285156 0.626953 0.388672 1311112908.530258
0.233398 0.641602 0.377930 1311112908.575308
0.243164 0.580078 0.391602 1311112908.592305
0.245117 0.604492 0.413086 1311112908.620307
0.255859 0.684570 0.402344 1311112908.652297
0.317383 0.628906 0.378906 1311112908.681311
0.199219 0.706055 0.359375 1311112908.729260
0.200195 0.721680 0.365234 1311112908.768305
0.221680 0.662109 0.326172 1311112908.785308
0.241211 0.749023 0.332031 1311112908.837298
0.296875 0.759766 0.334961 1311112908.855317
0.295898 0.682617 0.354492 1311112908.902312
0.292969 0.720703 0.409180 1311112908.924310
0.382812 0.754883 0.369141 1311112908.968305
0.433594 0.594727 0.341797 1311112908.978276
0.432617 0.501953 0.345703 1311112909.014312
0.561523 0.514648 0.385742 1311112909.035302
0.669922 0.455078 0.409180 1311112909.123320
0.721680 0.343750 0.407227 1311112909.124306
0.750977 0.251953 0.361328 1311112909.145305
0.798828 0.260742 0.367188 1311112909.189280
0.895508 0.216797 0.424805 1311112909.212314
0.885742 0.164062 0.424805 1311112909.238303
0.884766 0.197266 0.369141 1311112909.289292
0.811523 0.234375 0.375000 1311112909.334309
0.763672 0.205078 0.366211 1311112909.357319
0.742188 0.273438 0.334961 1311112909.379322
0.733398 0.316406 0.361328 1311112909.405287
0.658203 0.408203 0.361328 1311112909.433246
0.619141 0.402344 0.357422 1311112909.483326
0.548828 0.493164 0.365234 1311112909.519295
0.485352 0.526367 0.378906 1311112909.542319
0.416016 0.564453 0.365234 1311112909.577329
0.332031 0.675781 0.370117 1311112909.600320
0.344727 0.724609 0.399414 1311112909.684320
0.208984 0.666016 0.385742 1311112909.687320
0.151367 0.645508 0.306641 1311112909.710317
0.130859 0.656250 0.327148 1311112909.734300
0.138672 0.708984 0.351562 1311112909.779305
0.257812 0.695312 0.393555 1311112909.780309
0.283203 0.695312 0.393555 1311112909.828329
0.184570 0.676758 0.363281 1311112909.853313
0.131836 0.579102 0.295898 1311112909.897281
0.149414 0.588867 0.309570 1311112909.918327
0.250000 0.812500 0.374023 1311112909.940321
0.238281 0.763672 0.374023 1311112909.985331
0.241211 0.664062 0.374023 1311112910.017335
0.250977 0.699219 0.316406 1311112910.050327
0.200195 0.774414 0.396484 1311112910.084317
0.200195 0.763672 0.339844 1311112910.105340
0.194336 0.708008 0.331055 1311112910.153337
0.150391 0.708008 0.331055 1311112910.175336
0.239258 0.691406 0.339844 1311112910.212336
0.162109 0.742188 0.319336 1311112910.237310
0.137695 0.732422 0.291992 1311112910.280326
0.129883 0.750977 0.339844 1311112910.303338
0.100586 0.729492 0.341797 1311112910.345321
0.100586 0.729492 0.341797 1311112910.367266
0.196289 0.729492 0.341797 1311112910.412341
0.179688 0.695312 0.326172 1311112910.457284
0.168945 0.716797 0.328125 1311112910.458260
0.163086 0.733398 0.308594 1311112910.510330
0.146484 0.747070 0.338867 1311112910.535298
0.112305 0.745117 0.306641 1311112910.558295
0.124023 0.750000 0.305664 1311112910.604343
0.135742 0.724609 0.335938 1311112910.625339
0.161133 0.757812 0.369141 1311112910.650336
0.154297 0.713867 0.333984 1311112910.694346
0.105469 0.740234 0.327148 1311112910.717342
0.162109 0.761719 0.354492 1311112910.759339
0.198242 0.722656 0.380859 1311112910.783277
0.234375 0.673828 0.368164 1311112910.820334
0.245117 0.696289 0.343750 1311112910.845351
0.173828 0.701172 0.291016 1311112910.878345
0.143555 0.732422 0.291992 1311112910.978353
0.175781 0.684570 0.319336 1311112910.980338
0.170898 0.693359 0.372070 1311112911.003353
0.207031 0.646484 0.361328 1311112911.020350
0.184570 0.685547 0.367188 1311112911.048297
0.225586 0.689453 0.400391 1311112911.092329
0.195312 0.655273 0.420898 1311112911.115370
0.207031 0.703125 0.311523 1311112911.149350
0.241211 0.630859 0.311523 1311112911.192375
0.173828 0.720703 0.359375 1311112911.214358
0.196289 0.794922 0.396484 1311112911.239312
0.219727 0.667969 0.397461 1311112911.267288
0.469727 0.667969 0.397461 1311112911.289439
0.354492 0.664062 0.389648 1311112911.334312
0.446289 0.673828 0.437500 1311112911.379285
0.408203 0.615234 0.386719 1311112911.397308
0.372070 0.652344 0.332031 1311112911.424314
0.560547 0.560547 0.397461 1311112911.458353
0.675781 0.425781 0.397461 1311112911.505281
0.738281 0.314453 0.377930 1311112911.552354
0.812500 0.266602 0.348633 1311112911.574365
0.789062 0.238281 0.354492 1311112911.610359
0.797852 0.199219 0.393555 1311112911.620360
0.799805 0.154297 0.396484 1311112911.654357
0.852539 0.150391 0.413086 1311112911.690363
0.830078 0.127930 0.351562 1311112911.719303
0.843750 0.085938 0.333008 1311112911.757349
0.778320 0.048828 0.386719 1311112911.800365
0.823242 0.041016 0.390625 1311112911.823362
0.833008 0.140625 0.375000 1311112911.847338
0.799805 0.197266 0.375977 1311112911.892365
0.733398 0.268555 0.381836 1311112911.913367
0.703125 0.271484 0.413086 1311112911.965361
0.710938 0.317383 0.421875 1311112911.988365
0.687500 0.298828 0.384766 1311112912.024359
0.632812 0.322266 0.314453 1311112912.045333
0.589844 0.416016 0.385742 1311112912.067376
0.572266 0.500000 0.423828 1311112912.115370
0.494141 0.548828 0.386719 1311112912.144312
0.426758 0.596680 0.384766 1311112912.187368
0.359375 0.610352 0.370117 1311112912.254366
0.344727 0.613281 0.365234 1311112912.275379
0.248047 0.597656 0.327148 1311112912.289334
0.227539 0.697266 0.376953 1311112912.312330
0.274414 0.708984 0.386719 1311112912.337375
0.301758 0.749023 0.363281 1311112912.359329
0.280273 0.716797 0.354492 1311112912.405376
0.280273 0.716797 0.354492 1311112912.427365
0.266602 0.575195 0.291016 1311112912.490376
0.174805 0.651367 0.284180 1311112912.492367
0.194336 0.573242 0.261719 1311112912.547335
0.286133 0.873047 0.347656 1311112912.579380
0.156250 0.878906 0.346680 1311112912.582379
0.208008 0.663086 0.346680 1311112912.618382
0.220703 0.720703 0.338867 1311112912.664379
0.216797 0.750000 0.323242 1311112912.703389
0.269531 0.687500 0.339844 1311112912.724324
0.249023 0.709961 0.331055 1311112912.747325
0.155273 0.740234 0.325195 1311112912.773327
0.110352 0.759766 0.326172 1311112912.809348
0.153320 0.788086 0.315430 1311112912.853377
0.166992 0.750977 0.338867 1311112912.899390
0.171875 0.725586 0.329102 1311112912.910388
0.183594 0.746094 0.300781 1311112912.954381
0.208984 0.749023 0.300781 1311112912.980384
0.201172 0.719727 0.251953 1311112913.004397
0.183594 0.737305 0.276367 1311112913.053382
0.162109 0.734375 0.317383 1311112913.077391
0.080078 0.714844 0.284180 1311112913.120388
0.093750 0.731445 0.307617 1311112913.144395
0.161133 0.728516 0.259766 1311112913.188393
0.161133 0.728516 0.259766 1311112913.209394
0.089844 0.734375 0.316406 1311112913.233397
0.115234 0.739258 0.325195 1311112913.278393
0.124023 0.732422 0.293945 1311112913.302392
0.142578 0.725586 0.333984 1311112913.327394
0.142578 0.725586 0.333984 1311112913.369379
0.080078 0.731445 0.322266 1311112913.413396
0.047852 0.765625 0.274414 1311112913.447395
0.138672 0.699219 0.252930 1311112913.471396
0.142578 0.720703 0.322266 1311112913.550345
0.136719 0.746094 0.318359 1311112913.553332
0.127930 0.742188 0.318359 1311112913.555319
0.117188 0.710938 0.334961 1311112913.599399
0.133789 0.746094 0.263672 1311112913.620396
0.124023 0.728516 0.312500 1311112913.664397
0.091797 0.691406 0.311523 1311112913.685405
0.093750 0.724609 0.278320 1311112913.707391
0.077148 0.721680 0.319336 1311112913.773364
0.173828 0.713867 0.382812 1311112913.795404
0.160156 0.750000 0.315430 1311112913.818403
0.145508 0.765625 0.324219 1311112913.862404
0.012695 0.758789 0.260742 1311112913.884399
0.085938 0.716797 0.254883 1311112913.918393
0.115234 0.693359 0.275391 1311112913.962405
