0.107422 0.835938 0.064453 1311033002.874076
0.120117 0.863281 0.082031 1311033002.905072
0.120117 0.863281 0.082031 1311033002.948086
0.092773 0.880859 0.061523 1311033002.973082
0.120117 0.809570 0.107422 1311033003.016079
0.175781 0.839844 0.103516 1311033003.040074
0.272461 0.799805 0.127930 1311033003.086077
0.204102 0.708984 0.142578 1311033003.108076
0.144531 0.708984 0.142578 1311033003.137054
0.174805 0.664062 0.178711 1311033003.205073
0.147461 0.568359 0.118164 1311033003.207065
0.186523 0.545898 0.113281 1311033003.256078
0.221680 0.574219 0.117188 1311033003.279078
0.138672 0.628906 0.117188 1311033003.306096
0.108398 0.517578 0.196289 1311033003.333083
0.184570 0.500977 0.105469 1311033003.379082
0.216797 0.513672 0.084961 1311033003.406088
0.143555 0.435547 0.170898 1311033003.434104
0.197266 0.476562 0.234375 1311033003.455090
0.368164 0.597656 0.259766 1311033003.499100
0.296875 0.676758 0.293945 1311033003.540082
0.330078 0.688477 0.414062 1311033003.564087
0.353516 0.859375 0.360352 1311033003.585089
0.179688 0.824219 0.461914 1311033003.720094
0.322266 0.773438 0.445312 1311033003.721091
0.322266 0.773438 0.445312 1311033003.741090
0.293945 0.937500 0.411133 1311033003.756097
0.228516 0.845703 0.375000 1311033003.758082
0.045898 0.949219 0.350586 1311033003.779085
0.177734 1.020508 0.313477 1311033003.821092
0.028320 1.175781 0.267578 1311033003.844103
-0.059570 1.019531 0.267578 1311033003.869092
-0.082031 0.783203 0.042969 1311033003.939105
-0.179688 0.707031 0.112305 1311033003.955076
-0.170898 0.789062 0.042969 1311033003.998082
-0.133789 0.865234 0.013672 1311033003.999099
-0.126953 0.885742 0.061523 1311033004.041101
-0.185547 0.935547 -0.008789 1311033004.065092
-0.183594 0.814453 -0.037109 1311033004.109112
-0.265625 0.892578 -0.049805 1311033004.154085
-0.223633 0.832031 -0.056641 1311033004.176108
-0.341797 0.785156 -0.048828 1311033004.220092
-0.309570 0.806641 -0.092773 1311033004.223093
-0.369141 0.780273 -0.053711 1311033004.275092
-0.449219 0.847656 -0.113281 1311033004.306101
-0.428711 0.856445 -0.188477 1311033004.339083
-0.429688 0.750000 -0.218750 1311033004.361080
-0.375977 0.800781 -0.138672 1311033004.406116
-0.265625 0.820312 -0.102539 1311033004.425115
-0.240234 0.741211 -0.121094 1311033004.469110
-0.270508 0.750977 -0.124023 1311033004.491107
-0.308594 0.851562 -0.068359 1311033004.538118
-0.299805 0.794922 -0.113281 1311033004.560090
-0.339844 0.794922 -0.087891 1311033004.581113
-0.339844 0.794922 -0.087891 1311033004.624121
-0.336914 0.777344 -0.149414 1311033004.661110
-0.340820 0.791992 -0.201172 1311033004.685128
-0.361328 0.789062 -0.130859 1311033004.739116
-0.323242 0.786133 -0.130859 1311033004.760112
-0.294922 0.793945 -0.139648 1311033004.781118
-0.319336 0.798828 -0.130859 1311033004.803111
-0.295898 0.788086 -0.161133 1311033004.846126
-0.323242 0.773438 -0.137695 1311033004.889125
-0.347656 0.818359 -0.150391 1311033004.910121
-0.300781 0.792969 -0.169922 1311033004.979137
-0.328125 0.820312 -0.118164 1311033005.016114
-0.290039 0.780273 -0.150391 1311033005.038115
-0.303711 0.787109 -0.134766 1311033005.039116
