0.061523 0.806641 0.128906 1310076700.153552
0.076172 0.843750 0.123047 1310076700.197556
0.060547 0.796875 0.138672 1310076700.223562
0.060547 0.796875 0.138672 1310076700.249564
0.067383 0.845703 0.120117 1310076700.308560
0.075195 0.833984 0.089844 1310076700.324556
0.043945 0.822266 0.092773 1310076700.345559
0.049805 0.819336 0.134766 1310076700.389567
0.012695 0.818359 0.111328 1310076700.537559
0.020508 0.835938 0.111328 1310076700.561560
-0.019531 0.822266 0.082031 1310076700.583563
-0.007812 0.848633 0.088867 1310076700.584561
-0.000977 0.845703 0.057617 1310076700.587558
0.032227 0.839844 0.068359 1310076700.603569
-0.013672 0.825195 0.075195 1310076700.604559
0.008789 0.812500 0.062500 1310076700.628567
0.031250 0.817383 0.062500 1310076700.672573
0.010742 0.816406 0.021484 1310076700.704565
0.023438 0.851562 0.072266 1310076700.748572
0.003906 0.841797 0.066406 1310076700.770629
-0.001953 0.815430 0.052734 1310076700.795569
0.031250 0.806641 0.150391 1310076700.853563
0.104492 0.820312 0.123047 1310076700.877572
0.052734 0.820312 0.088867 1310076700.939543
0.029297 0.820312 0.084961 1310076700.942567
0.036133 0.793945 0.095703 1310076700.976571
0.039062 0.857422 0.133789 1310076701.025570
0.044922 0.801758 0.091797 1310076701.045568
0.043945 0.812500 0.121094 1310076701.067566
0.036133 0.824219 0.105469 1310076701.089574
0.065430 0.862305 0.097656 1310076701.113567
0.051758 0.843750 0.088867 1310076701.162576
0.052734 0.843750 0.088867 1310076701.183586
0.060547 0.824219 0.131836 1310076701.233580
0.028320 0.848633 0.118164 1310076701.254575
0.059570 0.814453 0.112305 1310076701.278577
0.085938 0.847656 0.114258 1310076701.315554
0.059570 0.802734 0.107422 1310076701.359598
0.071289 0.802734 0.107422 1310076701.380570
0.040039 0.816406 0.129883 1310076701.422597
0.078125 0.808594 0.131836 1310076701.445572
0.068359 0.837891 0.111328 1310076701.484584
0.038086 0.810547 0.111328 1310076701.533601
0.054688 0.800781 0.125977 1310076701.554612
0.045898 0.832031 0.135742 1310076701.577579
0.061523 0.825195 0.139648 1310076701.598586
0.085938 0.814453 0.136719 1310076701.639588
0.044922 0.801758 0.147461 1310076701.686585
0.094727 0.750000 0.156250 1310076701.708584
0.127930 0.794922 0.146484 1310076701.730585
0.145508 0.824219 0.144531 1310076701.774584
0.121094 0.833984 0.179688 1310076701.805593
0.114258 0.837891 0.144531 1310076701.833589
0.086914 0.808594 0.148438 1310076701.855571
0.093750 0.804688 0.148438 1310076701.954598
0.126953 0.826172 0.148438 1310076701.962591
0.101562 0.801758 0.187500 1310076701.982596
0.116211 0.773438 0.178711 1310076701.984587
0.125000 0.796875 0.160156 1310076702.026594
0.184570 0.752930 0.132812 1310076702.078591
0.160156 0.749023 0.155273 1310076702.108590
0.113281 0.888672 0.155273 1310076702.109578
0.122070 0.930664 0.121094 1310076702.160593
0.099609 0.783203 0.066406 1310076702.226596
0.139648 0.769531 0.036133 1310076702.241591
0.050781 0.890625 0.061523 1310076702.244593
-0.000977 0.843750 0.076172 1310076702.295603
0.249023 0.843750 0.076172 1310076702.323588
-0.023438 0.867188 0.112305 1310076702.365595
-0.019531 0.920898 0.020508 1310076702.390617
0.122070 0.791016 -0.016602 1310076702.414586
0.052734 0.901367 -0.028320 1310076702.436593
-0.088867 0.866211 0.014648 1310076702.479600
-0.088867 0.866211 0.014648 1310076702.500575
0.208984 0.873047 -0.025391 1310076702.566585
0.116211 0.847656 0.024414 1310076702.589613
0.123047 0.816406 0.050781 1310076702.608636
0.083984 0.904297 0.091797 1310076702.630590
0.084961 0.806641 0.063477 1310076702.656593
0.226562 0.831055 0.047852 1310076702.701672
0.169922 0.851562 0.056641 1310076702.724583
0.146484 0.873047 0.058594 1310076702.773617
0.299805 0.835938 0.049805 1310076702.813607
0.296875 0.781250 0.122070 1310076702.835604
0.242188 0.771484 0.117188 1310076702.860650
0.316406 0.786133 0.134766 1310076702.889615
0.339844 0.781250 0.169922 1310076702.933607
0.332031 0.755859 0.161133 1310076702.954608
0.352539 0.713867 0.125000 1310076703.041620
0.414062 0.761719 0.153320 1310076703.043609
0.352539 0.707031 0.178711 1310076703.044605
0.397461 0.743164 0.171875 1310076703.086606
0.405273 0.682617 0.187500 1310076703.130611
0.466797 0.728516 0.199219 1310076703.153615
0.423828 0.689453 0.164062 1310076703.196614
0.440430 0.653320 0.185547 1310076703.220614
0.415039 0.653320 0.185547 1310076703.243609
0.436523 0.681641 0.204102 1310076703.300617
0.444336 0.675781 0.212891 1310076703.325616
0.458984 0.688477 0.201172 1310076703.359604
0.439453 0.678711 0.200195 1310076703.380628
0.394531 0.717773 0.208984 1310076703.404623
0.368164 0.666016 0.208984 1310076703.439630
0.393555 0.693359 0.193359 1310076703.471617
0.366211 0.722656 0.128906 1310076703.519627
0.318359 0.730469 0.125000 1310076703.566620
0.262695 0.750000 0.104492 1310076703.609632
0.224609 0.795898 0.056641 1310076703.629619
0.123047 0.859375 -0.018555 1310076703.632622
0.059570 0.867188 0.004883 1310076703.673627
0.091797 0.896484 -0.002930 1310076703.694622
0.020508 0.861328 -0.047852 1310076703.736623
0.026367 0.885742 0.038086 1310076703.783626
0.038086 0.925781 -0.041992 1310076703.795628
-0.000977 0.925781 -0.041992 1310076703.818626
-0.007812 0.812500 0.010742 1310076703.866626
-0.012695 0.901367 -0.032227 1310076703.905631
0.050781 0.845703 0.033203 1310076703.931628
-0.019531 0.824219 0.016602 1310076703.954629
-0.000977 0.888672 0.016602 1310076703.997628
0.030273 0.883789 0.110352 1310076704.094635
0.119141 0.843750 0.060547 1310076704.136632
0.067383 0.757812 0.076172 1310076704.138628
0.101562 0.801758 0.076172 1310076704.151635
0.061523 0.816406 0.086914 1310076704.164629
0.115234 0.856445 0.131836 1310076704.178631
0.117188 0.794922 0.102539 1310076704.224631
0.088867 0.785156 0.111328 1310076704.249636
0.056641 0.878906 0.090820 1310076704.274635
0.067383 0.830078 0.099609 1310076704.318630
0.097656 0.839844 0.107422 1310076704.349642
0.097656 0.839844 0.107422 1310076704.371635
0.095703 0.810547 0.117188 1310076704.415639
0.142578 0.820312 0.135742 1310076704.439617
0.179688 0.808594 0.110352 1310076704.466637
0.113281 0.822266 0.123047 1310076704.514642
0.076172 0.812500 0.109375 1310076704.535644
0.076172 0.812500 0.109375 1310076704.558645
0.123047 0.811523 0.161133 1310076704.605639
0.147461 0.824219 0.176758 1310076704.631640
0.111328 0.831055 0.174805 1310076704.665639
0.124023 0.827148 0.132812 1310076704.709630
0.102539 0.804688 0.155273 1310076704.730650
0.111328 0.822266 0.121094 1310076704.751641
0.169922 0.771484 0.127930 1310076704.794655
0.169922 0.771484 0.127930 1310076704.825636
0.124023 0.806641 0.161133 1310076704.893640
0.129883 0.833008 0.126953 1310076704.913646
0.138672 0.831055 0.139648 1310076704.915645
0.146484 0.778320 0.149414 1310076704.971633
0.167969 0.789062 0.151367 1310076704.998648
0.188477 0.845703 0.116211 1310076705.034654
0.223633 0.831055 0.147461 1310076705.064641
0.154297 0.781250 0.144531 1310076705.103650
0.146484 0.759766 0.174805 1310076705.125649
0.187500 0.825195 0.199219 1310076705.149652
0.173828 0.848633 0.151367 1310076705.194654
0.140625 0.820312 0.104492 1310076705.220654
0.073242 0.781250 0.102539 1310076705.244656
0.015625 0.843750 0.076172 1310076705.298678
0.048828 0.851562 -0.018555 1310076705.330659
0.058594 0.734375 0.012695 1310076705.380661
0.110352 0.788086 0.067383 1310076705.428660
0.070312 0.941406 -0.021484 1310076705.433654
0.067383 0.783203 0.080078 1310076705.440655
0.164062 0.769531 0.130859 1310076705.474656
0.148438 0.984375 -0.033203 1310076705.497659
0.014648 0.905273 0.021484 1310076705.541648
0.064453 0.767578 0.125000 1310076705.654679
0.089844 0.924805 -0.003906 1310076705.696659
-0.078125 0.878906 0.068359 1310076705.710674
0.052734 0.850586 -0.077148 1310076705.733680
0.048828 0.921875 -0.001953 1310076705.766649
-0.036133 0.837891 0.036133 1310076705.773657
0.242188 0.824219 0.028320 1310076705.788621
0.134766 0.838867 0.026367 1310076705.818635
0.078125 0.867188 0.132812 1310076705.819660
0.230469 0.771484 0.070312 1310076705.853664
0.257812 0.803711 0.067383 1310076705.896674
0.214844 0.856445 0.156250 1310076705.935666
0.142578 0.711914 0.157227 1310076705.956663
0.221680 0.767578 0.125977 1310076705.980665
0.325195 0.797852 0.126953 1310076706.011716
0.299805 0.753906 0.126953 1310076706.044671
0.290039 0.732422 0.201172 1310076706.089675
0.394531 0.703125 0.186523 1310076706.110671
0.356445 0.745117 0.208008 1310076706.198674
0.370117 0.699219 0.229492 1310076706.199670
0.406250 0.708008 0.174805 1310076706.210692
0.426758 0.658203 0.208984 1310076706.253666
0.431641 0.709961 0.212891 1310076706.298671
0.397461 0.730469 0.159180 1310076706.320673
0.436523 0.687500 0.207031 1310076706.343669
0.456055 0.684570 0.195312 1310076706.388677
0.440430 0.653320 0.208008 1310076706.449680
0.440430 0.653320 0.208008 1310076706.450674
0.435547 0.673828 0.230469 1310076706.475673
0.417969 0.689453 0.182617 1310076706.499682
0.414062 0.744141 0.206055 1310076706.566683
0.444336 0.676758 0.186523 1310076706.568655
0.386719 0.679688 0.156250 1310076706.613695
0.310547 0.738281 0.150391 1310076706.634676
0.267578 0.810547 0.139648 1310076706.676680
0.208008 0.819336 0.124023 1310076706.699680
0.259766 0.793945 0.115234 1310076706.723674
0.199219 0.853516 0.026367 1310076706.764678
0.147461 0.834961 0.085938 1310076706.786682
0.070312 0.830078 0.041992 1310076706.826684
0.047852 0.833984 0.035156 1310076706.853692
0.015625 0.882812 0.021484 1310076706.894694
0.062500 0.866211 -0.015625 1310076706.916681
0.035156 0.876953 0.002930 1310076706.958685
0.000977 0.863281 0.011719 1310076706.981690
-0.054688 0.814453 0.028320 1310076707.044688
-0.025391 0.861328 0.001953 1310076707.056686
-0.011719 0.859375 0.038086 1310076707.105686
0.013672 0.822266 0.002930 1310076707.109694
0.046875 0.804688 0.024414 1310076707.173694
0.007812 0.851562 0.057617 1310076707.175693
0.017578 0.822266 0.057617 1310076707.248703
-0.011719 0.837891 0.065430 1310076707.311703
-0.052734 0.909180 0.097656 1310076707.346695
0.000977 0.878906 0.110352 1310076707.348695
0.049805 0.810547 0.095703 1310076707.351694
0.107422 0.810547 0.095703 1310076707.361693
0.106445 0.810547 0.095703 1310076707.429701
0.096680 0.782227 0.169922 1310076707.469694
0.115234 0.792969 0.125000 1310076707.489697
0.119141 0.802734 0.101562 1310076707.510703
0.081055 0.828125 0.083008 1310076707.555470
0.063477 0.854492 0.120117 1310076707.556693
0.051758 0.817383 0.161133 1310076707.599699
0.066406 0.817383 0.161133 1310076707.621698
0.084961 0.861328 0.139648 1310076707.666697
0.083984 0.837891 0.118164 1310076707.709684
0.089844 0.806641 0.126953 1310076707.733703
0.122070 0.814453 0.124023 1310076707.778703
0.072266 0.787109 0.133789 1310076707.800707
0.083984 0.803711 0.108398 1310076707.845704
0.117188 0.874023 0.107422 1310076707.868705
0.109375 0.824219 0.147461 1310076707.900706
0.107422 0.779297 0.106445 1310076707.921706
0.155273 0.798828 0.106445 1310076707.944698
0.075195 0.811523 0.135742 1310076707.988705
0.125977 0.835938 0.155273 1310076708.023710
0.168945 0.803711 0.160156 1310076708.065688
0.112305 0.839844 0.228516 1310076708.086705
0.156250 0.855469 0.161133 1310076708.108689
0.159180 0.845703 0.194336 1310076708.165709
0.116211 0.822266 0.133789 1310076708.188722
0.118164 0.787109 0.136719 1310076708.210719
0.161133 0.824219 0.143555 1310076708.253709
0.118164 0.819336 0.113281 1310076708.276715
0.121094 0.828125 0.132812 1310076708.301712
0.129883 0.818359 0.131836 1310076708.344705
0.133789 0.829102 0.146484 1310076708.384726
0.167969 0.791992 0.133789 1310076708.406712
0.179688 0.771484 0.130859 1310076708.430701
0.118164 0.818359 0.125977 1310076708.475714
0.118164 0.818359 0.125977 1310076708.498718
0.139648 0.821289 0.111328 1310076708.545709
0.133789 0.759766 0.083984 1310076708.568731
0.130859 0.850586 0.134766 1310076708.605720
0.080078 0.828125 0.086914 1310076708.651726
0.114258 0.788086 0.106445 1310076708.676721
0.080078 0.821289 0.083984 1310076708.754700
0.000000 0.894531 0.005859 1310076708.804724
0.046875 0.850586 0.054688 1310076708.813721
0.098633 0.833984 0.053711 1310076708.825722
0.042969 0.852539 -0.016602 1310076708.845722
0.055664 0.875977 0.055664 1310076708.880727
0.092773 0.774414 0.014648 1310076708.903722
0.155273 0.884766 0.014648 1310076708.926728
0.041992 0.921875 0.000977 1310076708.948706
0.053711 0.914062 0.037109 1310076708.991724
0.161133 0.856445 0.010742 1310076709.013756
0.160156 0.839844 0.046875 1310076709.054727
0.198242 0.782227 0.034180 1310076709.083738
0.208984 0.779297 0.157227 1310076709.126729
0.227539 0.862305 0.092773 1310076709.149721
0.245117 0.785156 0.097656 1310076709.170739
0.257812 0.777344 0.137695 1310076709.213730
0.322266 0.790039 0.137695 1310076709.236727
0.351562 0.742188 0.191406 1310076709.270730
0.363281 0.662109 0.188477 1310076709.315734
0.365234 0.724609 0.181641 1310076709.354733
0.385742 0.698242 0.174805 1310076709.376729
0.355469 0.746094 0.212891 1310076709.404733
0.383789 0.746094 0.212891 1310076709.425736
0.385742 0.689453 0.212891 1310076709.473743
0.447266 0.675781 0.274414 1310076709.516737
0.430664 0.638672 0.210938 1310076709.543744
0.459961 0.642578 0.236328 1310076709.566731
0.447266 0.637695 0.217773 1310076709.589735
0.507812 0.650391 0.211914 1310076709.633742
0.462891 0.615234 0.252930 1310076709.656737
0.456055 0.640625 0.240234 1310076709.714752
0.413086 0.677734 0.235352 1310076709.738741
0.385742 0.683594 0.216797 1310076709.760741
0.378906 0.730469 0.178711 1310076709.783743
0.375000 0.714844 0.158203 1310076709.826721
0.350586 0.732422 0.172852 1310076709.869765
0.282227 0.689453 0.109375 1310076709.891742
0.284180 0.798828 0.104492 1310076709.936749
0.137695 0.858398 0.081055 1310076709.959749
0.153320 0.833984 0.041016 1310076710.004760
0.098633 0.849609 0.012695 1310076710.046727
0.094727 0.858398 0.020508 1310076710.048723
0.076172 0.832031 0.021484 1310076710.083748
0.086914 0.830078 0.034180 1310076710.106762
0.041016 0.889648 -0.017578 1310076710.150755
0.034180 0.859375 0.232422 1310076710.173748
-0.033203 0.745117 -0.020508 1310076710.216746
0.006836 0.841797 -0.038086 1310076710.261751
-0.067383 0.875000 0.004883 1310076710.309764
-0.008789 0.861328 -0.005859 1310076710.321748
-0.037109 0.842773 0.001953 1310076710.344748
0.011719 0.829102 -0.029297 1310076710.391758
0.011719 0.829102 -0.029297 1310076710.393749
0.000977 0.931641 0.042969 1310076710.446754
0.051758 0.912109 0.068359 1310076710.469758
0.107422 0.814453 0.097656 1310076710.501756
0.088867 0.833984 0.114258 1310076710.545758
0.088867 0.833984 0.114258 1310076710.566748
0.069336 0.787109 0.101562 1310076710.594762
0.009766 0.839844 0.081055 1310076710.636760
0.044922 0.853516 0.060547 1310076710.659763
-0.005859 0.847656 0.058594 1310076710.703764
0.052734 0.815430 0.042969 1310076710.725739
0.068359 0.815430 0.042969 1310076710.748768
0.069336 0.848633 0.084961 1310076710.790765
0.084961 0.828125 0.066406 1310076710.839760
0.041992 0.846680 0.047852 1310076710.861761
0.018555 0.825195 0.042969 1310076710.883756
-0.004883 0.806641 0.090820 1310076710.905766
0.016602 0.812500 0.064453 1310076710.948758
0.021484 0.871094 0.142578 1310076710.994767
0.046875 0.829102 0.071289 1310076711.016778
0.055664 0.811523 0.096680 1310076711.061762
0.095703 0.809570 0.087891 1310076711.083769
0.073242 0.832031 0.094727 1310076711.105764
0.095703 0.801758 0.125977 1310076711.148732
0.091797 0.839844 0.088867 1310076711.170771
0.068359 0.834961 0.087891 1310076711.230775
0.003906 0.824219 0.105469 1310076711.253769
0.095703 0.864258 0.125000 1310076711.353773
0.093750 0.832031 0.125000 1310076711.354773
0.095703 0.812500 0.144531 1310076711.358768
0.140625 0.834961 0.128906 1310076711.379769
0.112305 0.848633 0.168945 1310076711.401773
0.128906 0.820312 0.170898 1310076711.444775
0.131836 0.830078 0.132812 1310076711.473799
0.176758 0.830078 0.132812 1310076711.500772
0.173828 0.826172 0.144531 1310076711.530784
0.169922 0.811523 0.159180 1310076711.573768
0.144531 0.811523 0.159180 1310076711.593775
0.100586 0.879883 0.128906 1310076711.636779
0.057617 0.855469 0.031250 1310076711.658778
0.041992 0.798828 0.065430 1310076711.701775
0.054688 0.834961 0.000977 1310076711.729783
0.039062 0.855469 0.013672 1310076711.763784
0.049805 0.778320 0.101562 1310076711.786780
0.131836 0.768555 0.078125 1310076711.829786
-0.008789 0.901367 0.008789 1310076711.843781
0.001953 0.977539 -0.015625 1310076711.896782
0.183594 0.815430 -0.005859 1310076711.936783
0.023438 0.843750 -0.026367 1310076711.955781
-0.089844 0.888672 -0.036133 1310076712.001786
0.014648 0.821289 -0.131836 1310076712.024788
0.110352 0.787109 0.080078 1310076712.045782
0.103516 0.877930 0.034180 1310076712.068787
0.251953 0.826172 0.029297 1310076712.111791
0.229492 0.792969 0.048828 1310076712.156787
0.099609 0.910156 0.036133 1310076712.208797
0.123047 0.820312 0.123047 1310076712.209787
0.170898 0.794922 0.123047 1310076712.231796
0.170898 0.787109 0.103516 1310076712.275808
0.290039 0.765625 0.164062 1310076712.316792
0.348633 0.711914 0.187500 1310076712.339796
0.363281 0.726562 0.174805 1310076712.361799
0.357422 0.719727 0.216797 1310076712.403793
0.410156 0.675781 0.218750 1310076712.425800
0.395508 0.697266 0.224609 1310076712.471810
0.444336 0.724609 0.245117 1310076712.506774
0.440430 0.664062 0.236328 1310076712.543794
0.417969 0.625000 0.233398 1310076712.595794
0.447266 0.667969 0.231445 1310076712.623799
0.444336 0.667969 0.231445 1310076712.624793
0.463867 0.648438 0.257812 1310076712.669798
0.453125 0.635742 0.274414 1310076712.693792
0.366211 0.669922 0.237305 1310076712.738796
0.409180 0.692383 0.229492 1310076712.760799
0.387695 0.694336 0.223633 1310076712.821800
0.382812 0.695312 0.223633 1310076712.823799
0.315430 0.699219 0.158203 1310076712.848806
0.279297 0.758789 0.170898 1310076712.884795
0.266602 0.767578 0.140625 1310076712.928807
0.208984 0.759766 0.110352 1310076712.951785
0.225586 0.781250 0.087891 1310076712.974807
0.197266 0.839844 0.107422 1310076713.020783
0.242188 0.876953 0.003906 1310076713.041805
0.125000 0.865234 0.026367 1310076713.085814
0.034180 0.881836 0.012695 1310076713.106804
0.064453 0.884766 0.034180 1310076713.153813
-0.016602 0.856445 0.000977 1310076713.174805
-0.016602 0.856445 0.000977 1310076713.194801
-0.018555 0.789062 -0.022461 1310076713.239796
0.009766 0.871094 -0.019531 1310076713.269809
0.014648 0.858398 -0.030273 1310076713.314816
0.018555 0.807617 0.001953 1310076713.343808
0.034180 0.865234 0.004883 1310076713.368813
0.070312 0.843750 0.028320 1310076713.411822
0.064453 0.848633 0.028320 1310076713.434818
-0.009766 0.805664 0.021484 1310076713.478815
-0.041016 0.845703 0.058594 1310076713.499814
-0.030273 0.842773 0.082031 1310076713.544822
0.008789 0.888672 0.082031 1310076713.553814
0.026367 0.817383 0.122070 1310076713.621820
0.056641 0.804688 0.118164 1310076713.666815
0.060547 0.834961 0.098633 1310076713.689813
0.054688 0.820312 0.124023 1310076713.758813
0.072266 0.825195 0.120117 1310076713.759808
0.025391 0.822266 0.120117 1310076713.761808
0.014648 0.848633 0.088867 1310076713.783820
0.077148 0.813477 0.096680 1310076713.827798
0.035156 0.828125 0.097656 1310076713.881845
0.089844 0.844727 0.082031 1310076713.908798
0.068359 0.792969 0.118164 1310076713.929824
0.023438 0.850586 0.097656 1310076713.958824
0.069336 0.800781 0.091797 1310076713.980801
0.080078 0.807617 0.093750 1310076714.025827
0.100586 0.894531 0.154297 1310076714.049826
0.089844 0.800781 0.154297 1310076714.088829
0.086914 0.827148 0.094727 1310076714.114836
0.058594 0.827148 0.125977 1310076714.160825
0.131836 0.802734 0.117188 1310076714.182830
0.125977 0.773438 0.158203 1310076714.208806
0.084961 0.842773 0.145508 1310076714.242827
0.058594 0.826172 0.166016 1310076714.265825
0.083984 0.843750 0.166016 1310076714.311837
0.120117 0.812500 0.169922 1310076714.342831
0.173828 0.823242 0.145508 1310076714.365829
0.142578 0.808594 0.179688 1310076714.416832
0.099609 0.826172 0.143555 1310076714.422836
0.099609 0.742188 0.177734 1310076714.482854
0.101562 0.820312 0.123047 1310076714.498829
0.125977 0.847656 0.190430 1310076714.522838
0.095703 0.806641 0.200195 1310076714.557927
0.141602 0.828125 0.163086 1310076714.600849
0.141602 0.837891 0.158203 1310076714.625826
0.115234 0.822266 0.135742 1310076714.677840
0.114258 0.816406 0.127930 1310076714.682832
0.156250 0.823242 0.179688 1310076714.754842
0.083008 0.847656 0.119141 1310076714.755829
0.107422 0.846680 0.099609 1310076714.779839
0.167969 0.791016 0.118164 1310076714.820839
0.177734 0.777344 0.115234 1310076714.847849
0.062500 0.911133 0.115234 1310076714.893853
-0.022461 0.859375 0.115234 1310076714.919839
0.069336 0.765625 0.043945 1310076714.960855
0.068359 0.837891 0.056641 1310076715.005853
0.053711 0.851562 0.014648 1310076715.029851
0.093750 0.839844 -0.045898 1310076715.064842
-0.016602 0.880859 -0.025391 1310076715.090847
-0.075195 0.808594 0.083008 1310076715.186851
0.129883 0.880859 -0.086914 1310076715.202845
0.023438 0.937500 0.018555 1310076715.227805
-0.000977 0.923828 0.057617 1310076715.249850
0.184570 0.850586 0.036133 1310076715.250848
0.136719 0.843750 0.041016 1310076715.287849
0.084961 0.925781 0.027344 1310076715.310862
0.130859 0.855469 0.027344 1310076715.342865
0.169922 0.754883 0.037109 1310076715.367857
0.186523 0.931641 0.045898 1310076715.392860
0.214844 0.788086 0.045898 1310076715.443853
0.201172 0.775391 0.108398 1310076715.464847
0.268555 0.819336 0.172852 1310076715.506857
0.354492 0.702148 0.093750 1310076715.527826
0.352539 0.751953 0.189453 1310076715.550870
0.342773 0.728516 0.222656 1310076715.594857
0.315430 0.746094 0.222656 1310076715.618858
0.378906 0.755859 0.232422 1310076715.660855
0.397461 0.680664 0.246094 1310076715.705861
0.451172 0.679688 0.255859 1310076715.716860
0.409180 0.660156 0.234375 1310076715.760857
0.437500 0.640625 0.161133 1310076715.781836
0.437500 0.640625 0.161133 1310076715.805857
0.484375 0.647461 0.253906 1310076715.850835
0.479492 0.621094 0.243164 1310076715.875854
0.493164 0.644531 0.257812 1310076715.924852
0.463867 0.637695 0.218750 1310076715.945876
0.457031 0.687500 0.222656 1310076715.987859
0.421875 0.673828 0.240234 1310076716.012870
0.398438 0.640625 0.199219 1310076716.047864
0.368164 0.728516 0.183594 1310076716.069860
0.287109 0.824219 0.162109 1310076716.112864
0.258789 0.787109 0.116211 1310076716.156862
0.209961 0.753906 0.116211 1310076716.181880
0.207031 0.802734 0.116211 1310076716.198867
0.231445 0.814453 0.062500 1310076716.230878
0.136719 0.859375 0.012695 1310076716.269865
0.066406 0.865234 0.022461 1310076716.305869
0.041016 0.866211 -0.004883 1310076716.350876
0.030273 0.853516 0.245117 1310076716.352867
-0.011719 0.875000 -0.032227 1310076716.485877
-0.055664 0.855469 -0.042969 1310076716.512891
-0.017578 0.916016 0.002930 1310076716.555874
-0.050781 0.888672 -0.006836 1310076716.591875
-0.059570 0.830078 -0.070312 1310076716.592870
-0.077148 0.788086 -0.007812 1310076716.594872
0.000000 0.856445 0.031250 1310076716.595869
0.004883 0.879883 0.017578 1310076716.639878
-0.027344 0.855469 0.077148 1310076716.664874
-0.011719 0.892578 0.071289 1310076716.691867
0.092773 0.917969 0.054688 1310076716.730877
0.112305 0.834961 0.063477 1310076716.736874
0.053711 0.834961 0.063477 1310076716.781880
0.041992 0.788086 0.046875 1310076716.826884
0.090820 0.804688 0.078125 1310076716.855879
0.048828 0.832031 0.097656 1310076716.883901
0.051758 0.821289 0.045898 1310076716.932880
0.035156 0.812500 0.045898 1310076716.934880
0.068359 0.833008 0.099609 1310076716.980874
0.040039 0.830078 0.096680 1310076717.002862
0.024414 0.802734 0.080078 1310076717.036896
-0.001953 0.844727 0.078125 1310076717.082883
0.000977 0.821289 0.069336 1310076717.107886
0.041992 0.847656 0.065430 1310076717.152884
0.055664 0.833984 0.071289 1310076717.165882
0.041016 0.826172 0.095703 1310076717.222893
0.018555 0.804688 0.089844 1310076717.247885
0.062500 0.804688 0.117188 1310076717.279863
0.056641 0.839844 0.085938 1310076717.302886
0.089844 0.840820 0.115234 1310076717.326897
0.075195 0.845703 0.131836 1310076717.381901
0.092773 0.835938 0.135742 1310076717.404892
0.106445 0.812500 0.160156 1310076717.425888
0.120117 0.849609 0.125000 1310076717.470899
0.102539 0.826172 0.157227 1310076717.492889
0.124023 0.821289 0.139648 1310076717.515888
0.096680 0.812500 0.107422 1310076717.561888
0.087891 0.832031 0.113281 1310076717.594894
0.125977 0.818359 0.058594 1310076717.637896
0.082031 0.791016 0.114258 1310076717.659892
0.079102 0.791016 0.114258 1310076717.685895
0.037109 0.850586 0.077148 1310076717.760908
0.027344 0.840820 0.048828 1310076717.761894
0.041016 0.833984 0.106445 1310076717.780877
0.057617 0.818359 0.095703 1310076717.815901
0.049805 0.818359 0.117188 1310076717.860878
0.049805 0.818359 0.117188 1310076717.885919
0.047852 0.856445 0.077148 1310076717.909914
0.057617 0.841797 0.083984 1310076717.954906
0.041992 0.861328 0.059570 1310076717.992907
-0.030273 0.855469 0.034180 1310076718.034895
-0.010742 0.846680 0.016602 1310076718.055902
-0.017578 0.827148 0.003906 1310076718.079902
-0.102539 0.863281 0.044922 1310076718.115901
0.009766 0.862305 0.026367 1310076718.177953
0.051758 0.849609 0.020508 1310076718.185898
0.090820 0.881836 0.021484 1310076718.207897
0.009766 0.855469 0.037109 1310076718.232920
0.025391 0.851562 0.033203 1310076718.259912
0.015625 0.850586 0.048828 1310076718.306891
0.038086 0.855469 0.080078 1310076718.334901
0.053711 0.839844 0.046875 1310076718.389912
0.035156 0.812500 0.113281 1310076718.390911
0.062500 0.785156 0.082031 1310076718.418890
0.068359 0.805664 0.044922 1310076718.460906
0.049805 0.824219 0.085938 1310076718.504910
0.078125 0.835938 0.143555 1310076718.525911
0.141602 0.824219 0.092773 1310076718.549920
