0.148438 0.791016 0.210938 1311114639.054966
0.043945 0.812500 0.460938 1311114639.098965
0.051758 0.865234 0.267578 1311114639.121966
0.075195 0.798828 0.275391 1311114639.156919
0.142578 0.735352 0.213867 1311114639.178964
0.257812 0.706055 0.195312 1311114639.225941
0.366211 0.721680 0.188477 1311114639.249964
0.362305 0.748047 0.220703 1311114639.293968
0.291992 0.726562 0.222656 1311114639.305966
0.194336 0.784180 0.243164 1311114639.350969
0.291992 0.748047 0.256836 1311114639.373967
0.320312 0.713867 0.220703 1311114639.418967
0.344727 0.733398 0.220703 1311114639.443974
0.283203 0.737305 0.279297 1311114639.480963
0.311523 0.744141 0.275391 1311114639.504900
0.250000 0.693359 0.284180 1311114639.548967
0.193359 0.659180 0.315430 1311114639.570978
0.160156 0.737305 0.293945 1311114639.594973
0.160156 0.737305 0.293945 1311114639.636903
0.265625 0.755859 0.320312 1311114639.670949
0.171875 0.681641 0.323242 1311114639.693971
0.262695 0.674805 0.328125 1311114639.736987
0.536133 0.646484 0.284180 1311114639.759978
0.542969 0.569336 0.350586 1311114639.783982
0.593750 0.563477 0.416992 1311114639.829971
0.655273 0.557617 0.440430 1311114639.873982
0.421875 0.687500 0.354492 1311114639.895985
0.088867 0.774414 0.387695 1311114639.938991
0.139648 0.669922 0.272461 1311114639.959982
0.150391 0.638672 0.309570 1311114639.981991
0.014648 0.807617 0.342773 1311114640.037977
-0.011719 0.888672 0.390625 1311114640.085987
0.198242 0.620117 0.309570 1311114640.105989
0.190430 0.591797 0.203125 1311114640.106974
0.191406 0.837891 0.206055 1311114640.159942
0.333008 0.707031 0.274414 1311114640.182986
0.390625 0.660156 0.255859 1311114640.228972
0.325195 0.725586 0.353516 1311114640.249965
0.405273 0.845703 0.354492 1311114640.270977
0.382812 0.778320 0.311523 1311114640.313934
0.318359 0.640625 0.321289 1311114640.336988
0.331055 0.669922 0.321289 1311114640.361993
0.320312 0.687500 0.321289 1311114640.409989
0.274414 0.712891 0.338867 1311114640.451995
0.286133 0.681641 0.327148 1311114640.480923
0.299805 0.728516 0.321289 1311114640.503936
0.290039 0.699219 0.327148 1311114640.525988
0.243164 0.699219 0.327148 1311114640.554001
0.228516 0.700195 0.327148 1311114640.601997
0.256836 0.695312 0.370117 1311114640.644961
0.211914 0.726562 0.298828 1311114640.666991
0.179688 0.679688 0.291016 1311114640.690013
0.161133 0.728516 0.291992 1311114640.734982
0.170898 0.740234 0.327148 1311114640.756975
0.139648 0.709961 0.280273 1311114640.793996
0.145508 0.736328 0.292969 1311114640.819948
0.178711 0.746094 0.292969 1311114640.866001
0.183594 0.759766 0.287109 1311114640.891988
0.149414 0.734375 0.291016 1311114640.914946
0.208008 0.708008 0.288086 1311114640.960998
0.200195 0.726562 0.291016 1311114640.983998
0.214844 0.725586 0.283203 1311114641.030000
0.219727 0.765625 0.302734 1311114641.059014
0.241211 0.709961 0.284180 1311114641.084999
0.236328 0.728516 0.284180 1311114641.106002
0.211914 0.738281 0.286133 1311114641.152014
0.211914 0.728516 0.292969 1311114641.176002
0.212891 0.758789 0.280273 1311114641.223996
0.231445 0.715820 0.255859 1311114641.245994
0.197266 0.743164 0.287109 1311114641.289008
0.201172 0.735352 0.302734 1311114641.355019
0.217773 0.722656 0.319336 1311114641.382009
0.256836 0.693359 0.287109 1311114641.382999
0.232422 0.726562 0.300781 1311114641.404000
0.217773 0.726562 0.311523 1311114641.447014
0.203125 0.751953 0.305664 1311114641.469012
0.167969 0.728516 0.306641 1311114641.495011
0.237305 0.734375 0.321289 1311114641.536973
