-0.200195 0.824219 0.139648 1311115834.121137
-0.218750 0.835938 0.152344 1311115834.152213
-0.226562 0.750000 0.150391 1311115834.191138
-0.243164 0.781250 0.163086 1311115834.227213
-0.253906 0.758789 0.130859 1311115834.248218
-0.243164 0.761719 0.147461 1311115834.269212
-0.222656 0.764648 0.201172 1311115834.314207
-0.208008 0.745117 0.180664 1311115834.336209
-0.177734 0.772461 0.198242 1311115834.377217
-0.182617 0.763672 0.255859 1311115834.402160
-0.174805 0.740234 0.275391 1311115834.436215
-0.144531 0.788086 0.274414 1311115834.458221
-0.124023 0.732422 0.270508 1311115834.491218
-0.101562 0.750000 0.274414 1311115834.534205
-0.076172 0.767578 0.362305 1311115834.578134
-0.020508 0.723633 0.261719 1311115834.603139
-0.067383 0.750000 0.272461 1311115834.624210
0.008789 0.820312 0.333984 1311115834.668224
0.193359 0.824219 0.407227 1311115834.691183
0.251953 0.824219 0.407227 1311115834.714212
0.234375 0.785156 0.377930 1311115834.759220
0.368164 0.761719 0.444336 1311115834.783224
0.367188 0.744141 0.452148 1311115834.836230
0.415039 0.763672 0.500977 1311115834.933229
0.495117 0.722656 0.553711 1311115834.934227
0.547852 0.780273 0.553711 1311115834.955226
0.509766 0.705078 0.591797 1311115834.974226
0.502930 0.750000 0.593750 1311115834.997163
0.442383 0.733398 0.544922 1311115835.021182
0.404297 0.720703 0.453125 1311115835.042334
0.333984 0.757812 0.444336 1311115835.064224
0.279297 0.726562 0.423828 1311115835.128228
0.252930 0.675781 0.422852 1311115835.176377
0.194336 0.613281 0.312500 1311115835.177240
0.147461 0.520508 0.207031 1311115835.217186
0.075195 0.435547 0.094727 1311115835.242241
0.091797 0.359375 0.036133 1311115835.263172
0.174805 0.326172 0.026367 1311115835.307224
0.182617 0.339844 0.104492 1311115835.351231
0.188477 0.361328 0.144531 1311115835.372176
0.225586 0.355469 0.177734 1311115835.416229
0.367188 0.507812 0.277344 1311115835.441242
0.373047 0.570312 0.378906 1311115835.464233
0.367188 0.607422 0.428711 1311115835.519181
0.394531 0.651367 0.429688 1311115835.543226
0.453125 0.640625 0.385742 1311115835.587245
0.397461 0.636719 0.343750 1311115835.604188
0.228516 0.642578 0.332031 1311115835.648239
0.241211 0.673828 0.339844 1311115835.649235
0.249023 0.741211 0.394531 1311115835.691241
0.344727 0.741211 0.394531 1311115835.712172
0.344727 0.741211 0.394531 1311115835.755240
0.349609 0.651367 0.388672 1311115835.798242
0.261719 0.641602 0.380859 1311115835.821162
0.011719 0.641602 0.380859 1311115835.864244
0.196289 0.668945 0.379883 1311115835.877254
0.286133 0.656250 0.369141 1311115835.923240
0.283203 0.649414 0.354492 1311115835.944245
0.303711 0.662109 0.386719 1311115835.988241
0.290039 0.663086 0.357422 1311115836.032245
0.317383 0.707031 0.357422 1311115836.054249
0.296875 0.643555 0.352539 1311115836.098245
0.323242 0.673828 0.368164 1311115836.102182
0.264648 0.639648 0.341797 1311115836.199247
0.296875 0.660156 0.344727 1311115836.242194
