0.127930 0.634766 0.375000 1309979902.944597
0.086914 0.662109 0.436523 1309979902.966597
0.122070 0.646484 0.436523 1309979902.998598
0.095703 0.656250 0.442383 1309979903.041603
0.074219 0.691406 0.406250 1309979903.078596
0.112305 0.638672 0.453125 1309979903.101601
0.112305 0.643555 0.458008 1309979903.122598
0.099609 0.677734 0.450195 1309979903.167599
0.115234 0.629883 0.463867 1309979903.188599
0.129883 0.658203 0.426758 1309979903.211603
0.120117 0.658203 0.426758 1309979903.256584
0.129883 0.648438 0.440430 1309979903.281606
0.126953 0.657227 0.405273 1309979903.324619
0.141602 0.660156 0.416016 1309979903.346609
0.132812 0.659180 0.445312 1309979903.392610
0.144531 0.639648 0.452148 1309979903.422607
0.176758 0.634766 0.446289 1309979903.445598
0.186523 0.625000 0.458984 1309979903.489614
0.258789 0.577148 0.403320 1309979903.511651
0.282227 0.589844 0.436523 1309979903.553604
0.200195 0.647461 0.459961 1309979903.577606
0.130859 0.654297 0.459961 1309979903.599612
0.000000 0.655273 0.466797 1309979903.642630
-0.190430 0.677734 0.522461 1309979903.686624
-0.048828 0.663086 0.441406 1309979903.712600
0.294922 0.630859 0.327148 1309979903.736619
0.309570 0.659180 0.336914 1309979903.767613
0.059570 0.659180 0.336914 1309979903.811613
0.230469 0.685547 0.417969 1309979903.837617
0.246094 0.656250 0.415039 1309979903.902624
0.193359 0.657227 0.416992 1309979903.923617
0.192383 0.616211 0.418945 1309979903.967615
0.192383 0.655273 0.455078 1309979903.974621
0.160156 0.671875 0.427734 1309979904.018611
0.189453 0.649414 0.416016 1309979904.039620
0.214844 0.610352 0.402344 1309979904.062590
0.149414 0.614258 0.456055 1309979904.101629
0.197266 0.647461 0.423828 1309979904.123618
0.189453 0.632812 0.401367 1309979904.171647
0.210938 0.669922 0.414062 1309979904.192621
0.186523 0.683594 0.409180 1309979904.234625
0.210938 0.603516 0.460938 1309979904.257622
0.241211 0.658203 0.434570 1309979904.296625
0.205078 0.670898 0.435547 1309979904.364625
0.251953 0.618164 0.432617 1309979904.366620
0.328125 0.675781 0.427734 1309979904.407624
0.293945 0.804688 0.411133 1309979904.408621
0.129883 0.683594 0.388672 1309979904.449626
-0.080078 0.638672 0.393555 1309979904.482628
-0.079102 0.547852 0.376953 1309979904.503611
-0.101562 0.683594 0.414062 1309979904.547631
-0.123047 0.683594 0.414062 1309979904.572632
-0.119141 0.655273 0.419922 1309979904.616643
-0.079102 0.635742 0.424805 1309979904.638635
-0.064453 0.678711 0.419922 1309979904.687628
-0.020508 0.671875 0.410156 1309979904.711634
0.006836 0.671875 0.410156 1309979904.726629
0.044922 0.641602 0.438477 1309979904.778632
0.101562 0.666992 0.423828 1309979904.801614
0.125977 0.650391 0.443359 1309979904.843613
0.144531 0.662109 0.409180 1309979904.864609
0.215820 0.637695 0.443359 1309979904.887672
0.239258 0.595703 0.443359 1309979904.934642
0.291016 0.606445 0.419922 1309979904.956636
0.266602 0.656250 0.381836 1309979904.999616
0.223633 0.655273 0.452148 1309979905.022637
0.241211 0.642578 0.512695 1309979905.069639
0.181641 0.652344 0.453125 1309979905.098632
0.181641 0.652344 0.453125 1309979905.119656
0.094727 0.652344 0.453125 1309979905.143641
0.094727 0.652344 0.453125 1309979905.187642
0.006836 0.736328 0.392578 1309979905.253665
0.259766 0.706055 0.324219 1309979905.283650
0.269531 0.606445 0.359375 1309979905.299640
0.255859 0.606445 0.359375 1309979905.301640
0.295898 0.703125 0.374023 1309979905.361668
0.309570 0.682617 0.402344 1309979905.456648
0.321289 0.666992 0.376953 1309979905.632642
0.246094 0.650391 0.424805 1309979905.659648
0.218750 0.656250 0.396484 1309979905.679661
0.191406 0.681641 0.360352 1309979905.684652
0.136719 0.687500 0.397461 1309979905.701672
0.077148 0.648438 0.416016 1309979905.703625
0.116211 0.633789 0.424805 1309979905.704646
0.103516 0.646484 0.430664 1309979905.706640
0.150391 0.625977 0.428711 1309979905.707638
0.193359 0.654297 0.428711 1309979905.726641
0.193359 0.654297 0.428711 1309979905.728646
0.188477 0.660156 0.462891 1309979905.784672
0.203125 0.641602 0.446289 1309979905.806657
0.230469 0.661133 0.448242 1309979905.842669
0.196289 0.637695 0.417969 1309979905.874656
0.141602 0.627930 0.453125 1309979905.888653
0.088867 0.627930 0.453125 1309979905.926656
0.063477 0.634766 0.468750 1309979905.959641
0.071289 0.693359 0.464844 1309979905.991658
0.120117 0.656250 0.493164 1309979906.026659
0.120117 0.656250 0.493164 1309979906.048659
0.202148 0.642578 0.416016 1309979906.096646
0.069336 0.616211 0.381836 1309979906.118646
-0.037109 0.617188 0.406250 1309979906.164649
-0.078125 0.630859 0.459961 1309979906.186478
-0.055664 0.628906 0.444336 1309979906.208675
-0.067383 0.630859 0.405273 1309979906.252670
-0.033203 0.652344 0.457031 1309979906.294669
0.002930 0.662109 0.427734 1309979906.317637
0.031250 0.686523 0.453125 1309979906.339659
0.063477 0.686523 0.439453 1309979906.383711
0.103516 0.633789 0.432617 1309979906.406669
0.131836 0.658203 0.411133 1309979906.451666
0.132812 0.663086 0.416992 1309979906.493673
0.141602 0.666016 0.444336 1309979906.514664
0.178711 0.619141 0.427734 1309979906.537668
0.171875 0.648438 0.470703 1309979906.571669
0.175781 0.643555 0.426758 1309979906.617686
0.211914 0.664062 0.462891 1309979906.637668
0.256836 0.637695 0.436523 1309979906.659652
0.272461 0.581055 0.436523 1309979906.701675
0.297852 0.659180 0.403320 1309979906.743674
0.145508 0.685547 0.451172 1309979906.783677
0.005859 0.671875 0.483398 1309979906.788676
-0.184570 0.684570 0.501953 1309979906.831653
-0.057617 0.726562 0.383789 1309979906.887669
-0.057617 0.726562 0.383789 1309979906.888674
0.336914 0.628906 0.258789 1309979906.948674
0.211914 0.591797 0.347656 1309979906.971674
0.250000 0.591797 0.347656 1309979907.016674
0.274414 0.699219 0.387695 1309979907.069679
0.279297 0.645508 0.393555 1309979907.116684
0.192383 0.679688 0.416016 1309979907.117676
0.214844 0.661133 0.381836 1309979907.137680
0.131836 0.701172 0.415039 1309979907.139680
0.110352 0.640625 0.411133 1309979907.197677
0.114258 0.658203 0.375000 1309979907.219685
0.139648 0.639648 0.388672 1309979907.263687
0.148438 0.692383 0.422852 1309979907.287656
0.166016 0.696289 0.447266 1309979907.324665
0.178711 0.654297 0.433594 1309979907.348684
0.221680 0.644531 0.429688 1309979907.373682
0.215820 0.682617 0.419922 1309979907.406695
0.204102 0.614258 0.415039 1309979907.437689
0.205078 0.655273 0.368164 1309979907.481690
0.143555 0.651367 0.437500 1309979907.519663
0.151367 0.638672 0.437500 1309979907.542700
0.104492 0.625000 0.428711 1309979907.568686
0.124023 0.689453 0.436523 1309979907.609696
0.173828 0.673828 0.443359 1309979907.632673
0.296875 0.722656 0.419922 1309979907.676670
0.209961 0.709961 0.365234 1309979907.719690
0.073242 0.652344 0.365234 1309979907.721680
-0.001953 0.595703 0.416016 1309979907.765696
-0.001953 0.595703 0.416016 1309979907.788682
-0.058594 0.652344 0.468750 1309979907.832692
-0.077148 0.630859 0.443359 1309979907.856671
-0.034180 0.593750 0.455078 1309979907.899674
-0.034180 0.593750 0.455078 1309979907.919698
0.024414 0.661133 0.440430 1309979907.979702
0.068359 0.621094 0.472656 1309979907.981688
0.068359 0.646484 0.454102 1309979908.044694
0.020508 0.668945 0.438477 1309979908.047692
0.093750 0.614258 0.456055 1309979908.089718
0.093750 0.614258 0.456055 1309979908.111701
0.096680 0.636719 0.426758 1309979908.156704
0.100586 0.575195 0.458984 1309979908.207727
0.192383 0.612305 0.443359 1309979908.209690
0.239258 0.664062 0.445312 1309979908.256696
0.221680 0.615234 0.460938 1309979908.275695
0.250977 0.597656 0.433594 1309979908.319706
0.215820 0.652344 0.436523 1309979908.342707
0.171875 0.675781 0.473633 1309979908.388707
0.049805 0.708984 0.453125 1309979908.412700
-0.084961 0.709961 0.432617 1309979908.429709
-0.046875 0.659180 0.410156 1309979908.476701
0.256836 0.696289 0.332031 1309979908.541710
0.322266 0.634766 0.315430 1309979908.620710
0.250977 0.589844 0.356445 1309979908.665708
0.203125 0.678711 0.397461 1309979908.668691
0.241211 0.673828 0.430664 1309979908.732705
0.212891 0.668945 0.399414 1309979908.777731
0.229492 0.668945 0.399414 1309979908.779697
0.229492 0.668945 0.399414 1309979908.798705
0.216797 0.644531 0.406250 1309979908.843710
0.200195 0.695312 0.424805 1309979908.847713
0.143555 0.681641 0.416992 1309979908.848709
0.127930 0.681641 0.416992 1309979908.869716
0.153320 0.650391 0.406250 1309979908.888713
0.173828 0.619141 0.414062 1309979908.935712
0.198242 0.667969 0.361328 1309979908.958717
0.193359 0.667969 0.398438 1309979909.004712
0.163086 0.636719 0.445312 1309979909.027717
0.180664 0.644531 0.443359 1309979909.061714
0.191406 0.681641 0.434570 1309979909.099708
0.171875 0.660156 0.442383 1309979909.122715
0.156250 0.662109 0.416992 1309979909.155727
0.130859 0.643555 0.412109 1309979909.178714
0.134766 0.667969 0.451172 1309979909.223720
0.151367 0.632812 0.440430 1309979909.289736
0.171875 0.656250 0.431641 1309979909.292728
0.133789 0.658203 0.406250 1309979909.314728
0.083008 0.629883 0.467773 1309979909.359720
0.057617 0.660156 0.437500 1309979909.382723
-0.010742 0.611328 0.439453 1309979909.404721
-0.029297 0.607422 0.458984 1309979909.462743
-0.049805 0.640625 0.445312 1309979909.529749
-0.071289 0.601562 0.472656 1309979909.530730
0.023438 0.614258 0.441406 1309979909.532718
0.050781 0.640625 0.441406 1309979909.569727
0.058594 0.613281 0.481445 1309979909.592729
0.062500 0.632812 0.403320 1309979909.657722
0.064453 0.648438 0.463867 1309979909.665732
0.058594 0.625000 0.470703 1309979909.708729
0.119141 0.644531 0.463867 1309979909.730731
0.124023 0.642578 0.426758 1309979909.755733
0.150391 0.651367 0.452148 1309979909.798777
0.180664 0.653320 0.451172 1309979909.822733
0.130859 0.679688 0.414062 1309979909.864734
0.166016 0.634766 0.417969 1309979909.893745
0.180664 0.626953 0.411133 1309979909.935735
0.174805 0.682617 0.487305 1309979909.957735
0.174805 0.682617 0.487305 1309979909.978732
0.114258 0.682617 0.441406 1309979910.035718
0.004883 0.713867 0.403320 1309979910.057737
-0.104492 0.757812 0.444336 1309979910.082733
-0.118164 0.730469 0.421875 1309979910.128756
0.280273 0.695312 0.316406 1309979910.150728
0.389648 0.695312 0.316406 1309979910.173760
0.291016 0.637695 0.320312 1309979910.238742
0.280273 0.734375 0.393555 1309979910.327744
0.331055 0.716797 0.418945 1309979910.328738
0.320312 0.720703 0.391602 1309979910.344749
0.205078 0.658203 0.387695 1309979910.358741
0.174805 0.719727 0.378906 1309979910.472747
0.118164 0.710938 0.374023 1309979910.485766
0.118164 0.701172 0.416016 1309979910.532751
0.124023 0.683594 0.394531 1309979910.533744
0.159180 0.625977 0.398438 1309979910.544725
0.163086 0.666016 0.362305 1309979910.556747
0.163086 0.666016 0.362305 1309979910.577746
0.167969 0.667969 0.425781 1309979910.620746
0.155273 0.666016 0.421875 1309979910.643816
0.186523 0.683594 0.447266 1309979910.664749
0.190430 0.667969 0.428711 1309979910.704742
0.234375 0.648438 0.432617 1309979910.728755
0.186523 0.608398 0.432617 1309979910.781764
0.121094 0.614258 0.442383 1309979910.828757
0.033203 0.625000 0.451172 1309979910.849754
0.105469 0.589844 0.486328 1309979910.850748
0.178711 0.651367 0.441406 1309979910.895760
0.209961 0.651367 0.441406 1309979910.908752
0.211914 0.684570 0.413086 1309979910.955750
0.142578 0.607422 0.418945 1309979910.997756
0.032227 0.589844 0.429688 1309979911.020750
-0.004883 0.613281 0.444336 1309979911.043760
-0.061523 0.658203 0.467773 1309979911.085755
-0.054688 0.601562 0.457031 1309979911.108757
-0.056641 0.602539 0.414062 1309979911.153735
0.042969 0.620117 0.438477 1309979911.208758
0.105469 0.637695 0.429688 1309979911.209749
0.119141 0.677734 0.399414 1309979911.278762
0.073242 0.663086 0.461914 1309979911.279756
0.108398 0.626953 0.432617 1309979911.315763
0.111328 0.592773 0.419922 1309979911.358765
0.092773 0.645508 0.415039 1309979911.384758
0.092773 0.697266 0.405273 1309979911.407764
0.132812 0.660156 0.445312 1309979911.433761
0.114258 0.671875 0.395508 1309979911.467742
0.076172 0.669922 0.426758 1309979911.509821
0.093750 0.686523 0.401367 1309979911.533761
0.104492 0.671875 0.413086 1309979911.573848
0.118164 0.679688 0.425781 1309979911.597765
0.135742 0.679688 0.408203 1309979911.623766
0.166016 0.652344 0.408203 1309979911.651746
0.166016 0.652344 0.408203 1309979911.695779
0.221680 0.632812 0.418945 1309979911.745770
0.203125 0.622070 0.432617 1309979911.767770
0.156250 0.650391 0.456055 1309979911.789763
