0.151367 0.833984 -0.070312 1309540389.929927
0.123047 0.871094 -0.094727 1309540389.974922
0.147461 0.850586 -0.067383 1309540389.996916
0.147461 0.850586 -0.067383 1309540390.017920
0.133789 0.862305 -0.053711 1309540390.064924
0.139648 0.859375 -0.061523 1309540390.087927
0.114258 0.865234 -0.065430 1309540390.109921
0.134766 0.842773 -0.088867 1309540390.154906
0.128906 0.863281 -0.079102 1309540390.229931
0.114258 0.865234 -0.059570 1309540390.231924
0.131836 0.842773 -0.071289 1309540390.244928
0.129883 0.853516 -0.047852 1309540390.289923
0.125000 0.843750 -0.050781 1309540390.313927
0.114258 0.866211 -0.079102 1309540390.346934
0.123047 0.880859 -0.079102 1309540390.369936
0.159180 0.875000 -0.059570 1309540390.414927
0.131836 0.875000 -0.043945 1309540390.436930
0.139648 0.866211 -0.033203 1309540390.486932
0.126953 0.843750 -0.076172 1309540390.507931
0.137695 0.816406 -0.060547 1309540390.529928
0.130859 0.863281 -0.040039 1309540390.573930
0.163086 0.871094 -0.010742 1309540390.623931
0.210938 0.793945 -0.044922 1309540390.646928
0.291992 0.849609 0.005859 1309540390.672942
0.251953 0.867188 0.003906 1309540390.693908
0.239258 0.835938 -0.059570 1309540390.739928
0.148438 0.822266 -0.053711 1309540390.762928
0.113281 0.835938 0.002930 1309540390.783901
0.144531 0.896484 0.002930 1309540390.829939
0.092773 0.841797 0.041016 1309540390.872948
-0.067383 0.820312 -0.029297 1309540390.893935
-0.144531 0.860352 0.012695 1309540390.916938
-0.069336 0.839844 -0.237305 1309540390.959940
0.125000 0.865234 -0.116211 1309540391.002940
0.343750 0.835938 -0.071289 1309540391.023915
0.404297 0.809570 -0.067383 1309540391.072940
0.168945 0.789062 -0.060547 1309540391.101939
-0.054688 0.853516 -0.044922 1309540391.104916
-0.075195 0.882812 0.001953 1309540391.150940
-0.239258 0.882812 0.001953 1309540391.173942
-0.270508 0.944336 -0.045898 1309540391.219940
-0.200195 0.880859 -0.016602 1309540391.251944
-0.031250 0.842773 -0.026367 1309540391.284944
0.064453 0.857422 -0.014648 1309540391.307953
0.150391 0.851562 -0.014648 1309540391.331959
0.272461 0.851562 -0.014648 1309540391.378949
0.414062 0.761719 -0.024414 1309540391.423929
0.623047 0.772461 0.066406 1309540391.444946
0.729492 0.779297 0.142578 1309540391.517953
0.629883 0.779297 0.142578 1309540391.519950
0.259766 0.908203 -0.074219 1309540391.554945
-0.416992 1.077148 -0.141602 1309540391.578924
-0.587891 1.016602 -0.092773 1309540391.601948
0.259766 0.698242 0.048828 1309540391.626979
0.572266 0.649414 -0.020508 1309540391.672951
0.379883 0.852539 -0.028320 1309540391.682950
0.264648 0.908203 0.048828 1309540391.737946
0.410156 0.836914 -0.003906 1309540391.779952
0.427734 0.806641 0.006836 1309540391.801955
0.255859 0.825195 -0.070312 1309540391.847971
0.119141 0.827148 -0.025391 1309540391.869955
0.110352 0.897461 -0.084961 1309540391.893953
-0.012695 0.882812 -0.088867 1309540391.918956
-0.092773 0.837891 -0.081055 1309540391.963953
-0.195312 0.857422 -0.011719 1309540391.984952
-0.089844 0.951172 -0.025391 1309540392.029963
0.068359 0.919922 -0.088867 1309540392.052958
0.318359 0.919922 -0.088867 1309540392.082958
0.229492 0.839844 -0.113281 1309540392.114957
-0.070312 0.832031 -0.050781 1309540392.158961
-0.243164 0.879883 -0.009766 1309540392.193958
-0.202148 0.854492 -0.019531 1309540392.214964
-0.180664 0.923828 -0.056641 1309540392.239965
-0.185547 0.884766 -0.024414 1309540392.285110
-0.041992 0.838867 -0.048828 1309540392.306969
0.052734 0.813477 -0.087891 1309540392.349989
0.172852 0.865234 -0.091797 1309540392.374967
0.292969 0.833984 -0.004883 1309540392.402970
0.409180 0.808594 -0.007812 1309540392.430972
0.572266 0.775391 0.102539 1309540392.477966
0.608398 0.774414 0.118164 1309540392.500966
0.456055 0.889648 0.043945 1309540392.546969
0.122070 0.903320 -0.074219 1309540392.567945
-0.302734 0.931641 -0.125977 1309540392.613968
-0.230469 0.957031 -0.037109 1309540392.635972
0.355469 0.720703 0.077148 1309540392.659975
0.489258 0.753906 0.005859 1309540392.692971
0.337891 0.875977 0.046875 1309540392.733974
0.216797 0.902344 0.056641 1309540392.804977
0.298828 0.867188 -0.020508 1309540392.806971
0.236328 0.812500 -0.021484 1309540392.825973
0.188477 0.787109 -0.038086 1309540392.847988
0.073242 0.825195 -0.038086 1309540392.890995
0.073242 0.825195 -0.038086 1309540392.927978
-0.040039 0.866211 0.065430 1309540392.950973
-0.145508 0.841797 0.045898 1309540392.993978
-0.033203 0.946289 0.044922 1309540393.016977
0.183594 0.859375 -0.050781 1309540393.059979
0.356445 0.894531 -0.155273 1309540393.082974
0.029297 0.847656 -0.047852 1309540393.124978
-0.250000 0.955078 -0.062500 1309540393.145981
-0.323242 0.880859 -0.071289 1309540393.169973
-0.127930 0.898438 -0.041992 1309540393.216987
-0.057617 0.921875 -0.024414 1309540393.255980
-0.037109 0.849609 -0.020508 1309540393.279988
0.034180 0.802734 -0.012695 1309540393.303963
0.101562 0.879883 0.017578 1309540393.345992
0.193359 0.822266 0.041016 1309540393.370987
0.218750 0.847656 0.041016 1309540393.397984
0.370117 0.816406 0.031250 1309540393.439985
0.491211 0.811523 0.124023 1309540393.464989
0.497070 0.776367 0.138672 1309540393.509988
0.413086 0.867188 0.043945 1309540393.530983
0.114258 0.916992 -0.131836 1309540393.581003
-0.311523 0.953125 -0.137695 1309540393.612990
-0.289062 0.917969 -0.036133 1309540393.642988
0.390625 0.704102 0.059570 1309540393.663967
0.554688 0.728516 -0.010742 1309540393.687994
0.336914 0.871094 0.036133 1309540393.733993
0.162109 0.875000 0.049805 1309540393.755992
0.297852 0.839844 -0.016602 1309540393.804013
0.196289 0.838867 -0.048828 1309540393.830994
0.125977 0.759766 -0.032227 1309540393.856000
0.053711 0.771484 -0.023438 1309540393.899995
-0.110352 0.851562 0.041992 1309540393.922997
-0.110352 0.851562 0.041992 1309540393.943977
-0.016602 0.873047 -0.034180 1309540393.988998
0.198242 0.881836 -0.110352 1309540394.031001
0.390625 0.936523 -0.132812 1309540394.097997
0.137695 0.886719 -0.069336 1309540394.118997
-0.282227 0.909180 -0.019531 1309540394.128003
-0.344727 0.831055 0.020508 1309540394.149005
-0.255859 0.931641 -0.071289 1309540394.173002
-0.262695 0.903320 -0.048828 1309540394.218007
-0.097656 0.881836 -0.055664 1309540394.241001
0.049805 0.842773 -0.083984 1309540394.268010
0.158203 0.832031 -0.059570 1309540394.300001
0.259766 0.831055 -0.044922 1309540394.345006
0.323242 0.845703 -0.064453 1309540394.371003
0.465820 0.824219 0.004883 1309540394.403002
0.645508 0.803711 0.133789 1309540394.446005
0.741211 0.768555 0.125000 1309540394.462008
0.489258 0.878906 -0.040039 1309540394.511026
-0.123047 0.921875 -0.191406 1309540394.540025
-0.600586 1.042969 -0.148438 1309540394.564003
-0.039062 0.800781 0.061523 1309540394.610007
0.574219 0.660156 -0.007812 1309540394.633013
0.416992 0.784180 -0.025391 1309540394.668011
0.228516 0.870117 0.064453 1309540394.689010
0.269531 0.914062 0.006836 1309540394.733011
0.315430 0.876953 -0.036133 1309540394.778009
0.197266 0.833008 -0.046875 1309540394.799009
0.034180 0.781250 -0.004883 1309540394.823010
-0.098633 0.833008 -0.054688 1309540394.849017
-0.121094 0.833008 -0.054688 1309540394.891012
-0.179688 0.884766 0.004883 1309540394.936036
0.030273 0.904297 -0.056641 1309540394.958008
0.247070 0.867188 -0.096680 1309540394.980018
0.285156 0.871094 -0.128906 1309540395.023993
-0.033203 0.894531 -0.095703 1309540395.051025
-0.262695 0.912109 -0.032227 1309540395.073018
-0.186523 0.848633 -0.045898 1309540395.118020
-0.067383 0.900391 -0.041992 1309540395.140017
-0.055664 0.921875 -0.027344 1309540395.174020
-0.039062 0.851562 -0.013672 1309540395.239024
0.037109 0.815430 -0.055664 1309540395.243023
0.178711 0.815430 -0.055664 1309540395.269030
0.244141 0.812500 -0.008789 1309540395.318023
0.250977 0.810547 -0.024414 1309540395.398019
0.364258 0.824219 0.031250 1309540395.419021
0.526367 0.827148 0.130859 1309540395.421026
0.530273 0.832031 0.051758 1309540395.438027
0.385742 0.901367 -0.031250 1309540395.464032
-0.064453 0.934570 -0.125977 1309540395.506030
-0.438477 0.962891 -0.110352 1309540395.529027
-0.081055 0.924805 0.045898 1309540395.578032
0.447266 0.709961 0.044922 1309540395.591027
0.461914 0.715820 -0.205078 1309540395.617026
0.198242 0.829102 0.022461 1309540395.663029
0.054688 0.953125 -0.015625 1309540395.728035
0.159180 0.858398 -0.041016 1309540395.729027
0.179688 0.828125 -0.021484 1309540395.753037
0.161133 0.822266 -0.020508 1309540395.786032
0.111328 0.853516 -0.007812 1309540395.808462
0.093750 0.892578 0.010742 1309540395.854035
0.094727 0.892578 0.010742 1309540395.875031
0.094727 0.798828 0.047852 1309540395.920033
0.131836 0.877930 0.017578 1309540395.964032
0.149414 0.812500 0.045898 1309540395.989042
0.149414 0.812500 0.045898 1309540396.010034
0.125977 0.833008 0.036133 1309540396.056038
0.117188 0.888672 0.016602 1309540396.083034
0.066406 0.851562 -0.016602 1309540396.106038
0.055664 0.871094 0.010742 1309540396.148039
0.070312 0.858398 0.000000 1309540396.170023
0.069336 0.858398 0.000000 1309540396.195021
0.104492 0.834961 -0.007812 1309540396.254042
0.116211 0.844727 0.021484 1309540396.276040
0.068359 0.851562 0.022461 1309540396.309043
0.086914 0.847656 0.005859 1309540396.331039
0.124023 0.861328 0.004883 1309540396.375044
0.130859 0.853516 -0.037109 1309540396.400039
0.096680 0.853516 -0.046875 1309540396.445044
0.108398 0.857422 -0.023438 1309540396.468050
0.139648 0.868164 -0.013672 1309540396.513046
0.131836 0.841797 -0.021484 1309540396.534051
0.072266 0.861328 -0.031250 1309540396.558045
0.075195 0.846680 -0.045898 1309540396.594047
0.133789 0.881836 -0.029297 1309540396.668052
0.155273 0.834961 0.002930 1309540396.669046
0.188477 0.834961 -0.112305 1309540396.704035
0.184570 0.864258 -0.040039 1309540396.726060
0.187500 0.849609 -0.040039 1309540396.749051
