0.029297 -0.296875 -0.935547 1310163263.158460 
-0.007812 -0.339844 -0.891602 1310163263.199380 
-0.023438 -0.280273 -0.971680 1310163263.223381 
0.026367 -0.296875 -0.930664 1310163263.265458 
-0.074219 -0.319336 -0.908203 1310163263.287430 
0.002930 -0.331055 -0.910156 1310163263.314448 
0.027344 -0.282227 -0.892578 1310163263.357468 
0.004883 -0.265625 -0.929688 1310163263.390453 
-0.026367 -0.290039 -0.919922 1310163263.419419 
-0.003906 -0.311523 -0.927734 1310163263.466420 
0.000977 -0.294922 -0.926758 1310163263.503429 
0.005859 -0.292969 -0.928711 1310163263.524446 
0.019531 -0.225586 -0.920898 1310163263.547441 
-0.035156 -0.233398 -0.883789 1310163263.570451 
-0.062500 -0.284180 -0.853516 1310163263.617519 
-0.063477 -0.188477 -0.902344 1310163263.639516 
-0.045898 -0.205078 -0.854492 1310163263.662494 
-0.056641 -0.250977 -0.876953 1310163263.717468 
-0.098633 -0.194336 -0.823242 1310163263.740472 
-0.087891 -0.151367 -0.761719 1310163263.777533 
-0.049805 -0.156250 -0.796875 1310163263.799442 
-0.125977 -0.194336 -0.755859 1310163263.842535 
-0.183594 -0.123047 -0.806641 1310163263.863465 
-0.175781 -0.151367 -0.666992 1310163263.887476 
-0.137695 -0.178711 -0.752930 1310163263.934489 
-0.121094 -0.174805 -0.940430 1310163263.958527 
-0.140625 -0.138672 -0.825195 1310163264.002528 
-0.156250 -0.103516 -0.835938 1310163264.025492 
-0.115234 -0.147461 -0.939453 1310163264.057461 
-0.089844 -0.088867 -0.846680 1310163264.078549 
-0.182617 -0.088867 -0.907227 1310163264.121489 
-0.214844 -0.181641 -0.909180 1310163264.165547 
-0.251953 -0.228516 -1.037109 1310163264.187475 
-0.189453 -0.220703 -1.043945 1310163264.232530 
-0.389648 -0.265625 -1.079102 1310163264.254494 
-0.228516 -0.316406 -1.092773 1310163264.277542 
-0.192383 -0.276367 -1.097656 1310163264.329536 
-0.165039 -0.290039 -1.025391 1310163264.350447 
-0.154297 -0.346680 -1.057617 1310163264.394487 
-0.177734 -0.376953 -1.255859 1310163264.418524 
-0.115234 -0.333984 -1.246094 1310163264.440496 
0.045898 -0.287109 -1.171875 1310163264.464537 
0.045898 -0.287109 -1.171875 1310163264.507499 
0.132812 -0.166992 -0.724609 1310163264.550450 
0.199219 -0.114258 -0.851562 1310163264.577512 
0.214844 -0.187500 -0.959961 1310163264.619484 
0.266602 -0.207031 -0.977539 1310163264.642473 
0.387695 -0.207031 -1.227539 1310163264.664494 
0.317383 -0.185547 -1.011719 1310163264.712502 
0.169922 -0.128906 -0.550781 1310163264.753504 
0.480469 -0.279297 -1.235352 1310163264.790540 
0.372070 -0.125000 -0.894531 1310163264.843488 
0.355469 0.325195 -1.143555 1310163264.887533 
0.397461 0.325195 -1.143555 1310163264.889535 
0.389648 0.037109 -1.010742 1310163264.904537 
0.373047 0.008789 -1.094727 1310163264.923542 
0.340820 -0.004883 -0.967773 1310163264.969510 
0.325195 -0.069336 -0.874023 1310163264.992465 
0.374023 -0.088867 -0.998047 1310163265.034490 
0.350586 -0.076172 -0.994141 1310163265.057547 
0.341797 -0.076172 -0.928711 1310163265.101486 
0.300781 -0.041992 -0.862305 1310163265.127545 
0.377930 -0.056641 -1.057617 1310163265.150545 
0.357422 -0.067383 -0.974609 1310163265.214426 
0.368164 -0.039062 -0.965820 1310163265.215417 
0.364258 -0.039062 -0.961914 1310163265.238435 
0.392578 -0.039062 -0.961914 1310163265.283440 
0.398438 -0.013672 -0.960938 1310163265.327450 
0.401367 0.004883 -0.961914 1310163265.349475 
0.375000 0.015625 -0.950195 1310163265.372474 
0.408203 -0.025391 -0.968750 1310163265.418473 
0.383789 0.040039 -0.966797 1310163265.463508 
0.418945 0.018555 -0.924805 1310163265.484538 
0.391602 0.026367 -0.985352 1310163265.507505 
0.348633 0.068359 -0.829102 1310163265.550545 
0.354492 0.051758 -0.888672 1310163265.584547 
0.278320 0.051758 -1.058594 1310163265.606479 
0.581055 0.125000 -1.006836 1310163265.649545 
0.426758 0.130859 -0.972656 1310163265.672556 
0.446289 0.166016 -0.958984 1310163265.693505 
0.503906 0.172852 -0.969727 1310163265.753646 
0.442383 0.156250 -0.951172 1310163265.782497 
0.484375 0.156250 -0.951172 1310163265.787505 
0.470703 0.175781 -0.964844 1310163265.840546 
0.436523 0.196289 -0.961914 1310163265.863552 
0.405273 0.161133 -1.001953 1310163265.907506 
0.455078 0.216797 -1.013672 1310163265.929502 
0.456055 0.206055 -0.955078 1310163265.994455 
0.456055 0.206055 -0.955078 1310163265.997445 
0.477539 0.191406 -0.951172 1310163266.082454 
0.418945 0.185547 -0.946289 1310163266.125519 
0.472656 0.218750 -0.966797 1310163266.127518 
0.456055 0.217773 -0.947266 1310163266.145560 
0.446289 0.216797 -0.957031 1310163266.170571 
0.461914 0.226562 -0.952148 1310163266.193529 
0.467773 0.166016 -0.945312 1310163266.284444 
0.458984 0.215820 -0.951172 1310163266.307495 
0.439453 0.211914 -0.927734 1310163266.308488 
0.434570 0.207031 -0.924805 1310163266.309494 
0.455078 0.214844 -0.950195 1310163266.358573 
0.467773 0.274414 -0.955078 1310163266.379574 
0.449219 0.208984 -0.936523 1310163266.410570 
0.449219 0.235352 -0.945312 1310163266.450602 
0.438477 0.197266 -0.975586 1310163266.482490 
0.458008 0.185547 -0.968750 1310163266.507616 
0.438477 0.215820 -0.941406 1310163266.539565 
0.458008 0.215820 -0.968750 1310163266.561539 
0.458008 0.215820 -0.968750 1310163266.589527 
