-0.326172 0.741211 0.128906 1310584145.147364
-0.314453 0.714844 0.175781 1310584145.190327
-0.250977 0.695312 0.263672 1310584145.238345
-0.251953 0.742188 0.252930 1310584145.325380
-0.315430 0.640625 0.110352 1310584145.345368
-0.346680 0.792969 0.132812 1310584145.347318
-0.434570 0.792969 0.132812 1310584145.360324
-0.361328 0.792969 0.132812 1310584145.378348
-0.424805 0.759766 0.153320 1310584145.404363
-0.415039 0.833008 0.127930 1310584145.425320
-0.413086 0.814453 0.152344 1310584145.470350
-0.405273 0.849609 0.155273 1310584145.503377
-0.415039 0.916992 0.117188 1310584145.526376
-0.432617 0.939453 0.111328 1310584145.574412
-0.450195 0.983398 0.293945 1310584145.618463
-0.278320 1.046875 0.334961 1310584145.639403
-0.061523 0.936523 0.363281 1310584145.662447
-0.005859 0.973633 0.500000 1310584145.684374
0.122070 0.717773 0.421875 1310584145.728454
0.126953 0.714844 0.492188 1310584145.774371
0.200195 0.761719 0.476562 1310584145.840417
0.161133 0.814453 0.540039 1310584145.850392
0.041016 0.818359 0.514648 1310584145.852451
0.088867 0.765625 0.568359 1310584145.872444
0.134766 0.818359 0.375000 1310584145.937418
0.035156 0.747070 0.237305 1310584145.949433
0.025391 0.541992 0.254883 1310584145.995415
0.096680 0.449219 0.202148 1310584146.017420
0.186523 0.413086 0.166016 1310584146.044360
0.236328 0.350586 0.210938 1310584146.065329
0.182617 0.350586 0.210938 1310584146.108398
0.188477 0.300781 0.173828 1310584146.150342
0.268555 0.300781 0.213867 1310584146.174333
0.282227 0.486328 0.194336 1310584146.219364
0.325195 0.659180 0.224609 1310584146.260361
0.276367 0.808594 0.295898 1310584146.262358
0.219727 0.821289 0.316406 1310584146.314356
0.092773 0.795898 0.167969 1310584146.337380
-0.004883 0.860352 0.272461 1310584146.373378
0.059570 0.983398 0.284180 1310584146.395390
0.241211 0.843750 0.230469 1310584146.440341
0.272461 0.707031 0.155273 1310584146.469386
0.232422 0.706055 0.155273 1310584146.491363
0.149414 0.675781 0.172852 1310584146.557459
0.164062 0.796875 0.273438 1310584146.682504
0.170898 0.771484 0.208008 1310584146.692472
0.250977 0.728516 0.182617 1310584146.714414
0.230469 0.728516 0.182617 1310584146.719399
