-0.301758 0.773438 0.083008 1310584206.193512
-0.301758 0.803711 0.179688 1310584206.215529
-0.322266 0.750000 0.146484 1310584206.253583
-0.346680 0.781250 0.126953 1310584206.275548
-0.350586 0.792969 0.137695 1310584206.310527
-0.398438 0.767578 0.111328 1310584206.364565
-0.331055 0.786133 0.154297 1310584206.365539
-0.311523 0.859375 0.216797 1310584206.409650
-0.349609 0.879883 0.213867 1310584206.433553
-0.379883 0.990234 0.463867 1310584206.456606
-0.387695 1.087891 0.288086 1310584206.524566
-0.292969 0.946289 0.295898 1310584206.569649
-0.132812 0.749023 0.185547 1310584206.573598
-0.131836 0.945312 0.451172 1310584206.596582
-0.025391 0.949219 0.486328 1310584206.631577
0.045898 0.664062 0.496094 1310584206.655602
0.137695 0.616211 0.461914 1310584206.698545
0.202148 0.789062 0.530273 1310584206.721562
0.195312 0.854492 0.538086 1310584206.768621
0.298828 0.652344 0.500977 1310584206.788562
0.363281 0.754883 0.416016 1310584206.810638
0.318359 0.634766 0.434570 1310584206.845654
0.277344 0.597656 0.310547 1310584206.890518
0.197266 0.448242 0.177734 1310584206.933543
0.169922 0.390625 0.221680 1310584206.956542
0.171875 0.397461 0.190430 1310584206.981512
0.187500 0.346680 0.189453 1310584207.015581
0.174805 0.400391 0.243164 1310584207.037606
0.178711 0.348633 0.192383 1310584207.106533
0.256836 0.382812 0.183594 1310584207.125577
0.440430 0.478516 0.293945 1310584207.148537
0.374023 0.532227 0.260742 1310584207.194421
0.260742 0.750000 0.284180 1310584207.201563
0.093750 0.915039 0.291992 1310584207.239525
0.093750 0.915039 0.291992 1310584207.263545
0.125000 0.897461 0.189453 1310584207.309584
0.175781 0.859375 0.236328 1310584207.340547
0.185547 0.768555 0.178711 1310584207.389587
0.185547 0.768555 0.178711 1310584207.390634
0.184570 0.755859 0.244141 1310584207.480609
0.195312 0.754883 0.241211 1310584207.481611
0.170898 0.747070 0.214844 1310584207.506588
0.187500 0.765625 0.219727 1310584207.543602
0.157227 0.751953 0.205078 1310584207.610660
0.159180 0.751953 0.259766 1310584207.644663
0.166992 0.763672 0.234375 1310584207.651659
0.182617 0.736328 0.221680 1310584207.673661
0.217773 0.766602 0.265625 1310584207.695634
0.213867 0.731445 0.234375 1310584207.718631
0.215820 0.781250 0.241211 1310584207.743595
0.215820 0.781250 0.241211 1310584207.788594
0.215820 0.781250 0.241211 1310584207.821899
0.215820 0.781250 0.241211 1310584207.845563
0.182617 0.741211 0.280273 1310584207.944550
0.161133 0.771484 0.260742 1310584207.970537
0.140625 0.772461 0.233398 1310584208.003591
0.157227 0.796875 0.291992 1310584208.104547
0.152344 0.775391 0.212891 1310584208.126569
0.183594 0.750977 0.241211 1310584208.128561
0.157227 0.775391 0.236328 1310584208.171637
0.156250 0.777344 0.242188 1310584208.191567
0.137695 0.750977 0.260742 1310584208.195555
0.188477 0.738281 0.238281 1310584208.215541
0.199219 0.738281 0.245117 1310584208.216542
0.171875 0.761719 0.231445 1310584208.258594
0.192383 0.773438 0.247070 1310584208.281607
0.154297 0.775391 0.238281 1310584208.316643
0.165039 0.755859 0.252930 1310584208.413683
