0.095703 0.660156 0.415039 1309980606.859292
0.099609 0.664062 0.453125 1309980606.914289
0.112305 0.604492 0.434570 1309980606.977298
0.122070 0.639648 0.370117 1309980606.982298
0.048828 0.653320 0.409180 1309980607.007294
0.106445 0.636719 0.409180 1309980607.026295
0.092773 0.653320 0.412109 1309980607.072297
0.077148 0.641602 0.425781 1309980607.118302
0.077148 0.687500 0.402344 1309980607.149300
0.060547 0.648438 0.432617 1309980607.150297
0.049805 0.642578 0.451172 1309980607.218301
0.027344 0.651367 0.451172 1309980607.220296
0.010742 0.601562 0.450195 1309980607.267302
0.011719 0.659180 0.424805 1309980607.300306
0.033203 0.656250 0.436523 1309980607.360305
-0.015625 0.651367 0.420898 1309980607.387281
0.046875 0.646484 0.402344 1309980607.388307
0.036133 0.675781 0.401367 1309980607.445303
0.041016 0.654297 0.429688 1309980607.467279
0.032227 0.656250 0.420898 1309980607.492279
0.029297 0.706055 0.414062 1309980607.539297
0.034180 0.671875 0.364258 1309980607.550301
0.067383 0.681641 0.392578 1309980607.579303
0.022461 0.731445 0.391602 1309980607.624307
0.044922 0.691406 0.389648 1309980607.658330
0.033203 0.689453 0.403320 1309980607.692300
0.020508 0.673828 0.388672 1309980607.702276
0.074219 0.667969 0.350586 1309980607.744307
0.087891 0.683594 0.383789 1309980607.767301
0.097656 0.666016 0.362305 1309980607.814314
0.136719 0.707031 0.404297 1309980607.838327
0.139648 0.677734 0.366211 1309980607.887310
0.099609 0.710938 0.335938 1309980607.908333
0.099609 0.722656 0.366211 1309980607.933313
0.107422 0.730469 0.393555 1309980607.962305
0.112305 0.705078 0.374023 1309980608.008314
0.119141 0.709961 0.356445 1309980608.023320
0.101562 0.667969 0.400391 1309980608.077332
0.096680 0.687500 0.379883 1309980608.100316
0.053711 0.677734 0.397461 1309980608.129317
0.115234 0.696289 0.384766 1309980608.152319
0.090820 0.679688 0.390625 1309980608.195320
0.105469 0.677734 0.437500 1309980608.238319
0.085938 0.672852 0.404297 1309980608.260316
0.041992 0.714844 0.406250 1309980608.292295
0.080078 0.680664 0.413086 1309980608.390317
0.080078 0.680664 0.413086 1309980608.410324
0.067383 0.663086 0.390625 1309980608.432326
0.052734 0.695312 0.422852 1309980608.433318
0.067383 0.638672 0.445312 1309980608.469324
0.052734 0.591797 0.420898 1309980608.492285
0.035156 0.636719 0.445312 1309980608.535324
0.034180 0.641602 0.427734 1309980608.560328
0.094727 0.630859 0.443359 1309980608.619334
0.077148 0.679688 0.456055 1309980608.645326
0.046875 0.628906 0.420898 1309980608.650327
0.036133 0.625000 0.432617 1309980608.672339
0.007812 0.630859 0.456055 1309980608.693326
0.058594 0.602539 0.463867 1309980608.827333
0.047852 0.642578 0.445312 1309980608.829332
0.070312 0.645508 0.429688 1309980608.849335
0.065430 0.667969 0.455078 1309980608.850327
0.061523 0.667969 0.442383 1309980608.859332
0.119141 0.617188 0.391602 1309980608.909331
0.064453 0.658203 0.458008 1309980608.933312
0.083008 0.621094 0.433594 1309980608.957335
0.082031 0.631836 0.435547 1309980608.998350
0.120117 0.641602 0.430664 1309980609.024323
0.054688 0.650391 0.419922 1309980609.068335
0.051758 0.650391 0.419922 1309980609.090328
0.070312 0.658203 0.425781 1309980609.134333
0.094727 0.630859 0.445312 1309980609.177337
0.042969 0.649414 0.448242 1309980609.207338
0.050781 0.693359 0.388672 1309980609.230354
0.034180 0.654297 0.448242 1309980609.264339
0.072266 0.600586 0.446289 1309980609.281339
0.055664 0.623047 0.438477 1309980609.330377
0.062500 0.650391 0.423828 1309980609.355343
0.077148 0.640625 0.438477 1309980609.387341
0.052734 0.652344 0.418945 1309980609.415339
0.068359 0.636719 0.416016 1309980609.438325
0.050781 0.680664 0.441406 1309980609.489336
0.053711 0.661133 0.409180 1309980609.512341
0.083984 0.653320 0.411133 1309980609.555348
0.066406 0.624023 0.425781 1309980609.577351
0.038086 0.666016 0.379883 1309980609.598360
0.038086 0.707031 0.401367 1309980609.684357
0.006836 0.687500 0.401367 1309980609.706354
0.006836 0.687500 0.401367 1309980609.708346
0.082031 0.671875 0.409180 1309980609.785345
0.038086 0.684570 0.405273 1309980609.793342
0.070312 0.681641 0.426758 1309980609.815331
0.078125 0.697266 0.399414 1309980609.838355
0.052734 0.670898 0.384766 1309980609.874349
0.059570 0.665039 0.366211 1309980609.927347
-0.016602 0.711914 0.379883 1309980609.955350
0.049805 0.698242 0.359375 1309980609.995361
0.069336 0.712891 0.355469 1309980610.018362
0.100586 0.699219 0.361328 1309980610.020443
0.068359 0.720703 0.347656 1309980610.083365
0.105469 0.720703 0.347656 1309980610.102354
0.105469 0.720703 0.347656 1309980610.125521
0.085938 0.699219 0.329102 1309980610.217349
0.069336 0.682617 0.389648 1309980610.249362
0.095703 0.682617 0.389648 1309980610.250367
0.058594 0.703125 0.410156 1309980610.273363
0.101562 0.691406 0.351562 1309980610.312357
0.048828 0.697266 0.369141 1309980610.333368
0.043945 0.706055 0.385742 1309980610.379365
0.033203 0.707031 0.367188 1309980610.445329
0.033203 0.707031 0.367188 1309980610.447369
0.042969 0.700195 0.383789 1309980610.477354
0.067383 0.699219 0.401367 1309980610.492337
0.035156 0.684570 0.411133 1309980610.519369
0.034180 0.651367 0.367188 1309980610.540361
0.018555 0.656250 0.403320 1309980610.585393
0.055664 0.656250 0.403320 1309980610.608354
0.035156 0.657227 0.417969 1309980610.635371
0.054688 0.629883 0.416992 1309980610.682390
0.050781 0.666016 0.424805 1309980610.708370
0.037109 0.666016 0.436523 1309980610.742377
0.053711 0.648438 0.423828 1309980610.763358
0.009766 0.629883 0.441406 1309980610.833357
0.044922 0.611328 0.459961 1309980610.877362
0.009766 0.627930 0.469727 1309980610.878372
0.032227 0.644531 0.459961 1309980610.900370
0.079102 0.633789 0.424805 1309980610.923363
0.050781 0.634766 0.460938 1309980610.967371
0.045898 0.677734 0.406250 1309980610.989390
0.061523 0.651367 0.428711 1309980611.025376
0.041016 0.617188 0.445312 1309980611.052377
0.031250 0.655273 0.458984 1309980611.137374
0.079102 0.642578 0.444336 1309980611.138392
0.073242 0.642578 0.444336 1309980611.209385
0.032227 0.615234 0.432617 1309980611.230383
0.100586 0.619141 0.430664 1309980611.244377
0.077148 0.646484 0.415039 1309980611.270401
0.068359 0.655273 0.452148 1309980611.295373
0.061523 0.667969 0.436523 1309980611.320386
0.041992 0.651367 0.425781 1309980611.343355
0.027344 0.634766 0.412109 1309980611.373377
0.055664 0.623047 0.399414 1309980611.423378
0.037109 0.642578 0.432617 1309980611.444382
0.070312 0.621094 0.428711 1309980611.480379
0.043945 0.654297 0.434570 1309980611.503836
0.043945 0.654297 0.434570 1309980611.545385
0.024414 0.675781 0.445312 1309980611.569390
0.041992 0.636719 0.445312 1309980611.612384
0.050781 0.648438 0.451172 1309980611.662410
-0.009766 0.663086 0.437500 1309980611.683380
0.031250 0.635742 0.428711 1309980611.704384
0.036133 0.661133 0.407227 1309980611.749390
0.011719 0.646484 0.444336 1309980611.773420
0.027344 0.677734 0.472656 1309980611.802389
0.033203 0.656250 0.459961 1309980611.845387
0.044922 0.678711 0.416992 1309980611.882392
0.035156 0.649414 0.410156 1309980611.893389
0.033203 0.609375 0.397461 1309980611.937425
0.029297 0.684570 0.388672 1309980611.988396
0.079102 0.644531 0.386719 1309980612.009392
0.079102 0.656250 0.399414 1309980612.029395
0.040039 0.689453 0.390625 1309980612.053371
0.066406 0.699219 0.372070 1309980612.076395
0.059570 0.681641 0.391602 1309980612.131392
0.043945 0.673828 0.406250 1309980612.180399
0.102539 0.707031 0.381836 1309980612.189416
0.049805 0.708984 0.383789 1309980612.220378
0.044922 0.674805 0.388672 1309980612.274402
0.026367 0.674805 0.388672 1309980612.285393
0.045898 0.697266 0.422852 1309980612.334378
0.065430 0.708984 0.395508 1309980612.355370
0.085938 0.655273 0.375000 1309980612.378379
0.062500 0.656250 0.400391 1309980612.507404
0.053711 0.702148 0.361328 1309980612.512400
0.053711 0.702148 0.361328 1309980612.513399
0.091797 0.720703 0.399414 1309980612.568417
0.074219 0.672852 0.424805 1309980612.577400
0.059570 0.666016 0.413086 1309980612.620406
0.055664 0.686523 0.366211 1309980612.638423
0.029297 0.685547 0.399414 1309980612.654424
0.055664 0.662109 0.395508 1309980612.659397
0.080078 0.686523 0.395508 1309980612.702412
0.043945 0.687500 0.386719 1309980612.734412
0.051758 0.657227 0.386719 1309980612.758408
0.062500 0.689453 0.400391 1309980612.813410
0.055664 0.670898 0.407227 1309980612.814401
0.024414 0.681641 0.404297 1309980612.872409
0.048828 0.675781 0.397461 1309980612.903416
0.020508 0.666016 0.423828 1309980612.929434
0.009766 0.682617 0.417969 1309980612.964412
0.009766 0.620117 0.455078 1309980612.988413
0.024414 0.640625 0.452148 1309980613.039408
0.024414 0.640625 0.452148 1309980613.040407
0.032227 0.650391 0.444336 1309980613.095418
0.035156 0.643555 0.419922 1309980613.118427
0.078125 0.662109 0.437500 1309980613.162400
0.085938 0.648438 0.439453 1309980613.185450
0.039062 0.648438 0.439453 1309980613.210430
0.061523 0.662109 0.444336 1309980613.253432
0.062500 0.669922 0.433594 1309980613.275406
0.055664 0.646484 0.443359 1309980613.319406
0.109375 0.640625 0.423828 1309980613.340422
0.071289 0.650391 0.445312 1309980613.387419
0.088867 0.650391 0.445312 1309980613.410419
0.075195 0.648438 0.439453 1309980613.457422
0.097656 0.667969 0.417969 1309980613.479405
0.103516 0.629883 0.427734 1309980613.503414
0.062500 0.648438 0.413086 1309980613.547428
0.042969 0.640625 0.407227 1309980613.568431
0.061523 0.666992 0.450195 1309980613.609422
0.048828 0.639648 0.430664 1309980613.632424
0.033203 0.628906 0.411133 1309980613.678445
0.042969 0.654297 0.433594 1309980613.702428
0.053711 0.666992 0.428711 1309980613.790439
0.044922 0.673828 0.396484 1309980613.832431
0.026367 0.674805 0.427734 1309980613.833426
0.022461 0.679688 0.452148 1309980613.844424
0.047852 0.689453 0.424805 1309980613.865428
0.052734 0.662109 0.397461 1309980613.910447
0.041992 0.626953 0.423828 1309980613.933425
0.026367 0.677734 0.408203 1309980613.955424
0.053711 0.679688 0.441406 1309980613.999428
0.065430 0.648438 0.416992 1309980614.022432
0.044922 0.659180 0.422852 1309980614.070439
0.074219 0.646484 0.416016 1309980614.093461
0.005859 0.630859 0.424805 1309980614.137432
0.051758 0.648438 0.429688 1309980614.138429
0.029297 0.671875 0.413086 1309980614.227433
0.036133 0.656250 0.429688 1309980614.228430
0.056641 0.681641 0.409180 1309980614.258438
0.052734 0.666016 0.416016 1309980614.292410
0.018555 0.691406 0.386719 1309980614.354441
0.059570 0.691406 0.386719 1309980614.355433
0.093750 0.677734 0.399414 1309980614.382436
0.090820 0.679688 0.399414 1309980614.497433
0.085938 0.679688 0.388672 1309980614.503440
0.049805 0.675781 0.395508 1309980614.553445
0.082031 0.688477 0.396484 1309980614.568439
0.082031 0.688477 0.396484 1309980614.570441
0.081055 0.663086 0.386719 1309980614.593453
0.083984 0.682617 0.405273 1309980614.614446
0.080078 0.697266 0.375000 1309980614.640441
0.047852 0.708008 0.411133 1309980614.699432
0.089844 0.701172 0.374023 1309980614.700429
0.069336 0.701172 0.374023 1309980614.723444
0.067383 0.701172 0.394531 1309980614.768446
0.093750 0.716797 0.371094 1309980614.812447
0.065430 0.687500 0.398438 1309980614.865446
0.082031 0.651367 0.421875 1309980614.868474
0.069336 0.676758 0.420898 1309980614.896447
0.069336 0.676758 0.420898 1309980614.925449
0.060547 0.701172 0.391602 1309980614.969440
0.069336 0.693359 0.412109 1309980614.992427
0.054688 0.614258 0.400391 1309980615.042453
0.045898 0.667969 0.449219 1309980615.078450
0.062500 0.635742 0.412109 1309980615.079448
0.053711 0.673828 0.395508 1309980615.135463
0.044922 0.683594 0.396484 1309980615.164445
0.079102 0.652344 0.405273 1309980615.188459
0.077148 0.664062 0.423828 1309980615.212432
0.038086 0.654297 0.420898 1309980615.257456
0.053711 0.654297 0.420898 1309980615.272458
0.033203 0.655273 0.413086 1309980615.312455
0.042969 0.640625 0.409180 1309980615.357461
0.041992 0.656250 0.422852 1309980615.385460
0.074219 0.609375 0.435547 1309980615.422491
0.048828 0.642578 0.436523 1309980615.445462
0.007812 0.641602 0.440430 1309980615.473447
0.007812 0.641602 0.440430 1309980615.494450
0.039062 0.662109 0.432617 1309980615.554475
0.092773 0.648438 0.446289 1309980615.580484
0.109375 0.645508 0.446289 1309980615.605465
0.119141 0.639648 0.451172 1309980615.642466
0.035156 0.670898 0.450195 1309980615.668470
0.091797 0.648438 0.450195 1309980615.711471
0.104492 0.648438 0.444336 1309980615.738466
0.074219 0.646484 0.436523 1309980615.776472
0.026367 0.657227 0.441406 1309980615.833471
0.067383 0.655273 0.425781 1309980615.838463
0.054688 0.634766 0.435547 1309980615.848471
0.012695 0.655273 0.378906 1309980615.921471
0.019531 0.648438 0.402344 1309980615.928469
0.051758 0.642578 0.430664 1309980615.959461
0.044922 0.654297 0.458008 1309980615.991467
0.075195 0.646484 0.439453 1309980616.013483
0.070312 0.630859 0.421875 1309980616.055468
0.036133 0.605469 0.456055 1309980616.081477
0.065430 0.641602 0.399414 1309980616.114446
0.042969 0.667969 0.446289 1309980616.160472
0.041016 0.650391 0.449219 1309980616.188482
0.055664 0.642578 0.456055 1309980616.217448
0.101562 0.627930 0.422852 1309980616.248472
0.056641 0.655273 0.436523 1309980616.292457
0.073242 0.661133 0.439453 1309980616.368473
0.025391 0.644531 0.405273 1309980616.369476
0.089844 0.675781 0.432617 1309980616.390476
0.025391 0.675781 0.432617 1309980616.413453
0.030273 0.652344 0.428711 1309980616.451485
0.033203 0.685547 0.432617 1309980616.504487
0.061523 0.648438 0.427734 1309980616.543479
0.041016 0.695312 0.441406 1309980616.551495
0.050781 0.647461 0.415039 1309980616.560470
0.050781 0.647461 0.415039 1309980616.602559
0.071289 0.661133 0.416992 1309980616.649483
-0.001953 0.704102 0.386719 1309980616.688492
0.021484 0.717773 0.404297 1309980616.730479
0.049805 0.693359 0.372070 1309980616.731474
0.068359 0.669922 0.382812 1309980616.754493
0.034180 0.697266 0.401367 1309980616.808491
0.090820 0.694336 0.387695 1309980616.830485
0.074219 0.692383 0.412109 1309980616.855485
0.083984 0.716797 0.399414 1309980616.899487
0.088867 0.661133 0.388672 1309980616.923489
0.065430 0.643555 0.374023 1309980616.951480
0.080078 0.701172 0.356445 1309980616.998492
0.102539 0.673828 0.391602 1309980617.024485
0.058594 0.691406 0.401367 1309980617.071489
0.060547 0.705078 0.380859 1309980617.080478
0.038086 0.672852 0.349609 1309980617.129498
0.061523 0.660156 0.384766 1309980617.161490
0.037109 0.693359 0.411133 1309980617.191494
0.056641 0.693359 0.411133 1309980617.218498
0.044922 0.681641 0.388672 1309980617.250473
0.039062 0.680664 0.391602 1309980617.303494
0.013672 0.671875 0.440430 1309980617.304491
0.043945 0.667969 0.440430 1309980617.347493
0.033203 0.691406 0.416016 1309980617.405498
0.056641 0.664062 0.387695 1309980617.406494
0.062500 0.667969 0.427734 1309980617.489496
0.052734 0.641602 0.451172 1309980617.491489
0.054688 0.639648 0.415039 1309980617.503518
0.068359 0.636719 0.448242 1309980617.546501
0.044922 0.625000 0.425781 1309980617.581502
0.044922 0.670898 0.441406 1309980617.651501
0.062500 0.616211 0.442383 1309980617.653511
0.057617 0.638672 0.444336 1309980617.739507
0.082031 0.650391 0.440430 1309980617.746520
0.086914 0.637695 0.417969 1309980617.753514
0.085938 0.642578 0.417969 1309980617.774511
0.100586 0.682617 0.438477 1309980617.811510
0.108398 0.644531 0.410156 1309980617.834520
0.125000 0.672852 0.457031 1309980617.855501
0.110352 0.679688 0.429688 1309980617.898511
0.110352 0.679688 0.429688 1309980617.923507
