-0.040039 0.734375 0.280273 1310510925.853357
-0.052734 0.751953 0.289062 1310510925.867380
-0.040039 0.746094 0.270508 1310510925.899333
-0.069336 0.768555 0.269531 1310510925.998382
-0.009766 0.745117 0.273438 1310510926.169371
-0.030273 0.750977 0.297852 1310510926.194334
-0.029297 0.688477 0.303711 1310510926.212358
-0.041992 0.718750 0.294922 1310510926.214376
-0.029297 0.765625 0.296875 1310510926.237369
-0.069336 0.712891 0.296875 1310510926.238374
-0.067383 0.775391 0.308594 1310510926.260365
-0.044922 0.681641 0.292969 1310510926.263369
-0.021484 0.734375 0.319336 1310510926.277435
-0.019531 0.756836 0.298828 1310510926.305367
-0.041992 0.732422 0.290039 1310510926.308341
-0.044922 0.755859 0.290039 1310510926.328349
-0.050781 0.740234 0.278320 1310510926.372450
-0.028320 0.746094 0.267578 1310510926.432350
-0.040039 0.744141 0.260742 1310510926.513409
-0.059570 0.753906 0.287109 1310510926.534391
-0.031250 0.755859 0.273438 1310510926.578384
-0.031250 0.755859 0.273438 1310510926.579340
-0.069336 0.759766 0.255859 1310510926.622431
-0.101562 0.765625 0.276367 1310510926.643418
-0.012695 0.714844 0.275391 1310510926.645458
0.015625 0.736328 0.282227 1310510926.710372
-0.018555 0.713867 0.274414 1310510926.783442
-0.018555 0.713867 0.274414 1310510926.830377
0.007812 0.757812 0.298828 1310510926.853457
-0.024414 0.730469 0.305664 1310510926.923365
-0.091797 0.737305 0.321289 1310510926.985358
-0.085938 0.755859 0.325195 1310510926.995397
-0.023438 0.742188 0.294922 1310510927.050338
0.022461 0.758789 0.319336 1310510927.263332
-0.005859 0.705078 0.338867 1310510927.493399
-0.019531 0.733398 0.343750 1310510927.508387
-0.050781 0.763672 0.301758 1310510927.509385
-0.041016 0.716797 0.291992 1310510927.525391
0.032227 0.677734 0.289062 1310510927.531363
-0.060547 0.705078 0.297852 1310510927.594373
-0.061523 0.741211 0.291016 1310510927.597327
-0.021484 0.751953 0.338867 1310510927.615334
0.009766 0.692383 0.306641 1310510927.638367
0.003906 0.695312 0.292969 1310510927.640365
-0.007812 0.729492 0.300781 1310510927.660381
-0.019531 0.753906 0.309570 1310510927.660393
0.022461 0.769531 0.313477 1310510927.660404
0.002930 0.743164 0.289062 1310510927.660414
-0.034180 0.747070 0.317383 1310510927.660424
-0.040039 0.728516 0.312500 1310510927.660435
-0.022461 0.742188 0.314453 1310510927.660445
-0.013672 0.689453 0.274414 1310510927.660455
-0.053711 0.749023 0.247070 1310510927.660466
-0.072266 0.818359 0.327148 1310510927.660476
-0.016602 0.725586 0.290039 1310510927.660487
-0.039062 0.717773 0.290039 1310510927.660498
-0.026367 0.742188 0.287109 1310510927.683379
0.013672 0.746094 0.277344 1310510927.714427
0.006836 0.761719 0.288086 1310510927.740380
0.011719 0.746094 0.290039 1310510927.800462
-0.000977 0.758789 0.283203 1310510927.813423
-0.047852 0.800781 0.289062 1310510927.823421
-0.066406 0.767578 0.331055 1310510927.849431
-0.002930 0.722656 0.295898 1310510927.929400
-0.083984 0.660156 0.246094 1310510927.940386
-0.109375 0.774414 0.270508 1310510927.955413
-0.074219 0.790039 0.297852 1310510927.979380
-0.054688 0.705078 0.264648 1310510928.013423
-0.038086 0.722656 0.261719 1310510928.060479
-0.092773 0.732422 0.285156 1310510928.062410
-0.084961 0.741211 0.272461 1310510928.080425
-0.068359 0.759766 0.281250 1310510928.120413
-0.012695 0.724609 0.278320 1310510928.137381
-0.025391 0.745117 0.278320 1310510928.140380
-0.042969 0.784180 0.284180 1310510928.260424
-0.082031 0.796875 0.280273 1310510928.280414
-0.031250 0.752930 0.336914 1310510928.347473
-0.065430 0.683594 0.229492 1310510928.369428
-0.037109 0.708984 0.267578 1310510928.408428
-0.087891 0.791992 0.267578 1310510928.413439
-0.087891 0.791992 0.267578 1310510928.433369
-0.046875 0.740234 0.261719 1310510928.457475
-0.064453 0.738281 0.279297 1310510928.493389
-0.093750 0.678711 0.273438 1310510928.507433
-0.072266 0.736328 0.268555 1310510928.518564
-0.072266 0.736328 0.268555 1310510928.529424
-0.027344 0.738281 0.268555 1310510928.675470
-0.055664 0.765625 0.276367 1310510928.722411
-0.032227 0.733398 0.292969 1310510928.740662
-0.007812 0.751953 0.287109 1310510928.742421
-0.044922 0.757812 0.255859 1310510928.787483
-0.066406 0.754883 0.284180 1310510928.828473
-0.025391 0.746094 0.257812 1310510928.830398
-0.040039 0.740234 0.281250 1310510929.004492
-0.007812 0.721680 0.247070 1310510929.010488
-0.025391 0.717773 0.278320 1310510929.027450
-0.065430 0.763672 0.288086 1310510929.083445
-0.049805 0.745117 0.303711 1310510929.086412
-0.027344 0.777344 0.272461 1310510929.139413
-0.032227 0.754883 0.257812 1310510929.163491
-0.046875 0.720703 0.274414 1310510929.172430
-0.055664 0.739258 0.255859 1310510929.183439
-0.049805 0.757812 0.276367 1310510929.184375
-0.041016 0.751953 0.284180 1310510929.205410
-0.025391 0.746094 0.291016 1310510929.207399
-0.036133 0.750000 0.300781 1310510929.230443
-0.022461 0.739258 0.288086 1310510929.232424
-0.007812 0.724609 0.294922 1310510929.252428
