0.038086 0.851562 0.100586 1310077275.428730
0.026367 0.827148 0.114258 1310077275.450723
0.044922 0.827148 0.114258 1310077275.471748
0.041992 0.827148 0.104492 1310077275.522743
0.103516 0.853516 0.089844 1310077275.540758
0.062500 0.835938 0.114258 1310077275.585752
0.067383 0.843750 0.106445 1310077275.607752
0.045898 0.817383 0.135742 1310077275.651749
0.026367 0.833984 0.135742 1310077275.674733
0.026367 0.833984 0.135742 1310077275.697762
0.019531 0.820312 0.116211 1310077275.738745
0.040039 0.783203 0.124023 1310077275.786717
0.021484 0.810547 0.112305 1310077275.807739
0.033203 0.810547 0.089844 1310077275.830766
0.039062 0.833008 0.119141 1310077275.863734
0.087891 0.814453 0.106445 1310077275.906739
0.102539 0.835938 0.130859 1310077275.928740
0.080078 0.842773 0.119141 1310077275.975728
0.026367 0.846680 0.096680 1310077275.997735
0.023438 0.804688 0.096680 1310077276.020744
0.002930 0.833008 0.088867 1310077276.068729
0.041992 0.822266 0.094727 1310077276.091794
-0.025391 0.801758 0.096680 1310077276.133734
-0.018555 0.789062 0.124023 1310077276.178763
0.084961 0.817383 0.114258 1310077276.198735
0.075195 0.799805 0.105469 1310077276.221754
0.029297 0.838867 0.113281 1310077276.243761
0.083984 0.863281 0.115234 1310077276.286741
0.088867 0.863281 0.115234 1310077276.307723
0.078125 0.833984 0.092773 1310077276.365744
0.043945 0.851562 0.096680 1310077276.386729
0.000000 0.883789 0.083008 1310077276.407724
-0.007812 0.812500 0.115234 1310077276.450747
-0.004883 0.808594 0.112305 1310077276.538738
0.036133 0.811523 0.101562 1310077276.540735
0.058594 0.757812 0.132812 1310077276.561759
0.049805 0.783203 0.055664 1310077276.576745
0.065430 0.783203 0.055664 1310077276.597738
0.065430 0.783203 0.055664 1310077276.641728
0.041016 0.857422 0.125977 1310077276.686727
0.021484 0.837891 0.111328 1310077276.711757
0.078125 0.832031 0.106445 1310077276.735755
0.069336 0.845703 0.095703 1310077276.777729
0.010742 0.845703 0.095703 1310077276.800752
-0.028320 0.792969 0.057617 1310077276.846742
0.012695 0.834961 0.097656 1310077276.893771
0.033203 0.847656 0.063477 1310077276.895729
0.004883 0.835938 0.109375 1310077276.941760
0.049805 0.833984 0.124023 1310077276.963750
0.129883 0.816406 0.118164 1310077276.990772
0.362305 0.939453 -0.157227 1310077277.032759
-0.153320 0.803711 0.200195 1310077277.055761
0.173828 0.773438 0.144531 1310077277.097768
0.114258 0.859375 0.093750 1310077277.120743
-0.041016 0.851562 0.100586 1310077277.172747
-0.030273 0.835938 0.117188 1310077277.195848
-0.003906 0.813477 0.109375 1310077277.240739
-0.006836 0.802734 0.100586 1310077277.262743
-0.000977 0.806641 0.123047 1310077277.285759
-0.019531 0.824219 0.105469 1310077277.326940
0.047852 0.843750 0.105469 1310077277.346740
0.018555 0.854492 0.090820 1310077277.389788
0.068359 0.833984 0.094727 1310077277.412766
0.078125 0.859375 0.085938 1310077277.456742
0.055664 0.825195 0.127930 1310077277.478759
0.051758 0.828125 0.094727 1310077277.522767
0.039062 0.828125 0.094727 1310077277.548750
0.048828 0.834961 0.106445 1310077277.571764
0.055664 0.833008 0.125000 1310077277.616800
-0.005859 0.824219 0.069336 1310077277.637741
0.026367 0.801758 0.116211 1310077277.681789
0.048828 0.824219 0.097656 1310077277.705776
0.077148 0.819336 0.078125 1310077277.728911
0.069336 0.880859 0.100586 1310077277.807012
0.067383 0.839844 0.100586 1310077277.833780
0.071289 0.807617 0.073242 1310077277.853762
-0.004883 0.874023 0.068359 1310077277.855785
0.014648 0.869141 0.061523 1310077277.898782
0.039062 0.869141 0.061523 1310077277.921746
-0.014648 0.833008 0.061523 1310077277.966754
-0.007812 0.816406 0.088867 1310077277.988810
0.027344 0.802734 0.091797 1310077278.031786
0.011719 0.839844 0.092773 1310077278.055788
0.021484 0.834961 0.084961 1310077278.077761
0.021484 0.834961 0.084961 1310077278.121760
-0.016602 0.825195 0.082031 1310077278.167769
0.010742 0.821289 0.076172 1310077278.188784
0.014648 0.820312 0.098633 1310077278.225794
0.087891 0.863281 0.126953 1310077278.246785
0.085938 0.867188 0.085938 1310077278.290807
0.013672 0.822266 0.043945 1310077278.345793
0.040039 0.828125 0.104492 1310077278.347791
0.044922 0.835938 0.093750 1310077278.392776
0.041992 0.828125 0.121094 1310077278.413828
0.098633 0.827148 0.118164 1310077278.436798
0.058594 0.808594 0.122070 1310077278.485811
0.112305 0.816406 0.177734 1310077278.508798
0.075195 0.814453 0.208984 1310077278.550785
0.106445 0.802734 0.094727 1310077278.572811
0.039062 0.822266 0.119141 1310077278.616811
0.059570 0.843750 0.038086 1310077278.641806
0.028320 0.843750 0.038086 1310077278.662809
0.000977 0.803711 0.097656 1310077278.706811
0.033203 0.826172 0.099609 1310077278.728791
0.019531 0.808594 0.139648 1310077278.771870
-0.012695 0.826172 0.105469 1310077278.795812
0.020508 0.825195 0.122070 1310077278.837773
0.025391 0.824219 0.122070 1310077278.860770
0.051758 0.819336 0.129883 1310077278.905773
0.077148 0.826172 0.122070 1310077278.963794
0.081055 0.817383 0.074219 1310077278.976786
0.089844 0.837891 0.102539 1310077279.000798
0.072266 0.825195 0.077148 1310077279.020817
0.081055 0.803711 0.084961 1310077279.095823
0.075195 0.817383 0.079102 1310077279.120808
-0.000977 0.833008 0.112305 1310077279.121781
-0.003906 0.824219 0.134766 1310077279.144775
-0.001953 0.849609 0.117188 1310077279.185808
0.009766 0.875000 0.096680 1310077279.208773
0.064453 0.802734 0.126953 1310077279.251776
0.102539 0.821289 0.126953 1310077279.298814
0.081055 0.853516 0.088867 1310077279.328777
0.073242 0.872070 0.092773 1310077279.350824
0.046875 0.798828 0.080078 1310077279.392818
0.007812 0.835938 0.080078 1310077279.414817
0.053711 0.805664 0.091797 1310077279.458795
0.025391 0.845703 0.060547 1310077279.480798
0.015625 0.831055 0.057617 1310077279.503809
0.029297 0.792969 0.082031 1310077279.540814
0.007812 0.849609 0.059570 1310077279.563990
0.025391 0.859375 0.059570 1310077279.594836
0.047852 0.815430 0.110352 1310077279.636825
0.047852 0.815430 0.110352 1310077279.658833
-0.016602 0.865234 0.085938 1310077279.705849
0.018555 0.852539 0.102539 1310077279.748827
0.015625 0.818359 0.063477 1310077279.772827
0.009766 0.838867 0.092773 1310077279.815838
0.052734 0.811523 0.084961 1310077279.837828
0.037109 0.794922 0.097656 1310077279.858836
0.083008 0.795898 0.125977 1310077279.902832
0.135742 1.281250 -0.294922 1310077279.927855
0.070312 0.718750 0.269531 1310077279.970838
0.205078 0.845703 0.097656 1310077279.996808
0.052734 0.851562 0.106445 1310077280.020830
-0.043945 0.844727 0.148438 1310077280.051845
-0.028320 0.793945 0.121094 1310077280.096822
0.033203 0.797852 0.087891 1310077280.117792
0.001953 0.830078 0.067383 1310077280.140853
-0.015625 0.830078 0.067383 1310077280.183836
0.002930 0.827148 0.097656 1310077280.221856
0.006836 0.817383 0.099609 1310077280.246846
0.031250 0.862305 0.087891 1310077280.288828
0.005859 0.820312 0.110352 1310077280.333825
0.037109 0.844727 0.081055 1310077280.334833
0.070312 0.843750 0.074219 1310077280.410820
0.019531 0.839844 0.103516 1310077280.412827
0.061523 0.815430 0.125000 1310077280.453823
0.074219 0.820312 0.072266 1310077280.476861
0.050781 0.814453 0.093750 1310077280.498842
0.030273 0.843750 0.068359 1310077280.545844
-0.026367 0.833008 0.079102 1310077280.567871
-0.008789 0.781250 0.100586 1310077280.611846
-0.053711 0.811523 0.096680 1310077280.656855
-0.016602 0.848633 0.049805 1310077280.658847
0.044922 0.822266 0.130859 1310077280.700859
0.111328 0.822266 0.130859 1310077280.723849
0.112305 0.812500 0.108398 1310077280.787852
0.074219 0.814453 0.007812 1310077280.788828
0.029297 0.822266 0.078125 1310077280.832876
0.055664 0.827148 0.117188 1310077280.856038
0.078125 0.795898 0.093750 1310077280.905833
0.034180 0.817383 0.093750 1310077280.931848
0.032227 0.826172 0.099609 1310077280.953869
0.028320 0.832031 0.092773 1310077280.998850
0.020508 0.818359 0.106445 1310077281.020854
0.036133 0.861328 0.078125 1310077281.063864
0.041992 0.876953 0.066406 1310077281.086839
0.014648 0.833008 0.060547 1310077281.130860
-0.009766 0.827148 0.061523 1310077281.152856
0.042969 0.832031 0.083984 1310077281.196858
0.062500 0.806641 0.085938 1310077281.220860
0.038086 0.820312 0.117188 1310077281.242860
0.041016 0.830078 0.136719 1310077281.290863
0.045898 0.825195 0.071289 1310077281.312847
0.048828 0.802734 0.077148 1310077281.356858
0.103516 0.809570 0.134766 1310077281.378864
0.073242 0.812500 0.154297 1310077281.402859
0.139648 0.899414 0.015625 1310077281.440862
0.013672 0.820312 0.015625 1310077281.469879
0.075195 0.816406 0.053711 1310077281.520864
0.120117 0.820312 0.102539 1310077281.542864
0.025391 0.842773 0.125000 1310077281.586872
0.018555 0.790039 0.079102 1310077281.611862
0.024414 0.832031 0.104492 1310077281.653870
0.008789 0.796875 0.104492 1310077281.693867
0.029297 0.841797 0.073242 1310077281.713865
0.010742 0.839844 0.092773 1310077281.735859
0.039062 0.827148 0.091797 1310077281.756870
0.038086 0.833008 0.098633 1310077281.798871
0.055664 0.838867 0.065430 1310077281.821875
0.055664 0.838867 0.065430 1310077281.865865
0.014648 0.822266 0.140625 1310077281.910870
0.029297 0.814453 0.103516 1310077281.933872
0.031250 0.773438 0.105469 1310077281.957871
0.039062 0.794922 0.127930 1310077282.000874
0.049805 0.796875 0.119141 1310077282.021879
0.049805 0.796875 0.119141 1310077282.042875
0.049805 0.796875 0.119141 1310077282.086873
-0.001953 0.814453 0.068359 1310077282.130884
0.014648 0.835938 0.111328 1310077282.152866
0.085938 0.834961 0.101562 1310077282.195876
0.055664 0.821289 0.073242 1310077282.217893
0.031250 0.851562 0.091797 1310077282.263870
0.066406 0.864258 0.099609 1310077282.286881
0.032227 0.851562 0.083008 1310077282.308870
0.082031 0.794922 0.071289 1310077282.355843
0.038086 0.826172 0.103516 1310077282.377887
0.040039 0.819336 0.100586 1310077282.401886
0.029297 0.791016 0.124023 1310077282.446920
0.021484 0.829102 0.096680 1310077282.495865
0.002930 0.855469 0.067383 1310077282.496871
-0.027344 0.813477 0.075195 1310077282.545909
0.014648 0.844727 0.050781 1310077282.567892
0.023438 0.828125 0.067383 1310077282.611897
0.049805 0.841797 0.073242 1310077282.634854
0.000000 0.793945 0.129883 1310077282.677904
0.055664 0.807617 0.118164 1310077282.700908
0.020508 0.824219 0.153320 1310077282.723933
0.028320 0.860352 0.116211 1310077282.775870
0.048828 0.833984 0.097656 1310077282.796889
0.096680 0.819336 0.132812 1310077282.839888
0.097656 0.812500 0.109375 1310077282.860888
0.038086 0.811523 0.091797 1310077282.903871
0.043945 0.808594 0.103516 1310077282.956874
0.048828 0.779297 0.150391 1310077282.957888
0.096680 0.828125 0.150391 1310077282.982877
