0.027344 0.868164 0.042969 1311029787.955600
0.073242 0.867188 0.042969 1311029787.980535
0.046875 0.861328 0.057617 1311029788.037603
0.044922 0.844727 0.052734 1311029788.048602
0.057617 0.837891 0.091797 1311029788.086596
0.061523 0.877930 0.047852 1311029788.117600
0.063477 0.877930 0.047852 1311029788.131541
0.081055 0.877930 0.047852 1311029788.176606
0.074219 0.879883 0.077148 1311029788.216611
0.121094 0.860352 0.048828 1311029788.258607
0.071289 0.811523 0.063477 1311029788.283603
0.051758 0.854492 0.063477 1311029788.305606
0.105469 0.845703 0.063477 1311029788.328562
0.057617 0.803711 0.097656 1311029788.377575
0.045898 0.904297 0.075195 1311029788.411615
0.108398 0.846680 0.051758 1311029788.433611
0.171875 0.839844 0.118164 1311029788.480612
0.155273 0.881836 0.204102 1311029788.482601
0.183594 0.812500 0.095703 1311029788.547607
0.297852 0.576172 0.163086 1311029788.570565
0.357422 0.219727 0.055664 1311029788.591516
0.237305 0.060547 -0.039062 1311029788.636615
0.039062 0.188477 0.024414 1311029788.657618
0.140625 0.237305 0.031250 1311029788.683617
0.049805 0.325195 -0.126953 1311029788.723617
-0.032227 0.988281 0.042969 1311029788.768616
0.053711 1.093750 0.294922 1311029788.790649
0.117188 1.438477 0.510742 1311029788.812619
0.033203 1.984375 0.821289 1311029788.861618
-0.186523 1.978516 0.752930 1311029788.883644
-0.457031 1.980469 0.736328 1311029788.926614
-0.586914 1.981445 0.741211 1311029788.948567
0.117188 1.980469 0.776367 1311029788.983640
0.768555 0.993164 0.396484 1311029789.035628
0.289062 -0.546875 0.408203 1311029789.078649
0.757812 -0.796875 0.408203 1311029789.080583
0.349609 -0.353516 0.028320 1311029789.105627
0.060547 0.327148 -0.162109 1311029789.147544
-0.084961 -0.050781 -0.287109 1311029789.170650
-0.093750 -0.109375 -0.407227 1311029789.213625
-0.156250 0.035156 -0.288086 1311029789.235634
-0.003906 0.035156 -0.288086 1311029789.259637
0.199219 -0.118164 -0.127930 1311029789.307617
0.158203 -0.134766 -0.159180 1311029789.330562
0.113281 -0.039062 -0.132812 1311029789.382654
0.197266 -0.075195 -0.010742 1311029789.405631
0.207031 -0.125000 -0.001953 1311029789.450573
0.207031 -0.125000 -0.001953 1311029789.462659
0.404297 0.290039 0.581055 1311029789.498569
1.031250 1.980469 1.471680 1311029789.522591
-0.127930 1.978516 0.619141 1311029789.591635
-1.924805 1.984375 0.541016 1311029789.612635
-0.392578 1.982422 0.834961 1311029789.637635
0.130859 1.982422 0.834961 1311029789.660633
0.262695 0.936523 0.104492 1311029789.687635
0.109375 -0.861328 0.377930 1311029789.737639
0.463867 -1.016602 0.359375 1311029789.766653
0.236328 -0.113281 -0.102539 1311029789.796637
0.095703 0.333008 -0.382812 1311029789.807615
0.044922 -0.066406 -0.208984 1311029789.850652
0.013672 -0.066406 -0.208984 1311029789.871640
0.018555 0.037109 -0.145508 1311029789.938665
0.054688 -0.029297 -0.029297 1311029789.940641
0.055664 -0.070312 -0.101562 1311029789.986652
0.150391 -0.028320 -0.075195 1311029790.007643
0.077148 -0.116211 -0.041016 1311029790.055579
0.155273 -0.064453 -0.141602 1311029790.076601
0.556641 -0.095703 -0.142578 1311029790.101582
0.499023 -0.249023 0.257812 1311029790.145647
0.097656 0.822266 0.735352 1311029790.173563
-1.605469 0.822266 0.735352 1311029790.197590
-0.620117 1.982422 0.754883 1311029790.240572
-1.962891 1.981445 1.011719 1311029790.335650
-0.309570 1.979492 0.805664 1311029790.336640
0.007812 1.814453 0.288086 1311029790.337639
-0.053711 -0.643555 0.361328 1311029790.362653
0.845703 -1.354492 0.391602 1311029790.385583
0.155273 -0.231445 0.091797 1311029790.428650
-0.185547 0.296875 -0.168945 1311029790.476615
0.118164 -0.079102 -0.231445 1311029790.497578
0.169922 -0.070312 -0.286133 1311029790.541583
-0.095703 0.047852 -0.212891 1311029790.562580
0.062500 -0.093750 -0.113281 1311029790.608656
0.156250 -0.151367 -0.070312 1311029790.631666
0.085938 -0.082031 -0.155273 1311029790.675588
0.112305 -0.065430 -0.124023 1311029790.686655
0.105469 -0.077148 -0.084961 1311029790.718676
-0.032227 -0.117188 -0.058594 1311029790.741600
-0.032227 -0.117188 -0.058594 1311029790.783593
0.327148 -0.074219 0.314453 1311029790.833654
0.878906 1.130859 1.228516 1311029790.855662
-0.454102 1.978516 0.882812 1311029790.876588
-0.133789 1.984375 0.302734 1311029790.918658
-1.871094 1.980469 1.302734 1311029790.940662
-0.383789 1.982422 0.693359 1311029790.985586
-0.206055 1.982422 0.933594 1311029791.007668
0.404297 0.578125 0.452148 1311029791.040591
0.793945 -0.950195 0.660156 1311029791.085584
0.299805 -0.929688 0.260742 1311029791.108625
-0.041992 0.056641 -0.166016 1311029791.134593
0.053711 0.255859 -0.407227 1311029791.190649
-0.041016 -0.011719 -0.323242 1311029791.213617
-0.271484 -0.042969 -0.295898 1311029791.235616
0.000977 -0.033203 -0.218750 1311029791.280663
0.040039 -0.046875 -0.194336 1311029791.302597
0.040039 -0.046875 -0.194336 1311029791.323665
0.070312 -0.160156 -0.278320 1311029791.370668
-0.054688 0.037109 -0.151367 1311029791.403690
0.095703 -0.133789 0.030273 1311029791.430594
0.520508 -0.129883 0.279297 1311029791.472604
0.845703 -0.096680 -0.005859 1311029791.495639
0.595703 -0.096680 -0.005859 1311029791.532596
0.666992 1.982422 1.078125 1311029791.563609
-1.968750 1.979492 0.297852 1311029791.610682
-1.737305 1.978516 -0.254883 1311029791.625604
-1.037109 1.983398 0.349609 1311029791.650677
0.050781 1.979492 0.412109 1311029791.695607
0.626953 0.880859 0.662109 1311029791.720602
0.787109 -1.082031 0.605469 1311029791.772605
1.043945 -0.986328 0.215820 1311029791.798610
0.249023 0.184570 -0.296875 1311029791.820626
-0.400391 0.099609 -0.420898 1311029791.842614
-0.236328 0.157227 -0.483398 1311029791.886681
-0.271484 0.095703 -0.312500 1311029791.912675
-0.189453 -0.255859 -0.134766 1311029791.942647
0.091797 -0.189453 -0.120117 1311029791.986683
0.242188 -0.056641 -0.204102 1311029792.007642
0.063477 -0.055664 -0.180664 1311029792.062672
-0.068359 -0.087891 -0.254883 1311029792.080676
-0.068359 -0.087891 -0.254883 1311029792.106687
0.138672 -0.113281 -0.056641 1311029792.153685
0.290039 -0.184570 -0.071289 1311029792.213688
0.209961 -0.153320 0.125000 1311029792.215701
0.569336 0.555664 0.577148 1311029792.236628
0.928711 0.555664 0.577148 1311029792.258651
-1.013672 1.980469 1.395508 1311029792.301684
-1.447266 1.981445 0.929688 1311029792.348687
-0.265625 1.980469 0.342773 1311029792.372686
-0.247070 1.252930 0.212891 1311029792.395645
0.231445 -0.639648 0.380859 1311029792.438695
1.246094 -0.639648 0.380859 1311029792.461693
0.426758 -0.156250 0.063477 1311029792.511657
-0.195312 0.199219 -0.159180 1311029792.553676
-0.164062 0.011719 -0.198242 1311029792.575698
0.062500 -0.054688 -0.184570 1311029792.597696
0.148438 0.052734 -0.212891 1311029792.620695
-0.101562 0.052734 -0.212891 1311029792.665696
0.014648 -0.118164 -0.110352 1311029792.686646
0.063477 -0.128906 -0.138672 1311029792.732637
0.162109 -0.014648 -0.252930 1311029792.755644
0.150391 -0.134766 -0.271484 1311029792.781700
0.051758 -0.036133 0.113281 1311029792.806694
0.426758 0.668945 1.110352 1311029792.902698
-0.242188 1.980469 0.475586 1311029792.903714
-0.861328 1.979492 0.331055 1311029792.924630
-0.313477 1.982422 0.340820 1311029792.972628
-0.527344 1.730469 0.041016 1311029792.976625
-0.139648 0.712891 0.017578 1311029793.005640
0.245117 0.463867 0.049805 1311029793.052668
0.205078 0.104492 0.125000 1311029793.076648
0.088867 0.085938 0.112305 1311029793.103697
0.256836 0.376953 0.091797 1311029793.147648
0.368164 0.916016 0.088867 1311029793.186706
0.074219 1.131836 0.104492 1311029793.189699
0.074219 1.131836 0.104492 1311029793.236705
-0.099609 1.003906 -0.045898 1311029793.293705
0.112305 0.802734 -0.024414 1311029793.317709
