-0.079102 0.773438 0.213867 1310509178.245381
-0.071289 0.798828 0.222656 1310509178.270354
-0.126953 0.759766 0.233398 1310509178.311425
-0.085938 0.768555 0.209961 1310509178.355364
-0.096680 0.767578 0.186523 1310509178.400432
-0.105469 0.794922 0.242188 1310509178.401346
-0.084961 0.785156 0.221680 1310509178.421473
-0.094727 0.757812 0.221680 1310509178.423352
-0.069336 0.788086 0.250977 1310509178.471397
-0.055664 0.779297 0.244141 1310509178.483349
-0.045898 0.787109 0.223633 1310509178.485339
-0.035156 0.737305 0.236328 1310509178.495348
-0.061523 0.780273 0.249023 1310509178.496339
-0.023438 0.780273 0.249023 1310509178.497331
-0.016602 0.787109 0.270508 1310509178.533451
0.006836 0.789062 0.294922 1310509178.555389
0.028320 0.764648 0.241211 1310509178.556341
0.063477 0.712891 0.310547 1310509178.567425
0.077148 0.599609 0.240234 1310509178.580354
0.077148 0.599609 0.240234 1310509178.586378
0.001953 0.433594 0.101562 1310509178.675349
-0.059570 0.345703 0.085938 1310509178.676341
-0.097656 0.416016 0.012695 1310509178.691344
-0.084961 0.613281 0.094727 1310509178.737447
-0.275391 1.159180 0.476562 1310509178.760360
-0.393555 1.742188 0.630859 1310509178.782388
-0.450195 1.981445 0.777344 1310509178.825389
-0.265625 1.981445 0.777344 1310509178.848427
-0.013672 1.618164 0.759766 1310509178.897439
0.234375 1.058594 0.432617 1310509178.945447
0.196289 0.407227 0.068359 1310509178.966356
0.308594 -0.369141 0.175781 1310509178.987388
0.292969 -0.838867 -0.217773 1310509179.082445
0.193359 -0.384766 -0.227539 1310509179.085484
0.238281 -0.071289 -0.023438 1310509179.128357
0.070312 0.159180 -0.054688 1310509179.152354
-0.052734 0.204102 0.195312 1310509179.154354
-0.017578 0.281250 0.098633 1310509179.196403
0.066406 0.376953 0.304688 1310509179.228356
0.121094 1.898438 0.441406 1310509179.250447
-0.360352 1.982422 1.604492 1310509179.272341
-0.027344 1.980469 0.910156 1310509179.310377
-0.071289 0.898438 0.510742 1310509179.345475
0.173828 -0.083008 0.145508 1310509179.406358
0.583984 -0.733398 -0.099609 1310509179.450444
0.158203 -0.707031 -0.540039 1310509179.475378
-0.050781 -0.319336 -0.319336 1310509179.488388
-0.059570 0.084961 -0.205078 1310509179.495448
-0.060547 0.178711 -0.213867 1310509179.548366
0.084961 -0.122070 -0.095703 1310509179.562376
0.597656 -0.124023 0.481445 1310509179.598445
0.237305 1.248047 1.979492 1310509179.637457
-1.972656 1.981445 1.227539 1310509179.658456
-0.624023 1.978516 1.000000 1310509179.713452
0.161133 1.978516 1.000000 1310509179.732450
0.330078 0.636719 0.164062 1310509179.821375
0.547852 -0.520508 0.285156 1310509179.822416
0.237305 -1.171875 -0.495117 1310509179.825453
-0.064453 -0.485352 -0.440430 1310509179.866415
0.047852 -0.080078 -0.113281 1310509179.888385
0.084961 0.158203 -0.033203 1310509179.910456
0.074219 0.230469 -0.033203 1310509179.955457
0.101562 0.217773 0.236328 1310509180.001384
0.168945 0.427734 0.350586 1310509180.026444
-0.091797 1.981445 0.525391 1310509180.048369
-0.882812 1.980469 1.665039 1310509180.071434
0.125000 1.980469 0.957031 1310509180.103376
0.125000 1.980469 0.957031 1310509180.148466
-0.186523 0.156250 0.098633 1310509180.216433
0.283203 -0.336914 0.015625 1310509180.238458
0.212891 -0.772461 -0.470703 1310509180.241455
0.060547 -0.392578 -0.331055 1310509180.273471
-0.092773 0.083984 0.023438 1310509180.303550
-0.119141 0.100586 -0.127930 1310509180.348381
0.107422 -0.130859 -0.216797 1310509180.391377
0.622070 -0.226562 0.195312 1310509180.396384
1.011719 -0.080078 0.452148 1310509180.438398
0.149414 -0.080078 0.452148 1310509180.460458
-1.973633 1.980469 0.452148 1310509180.526443
-0.236328 1.980469 1.028320 1310509180.532467
0.484375 1.702148 0.322266 1310509180.570408
0.332031 0.404297 0.051758 1310509180.682422
0.582031 -0.818359 0.254883 1310509180.683468
0.250000 -1.068359 0.254883 1310509180.710456
-0.109375 -0.337891 -0.213867 1310509180.746429
0.148438 -0.146484 -0.184570 1310509180.757506
0.051758 -0.031250 -0.065430 1310509180.762431
-0.041016 0.113281 -0.019531 1310509180.787455
0.125000 0.030273 0.334961 1310509180.832476
0.224609 0.181641 0.499023 1310509180.855407
-0.141602 1.486328 0.531250 1310509180.889498
-1.247070 1.979492 1.517578 1310509180.916389
-0.470703 1.980469 0.534180 1310509180.963391
-0.458008 1.284180 0.916016 1310509181.000417
-0.313477 0.722656 0.394531 1310509181.022423
0.035156 0.070312 0.119141 1310509181.067471
0.539062 -0.565430 -0.076172 1310509181.090503
0.286133 -0.699219 -0.464844 1310509181.115482
0.037109 -0.189453 -0.082031 1310509181.160416
-0.062500 0.011719 -0.303711 1310509181.212414
-0.114258 -0.039062 -0.053711 1310509181.216441
-0.097656 -0.066406 -0.248047 1310509181.228487
0.157227 -0.186523 -0.043945 1310509181.277433
0.754883 0.037109 0.603516 1310509181.320414
0.865234 0.983398 0.614258 1310509181.343480
-1.920898 1.980469 1.737305 1310509181.367485
-0.997070 1.982422 1.737305 1310509181.410441
0.231445 1.751953 0.595703 1310509181.441492
0.254883 1.142578 0.173828 1310509181.506416
0.262695 -0.333984 0.401367 1310509181.515430
0.470703 -1.144531 -0.184570 1310509181.557419
0.185547 -0.801758 -0.739258 1310509181.558491
0.203125 -0.298828 -0.098633 1310509181.592414
0.121094 -0.002930 -0.095703 1310509181.707404
-0.081055 0.064453 -0.144531 1310509181.711402
-0.206055 0.046875 -0.068359 1310509181.720496
-0.081055 0.034180 0.310547 1310509181.721530
0.035156 0.594727 0.454102 1310509181.770433
0.000000 1.983398 0.756836 1310509181.792449
-1.232422 1.978516 1.779297 1310509181.817491
-0.223633 1.980469 1.313477 1310509181.853412
0.019531 1.217773 0.844727 1310509181.892462
0.115234 0.583984 0.254883 1310509181.995502
0.493164 -0.292969 0.140625 1310509182.065512
0.351562 -0.795898 -0.488281 1310509182.111426
0.054688 -0.442383 -0.359375 1310509182.153501
-0.172852 -0.088867 -0.165039 1310509182.197531
-0.157227 0.119141 -0.036133 1310509182.200427
-0.192383 -0.071289 -0.301758 1310509182.210491
-0.268555 -0.229492 -0.407227 1310509182.213487
0.144531 -0.257812 0.592773 1310509182.221517
0.894531 -0.257812 0.592773 1310509182.237548
0.595703 1.981445 1.334961 1310509182.244451
-1.973633 1.982422 1.159180 1310509182.265445
-0.092773 1.980469 1.331055 1310509182.330508
0.115234 1.977539 0.648438 1310509182.340500
0.363281 1.977539 0.648438 1310509182.361532
0.550781 -0.421875 0.360352 1310509182.405449
0.479492 -1.070312 -0.383789 1310509182.427499
-0.027344 -0.586914 -0.504883 1310509182.542515
0.116211 -0.255859 -0.097656 1310509182.548505
0.088867 0.244141 -0.097656 1310509182.552467
-0.054688 0.060547 -0.136719 1310509182.561525
-0.080078 0.129883 -0.042969 1310509182.605504
-0.165039 0.060547 -0.049805 1310509182.627438
0.054688 0.053711 0.500000 1310509182.672434
-0.120117 1.045898 0.452148 1310509182.695515
-0.404297 1.982422 0.452148 1310509182.720475
-1.134766 1.983398 1.317383 1310509182.765504
-0.476562 1.671875 1.253906 1310509182.787453
-0.235352 0.972656 0.503906 1310509182.832512
0.109375 0.326172 0.160156 1310509182.858511
0.592773 -0.533203 0.037109 1310509182.881476
0.369141 -0.880859 -0.569336 1310509182.945513
0.077148 -0.199219 -0.164062 1310509182.975518
-0.004883 0.060547 -0.063477 1310509182.986468
0.090820 0.091797 -0.288086 1310509183.010482
0.059570 -0.150391 -0.304688 1310509183.058505
-0.039062 -0.210938 -0.271484 1310509183.083476
0.117188 -0.073242 0.626953 1310509183.111435
0.541992 1.011719 0.534180 1310509183.155435
-1.056641 1.980469 1.631836 1310509183.181514
-0.981445 1.979492 0.415039 1310509183.261489
0.405273 0.614258 -0.300781 1310509183.281526
-0.045898 0.194336 -0.300781 1310509183.283731
0.409180 0.273438 0.199219 1310509183.304519
0.411133 0.273438 0.199219 1310509183.337435
0.193359 0.152344 0.198242 1310509183.403495
0.112305 0.466797 0.310547 1310509183.405476
0.026367 0.806641 0.287109 1310509183.437441
-0.107422 1.183594 0.287109 1310509183.460448
-0.136719 1.342773 0.389648 1310509183.507522
-0.035156 0.956055 0.330078 1310509183.556444
-0.047852 0.654297 0.309570 1310509183.570442
-0.038086 0.543945 0.249023 1310509183.591444
-0.004883 0.577148 0.241211 1310509183.674443
0.025391 0.668945 0.180664 1310509183.680445
0.025391 0.668945 0.180664 1310509183.701449
0.025391 0.668945 0.180664 1310509183.715447
-0.036133 0.779297 0.249023 1310509183.866473
