-0.036133 0.619141 0.309570 1310511092.473613
-0.140625 0.705078 0.285156 1310511092.494604
-0.211914 0.874023 0.327148 1310511092.495571
-0.208008 0.869141 0.333008 1310511092.528618
-0.166992 0.869141 0.333008 1310511092.550633
-0.107422 0.646484 0.176758 1310511092.586588
0.043945 0.710938 0.237305 1310511092.609603
0.108398 0.883789 0.280273 1310511092.653620
0.045898 0.855469 0.310547 1310511092.674603
0.100586 0.722656 0.299805 1310511092.696659
0.137695 0.707031 0.324219 1310511092.741623
0.127930 0.672852 0.314453 1310511092.764604
0.110352 0.702148 0.277344 1310511092.806671
0.110352 0.776367 0.251953 1310511092.850660
0.127930 0.765625 0.284180 1310511092.871626
0.155273 0.736328 0.301758 1310511092.892593
0.129883 0.735352 0.282227 1310511092.938665
0.066406 0.774414 0.259766 1310511092.960676
0.055664 0.787109 0.281250 1310511093.005674
0.067383 0.767578 0.247070 1310511093.028633
0.099609 0.741211 0.267578 1310511093.062667
0.125000 0.789062 0.267578 1310511093.096623
0.125000 0.793945 0.286133 1310511093.114640
0.096680 0.761719 0.286133 1310511093.167676
0.096680 0.736328 0.276367 1310511093.198635
0.101562 0.733398 0.302734 1310511093.226688
0.091797 0.744141 0.291992 1310511093.249631
0.104492 0.744141 0.291992 1310511093.278690
0.104492 0.744141 0.291992 1310511093.320593
0.090820 0.739258 0.315430 1310511093.364667
0.067383 0.742188 0.322266 1310511093.385687
0.088867 0.757812 0.295898 1310511093.429621
0.064453 0.772461 0.359375 1310511093.450674
0.050781 0.772461 0.359375 1310511093.473653
0.091797 0.725586 0.331055 1310511093.516683
0.112305 0.690430 0.320312 1310511093.560678
0.172852 0.686523 0.313477 1310511093.581693
0.291016 0.681641 0.325195 1310511093.605589
0.398438 0.774414 0.309570 1310511093.642669
0.385742 0.750000 0.278320 1310511093.689595
0.221680 0.681641 0.237305 1310511093.761653
-0.192383 0.746094 0.336914 1310511093.762682
-0.321289 0.820312 0.406250 1310511093.796690
0.020508 0.576172 0.299805 1310511093.800623
0.331055 0.548828 0.184570 1310511093.831634
0.309570 0.799805 0.280273 1310511093.869655
0.162109 0.933594 0.408203 1310511093.914611
0.275391 0.712891 0.312500 1310511093.936685
0.257812 0.591797 0.328125 1310511093.979639
0.285156 0.691406 0.324219 1310511094.002642
0.166016 0.754883 0.386719 1310511094.035685
0.051758 0.746094 0.375000 1310511094.066688
0.067383 0.659180 0.331055 1310511094.089627
0.088867 0.628906 0.330078 1310511094.124654
0.095703 0.694336 0.333984 1310511094.166692
0.096680 0.713867 0.361328 1310511094.189650
0.153320 0.750000 0.368164 1310511094.214707
0.114258 0.740234 0.400391 1310511094.279693
0.107422 0.688477 0.378906 1310511094.280683
0.116211 0.684570 0.355469 1310511094.314691
0.122070 0.701172 0.363281 1310511094.356616
0.136719 0.667969 0.332031 1310511094.377696
0.160156 0.729492 0.360352 1310511094.420692
0.112305 0.709961 0.382812 1310511094.445709
0.124023 0.696289 0.328125 1310511094.492638
0.085938 0.720703 0.315430 1310511094.515640
0.057617 0.750000 0.334961 1310511094.537660
0.018555 0.715820 0.366211 1310511094.584707
0.016602 0.708008 0.326172 1310511094.609674
0.041992 0.707031 0.326172 1310511094.634703
0.058594 0.703125 0.318359 1310511094.676671
0.068359 0.740234 0.320312 1310511094.722702
0.049805 0.683594 0.325195 1310511094.744752
0.073242 0.710938 0.324219 1310511094.765708
0.090820 0.737305 0.310547 1310511094.825699
0.080078 0.764648 0.315430 1310511094.846710
0.142578 0.708008 0.320312 1310511094.879633
0.110352 0.737305 0.294922 1310511094.900630
0.073242 0.730469 0.319336 1310511094.922648
0.102539 0.713867 0.297852 1310511094.965695
0.051758 0.767578 0.316406 1310511095.075702
