0.020508 0.757812 0.260742 1309547657.249291
0.032227 0.763672 0.257812 1309547657.296272
0.032227 0.763672 0.257812 1309547657.305296
0.035156 0.783203 0.234375 1309547657.336267
0.081055 0.775391 0.304688 1309547657.351291
0.029297 0.793945 0.251953 1309547657.370288
0.037109 0.764648 0.230469 1309547657.371285
0.030273 0.780273 0.256836 1309547657.381292
-0.036133 0.798828 0.256836 1309547657.404268
0.005859 0.772461 0.286133 1309547657.425282
0.028320 0.698242 0.268555 1309547657.435252
0.014648 0.648438 0.295898 1309547657.460297
0.052734 0.529297 0.287109 1309547657.515291
-0.025391 0.662109 0.364258 1309547657.517275
-0.092773 0.951172 0.275391 1309547657.563291
-0.168945 0.916016 0.287109 1309547657.585293
-0.246094 0.816406 0.372070 1309547657.630299
-0.234375 0.900391 0.336914 1309547657.665294
-0.152344 0.767578 0.261719 1309547657.702307
-0.164062 0.690430 0.186523 1309547657.705299
-0.260742 0.587891 0.237305 1309547657.773299
-0.213867 0.585938 0.248047 1309547657.813295
-0.052734 0.688477 0.273438 1309547657.814296
0.183594 0.740234 0.381836 1309547657.857304
0.348633 0.910156 0.291992 1309547657.881300
0.205078 0.619141 0.291992 1309547657.905296
0.195312 0.710938 0.226562 1309547657.948309
0.012695 0.806641 0.148438 1309547657.972301
-0.151367 0.908203 0.211914 1309547658.073304
-0.094727 0.820312 0.126953 1309547658.085302
0.230469 0.797852 0.125000 1309547658.117309
0.286133 0.547852 0.125000 1309547658.119302
0.289062 0.827148 0.232422 1309547658.137282
0.365234 0.813477 0.187500 1309547658.165305
0.370117 0.784180 0.194336 1309547658.210303
0.266602 0.804688 0.223633 1309547658.235307
0.241211 0.761719 0.296875 1309547658.258313
0.241211 0.761719 0.296875 1309547658.294293
0.163086 0.775391 0.257812 1309547658.338306
0.249023 0.683594 0.249023 1309547658.397318
0.004883 0.674805 0.238281 1309547658.406307
-0.039062 0.803711 0.297852 1309547658.427309
-0.076172 0.813477 0.272461 1309547658.456306
-0.176758 0.806641 0.309570 1309547658.511307
-0.102539 0.757812 0.320312 1309547658.532311
0.140625 0.774414 0.307617 1309547658.553285
0.210938 0.751953 0.264648 1309547658.601313
0.036133 0.695312 0.295898 1309547658.642316
0.034180 0.660156 0.350586 1309547658.668316
0.008789 0.730469 0.376953 1309547658.692314
-0.099609 0.788086 0.409180 1309547658.725319
-0.160156 0.658203 0.407227 1309547658.781320
-0.129883 0.666016 0.399414 1309547658.782316
-0.073242 0.683594 0.354492 1309547658.808317
-0.073242 0.710938 0.381836 1309547658.851324
-0.032227 0.723633 0.372070 1309547658.900325
0.011719 0.716797 0.311523 1309547658.922309
0.104492 0.748047 0.326172 1309547658.968321
0.167969 0.576172 0.339844 1309547659.006300
0.273438 0.683594 0.283203 1309547659.007315
0.245117 0.740234 0.291992 1309547659.093330
0.049805 0.778320 0.312500 1309547659.111322
-0.454102 0.967773 0.325195 1309547659.112319
-0.552734 0.832031 0.342773 1309547659.135303
0.031250 0.719727 0.252930 1309547659.178331
0.416016 0.709961 0.217773 1309547659.200329
0.416016 0.709961 0.217773 1309547659.222319
0.392578 0.746094 0.312500 1309547659.282331
0.397461 0.789062 0.267578 1309547659.305338
0.259766 0.731445 0.266602 1309547659.348328
0.216797 0.759766 0.289062 1309547659.371324
0.084961 0.764648 0.274414 1309547659.395334
0.013672 0.759766 0.284180 1309547659.415329
-0.025391 0.743164 0.206055 1309547659.460334
-0.044922 0.788086 0.270508 1309547659.491342
-0.053711 0.757812 0.290039 1309547659.548327
-0.110352 0.774414 0.302734 1309547659.575317
-0.094727 0.742188 0.337891 1309547659.578357
-0.094727 0.742188 0.337891 1309547659.622359
-0.178711 0.750977 0.301758 1309547659.670351
-0.063477 0.783203 0.350586 1309547659.691334
0.120117 0.755859 0.330078 1309547659.713330
0.240234 0.725586 0.373047 1309547659.752335
0.183594 0.757812 0.302734 1309547659.773334
0.048828 0.692383 0.343750 1309547659.818362
-0.081055 0.689453 0.322266 1309547659.883341
-0.171875 0.740234 0.364258 1309547659.885336
-0.169922 0.709961 0.400391 1309547659.908336
-0.169922 0.715820 0.356445 1309547659.953341
-0.161133 0.708984 0.341797 1309547659.992339
-0.116211 0.707031 0.339844 1309547660.016314
-0.002930 0.737305 0.315430 1309547660.038356
0.028320 0.708984 0.352539 1309547660.091343
-0.030273 0.668945 0.376953 1309547660.136326
0.042969 0.708984 0.377930 1309547660.137343
0.166992 0.675781 0.325195 1309547660.159344
0.210938 0.731445 0.260742 1309547660.226326
0.133789 0.746094 0.280273 1309547660.252329
0.041992 0.771484 0.309570 1309547660.265359
0.062500 0.741211 0.271484 1309547660.295336
-0.219727 0.777344 0.244141 1309547660.383431
-0.219727 0.777344 0.244141 1309547660.385346
-0.054688 0.804688 0.255859 1309547660.427350
0.341797 0.699219 0.268555 1309547660.428347
0.316406 0.710938 0.273438 1309547660.451349
0.327148 0.702148 0.278320 1309547660.520343
0.310547 0.794922 0.264648 1309547660.608357
0.266602 0.764648 0.259766 1309547660.623355
0.178711 0.750000 0.244141 1309547660.625356
0.005859 0.775391 0.243164 1309547660.646362
-0.025391 0.806641 0.239258 1309547660.661363
-0.017578 0.725586 0.254883 1309547660.721357
-0.054688 0.785156 0.231445 1309547660.723355
-0.059570 0.791992 0.260742 1309547660.760353
-0.084961 0.770508 0.328125 1309547660.773361
-0.210938 0.767578 0.264648 1309547660.818360
-0.159180 0.759766 0.273438 1309547660.867359
-0.062500 0.730469 0.266602 1309547660.908360
0.051758 0.750977 0.266602 1309547660.910388
0.242188 0.726562 0.263672 1309547660.955351
0.221680 0.754883 0.221680 1309547660.983361
-0.107422 0.730469 0.291992 1309547661.005361
-0.165039 0.698242 0.328125 1309547661.048361
-0.133789 0.760742 0.354492 1309547661.072360
-0.131836 0.510742 0.354492 1309547661.093366
-0.167969 0.740234 0.374023 1309547661.137357
-0.198242 0.722656 0.321289 1309547661.181424
-0.129883 0.765625 0.323242 1309547661.207371
-0.071289 0.713867 0.328125 1309547661.243368
0.002930 0.733398 0.327148 1309547661.266372
0.093750 0.733398 0.327148 1309547661.290368
0.129883 0.710938 0.318359 1309547661.340370
0.160156 0.724609 0.303711 1309547661.363366
0.166016 0.710938 0.223633 1309547661.386362
0.006836 0.763672 0.230469 1309547661.434471
-0.140625 0.835938 0.228516 1309547661.465355
-0.279297 0.787109 0.297852 1309547661.487368
-0.403320 0.865234 0.252930 1309547661.535362
-0.113281 0.800781 0.227539 1309547661.557380
0.264648 0.718750 0.180664 1309547661.672370
0.318359 0.756836 0.267578 1309547661.696352
0.278320 0.765625 0.236328 1309547661.760378
0.263672 0.773438 0.237305 1309547661.775353
0.317383 0.803711 0.244141 1309547661.797389
0.152344 0.775391 0.253906 1309547661.822379
0.125977 0.779297 0.228516 1309547661.837382
0.061523 0.729492 0.247070 1309547661.838387
-0.046875 0.763672 0.267578 1309547661.860377
-0.116211 0.801758 0.270508 1309547661.883375
-0.093750 0.747070 0.261719 1309547661.902403
-0.108398 0.701172 0.285156 1309547661.946381
-0.110352 0.733398 0.280273 1309547661.970357
-0.125000 0.742188 0.287109 1309547662.015356
-0.168945 0.764648 0.288086 1309547662.037408
-0.144531 0.790039 0.315430 1309547662.060385
0.081055 0.791016 0.315430 1309547662.101383
0.331055 0.791016 0.315430 1309547662.123385
0.165039 0.727539 0.314453 1309547662.190380
-0.083984 0.728516 0.313477 1309547662.211385
-0.236328 0.694336 0.321289 1309547662.234387
-0.236328 0.725586 0.323242 1309547662.257378
-0.211914 0.731445 0.324219 1309547662.295387
-0.252930 0.753906 0.337891 1309547662.340371
-0.217773 0.742188 0.319336 1309547662.352414
-0.182617 0.724609 0.326172 1309547662.396392
-0.182617 0.724609 0.326172 1309547662.418389
0.007812 0.729492 0.307617 1309547662.473388
0.054688 0.705078 0.369141 1309547662.495387
0.103516 0.715820 0.341797 1309547662.520392
0.159180 0.717773 0.311523 1309547662.550392
0.222656 0.736328 0.290039 1309547662.593393
0.161133 0.699219 0.285156 1309547662.618395
0.032227 0.742188 0.251953 1309547662.643390
-0.029297 0.712891 0.252930 1309547662.687395
-0.324219 0.835938 0.285156 1309547662.708391
-0.429688 0.857422 0.296875 1309547662.757399
0.100586 0.714844 0.237305 1309547662.786368
0.356445 0.687500 0.282227 1309547662.806408
0.284180 0.822266 0.285156 1309547662.851398
0.222656 0.758789 0.279297 1309547662.877401
0.290039 0.740234 0.267578 1309547662.972406
0.215820 0.802734 0.276367 1309547662.973414
0.162109 0.794922 0.310547 1309547662.991390
0.162109 0.794922 0.310547 1309547662.993386
0.047852 0.753906 0.258789 1309547663.057419
-0.036133 0.781250 0.235352 1309547663.096384
-0.054688 0.808594 0.230469 1309547663.102401
-0.051758 0.744141 0.244141 1309547663.125421
-0.120117 0.994141 0.244141 1309547663.167406
-0.203125 0.745117 0.272461 1309547663.268401
-0.211914 0.718750 0.298828 1309547663.271397
-0.125977 0.783203 0.372070 1309547663.272396
0.098633 0.755859 0.351562 1309547663.290403
0.299805 0.720703 0.326172 1309547663.337414
0.299805 0.720703 0.326172 1309547663.352410
-0.046875 0.730469 0.262695 1309547663.396412
-0.167969 0.595703 0.376953 1309547663.420404
-0.106445 0.670898 0.342773 1309547663.463418
-0.157227 0.718750 0.392578 1309547663.486410
-0.161133 0.710938 0.388672 1309547663.511408
-0.062500 0.689453 0.368164 1309547663.539408
-0.004883 0.685547 0.357422 1309547663.588412
0.043945 0.738281 0.327148 1309547663.616389
0.019531 0.719727 0.316406 1309547663.642409
0.009766 0.669922 0.349609 1309547663.695412
-0.003906 0.713867 0.342773 1309547663.696392
0.036133 0.751953 0.311523 1309547663.742431
-0.085938 0.731445 0.308594 1309547663.785418
-0.070312 0.728516 0.340820 1309547663.808411
-0.096680 0.753906 0.332031 1309547663.853413
-0.022461 0.757812 0.310547 1309547663.875422
-0.026367 0.713867 0.354492 1309547663.897421
-0.028320 0.753906 0.321289 1309547663.941436
0.018555 0.697266 0.268555 1309547663.983416
-0.004883 0.746094 0.300781 1309547664.006423
-0.005859 0.755859 0.314453 1309547664.028418
0.016602 0.735352 0.305664 1309547664.073418
0.000000 0.755859 0.305664 1309547664.104420
-0.041992 0.723633 0.299805 1309547664.139418
-0.064453 0.734375 0.272461 1309547664.195426
0.050781 0.769531 0.268555 1309547664.282450
0.029297 0.738281 0.303711 1309547664.295423
0.069336 0.758789 0.287109 1309547664.296394
0.064453 0.760742 0.312500 1309547664.297453
0.064453 0.760742 0.312500 1309547664.320429
0.014648 0.753906 0.271484 1309547664.367428
0.081055 0.735352 0.283203 1309547664.392428
