0.217773 0.642578 0.416992 1309978782.759811
0.198242 0.652344 0.401367 1309978782.814813
0.215820 0.633789 0.423828 1309978782.839818
0.198242 0.605469 0.383789 1309978782.862827
0.202148 0.669922 0.403320 1309978782.900818
0.189453 0.654297 0.405273 1309978782.966816
0.227539 0.672852 0.405273 1309978782.968810
0.238281 0.667969 0.344727 1309978783.006808
0.218750 0.658203 0.375977 1309978783.039814
0.262695 0.684570 0.402344 1309978783.061812
0.265625 0.630859 0.370117 1309978783.104818
0.308594 0.516602 0.315430 1309978783.105812
0.341797 0.312500 0.207031 1309978783.149816
0.216797 0.236328 0.096680 1309978783.192819
0.091797 0.500977 0.295898 1309978783.220824
0.130859 0.644531 0.515625 1309978783.266817
0.252930 0.607422 0.319336 1309978783.289826
0.187500 1.029297 0.620117 1309978783.312832
0.177734 1.515625 0.940430 1309978783.361834
0.162109 1.570312 1.077148 1309978783.382830
0.321289 1.478516 1.029297 1309978783.405820
0.467773 1.285156 0.792969 1309978783.451826
0.500977 0.643555 0.522461 1309978783.474825
0.417969 -0.011719 0.022461 1309978783.495827
0.069336 -0.331055 -0.129883 1309978783.544841
0.010742 -0.402344 -0.199219 1309978783.566795
0.109375 -0.181641 -0.129883 1309978783.599828
0.041992 -0.083008 -0.199219 1309978783.644842
0.054688 -0.128906 -0.111328 1309978783.669803
0.294922 -0.044922 0.294922 1309978783.691826
0.616211 0.734375 0.467773 1309978783.736828
0.520508 1.340820 1.210938 1309978783.777819
0.714844 1.919922 0.765625 1309978783.800842
0.121094 1.176758 0.895508 1309978783.845829
-0.283203 1.621094 0.995117 1309978783.867848
0.216797 1.621094 0.995117 1309978783.904836
0.579102 1.101562 0.730469 1309978783.926827
0.596680 0.789062 0.628906 1309978783.970828
0.369141 0.441406 0.297852 1309978783.992828
0.028320 0.005859 0.078125 1309978784.039831
-0.056641 -0.380859 -0.061523 1309978784.061834
0.070312 -0.343750 -0.311523 1309978784.077841
0.030273 -0.169922 -0.125977 1309978784.134835
0.104492 -0.041992 -0.143555 1309978784.155833
0.311523 -0.159180 0.393555 1309978784.187857
0.466797 0.359375 0.288086 1309978784.255837
0.285156 1.230469 1.202148 1309978784.275839
0.470703 1.968750 1.230469 1309978784.294823
0.457031 1.062500 0.881836 1309978784.316855
-0.173828 1.324219 0.743164 1309978784.365848
-0.129883 1.423828 0.966797 1309978784.387848
0.393555 1.267578 0.855469 1309978784.409840
0.643555 0.872070 0.715820 1309978784.432843
0.359375 0.482422 0.371094 1309978784.509849
-0.095703 0.018555 0.174805 1309978784.510833
-0.110352 -0.314453 -0.096680 1309978784.535842
0.189453 -0.423828 -0.306641 1309978784.561844
0.138672 -0.187500 -0.249023 1309978784.605861
0.139648 -0.024414 -0.132812 1309978784.630848
0.367188 -0.138672 0.382812 1309978784.676182
0.352539 0.322266 0.344727 1309978784.719805
0.404297 0.954102 1.029297 1309978784.740856
0.454102 1.978516 1.216797 1309978784.782851
0.193359 1.283203 0.861328 1309978784.805850
-0.256836 1.283203 0.861328 1309978784.827855
-0.053711 1.436523 0.884766 1309978784.861852
0.229492 1.643555 0.835938 1309978784.890826
0.458984 1.112305 0.720703 1309978784.937827
0.477539 0.729492 0.639648 1309978784.964847
0.383789 0.417969 0.108398 1309978785.035868
0.139648 -0.049805 0.000000 1309978785.046841
0.139648 -0.049805 0.000000 1309978785.061856
-0.041992 -0.403320 -0.266602 1309978785.086850
-0.017578 -0.054688 -0.080078 1309978785.129885
-0.067383 -0.162109 -0.089844 1309978785.152856
0.240234 -0.062500 0.431641 1309978785.175853
0.588867 0.601562 0.474609 1309978785.210858
0.631836 1.154297 0.807617 1309978785.257856
0.229492 1.689453 0.954102 1309978785.295857
-0.017578 1.345703 0.875000 1309978785.316857
-0.327148 1.973633 0.904297 1309978785.360864
-0.130859 1.857422 0.945312 1309978785.366856
0.370117 1.113281 0.945312 1309978785.417873
0.573242 0.675781 0.552734 1309978785.439857
0.517578 0.289062 0.224609 1309978785.527862
0.276367 -0.076172 0.008789 1309978785.561864
0.064453 -0.337891 -0.136719 1309978785.571861
-0.072266 -0.257812 -0.226562 1309978785.586865
-0.000977 -0.066406 -0.113281 1309978785.611873
0.047852 -0.092773 -0.087891 1309978785.636867
0.180664 -0.136719 0.156250 1309978785.667872
0.231445 0.122070 0.122070 1309978785.697868
0.418945 0.885742 0.611328 1309978785.721867
0.897461 1.978516 0.832031 1309978785.755886
-0.176758 0.833984 0.821289 1309978785.816849
-0.144531 0.697266 0.831055 1309978785.839867
0.319336 1.625000 0.712891 1309978785.861873
0.199219 1.144531 0.474609 1309978785.904873
0.103516 0.601562 0.385742 1309978785.927863
0.103516 0.601562 0.385742 1309978785.951861
0.167969 0.464844 0.270508 1309978785.987874
0.221680 0.521484 0.329102 1309978786.032902
0.242188 0.529297 0.321289 1309978786.055874
0.202148 0.529297 0.315430 1309978786.076871
0.217773 0.561523 0.318359 1309978786.106899
0.194336 0.630859 0.383789 1309978786.150861
0.156250 0.690430 0.414062 1309978786.196876
0.183594 0.723633 0.395508 1309978786.220871
0.161133 0.649414 0.408203 1309978786.244880
0.149414 0.635742 0.407227 1309978786.290881
0.154297 0.683594 0.350586 1309978786.312872
0.144531 0.691406 0.383789 1309978786.355879
0.160156 0.673828 0.372070 1309978786.377885
0.142578 0.702148 0.367188 1309978786.402876
0.091797 0.709961 0.379883 1309978786.454883
0.107422 0.736328 0.381836 1309978786.475881
0.111328 0.689453 0.370117 1309978786.496875
0.148438 0.722656 0.380859 1309978786.540887
0.143555 0.681641 0.374023 1309978786.564877
0.139648 0.690430 0.386719 1309978786.595881
0.132812 0.685547 0.367188 1309978786.640886
0.155273 0.697266 0.414062 1309978786.661892
0.123047 0.667969 0.357422 1309978786.684901
0.150391 0.702148 0.391602 1309978786.764894
