0.056641 0.750000 0.244141 1309546026.644570
0.043945 0.750000 0.258789 1309546026.665575
0.026367 0.768555 0.271484 1309546026.709567
0.035156 0.790039 0.263672 1309546026.734571
0.048828 0.774414 0.263672 1309546026.754570
0.065430 0.785156 0.270508 1309546026.777573
0.075195 0.782227 0.287109 1309546026.817570
0.040039 0.779297 0.266602 1309546026.896579
0.035156 0.755859 0.255859 1309546026.949619
0.045898 0.768555 0.286133 1309546026.970572
0.090820 0.751953 0.314453 1309546026.972569
0.036133 0.765625 0.268555 1309546027.030572
0.073242 0.789062 0.313477 1309546027.124582
0.122070 0.740234 0.326172 1309546027.159586
0.114258 0.743164 0.332031 1309546027.160575
0.179688 0.712891 0.316406 1309546027.164575
0.152344 0.616211 0.278320 1309546027.185599
0.050781 0.512695 0.239258 1309546027.206583
-0.052734 0.388672 0.006836 1309546027.219579
-0.037109 0.368164 -0.012695 1309546027.260586
0.035156 0.362305 0.066406 1309546027.321605
0.022461 0.397461 -0.091797 1309546027.331556
-0.191406 0.897461 -0.091797 1309546027.334587
-0.015625 1.025391 0.406250 1309546027.343578
0.144531 1.174805 0.295898 1309546027.386587
-0.064453 1.313477 0.577148 1309546027.396591
0.101562 1.662109 0.779297 1309546027.429576
0.172852 1.977539 0.825195 1309546027.486545
-0.310547 1.980469 0.967773 1309546027.487578
-0.022461 1.799805 0.750977 1309546027.524581
0.710938 0.996094 0.676758 1309546027.546591
0.429688 0.277344 -0.096680 1309546027.589587
0.131836 -0.505859 0.091797 1309546027.610586
0.283203 -0.748047 -0.273438 1309546027.633586
0.135742 -0.221680 -0.083008 1309546027.826592
-0.033203 0.204102 -0.077148 1309546027.840597
-0.031250 0.061523 -0.106445 1309546027.894599
0.005859 -0.082031 -0.150391 1309546027.895588
0.052734 -0.107422 -0.108398 1309546027.930589
0.052734 -0.107422 -0.108398 1309546027.931590
0.259766 -0.166992 -0.053711 1309546027.954606
0.334961 0.112305 0.474609 1309546027.955589
0.515625 1.160156 0.833008 1309546028.000602
-0.109375 1.978516 0.237305 1309546028.006594
0.411133 1.057617 0.440430 1309546028.011598
-0.753906 1.657227 0.487305 1309546028.050592
-0.230469 1.638672 0.487305 1309546028.058601
0.202148 1.980469 0.684570 1309546028.094603
-0.226562 1.976562 0.806641 1309546028.139600
-0.436523 1.980469 0.816406 1309546028.172592
0.003906 1.983398 0.735352 1309546028.195598
0.264648 1.368164 0.610352 1309546028.225599
0.266602 0.379883 -0.035156 1309546028.270599
0.416016 -0.597656 0.225586 1309546028.291597
0.319336 -0.881836 -0.216797 1309546028.335599
0.186523 -0.130859 -0.122070 1309546028.356603
-0.039062 0.263672 -0.051758 1309546028.393606
-0.091797 0.108398 -0.128906 1309546028.416601
-0.048828 -0.105469 -0.127930 1309546028.461602
0.017578 -0.070312 -0.144531 1309546028.486599
0.107422 -0.133789 -0.117188 1309546028.509603
0.242188 -0.211914 -0.036133 1309546028.555607
0.223633 -0.134766 0.055664 1309546028.579610
0.238281 0.115234 0.055664 1309546028.621611
0.238281 0.115234 0.055664 1309546028.645610
0.342773 1.979492 0.623047 1309546028.685606
0.138672 1.369141 0.811523 1309546028.720612
-0.725586 1.906250 0.436523 1309546028.765590
-0.227539 1.906250 0.436523 1309546028.766607
0.234375 1.980469 0.825195 1309546028.822611
-0.498047 1.981445 0.803711 1309546028.848605
-0.355469 1.980469 0.712891 1309546028.871606
0.217773 1.473633 0.581055 1309546028.923612
0.298828 0.589844 0.139648 1309546028.945630
0.394531 -0.410156 0.139648 1309546028.966626
0.224609 -0.958008 -0.134766 1309546029.021619
0.151367 -0.255859 -0.172852 1309546029.023611
0.191406 0.277344 0.028320 1309546029.076625
0.077148 0.178711 -0.134766 1309546029.103617
0.039062 -0.167969 -0.076172 1309546029.191638
0.091797 -0.173828 -0.090820 1309546029.192609
0.077148 -0.167969 -0.083984 1309546029.231612
0.166992 -0.163086 -0.038086 1309546029.243622
0.166016 -0.259766 -0.075195 1309546029.273619
0.032227 -0.009766 0.429688 1309546029.318619
0.548828 1.391602 0.465820 1309546029.395619
0.186523 1.980469 0.329102 1309546029.415625
0.136719 1.106445 0.595703 1309546029.478621
-0.238281 1.734375 0.673828 1309546029.533603
-0.000977 1.762695 0.548828 1309546029.535593
-0.027344 1.885742 0.539062 1309546029.541644
-0.329102 1.981445 0.879883 1309546029.543616
-0.535156 1.978516 0.863281 1309546029.561621
-0.000977 1.982422 0.760742 1309546029.606627
0.365234 1.152344 0.633789 1309546029.608621
0.224609 -0.047852 0.020508 1309546029.648625
0.609375 -1.070312 0.035156 1309546029.687624
0.221680 -0.570312 0.035156 1309546029.709627
-0.104492 -0.009766 -0.123047 1309546029.766630
-0.088867 0.304688 -0.032227 1309546029.775627
0.118164 0.097656 -0.113281 1309546029.801632
0.054688 -0.122070 -0.151367 1309546029.838631
0.034180 -0.069336 -0.123047 1309546029.875630
0.034180 -0.069336 -0.123047 1309546029.904498
0.196289 -0.192383 -0.053711 1309546029.943637
0.288086 -0.250977 -0.021484 1309546029.967628
-0.042969 -0.279297 -0.150391 1309546029.992632
0.209961 0.720703 0.753906 1309546030.113639
-0.150391 1.984375 1.106445 1309546030.115630
0.349609 1.984375 1.106445 1309546030.116610
-0.506836 1.981445 0.575195 1309546030.140657
-0.442383 1.980469 0.511719 1309546030.167643
0.055664 1.982422 0.666992 1309546030.200635
-0.117188 1.982422 0.702148 1309546030.242641
-0.220703 1.980469 0.700195 1309546030.266640
0.314453 1.480469 0.700195 1309546030.286638
0.272461 -0.063477 0.171875 1309546030.363650
0.433594 -1.262695 -0.067383 1309546030.388641
0.115234 -0.619141 -0.287109 1309546030.412639
0.096680 0.289062 -0.130859 1309546030.432639
0.034180 0.584961 0.022461 1309546030.455640
0.034180 0.584961 0.022461 1309546030.477615
0.094727 -0.187500 -0.033203 1309546030.552621
0.137695 -0.067383 -0.176758 1309546030.560685
0.167969 -0.083984 -0.091797 1309546030.587621
0.079102 -0.147461 -0.123047 1309546030.615641
0.132812 -0.087891 0.000000 1309546030.633645
0.055664 -0.047852 0.250000 1309546030.681656
0.872070 1.928711 1.219727 1309546030.723650
-0.013672 1.984375 1.557617 1309546030.752647
0.610352 1.442383 0.058594 1309546030.775649
-0.642578 1.926758 0.625977 1309546030.797625
0.107422 1.426758 0.625977 1309546030.821652
0.041992 1.332031 0.271484 1309546030.866650
0.154297 0.784180 0.251953 1309546030.911667
0.147461 0.454102 0.043945 1309546030.932647
0.197266 0.280273 -0.012695 1309546030.975650
0.128906 0.313477 0.082031 1309546031.006654
0.106445 0.354492 0.095703 1309546031.020657
0.144531 0.519531 0.180664 1309546031.073658
0.146484 0.642578 0.172852 1309546031.096656
0.138672 0.874023 0.213867 1309546031.132657
-0.030273 1.027344 0.305664 1309546031.165658
