-0.015625 0.823242 0.222656 1309565697.435218
0.001953 0.783203 0.133789 1309565697.480213
0.000977 0.791992 0.208008 1309565697.501222
-0.005859 0.811523 0.200195 1309565697.525221
0.000000 0.801758 0.227539 1309565697.569212
0.023438 0.798828 0.227539 1309565697.592236
0.022461 0.789062 0.214844 1309565697.633201
0.013672 0.806641 0.179688 1309565697.679195
0.040039 0.791992 0.222656 1309565697.700218
0.014648 0.841797 0.203125 1309565697.723212
0.020508 0.857422 0.228516 1309565697.775228
0.020508 0.857422 0.228516 1309565697.802189
0.044922 0.823242 0.272461 1309565697.848222
0.053711 0.796875 0.240234 1309565697.849184
0.102539 0.735352 0.216797 1309565697.879214
0.107422 0.757812 0.240234 1309565697.936248
0.138672 0.703125 0.171875 1309565697.938230
0.098633 0.703125 0.171875 1309565697.972225
0.126953 0.753906 0.240234 1309565698.014187
0.132812 0.641602 0.167969 1309565698.036215
0.025391 0.541016 -0.022461 1309565698.081242
-0.055664 0.603516 0.082031 1309565698.144212
-0.046875 0.425781 0.096680 1309565698.168241
0.018555 0.541016 0.051758 1309565698.179230
0.119141 0.566406 0.151367 1309565698.223209
0.053711 0.464844 0.190430 1309565698.248219
0.062500 0.731445 0.253906 1309565698.278221
0.009766 0.705078 0.223633 1309565698.319238
0.007812 0.514648 0.222656 1309565698.338241
0.097656 0.597656 0.272461 1309565698.373235
0.188477 0.839844 0.276367 1309565698.395242
0.166016 0.729492 0.388672 1309565698.441238
0.219727 0.775391 0.382812 1309565698.463242
0.212891 0.709961 0.317383 1309565698.546243
0.010742 0.712891 0.317383 1309565698.549231
0.038086 0.790039 0.295898 1309565698.573233
0.086914 0.744141 0.245117 1309565698.594239
0.022461 0.610352 0.396484 1309565698.660230
0.233398 0.887695 0.382812 1309565698.661244
0.085938 0.762695 0.312500 1309565698.727242
0.044922 0.759766 0.373047 1309565698.763232
0.062500 0.729492 0.373047 1309565698.801231
0.013672 0.746094 0.250000 1309565698.846226
-0.061523 0.752930 0.368164 1309565698.848246
-0.102539 1.390625 0.740234 1309565698.849243
-0.343750 1.714844 0.922852 1309565698.939256
-0.241211 0.826172 0.038086 1309565698.974253
-0.234375 0.541016 -0.036133 1309565698.999244
-0.299805 0.648438 0.083984 1309565699.084257
-0.318359 0.719727 -0.019531 1309565699.148246
-0.389648 0.865234 0.029297 1309565699.149240
-0.384766 0.818359 0.053711 1309565699.150249
-0.413086 0.765625 0.000000 1309565699.168270
-0.353516 0.800781 0.127930 1309565699.171247
-0.384766 0.868164 0.088867 1309565699.210233
-0.357422 0.798828 0.076172 1309565699.231253
-0.391602 0.700195 -0.029297 1309565699.233252
-0.393555 0.694336 0.000000 1309565699.279260
-0.473633 0.701172 -0.058594 1309565699.300254
-0.475586 0.707031 -0.040039 1309565699.323241
-0.405273 0.734375 -0.005859 1309565699.369261
-0.442383 0.721680 -0.029297 1309565699.406275
-0.475586 0.760742 0.002930 1309565699.426255
-0.419922 0.794922 -0.039062 1309565699.473236
-0.413086 0.544922 -0.039062 1309565699.505260
-0.473633 0.771484 -0.123047 1309565699.521260
-0.504883 0.727539 -0.120117 1309565699.555257
-0.476562 0.708984 -0.070312 1309565699.588268
-0.499023 0.714844 -0.068359 1309565699.630261
-0.451172 0.731445 -0.058594 1309565699.640261
-0.451172 0.731445 -0.058594 1309565699.675257
-0.421875 0.718750 -0.039062 1309565699.748278
-0.474609 0.718750 -0.040039 1309565699.749260
-0.427734 0.686523 -0.055664 1309565699.789264
-0.398438 0.722656 -0.060547 1309565699.813253
-0.484375 0.722656 -0.060547 1309565699.834263
-0.512695 0.700195 -0.100586 1309565699.894268
-0.505859 0.724609 -0.065430 1309565699.918261
-0.527344 0.738281 -0.064453 1309565700.006278
-0.468750 0.781250 -0.062500 1309565700.036271
-0.419922 0.734375 -0.068359 1309565700.046267
-0.419922 0.734375 -0.068359 1309565700.048266
-0.405273 0.710938 -0.126953 1309565700.085267
-0.446289 0.718750 -0.109375 1309565700.108270
-0.507812 0.695312 -0.098633 1309565700.153274
-0.499023 0.721680 -0.141602 1309565700.176280
-0.486328 0.704102 -0.108398 1309565700.199278
-0.489258 0.669922 -0.082031 1309565700.248281
-0.442383 0.705078 -0.130859 1309565700.270276
-0.503906 0.745117 -0.093750 1309565700.293252
-0.437500 0.732422 -0.106445 1309565700.369276
-0.457031 0.703125 -0.107422 1309565700.370273
-0.471680 0.722656 -0.138672 1309565700.411268
-0.490234 0.747070 -0.132812 1309565700.455281
-0.444336 0.708008 -0.100586 1309565700.477274
-0.497070 0.715820 -0.095703 1309565700.499286
-0.489258 0.707031 -0.122070 1309565700.524279
-0.453125 0.711914 -0.080078 1309565700.550285
-0.481445 0.718750 -0.080078 1309565700.587301
-0.458984 0.703125 -0.092773 1309565700.631268
-0.483398 0.737305 -0.094727 1309565700.658281
-0.482422 0.712891 -0.119141 1309565700.683298
-0.463867 0.717773 -0.114258 1309565700.718283
-0.479492 0.728516 -0.108398 1309565700.743283
-0.467773 0.712891 -0.108398 1309565700.787323
-0.465820 0.707031 -0.086914 1309565700.810285
-0.514648 0.750000 -0.097656 1309565700.852287
-0.485352 0.737305 -0.104492 1309565700.876261
-0.471680 0.686523 -0.104492 1309565700.920285
