0.107422 0.850586 -0.099609 1309541694.946297
0.092773 0.869141 -0.061523 1309541694.970305
0.104492 0.865234 -0.055664 1309541694.993301
0.069336 0.893555 -0.065430 1309541695.038304
0.091797 0.873047 -0.060547 1309541695.060307
0.095703 0.854492 -0.031250 1309541695.104308
0.104492 0.861328 -0.072266 1309541695.128306
0.091797 0.872070 -0.041016 1309541695.173310
0.085938 0.865234 -0.041016 1309541695.198307
0.102539 0.873047 -0.067383 1309541695.224308
0.065430 0.849609 -0.077148 1309541695.270294
0.100586 0.876953 -0.047852 1309541695.295313
0.102539 0.871094 -0.079102 1309541695.346312
0.096680 0.871094 -0.079102 1309541695.354314
0.091797 0.870117 -0.072266 1309541695.394323
0.051758 0.865234 -0.078125 1309541695.415306
0.110352 0.867188 -0.042969 1309541695.458331
0.052734 0.858398 -0.046875 1309541695.479313
0.073242 0.855469 -0.089844 1309541695.523312
0.104492 0.855469 -0.089844 1309541695.540315
0.055664 0.858398 -0.080078 1309541695.596317
0.056641 0.877930 -0.078125 1309541695.621324
0.085938 0.850586 -0.049805 1309541695.644317
0.066406 0.873047 -0.070312 1309541695.688321
0.060547 0.874023 -0.090820 1309541695.755339
0.097656 0.886719 -0.079102 1309541695.774324
0.044922 0.898438 -0.075195 1309541695.775318
0.126953 0.887695 -0.090820 1309541695.818319
0.053711 0.842773 -0.093750 1309541695.841324
0.135742 0.910156 -0.061523 1309541695.871302
0.091797 0.909180 -0.098633 1309541695.894325
0.085938 0.831055 -0.074219 1309541695.960313
0.116211 0.806641 -0.075195 1309541695.981324
0.047852 0.886719 -0.101562 1309541696.004320
0.036133 0.905273 -0.068359 1309541696.028317
0.049805 0.847656 -0.055664 1309541696.073333
0.099609 0.840820 -0.065430 1309541696.098324
0.087891 0.855469 -0.064453 1309541696.121327
0.065430 0.882812 -0.079102 1309541696.163328
0.085938 0.853516 -0.049805 1309541696.208327
0.088867 0.875000 -0.052734 1309541696.233333
0.082031 0.890625 -0.078125 1309541696.259339
0.068359 0.877930 -0.078125 1309541696.281331
0.024414 0.886719 -0.081055 1309541696.325330
0.088867 0.878906 -0.045898 1309541696.350338
0.074219 0.873047 -0.066406 1309541696.396353
0.065430 0.867188 -0.071289 1309541696.418330
0.109375 0.892578 -0.075195 1309541696.441347
0.109375 0.892578 -0.075195 1309541696.473314
0.091797 0.869141 -0.096680 1309541696.520352
0.084961 0.876953 -0.077148 1309541696.565333
0.091797 0.913086 -0.079102 1309541696.588353
0.095703 0.847656 -0.078125 1309541696.620359
0.084961 0.823242 -0.078125 1309541696.643336
0.109375 0.823242 -0.078125 1309541696.668332
0.078125 0.883789 -0.098633 1309541696.711309
0.071289 0.876953 -0.119141 1309541696.735328
0.127930 0.861328 -0.098633 1309541696.801354
0.082031 0.878906 -0.100586 1309541696.821335
0.103516 0.861328 -0.082031 1309541696.823339
0.077148 0.871094 -0.062500 1309541696.866342
0.085938 0.842773 -0.084961 1309541696.900360
0.085938 0.865234 -0.077148 1309541696.946345
0.074219 0.856445 -0.069336 1309541696.969342
0.082031 0.853516 -0.054688 1309541697.043344
0.106445 0.880859 -0.054688 1309541697.044353
0.079102 0.873047 -0.061523 1309541697.064367
0.045898 0.847656 -0.080078 1309541697.106345
0.083984 0.869141 -0.087891 1309541697.131349
0.066406 0.854492 -0.081055 1309541697.153349
0.100586 0.880859 -0.068359 1309541697.196375
0.099609 0.837891 -0.139648 1309541697.219346
0.091797 0.860352 -0.094727 1309541697.264354
0.058594 0.920898 -0.093750 1309541697.316362
0.084961 0.877930 -0.085938 1309541697.350350
0.061523 0.851562 -0.064453 1309541697.353355
0.106445 0.857422 -0.084961 1309541697.381356
0.106445 0.857422 -0.084961 1309541697.415366
0.083984 0.894531 -0.073242 1309541697.461356
0.090820 0.855469 -0.069336 1309541697.484350
0.059570 0.905273 -0.093750 1309541697.529353
0.095703 0.848633 -0.085938 1309541697.554358
0.056641 0.875000 -0.074219 1309541697.576355
0.062500 0.875000 -0.074219 1309541697.598353
0.069336 0.907227 -0.064453 1309541697.645359
0.060547 0.871094 -0.089844 1309541697.683359
0.084961 0.845703 -0.093750 1309541697.726356
0.085938 0.875977 -0.067383 1309541697.748369
0.071289 0.857422 -0.083984 1309541697.770353
0.051758 0.885742 -0.087891 1309541697.816360
0.098633 0.873047 -0.091797 1309541697.839360
0.086914 0.845703 -0.103516 1309541697.881362
0.095703 0.807617 -0.087891 1309541697.904362
0.080078 0.851562 -0.072266 1309541697.935386
0.048828 0.921875 -0.118164 1309541697.956373
0.111328 0.921875 -0.118164 1309541698.004367
0.111328 0.921875 -0.118164 1309541698.029356
0.094727 0.833984 -0.082031 1309541698.076369
0.026367 0.893555 -0.101562 1309541698.098364
0.074219 0.890625 -0.040039 1309541698.120384
0.082031 0.865234 -0.040039 1309541698.145348
0.053711 0.861328 -0.083008 1309541698.195370
0.107422 0.878906 -0.070312 1309541698.240391
0.118164 0.855469 -0.083008 1309541698.261364
0.104492 0.826172 -0.083984 1309541698.312386
0.075195 0.857422 -0.085938 1309541698.339361
0.080078 0.861328 -0.060547 1309541698.361369
0.037109 0.858398 -0.059570 1309541698.388374
0.092773 0.861328 -0.103516 1309541698.418372
0.044922 0.877930 -0.049805 1309541698.443395
0.090820 0.851562 -0.083008 1309541698.493377
0.116211 0.899414 -0.076172 1309541698.515383
0.116211 0.899414 -0.076172 1309541698.539378
0.113281 0.872070 -0.077148 1309541698.591367
0.099609 0.852539 -0.102539 1309541698.616380
0.065430 0.892578 -0.077148 1309541698.639382
0.083984 0.886719 -0.064453 1309541698.686375
0.127930 0.874023 -0.068359 1309541698.709375
0.060547 0.853516 -0.073242 1309541698.751367
0.096680 0.816406 -0.067383 1309541698.773397
0.097656 0.895508 -0.113281 1309541698.798386
0.043945 0.875000 -0.075195 1309541698.850378
0.087891 0.895508 -0.088867 1309541698.884378
0.117188 0.866211 -0.074219 1309541698.886377
0.117188 0.866211 -0.074219 1309541698.933391
0.091797 0.859375 -0.075195 1309541698.967384
0.084961 0.856445 -0.071289 1309541699.022376
0.093750 0.886719 -0.067383 1309541699.045384
0.090820 0.839844 -0.083984 1309541699.066383
0.102539 0.855469 -0.084961 1309541699.092387
0.082031 0.853516 -0.071289 1309541699.136410
0.043945 0.875000 -0.088867 1309541699.160386
0.091797 0.871094 -0.089844 1309541699.206386
0.071289 0.908203 -0.076172 1309541699.228382
0.106445 0.854492 -0.082031 1309541699.271381
0.095703 0.875000 -0.065430 1309541699.272390
0.101562 0.873047 -0.071289 1309541699.321392
0.090820 0.833984 -0.050781 1309541699.365390
0.096680 0.843750 -0.068359 1309541699.387394
0.125977 0.867188 -0.078125 1309541699.430386
0.092773 0.869141 -0.081055 1309541699.452398
0.092773 0.869141 -0.081055 1309541699.475393
0.117188 0.878906 -0.075195 1309541699.510388
0.108398 0.866211 -0.056641 1309541699.569412
