0.019531 0.851562 0.045898 1311032361.579616
0.040039 0.804688 0.057617 1311032361.598671
0.035156 0.830078 0.086914 1311032361.621668
0.004883 0.834961 0.107422 1311032361.666552
0.041992 0.812500 0.126953 1311032361.689573
0.069336 0.804688 0.110352 1311032361.732550
0.045898 0.794922 0.116211 1311032361.774551
0.064453 0.772461 0.100586 1311032361.798605
0.089844 0.812500 0.074219 1311032361.819577
0.066406 0.871094 0.157227 1311032361.864578
0.006836 0.851562 0.157227 1311032361.866568
0.056641 0.837891 0.038086 1311032361.908579
0.065430 0.901367 0.115234 1311032361.952581
0.030273 0.828125 -0.083984 1311032361.974573
0.022461 0.920898 0.032227 1311032362.022685
0.073242 0.935547 0.052734 1311032362.066688
0.122070 0.935547 0.052734 1311032362.067739
0.168945 0.820312 -0.011719 1311032362.111599
0.155273 0.847656 0.014648 1311032362.153691
0.141602 0.811523 -0.009766 1311032362.167678
0.086914 0.802734 -0.070312 1311032362.231695
-0.015625 0.913086 -0.107422 1311032362.242676
0.032227 0.919922 -0.087891 1311032362.252679
-0.020508 0.843750 -0.105469 1311032362.301682
0.018555 0.757812 -0.069336 1311032362.329610
-0.007812 0.777344 -0.116211 1311032362.392565
-0.081055 0.925781 -0.129883 1311032362.399563
-0.098633 0.851562 -0.116211 1311032362.433603
-0.215820 0.818359 -0.120117 1311032362.458690
-0.076172 0.925781 -0.149414 1311032362.487588
0.014648 0.934570 -0.123047 1311032362.544860
0.023438 0.921875 -0.131836 1311032362.583629
0.058594 0.874023 -0.119141 1311032362.603695
0.058594 0.926758 -0.162109 1311032362.626571
-0.065430 0.871094 -0.083008 1311032362.674592
-0.013672 0.806641 -0.121094 1311032362.679589
-0.001953 0.849609 -0.115234 1311032362.727572
-0.066406 0.849609 -0.066406 1311032362.748570
-0.040039 0.823242 -0.053711 1311032362.773593
-0.008789 0.829102 -0.084961 1311032362.820706
0.016602 0.812500 -0.023438 1311032362.842612
0.006836 0.754883 -0.034180 1311032362.888605
-0.133789 0.994141 -0.164062 1311032362.909574
-0.310547 0.933594 -0.029297 1311032362.954681
-0.107422 0.949219 -0.116211 1311032362.976627
-0.103516 0.876953 -0.190430 1311032363.021629
-0.196289 0.941406 -0.188477 1311032363.043625
-0.148438 1.049805 -0.288086 1311032363.084640
-0.006836 0.917969 -0.278320 1311032363.113693
-0.047852 0.773438 0.332031 1311032363.136630
0.304688 1.186523 -0.133789 1311032363.187701
1.300781 1.186523 -0.133789 1311032363.189689
1.009766 0.949219 0.590820 1311032363.233645
0.100586 0.625977 0.529297 1311032363.279645
0.239258 0.849609 0.397461 1311032363.302693
0.148438 0.629883 0.079102 1311032363.344585
0.253906 0.541992 0.186523 1311032363.367583
0.336914 0.541992 0.186523 1311032363.412630
0.634766 0.633789 0.250000 1311032363.436639
0.533203 0.580078 0.230469 1311032363.458605
0.302734 0.593750 0.178711 1311032363.502607
0.278320 0.630859 0.148438 1311032363.524586
0.335938 0.636719 0.194336 1311032363.546653
0.322266 0.822266 0.190430 1311032363.589588
0.303711 0.879883 0.178711 1311032363.636589
0.436523 0.826172 0.204102 1311032363.678612
0.381836 0.866211 0.133789 1311032363.679609
0.383789 0.782227 0.147461 1311032363.723619
0.513672 0.660156 0.173828 1311032363.746611
0.574219 0.705078 0.181641 1311032363.789714
0.563477 0.602539 0.168945 1311032363.834642
0.573242 0.653320 0.187500 1311032363.873613
0.644531 0.708984 0.226562 1311032363.874651
0.604492 0.673828 0.203125 1311032363.918641
0.475586 0.716797 0.203125 1311032363.940639
0.413086 0.729492 0.155273 1311032363.976646
0.433594 0.689453 0.157227 1311032364.020107
0.443359 0.714844 0.135742 1311032364.043146
0.450195 0.714844 0.172852 1311032364.087724
0.420898 0.725586 0.180664 1311032364.108714
0.385742 0.731445 0.180664 1311032364.131719
0.366211 0.753906 0.167969 1311032364.176715
0.352539 0.750977 0.197266 1311032364.198720
0.325195 0.746094 0.166992 1311032364.242720
0.303711 0.763672 0.169922 1311032364.263735
0.337891 0.746094 0.165039 1311032364.308633
0.334961 0.767578 0.165039 1311032364.331602
0.378906 0.749023 0.173828 1311032364.376656
0.323242 0.778320 0.171875 1311032364.399728
0.343750 0.757812 0.188477 1311032364.433606
0.399414 0.738281 0.184570 1311032364.456604
0.372070 0.749023 0.172852 1311032364.501650
0.345703 0.740234 0.178711 1311032364.533657
0.349609 0.755859 0.201172 1311032364.561608
0.334961 0.741211 0.184570 1311032364.582605
0.347656 0.693359 0.196289 1311032364.649610
0.373047 0.764648 0.144531 1311032364.657608
0.352539 0.753906 0.178711 1311032364.679608
0.351562 0.735352 0.169922 1311032364.726711
0.352539 0.740234 0.174805 1311032364.748661
0.370117 0.722656 0.170898 1311032364.792646
0.335938 0.725586 0.196289 1311032364.818610
0.402344 0.727539 0.180664 1311032364.841685
0.398438 0.748047 0.180664 1311032364.864730
0.405273 0.738281 0.208008 1311032364.907727
0.429688 0.773438 0.229492 1311032364.951730
0.467773 0.789062 0.197266 1311032364.972674
0.542969 0.736328 0.203125 1311032365.016734
0.541992 0.715820 0.126953 1311032365.038719
0.503906 0.754883 0.108398 1311032365.061719
0.637695 0.737305 0.131836 1311032365.124737
0.546875 0.670898 0.180664 1311032365.163736
0.556641 0.768555 0.246094 1311032365.183736
0.477539 0.703125 0.154297 1311032365.204735
0.407227 0.683594 0.143555 1311032365.227701
0.407227 0.683594 0.143555 1311032365.249736
0.225586 0.625000 0.150391 1311032365.299621
0.252930 0.686523 0.125000 1311032365.342688
0.287109 0.677734 0.179688 1311032365.366742
0.103516 0.712891 0.115234 1311032365.392731
0.034180 0.738281 0.149414 1311032365.415648
-0.038086 0.811523 0.149414 1311032365.445618
-0.032227 0.736328 0.179688 1311032365.489656
-0.032227 0.729492 0.227539 1311032365.533642
-0.040039 0.808594 0.253906 1311032365.555644
-0.000977 0.817383 0.207031 1311032365.594701
0.085938 0.906250 0.259766 1311032365.618630
0.120117 0.811523 0.219727 1311032365.662639
0.186523 0.842773 0.231445 1311032365.699632
0.008789 1.034180 -0.074219 1311032365.742673
0.019531 1.143555 -0.168945 1311032365.764676
-0.065430 0.750000 -0.095703 1311032365.789640
-0.074219 0.837891 -0.082031 1311032365.812630
-0.045898 0.837891 -0.082031 1311032365.842642
0.113281 0.783203 -0.144531 1311032365.874684
0.171875 0.818359 -0.204102 1311032365.940677
0.057617 0.868164 -0.122070 1311032365.968682
0.034180 0.866211 -0.196289 1311032365.969674
-0.012695 0.884766 -0.196289 1311032365.992675
-0.012695 0.884766 -0.196289 1311032366.026677
0.048828 0.884766 -0.039062 1311032366.084723
0.159180 0.826172 -0.096680 1311032366.114749
0.044922 0.819336 -0.088867 1311032366.135778
-0.006836 0.871094 -0.105469 1311032366.162759
0.009766 0.886719 -0.069336 1311032366.188760
0.086914 0.885742 -0.022461 1311032366.254642
0.072266 0.910156 -0.021484 1311032366.263673
