0.045898 0.847656 0.040039 1311032306.190587
0.010742 0.875000 0.030273 1311032306.191582
0.001953 0.846680 0.057617 1311032306.278588
0.023438 0.781250 0.061523 1311032306.279584
0.024414 0.784180 0.070312 1311032306.302594
0.065430 0.836914 0.069336 1311032306.346475
0.094727 0.767578 0.041992 1311032306.348473
0.091797 0.767578 0.041992 1311032306.395548
0.058594 0.850586 0.088867 1311032306.426514
0.068359 0.853516 0.098633 1311032306.459474
0.065430 0.906250 0.053711 1311032306.486492
0.079102 0.860352 -0.009766 1311032306.509539
0.124023 0.837891 0.002930 1311032306.551594
0.099609 0.904297 0.000977 1311032306.573541
0.070312 0.866211 0.095703 1311032306.617510
0.111328 0.875000 0.000977 1311032306.641501
0.096680 0.840820 0.038086 1311032306.689482
0.060547 0.818359 0.031250 1311032306.714505
0.070312 0.847656 -0.042969 1311032306.727481
-0.021484 0.875000 -0.075195 1311032306.778530
0.098633 0.858398 -0.054688 1311032306.801483
0.159180 0.810547 -0.119141 1311032306.847484
0.092773 0.847656 -0.153320 1311032306.871528
0.052734 0.827148 -0.149414 1311032306.908501
-0.064453 0.846680 -0.188477 1311032306.931512
-0.178711 0.881836 -0.235352 1311032306.974535
-0.115234 0.852539 -0.138672 1311032307.019601
-0.021484 0.753906 -0.096680 1311032307.043604
-0.068359 0.871094 -0.213867 1311032307.139608
-0.133789 0.976562 -0.138672 1311032307.161604
-0.102539 0.860352 -0.138672 1311032307.162600
-0.083008 0.879883 -0.129883 1311032307.183607
0.010742 0.823242 -0.166992 1311032307.203606
0.020508 0.896484 -0.191406 1311032307.224605
0.036133 0.818359 -0.126953 1311032307.268610
-0.063477 0.920898 -0.309570 1311032307.293518
-0.125977 0.945312 -0.208984 1311032307.316717
-0.085938 0.827148 -0.122070 1311032307.361494
0.003906 1.000000 -0.282227 1311032307.382602
-0.158203 0.931641 -0.154297 1311032307.426497
-0.158203 0.878906 -0.180664 1311032307.447493
-0.162109 1.055664 -0.308594 1311032307.491548
-0.162109 1.055664 -0.308594 1311032307.512612
0.181641 0.820312 -0.226562 1311032307.556523
0.118164 0.958008 -0.435547 1311032307.577497
-0.002930 0.882812 -0.104492 1311032307.619499
-0.055664 0.760742 0.037109 1311032307.643609
-0.226562 0.763672 0.385742 1311032307.681531
0.023438 0.763672 0.385742 1311032307.703499
0.620117 1.005859 -0.132812 1311032307.739566
0.521484 0.753906 0.367188 1311032307.769557
0.424805 0.763672 0.448242 1311032307.812541
0.651367 0.835938 0.144531 1311032307.836502
0.295898 0.819336 0.148438 1311032307.858526
0.045898 0.819336 0.148438 1311032307.902554
0.528320 0.564453 0.328125 1311032307.947630
0.498047 0.559570 0.292969 1311032307.973624
0.096680 0.670898 0.092773 1311032307.994612
0.249023 0.589844 0.220703 1311032308.038650
0.267578 0.678711 0.202148 1311032308.060625
0.132812 0.889648 0.162109 1311032308.108628
0.458984 0.759766 0.224609 1311032308.132627
0.368164 0.759766 0.144531 1311032308.173565
0.336914 0.777344 0.155273 1311032308.196629
0.493164 0.800781 0.138672 1311032308.238646
0.557617 0.673828 0.190430 1311032308.260513
0.557617 0.673828 0.190430 1311032308.282512
0.502930 0.689453 0.202148 1311032308.327598
0.578125 0.702148 0.212891 1311032308.379631
0.650391 0.772461 0.236328 1311032308.381619
0.583008 0.788086 0.252930 1311032308.427536
0.499023 0.782227 0.219727 1311032308.449514
0.425781 0.780273 0.213867 1311032308.472547
0.430664 0.714844 0.230469 1311032308.537590
0.391602 0.735352 0.186523 1311032308.544540
0.365234 0.717773 0.166992 1311032308.592540
0.393555 0.716797 0.169922 1311032308.613540
0.407227 0.730469 0.170898 1311032308.636522
0.507812 0.782227 0.158203 1311032308.679536
0.480469 0.841797 0.191406 1311032308.702543
0.416016 0.791992 0.167969 1311032308.749580
0.397461 0.770508 0.130859 1311032308.771573
0.383789 0.759766 0.109375 1311032308.796521
0.289062 0.762695 0.069336 1311032308.838523
0.290039 0.741211 0.107422 1311032308.881627
0.218750 0.711914 0.108398 1311032308.904642
0.208984 0.730469 0.106445 1311032308.926651
0.207031 0.668945 0.125977 1311032308.968638
0.181641 0.746094 0.113281 1311032308.991593
0.068359 0.680664 0.111328 1311032309.034645
0.077148 0.681641 0.158203 1311032309.057602
0.060547 0.800781 0.198242 1311032309.099640
0.057617 0.829102 0.292969 1311032309.121646
-0.007812 0.785156 0.175781 1311032309.149584
-0.033203 0.664062 0.179688 1311032309.184577
-0.086914 0.785156 0.125977 1311032309.231530
-0.132812 0.887695 0.086914 1311032309.274586
-0.088867 0.884766 0.145508 1311032309.299642
0.060547 0.819336 0.171875 1311032309.322651
0.141602 0.814453 0.196289 1311032309.344557
0.155273 0.882812 0.218750 1311032309.391564
0.044922 1.289062 0.108398 1311032309.422584
-0.011719 0.810547 -0.358398 1311032309.446670
0.019531 0.623047 0.061523 1311032309.489595
0.220703 0.947266 0.001953 1311032309.516536
0.198242 0.857422 -0.141602 1311032309.541562
0.107422 0.857422 -0.141602 1311032309.583652
0.079102 0.893555 -0.147461 1311032309.608536
-0.012695 0.892578 -0.124023 1311032309.671634
0.004883 0.825195 0.016602 1311032309.696607
0.037109 0.879883 -0.104492 1311032309.719588
0.049805 0.880859 -0.032227 1311032309.742588
0.049805 0.880859 -0.032227 1311032309.764539
0.135742 0.821289 -0.008789 1311032309.824576
0.203125 0.788086 -0.039062 1311032309.871674
0.050781 0.859375 -0.021484 1311032309.877584
0.023438 0.902344 0.013672 1311032309.912609
0.073242 0.839844 0.020508 1311032309.937663
0.026367 0.820312 -0.229492 1311032309.964591
0.012695 0.824219 -0.009766 1311032309.993580
0.078125 0.864258 -0.038086 1311032310.059670
0.067383 0.876953 -0.031250 1311032310.061586
