-0.724609 0.486328 -0.232422 1311190012.231120
-0.678711 0.523438 -0.223633 1311190012.246114
-0.672852 0.500977 -0.200195 1311190012.276114
-0.785156 0.500977 -0.200195 1311190012.277106
-0.704102 0.526367 -0.200195 1311190012.299125
-0.672852 0.521484 -0.215820 1311190012.416123
-0.674805 0.536133 -0.221680 1311190012.423120
-0.751953 0.530273 -0.223633 1311190012.459124
-0.761719 0.497070 -0.224609 1311190012.481121
-0.761719 0.497070 -0.224609 1311190012.482120
-0.741211 0.479492 -0.267578 1311190012.531117
-0.701172 0.482422 -0.215820 1311190012.568119
-0.732422 0.518555 -0.241211 1311190012.569115
-0.748047 0.558594 -0.205078 1311190012.591118
-0.642578 0.637695 -0.188477 1311190012.632127
-0.626953 0.650391 -0.169922 1311190012.634088
-0.630859 0.615234 -0.103516 1311190012.678120
-0.607422 0.625977 -0.124023 1311190012.724123
-0.623047 0.640625 -0.123047 1311190012.746130
-0.646484 0.689453 -0.098633 1311190012.778128
-0.640625 0.696289 -0.111328 1311190012.823125
-0.640625 0.696289 -0.111328 1311190012.839122
-0.609375 0.914062 0.000000 1311190012.888132
-0.490234 0.958008 0.093750 1311190012.909117
-0.209961 1.003906 0.144531 1311190012.932106
-0.227539 1.042969 0.188477 1311190012.977132
-0.151367 0.908203 0.162109 1311190012.999131
-0.133789 0.833008 0.162109 1311190013.026131
-0.105469 0.775391 0.134766 1311190013.064134
-0.125977 0.716797 0.178711 1311190013.109135
-0.138672 0.710938 0.141602 1311190013.132131
-0.115234 0.795898 0.136719 1311190013.174137
-0.144531 0.767578 0.136719 1311190013.197120
-0.115234 0.738281 0.149414 1311190013.223135
-0.166992 0.757812 0.078125 1311190013.286139
-0.163086 0.716797 0.060547 1311190013.293137
-0.149414 0.689453 0.028320 1311190013.322141
-0.143555 0.679688 0.063477 1311190013.368136
-0.103516 0.635742 0.063477 1311190013.391148
-0.089844 0.703125 0.015625 1311190013.417149
-0.111328 0.701172 0.051758 1311190013.463119
-0.095703 0.724609 0.053711 1311190013.507138
-0.111328 0.720703 0.014648 1311190013.532165
-0.124023 0.698242 0.027344 1311190013.556212
-0.124023 0.698242 0.027344 1311190013.577134
-0.126953 0.751953 0.017578 1311190013.621143
-0.163086 0.765625 0.043945 1311190013.642121
-0.153320 0.733398 0.034180 1311190013.684158
-0.204102 0.748047 0.033203 1311190013.707152
-0.222656 0.775391 0.031250 1311190013.751145
-0.235352 0.743164 0.073242 1311190013.818138
-0.248047 0.729492 0.054688 1311190013.856116
-0.244141 0.748047 0.063477 1311190013.857114
-0.218750 0.828125 0.082031 1311190013.877144
-0.258789 0.826172 0.086914 1311190013.899145
-0.278320 0.783203 0.130859 1311190013.926159
-0.214844 0.783203 0.130859 1311190013.969152
-0.166992 0.748047 0.112305 1311190014.016146
-0.211914 0.795898 0.021484 1311190014.037151
-0.283203 0.783203 0.070312 1311190014.068178
-0.298828 0.776367 0.049805 1311190014.089148
-0.300781 0.784180 0.018555 1311190014.138149
-0.313477 0.763672 0.018555 1311190014.173147
-0.298828 0.766602 0.014648 1311190014.194159
-0.331055 0.790039 0.042969 1311190014.239161
-0.334961 0.771484 0.031250 1311190014.263160
-0.329102 0.769531 0.041016 1311190014.286150
-0.315430 0.769531 0.041016 1311190014.329160
