0.034180 0.828125 0.078125 1310077339.494983
0.014648 0.818359 0.083008 1310077339.517974
0.048828 0.845703 0.093750 1310077339.548011
0.083008 0.795898 0.030273 1310077339.624014
0.083008 0.795898 0.030273 1310077339.624995
0.046875 0.841797 0.057617 1310077339.643989
0.085938 0.831055 0.093750 1310077339.687987
0.093750 0.842773 0.109375 1310077339.708996
0.092773 0.822266 0.056641 1310077339.739997
0.040039 0.839844 0.064453 1310077339.771996
0.000977 0.839844 0.064453 1310077339.793981
-0.010742 0.845703 0.084961 1310077339.837998
-0.019531 0.828125 0.039062 1310077339.882006
0.008789 0.841797 0.079102 1310077339.907000
0.046875 0.840820 0.102539 1310077339.928997
0.028320 0.800781 0.103516 1310077339.952022
0.055664 0.821289 0.091797 1310077339.996004
0.077148 0.824219 0.093750 1310077340.040012
0.067383 0.783203 0.099609 1310077340.083999
0.039062 0.808594 0.083984 1310077340.084999
0.046875 0.818359 0.115234 1310077340.129020
0.066406 0.809570 0.122070 1310077340.152017
0.012695 0.858398 0.084961 1310077340.197018
0.071289 0.817383 0.115234 1310077340.219026
0.096680 0.819336 0.113281 1310077340.267007
0.047852 0.848633 0.091797 1310077340.288005
0.012695 0.884766 0.061523 1310077340.322022
0.016602 0.832031 0.061523 1310077340.345020
0.030273 0.825195 0.057617 1310077340.390013
0.072266 0.867188 0.089844 1310077340.413000
0.097656 0.853516 0.045898 1310077340.458012
0.013672 0.819336 0.043945 1310077340.479985
0.032227 0.810547 0.074219 1310077340.505015
0.029297 0.760742 0.088867 1310077340.550017
0.058594 0.826172 0.131836 1310077340.590019
0.058594 0.817383 0.128906 1310077340.619024
0.011719 0.832031 0.098633 1310077340.642016
0.040039 0.819336 0.058594 1310077340.684017
-0.001953 0.802734 0.104492 1310077340.707013
0.014648 0.865234 0.080078 1310077340.729196
0.105469 0.823242 0.081055 1310077340.773012
0.051758 0.802734 0.066406 1310077340.819021
0.055664 0.804688 0.057617 1310077340.842030
0.054688 0.809570 0.117188 1310077340.894060
0.062500 0.852539 0.094727 1310077340.894974
0.019531 0.823242 0.096680 1310077340.923977
0.073242 0.824219 0.068359 1310077340.964979
0.002930 0.860352 0.113281 1310077340.987984
0.072266 0.805664 0.091797 1310077341.031983
0.143555 0.746094 0.160156 1310077341.053991
0.047852 0.808594 0.198242 1310077341.096987
0.115234 0.771484 0.160156 1310077341.119988
0.094727 0.825195 0.145508 1310077341.166988
0.021484 0.847656 0.112305 1310077341.188015
0.036133 0.819336 0.094727 1310077341.213023
0.006836 0.849609 0.090820 1310077341.257005
-0.026367 0.807617 0.089844 1310077341.278983
-0.012695 0.827148 0.125977 1310077341.324014
-0.011719 0.839844 0.026367 1310077341.349985
0.040039 0.839844 0.083984 1310077341.384006
0.050781 0.843750 0.048828 1310077341.412003
0.055664 0.824219 0.090820 1310077341.449130
0.086914 0.836914 0.085938 1310077341.472004
0.086914 0.836914 0.085938 1310077341.499985
0.009766 0.783203 0.079102 1310077341.546992
0.000000 0.833008 0.116211 1310077341.588987
0.042969 0.799805 0.118164 1310077341.610004
0.061523 0.780273 0.101562 1310077341.632987
0.052734 0.780273 0.101562 1310077341.677986
0.034180 0.804688 0.066406 1310077341.703984
0.027344 0.832031 0.102539 1310077341.746986
0.063477 0.860352 0.088867 1310077341.768983
0.049805 0.822266 0.099609 1310077341.793999
0.031250 0.826172 0.105469 1310077341.850025
0.026367 0.826172 0.105469 1310077341.863026
0.008789 0.893555 0.067383 1310077341.900009
0.020508 0.859375 0.085938 1310077341.924042
0.020508 0.814453 0.046875 1310077341.969037
0.041992 0.812500 0.055664 1310077341.992035
0.023438 0.759766 0.055664 1310077342.017040
0.053711 0.809570 0.062500 1310077342.060036
0.034180 0.827148 0.071289 1310077342.104040
0.014648 0.839844 0.101562 1310077342.128043
0.044922 0.832031 0.082031 1310077342.182047
-0.035156 0.833984 0.096680 1310077342.207043
-0.100586 0.875000 0.164062 1310077342.229039
0.048828 0.878906 0.080078 1310077342.273038
0.137695 0.831055 0.083984 1310077342.295059
0.114258 0.832031 0.084961 1310077342.323033
0.057617 0.830078 0.075195 1310077342.365047
0.018555 0.802734 0.093750 1310077342.388025
0.072266 0.802734 0.093750 1310077342.411048
0.053711 0.841797 0.094727 1310077342.455058
0.034180 0.810547 0.075195 1310077342.478044
0.082031 0.776367 0.153320 1310077342.524070
-0.068359 0.849609 0.132812 1310077342.548056
0.086914 0.789062 0.124023 1310077342.590050
0.094727 0.848633 0.124023 1310077342.592047
-0.026367 0.864258 0.120117 1310077342.643052
0.001953 0.794922 0.128906 1310077342.665054
0.009766 0.829102 0.137695 1310077342.714098
0.013672 0.797852 0.090820 1310077342.737055
0.022461 0.818359 0.096680 1310077342.779055
0.033203 0.848633 0.096680 1310077342.801051
0.033203 0.848633 0.096680 1310077342.824079
0.041016 0.829102 0.110352 1310077342.867060
-0.021484 0.819336 0.080078 1310077342.909049
0.011719 0.851562 0.074219 1310077342.930035
0.058594 0.837891 0.101562 1310077342.952059
0.043945 0.821289 0.097656 1310077342.994052
0.065430 0.818359 0.097656 1310077343.016059
0.048828 0.797852 0.098633 1310077343.060060
0.026367 0.824219 0.109375 1310077343.103065
0.048828 0.801758 0.070312 1310077343.120061
0.075195 0.825195 0.094727 1310077343.157069
0.008789 0.848633 0.080078 1310077343.200065
-0.033203 0.843750 0.080078 1310077343.222064
0.031250 0.833008 0.102539 1310077343.244063
0.092773 0.833984 0.109375 1310077343.294073
0.067383 0.821289 0.083008 1310077343.317041
0.002930 0.853516 0.083008 1310077343.338048
-0.005859 0.788086 0.072266 1310077343.384072
-0.005859 0.824219 0.076172 1310077343.405063
-0.006836 0.829102 0.060547 1310077343.504071
0.006836 0.845703 0.051758 1310077343.505064
0.016602 0.836914 0.096680 1310077343.507069
0.050781 0.816406 0.099609 1310077343.529071
-0.199219 0.816406 0.099609 1310077343.572076
0.018555 0.879883 0.069336 1310077343.614069
0.029297 0.851562 0.108398 1310077343.639068
0.028320 0.847656 0.102539 1310077343.682072
0.023438 0.875000 0.072266 1310077343.704073
-0.226562 0.875000 0.072266 1310077343.747098
0.021484 0.809570 0.091797 1310077343.773077
0.102539 0.833008 0.059570 1310077343.794090
0.016602 0.833984 0.091797 1310077343.840084
0.065430 0.875000 0.067383 1310077343.867060
0.091797 0.783203 0.041992 1310077343.894093
0.091797 0.783203 0.041992 1310077343.929080
0.128906 0.783203 0.111328 1310077343.967071
0.132812 0.854492 0.048828 1310077344.005090
0.110352 0.851562 0.091797 1310077344.028092
-0.000977 0.820312 0.124023 1310077344.049095
-0.024414 0.820312 0.099609 1310077344.095081
0.017578 0.821289 0.080078 1310077344.142101
-0.044922 0.845703 0.123047 1310077344.164082
-0.005859 0.835938 0.085938 1310077344.185089
0.015625 0.835938 0.102539 1310077344.228088
0.037109 0.832031 0.111328 1310077344.249081
0.077148 0.853516 0.079102 1310077344.274082
0.083008 0.831055 0.107422 1310077344.317082
0.052734 0.806641 0.063477 1310077344.360096
0.036133 0.822266 0.098633 1310077344.382063
0.041016 0.878906 0.087891 1310077344.407090
0.040039 0.824219 0.111328 1310077344.450086
0.082031 0.839844 0.111328 1310077344.472087
0.049805 0.822266 0.083008 1310077344.518087
0.012695 0.783203 0.087891 1310077344.552089
0.061523 0.818359 0.040039 1310077344.574091
0.070312 0.840820 0.121094 1310077344.598097
0.054688 0.839844 0.076172 1310077344.647093
0.061523 0.848633 0.076172 1310077344.668075
0.034180 0.843750 0.098633 1310077344.726096
0.006836 0.861328 0.072266 1310077344.775090
0.001953 0.833984 0.110352 1310077344.792092
-0.056641 0.832031 0.081055 1310077344.794092
-0.014648 0.816406 0.088867 1310077344.835087
-0.014648 0.816406 0.088867 1310077344.858077
0.048828 0.814453 0.042969 1310077344.915093
0.049805 0.813477 0.090820 1310077344.937093
0.026367 0.824219 0.084961 1310077344.958100
0.010742 0.809570 0.081055 1310077344.984082
0.058594 0.791992 0.085938 1310077345.026098
0.042969 0.859375 0.054688 1310077345.070110
0.021484 0.861328 0.063477 1310077345.083100
-0.013672 0.873047 0.046875 1310077345.125104
-0.036133 0.809570 0.065430 1310077345.148100
0.000000 0.800781 0.114258 1310077345.190104
0.041016 0.830078 0.089844 1310077345.215100
0.087891 0.809570 0.104492 1310077345.245103
0.051758 0.833984 0.111328 1310077345.276100
0.061523 0.851562 0.102539 1310077345.329115
0.093750 0.835938 0.109375 1310077345.354104
0.081055 0.824219 0.094727 1310077345.376105
0.125977 0.792969 0.094727 1310077345.398087
0.130859 0.800781 0.094727 1310077345.444105
0.147461 0.771484 0.116211 1310077345.469114
0.078125 0.829102 0.091797 1310077345.505113
0.064453 0.857422 0.139648 1310077345.548108
-0.051758 0.854492 0.111328 1310077345.569101
0.017578 0.806641 0.059570 1310077345.594107
0.023438 0.838867 0.083984 1310077345.637061
0.038086 0.788086 0.083984 1310077345.682114
0.021484 0.837891 0.110352 1310077345.695115
-0.004883 0.829102 0.094727 1310077345.738104
0.041992 0.826172 0.097656 1310077345.759111
0.041992 0.826172 0.097656 1310077345.784110
0.024414 0.830078 0.101562 1310077345.851062
0.043945 0.822266 0.116211 1310077345.874135
0.055664 0.843750 0.111328 1310077345.896091
0.024414 0.838867 0.083008 1310077345.919113
0.078125 0.805664 0.136719 1310077345.961109
0.065430 0.824219 0.136719 1310077345.987118
0.026367 0.829102 0.084961 1310077346.046077
0.034180 0.820312 0.094727 1310077346.073080
0.030273 0.796875 0.122070 1310077346.095118
0.059570 0.821289 0.085938 1310077346.119124
0.056641 0.831055 0.098633 1310077346.140125
0.054688 0.837891 0.098633 1310077346.186067
0.050781 0.875977 0.080078 1310077346.216069
0.051758 0.865234 0.093750 1310077346.241071
0.044922 0.822266 0.049805 1310077346.295072
0.045898 0.789062 0.083008 1310077346.318071
0.048828 0.841797 0.058594 1310077346.360079
0.048828 0.845703 0.065430 1310077346.383117
0.071289 0.831055 0.028320 1310077346.433131
-0.004883 0.811523 0.053711 1310077346.444133
-0.035156 0.789062 0.155273 1310077346.478123
0.051758 0.802734 0.060547 1310077346.499126
0.040039 0.832031 0.060547 1310077346.543133
0.053711 0.855469 0.085938 1310077346.580087
0.045898 0.858398 0.078125 1310077346.603091
0.049805 0.833984 0.107422 1310077346.646099
0.002930 0.850586 0.073242 1310077346.670096
0.040039 0.833984 0.121094 1310077346.709089
0.074219 0.833984 0.121094 1310077346.732085
0.094727 0.799805 0.111328 1310077346.760126
-0.018555 0.837891 0.107422 1310077346.803133
0.022461 0.821289 0.097656 1310077346.846128
-0.028320 0.833984 0.096680 1310077346.868138
0.040039 0.831055 0.109375 1310077346.891124
0.040039 0.831055 0.109375 1310077346.913140
0.101562 0.815430 0.149414 1310077346.960133
0.170898 0.845703 0.114258 1310077347.004139
0.076172 0.793945 0.152344 1310077347.026137
