0.103516 0.863281 -0.047852 1309542623.841314
0.134766 0.860352 -0.011719 1309542623.873320
0.132812 0.859375 0.029297 1309542623.917330
0.181641 0.875977 -0.024414 1309542623.940323
0.180664 0.806641 0.005859 1309542624.060378
0.233398 0.866211 -0.002930 1309542624.073377
0.208008 0.796875 0.047852 1309542624.075353
0.245117 0.847656 0.048828 1309542624.088399
0.187500 0.838867 0.078125 1309542624.112383
0.206055 0.857422 0.030273 1309542624.132360
0.226562 0.813477 0.057617 1309542624.202367
0.214844 0.652344 0.007812 1309542624.223354
0.187500 0.607422 -0.005859 1309542624.265330
0.169922 0.702148 0.060547 1309542624.268328
0.178711 0.768555 0.006836 1309542624.305334
0.197266 0.687500 -0.003906 1309542624.353374
0.215820 0.672852 0.049805 1309542624.355360
0.150391 0.672852 0.049805 1309542624.384381
0.147461 0.671875 0.009766 1309542624.428372
0.119141 0.659180 -0.006836 1309542624.451387
0.136719 0.630859 0.013672 1309542624.500389
0.199219 0.730469 0.064453 1309542624.532386
0.229492 0.775391 0.008789 1309542624.558384
0.249023 0.726562 0.008789 1309542624.583394
0.263672 0.771484 0.107422 1309542624.645397
0.255859 0.923828 0.039062 1309542624.653389
0.158203 0.855469 0.091797 1309542624.677390
0.141602 0.901367 0.126953 1309542624.736393
0.129883 0.921875 0.044922 1309542624.753391
0.012695 1.020508 0.064453 1309542624.775391
0.011719 1.020508 0.064453 1309542624.797339
0.053711 1.484375 0.146484 1309542624.845353
0.128906 1.147461 0.069336 1309542624.883354
-0.135742 0.903320 -0.028320 1309542624.907349
-0.208008 0.803711 -0.156250 1309542624.930387
-0.208008 0.803711 -0.156250 1309542624.971401
-0.129883 0.900391 -0.053711 1309542625.018396
-0.084961 0.910156 -0.040039 1309542625.096361
-0.021484 0.855469 -0.033203 1309542625.097344
-0.051758 0.904297 -0.066406 1309542625.117350
-0.081055 0.853516 -0.066406 1309542625.140375
-0.127930 0.845703 -0.186523 1309542625.163421
-0.141602 0.889648 -0.145508 1309542625.216354
-0.151367 0.857422 -0.182617 1309542625.236366
-0.117188 0.881836 -0.200195 1309542625.331422
-0.157227 0.882812 -0.156250 1309542625.332385
-0.099609 0.857422 -0.156250 1309542625.356622
-0.068359 0.874023 -0.169922 1309542625.375400
-0.061523 0.884766 -0.128906 1309542625.431458
-0.099609 0.858398 -0.159180 1309542625.440411
-0.104492 0.883789 -0.227539 1309542625.462407
-0.093750 0.876953 -0.202148 1309542625.506408
-0.093750 0.876953 -0.202148 1309542625.532409
-0.127930 0.876953 -0.202148 1309542625.555411
-0.120117 0.859375 -0.183594 1309542625.577405
-0.100586 0.864258 -0.195312 1309542625.630405
-0.135742 0.858398 -0.209961 1309542625.652408
-0.141602 0.867188 -0.162109 1309542625.683416
-0.141602 0.867188 -0.162109 1309542625.706407
-0.127930 0.843750 -0.238281 1309542625.756398
-0.093750 0.843750 -0.235352 1309542625.777359
-0.109375 0.827148 -0.234375 1309542625.806358
-0.124023 0.859375 -0.179688 1309542625.842384
-0.125000 0.819336 -0.188477 1309542625.896368
-0.125000 0.884766 -0.176758 1309542625.916407
-0.156250 0.861328 -0.181641 1309542625.960414
-0.137695 0.863281 -0.185547 1309542625.981418
-0.106445 0.857422 -0.154297 1309542626.005419
-0.111328 0.834961 -0.185547 1309542626.028408
-0.100586 0.836914 -0.211914 1309542626.074364
-0.105469 0.861328 -0.208008 1309542626.118384
