0.040039 0.869141 0.075195 1310075871.357425
0.043945 0.872070 0.073242 1310075871.392419
0.020508 0.859375 0.071289 1310075871.417472
0.045898 0.843750 0.052734 1310075871.450400
0.078125 0.802734 0.071289 1310075871.475440
0.052734 0.814453 0.085938 1310075871.500419
0.080078 0.720703 0.077148 1310075871.551472
0.075195 0.674805 0.078125 1310075871.574441
0.064453 0.580078 0.046875 1310075871.595448
0.013672 0.433594 0.027344 1310075871.644438
-0.055664 0.469727 0.006836 1310075871.665439
-0.103516 0.822266 0.048828 1310075871.686499
0.038086 0.796875 0.008789 1310075871.744440
0.095703 0.565430 -0.001953 1310075871.770466
0.095703 0.565430 -0.001953 1310075871.821442
0.023438 1.085938 0.189453 1310075871.850440
-0.118164 1.171875 0.098633 1310075871.871445
-0.187500 1.728516 0.098633 1310075871.875444
-0.149414 1.983398 0.185547 1310075871.931441
-0.291016 1.974609 0.253906 1310075871.960453
-0.339844 1.982422 0.097656 1310075872.002463
-0.005859 1.884766 0.280273 1310075872.070454
0.579102 1.091797 0.245117 1310075872.086456
0.658203 -0.380859 0.464844 1310075872.090441
0.772461 -0.921875 0.016602 1310075872.111450
0.095703 -0.395508 -0.193359 1310075872.155446
-0.369141 0.159180 -0.327148 1310075872.197450
-0.287109 0.397461 -0.155273 1310075872.260456
0.073242 -0.076172 -0.241211 1310075872.279457
0.180664 -0.229492 -0.237305 1310075872.302451
0.212891 -0.143555 -0.157227 1310075872.326447
0.159180 -0.062500 -0.110352 1310075872.342459
-0.036133 -0.134766 -0.091797 1310075872.385452
0.019531 0.063477 0.000977 1310075872.406451
0.438477 0.832031 0.698242 1310075872.442455
-0.573242 1.542969 0.121094 1310075872.475456
-0.084961 1.531250 0.571289 1310075872.506452
0.642578 1.978516 -0.726562 1310075872.549452
-1.272461 1.983398 0.553711 1310075872.571457
-0.173828 1.980469 0.303711 1310075872.596466
0.115234 1.971680 0.302734 1310075872.619463
-0.755859 1.982422 0.037109 1310075872.661450
-0.308594 1.982422 0.047852 1310075872.706457
0.701172 1.366211 0.210938 1310075872.729460
0.528320 -0.234375 0.336914 1310075872.759447
0.861328 -0.986328 0.162109 1310075872.801459
0.306641 -0.474609 -0.482422 1310075872.822466
-0.288086 0.113281 -0.123047 1310075872.869463
-0.315430 0.368164 -0.042969 1310075872.891452
-0.056641 0.023438 -0.251953 1310075872.919475
0.079102 -0.247070 -0.219727 1310075872.954470
0.080078 -0.222656 -0.174805 1310075872.987480
0.053711 -0.222656 -0.174805 1310075873.009463
-0.079102 -0.128906 -0.117188 1310075873.054526
0.035156 -0.074219 -0.089844 1310075873.107453
0.486328 0.492188 0.661133 1310075873.136460
0.364258 1.957031 0.354492 1310075873.137462
-0.137695 0.848633 0.189453 1310075873.182484
0.766602 1.982422 0.677734 1310075873.213474
-1.077148 1.982422 0.162109 1310075873.245465
-0.535156 1.981445 0.357422 1310075873.281462
-0.119141 1.982422 0.329102 1310075873.305467
-0.416992 1.979492 0.081055 1310075873.356496
-0.329102 1.982422 0.175781 1310075873.380480
0.284180 1.208984 0.200195 1310075873.418476
0.346680 -0.256836 0.424805 1310075873.440456
1.029297 -0.871094 0.230469 1310075873.480477
0.397461 -0.361328 -0.127930 1310075873.509480
-0.252930 0.000000 -0.299805 1310075873.542455
-0.306641 0.126953 -0.118164 1310075873.568476
-0.065430 -0.006836 -0.209961 1310075873.610477
0.158203 -0.139648 -0.192383 1310075873.632473
0.262695 -0.190430 -0.170898 1310075873.656457
0.236328 -0.148438 -0.116211 1310075873.702467
0.125000 -0.127930 -0.086914 1310075873.725479
0.036133 -0.080078 -0.025391 1310075873.749486
0.036133 -0.080078 -0.025391 1310075873.792476
-0.092773 0.662109 0.096680 1310075873.819487
-0.849609 1.979492 0.213867 1310075873.872481
0.386719 1.969727 0.764648 1310075873.895477
-0.514648 1.980469 0.432617 1310075873.917484
-0.671875 1.984375 0.682617 1310075873.952465
-0.329102 1.981445 0.298828 1310075873.991474
-0.651367 1.982422 0.097656 1310075874.020484
-0.445312 1.983398 0.237305 1310075874.042484
0.390625 1.359375 0.331055 1310075874.094490
0.256836 0.055664 0.213867 1310075874.107481
0.702148 -0.793945 0.332031 1310075874.153472
0.618164 -0.434570 -0.672852 1310075874.177506
-0.236328 -0.048828 -0.293945 1310075874.225488
-0.212891 0.266602 -0.026367 1310075874.247485
-0.047852 -0.015625 -0.368164 1310075874.283486
0.076172 -0.210938 -0.268555 1310075874.307485
0.076172 -0.210938 -0.268555 1310075874.330494
0.174805 -0.137695 -0.139648 1310075874.418488
0.058594 -0.185547 -0.114258 1310075874.461508
0.021484 -0.106445 -0.041016 1310075874.462495
0.150391 -0.031250 0.061523 1310075874.463490
0.382812 0.333008 0.728516 1310075874.511497
-0.023438 1.982422 0.728516 1310075874.529481
-0.392578 1.541992 0.915039 1310075874.597488
-0.069336 1.980469 0.210938 1310075874.620477
-0.082031 1.980469 0.226562 1310075874.621494
-1.268555 1.981445 0.281250 1310075874.663529
-0.642578 1.980469 0.190430 1310075874.689483
0.075195 1.974609 0.012695 1310075874.733508
0.398438 1.050781 0.257812 1310075874.757495
0.413086 -0.285156 0.504883 1310075874.782498
1.085938 -0.876953 -0.076172 1310075874.825479
-0.020508 -0.467773 -0.115234 1310075874.846503
-0.320312 0.296875 -0.077148 1310075874.890512
-0.216797 0.381836 -0.187500 1310075874.933476
0.188477 -0.129883 -0.215820 1310075874.963510
0.293945 -0.266602 -0.191406 1310075874.990507
0.185547 -0.108398 -0.154297 1310075875.012504
0.063477 -0.160156 -0.111328 1310075875.062512
-0.101562 -0.183594 -0.111328 1310075875.078507
-0.074219 -0.041016 -0.151367 1310075875.117507
0.197266 0.023438 0.119141 1310075875.140496
0.669922 0.718750 0.424805 1310075875.185500
-0.522461 1.984375 0.032227 1310075875.205507
-0.620117 1.980469 1.207031 1310075875.232523
0.272461 1.972656 1.207031 1310075875.266502
-0.591797 1.981445 -0.009766 1310075875.321512
-0.274414 1.732422 0.187500 1310075875.345509
-0.005859 1.129883 0.150391 1310075875.370528
0.054688 0.770508 0.122070 1310075875.428512
0.052734 0.376953 -0.106445 1310075875.455478
-0.088867 0.230469 -0.096680 1310075875.486518
0.014648 0.130859 -0.117188 1310075875.507503
0.059570 0.259766 -0.015625 1310075875.532166
0.121094 0.404297 0.073242 1310075875.582529
0.179688 0.601562 0.097656 1310075875.602517
0.166992 0.783203 0.124023 1310075875.700546
0.039062 1.033203 0.124023 1310075875.719508
-0.133789 1.497070 0.203125 1310075875.721494
0.028320 1.124023 0.034180 1310075875.740527
0.002930 0.506836 0.197266 1310075875.762510
0.131836 0.588867 0.073242 1310075875.783510
0.181641 0.832031 0.041016 1310075875.809522
0.187500 0.914062 0.083008 1310075875.852519
