-0.352539 0.699219 0.208984 1309550029.107427
-0.389648 0.717773 0.228516 1309550029.155439
-0.352539 0.723633 0.186523 1309550029.177424
-0.341797 0.716797 0.208984 1309550029.199427
-0.373047 0.706055 0.223633 1309550029.266429
-0.375977 0.710938 0.201172 1309550029.289433
-0.344727 0.728516 0.181641 1309550029.317431
-0.360352 0.696289 0.177734 1309550029.339445
-0.403320 0.738281 0.190430 1309550029.435434
-0.403320 0.738281 0.190430 1309550029.456432
-0.337891 0.687500 0.171875 1309550029.480436
-0.340820 0.704102 0.207031 1309550029.509433
-0.365234 0.725586 0.195312 1309550029.510425
-0.418945 0.727539 0.188477 1309550029.532438
-0.416992 0.733398 0.152344 1309550029.565439
-0.461914 0.762695 0.152344 1309550029.594432
-0.384766 0.790039 0.181641 1309550029.636438
-0.410156 0.767578 0.197266 1309550029.690441
-0.425781 0.761719 0.246094 1309550029.694438
-0.416992 0.786133 0.208984 1309550029.725440
-0.418945 0.763672 0.208984 1309550029.744443
-0.361328 0.909180 0.458984 1309550029.787440
-0.291992 0.946289 0.416992 1309550029.832442
-0.185547 0.853516 0.436523 1309550029.906451
-0.112305 0.756836 0.525391 1309550029.910444
-0.051758 0.826172 0.450195 1309550029.934441
0.025391 0.826172 0.450195 1309550029.944505
0.030273 0.670898 0.491211 1309550030.004448
0.025391 0.634766 0.496094 1309550030.026446
0.104492 0.673828 0.496094 1309550030.050449
0.066406 0.664062 0.461914 1309550030.090448
0.078125 0.646484 0.417969 1309550030.111448
0.078125 0.646484 0.417969 1309550030.137450
0.116211 0.603516 0.395508 1309550030.181427
0.143555 0.614258 0.378906 1309550030.202446
0.108398 0.613281 0.404297 1309550030.249454
0.103516 0.654297 0.361328 1309550030.270443
0.109375 0.582031 0.329102 1309550030.315442
0.092773 0.611328 0.307617 1309550030.341452
0.115234 0.597656 0.302734 1309550030.370444
0.088867 0.625977 0.278320 1309550030.414459
0.070312 0.666016 0.300781 1309550030.437451
0.068359 0.644531 0.276367 1309550030.480453
0.072266 0.548828 0.282227 1309550030.502454
0.091797 0.618164 0.284180 1309550030.545453
0.097656 0.649414 0.278320 1309550030.566435
0.097656 0.616211 0.293945 1309550030.654463
0.078125 0.601562 0.291992 1309550030.719445
0.085938 0.615234 0.266602 1309550030.720454
0.124023 0.592773 0.336914 1309550030.738453
0.092773 0.652344 0.315430 1309550030.802456
0.076172 0.653320 0.361328 1309550030.871473
0.097656 0.666016 0.293945 1309550030.896450
