0.092773 0.389648 0.822266 1310159958.554146 
0.085938 0.389648 0.822266 1310159958.576145 
0.079102 0.427734 0.841797 1310159958.611138 
0.053711 0.396484 0.789062 1310159958.635146 
0.093750 0.397461 0.833984 1310159958.684153 
0.127930 0.384766 0.859375 1310159958.737149 
0.096680 0.375977 0.792969 1310159958.757152 
-0.015625 0.375977 0.879883 1310159958.759150 
0.027344 0.478516 0.842773 1310159958.795152 
0.021484 0.473633 0.806641 1310159958.838493 
-0.041016 0.479492 0.808594 1310159958.899158 
-0.013672 0.538086 0.851562 1310159958.910153 
0.009766 0.485352 0.810547 1310159958.932160 
0.019531 0.460938 0.822266 1310159958.956145 
0.030273 0.504883 0.809570 1310159959.010151 
0.017578 0.454102 0.783203 1310159959.027162 
-0.010742 0.423828 0.836914 1310159959.059165 
0.058594 0.476562 0.815430 1310159959.119154 
0.084961 0.436523 0.827148 1310159959.152160 
0.094727 0.436523 0.827148 1310159959.154158 
0.058594 0.388672 0.790039 1310159959.204163 
0.108398 0.385742 0.789062 1310159959.261167 
0.146484 0.367188 0.813477 1310159959.301162 
0.161133 0.348633 0.804688 1310159959.302166 
0.113281 0.377930 0.853516 1310159959.320163 
0.111328 0.381836 0.827148 1310159959.369166 
0.133789 0.393555 0.877930 1310159959.404160 
0.099609 0.420898 0.914062 1310159959.405162 
0.081055 0.394531 0.906250 1310159959.451212 
0.149414 0.375977 0.927734 1310159959.475162 
0.239258 0.324219 0.875977 1310159959.521167 
0.188477 0.322266 0.929688 1310159959.565165 
0.201172 0.283203 0.916016 1310159959.566163 
0.198242 0.304688 0.885742 1310159959.617161 
0.181641 0.322266 0.901367 1310159959.638172 
0.259766 0.270508 0.867188 1310159959.699171 
0.232422 0.270508 0.867188 1310159959.720168 
0.219727 0.187500 0.869141 1310159959.741170 
0.235352 0.097656 0.844727 1310159959.766174 
0.188477 0.044922 0.745117 1310159959.814151 
0.158203 0.350586 0.662109 1310159959.835174 
0.190430 0.280273 0.928711 1310159959.877174 
0.098633 0.280273 0.822266 1310159959.879173 
-0.052734 0.280273 0.822266 1310159959.927171 
0.067383 0.392578 0.865234 1310159959.974175 
-0.012695 0.346680 0.770508 1310159959.987173 
0.017578 0.371094 0.919922 1310159960.032177 
0.062500 0.283203 0.893555 1310159960.055172 
0.127930 0.313477 0.894531 1310159960.105180 
0.069336 0.346680 0.945312 1310159960.126181 
-0.038086 0.313477 0.901367 1310159960.151179 
0.023438 0.297852 0.964844 1310159960.196177 
0.132812 0.205078 0.876953 1310159960.222203 
0.256836 0.130859 0.852539 1310159960.245177 
0.362305 0.108398 0.833984 1310159960.289180 
0.370117 0.067383 0.815430 1310159960.436188 
0.396484 0.019531 0.763672 1310159960.437180 
0.418945 -0.025391 0.651367 1310159960.494185 
0.407227 -0.097656 0.721680 1310159960.517208 
0.458008 -0.097656 0.709961 1310159960.607191 
0.505859 -0.160156 0.666016 1310159960.717186 
0.495117 -0.178711 0.683594 1310159960.718172 
0.503906 -0.203125 0.672852 1310159960.746198 
0.554688 -0.193359 0.660156 1310159960.747182 
0.525391 -0.198242 0.661133 1310159960.775195 
0.453125 -0.198242 0.692383 1310159960.800217 
0.390625 -0.152344 0.674805 1310159960.804189 
0.473633 -0.041992 0.718750 1310159960.814191 
0.425781 0.033203 0.701172 1310159960.815187 
0.315430 0.125000 0.760742 1310159960.830186 
0.214844 0.179688 0.785156 1310159960.851185 
0.189453 0.322266 0.839844 1310159960.852187 
0.072266 0.322266 0.839844 1310159960.872189 
-0.023438 0.485352 0.772461 1310159960.895183 
-0.068359 0.532227 0.936523 1310159960.930185 
-0.074219 0.582031 0.992188 1310159960.961196 
-0.106445 0.527344 0.961914 1310159961.030197 
-0.024414 0.527344 0.961914 1310159961.031192 
0.017578 0.455078 0.833008 1310159961.069198 
0.036133 0.463867 0.903320 1310159961.101198 
0.055664 0.397461 0.861328 1310159961.146201 
0.029297 0.297852 0.746094 1310159961.147196 
0.108398 0.363281 0.779297 1310159961.182200 
0.163086 0.415039 0.847656 1310159961.208202 
0.135742 0.421875 0.901367 1310159961.257198 
0.088867 0.367188 0.811523 1310159961.294209 
0.122070 0.352539 0.778320 1310159961.322177 
0.117188 0.409180 0.817383 1310159961.389202 
0.163086 0.385742 0.835938 1310159961.390177 
0.219727 0.298828 0.734375 1310159961.414210 
0.237305 0.190430 0.745117 1310159961.476203 
0.201172 0.399414 0.872070 1310159961.492196 
0.119141 0.447266 0.962891 1310159961.515204 
0.087891 0.393555 0.971680 1310159961.536188 
0.167969 0.448242 0.865234 1310159961.561206 
0.225586 0.448242 0.865234 1310159961.592201 
0.190430 0.410156 0.902344 1310159961.639211 
0.204102 0.381836 0.865234 1310159961.681211 
0.226562 0.376953 0.843750 1310159961.704211 
0.221680 0.360352 0.911133 1310159961.726204 
0.239258 0.360352 0.911133 1310159961.769210 
0.216797 0.320312 0.875000 1310159961.801210 
0.204102 0.306641 0.884766 1310159961.865214 
0.292969 0.402344 0.867188 1310159961.869210 
0.232422 0.273438 0.807617 1310159962.055214 
0.256836 0.258789 0.825195 1310159962.069215 
0.281250 0.258789 0.819336 1310159962.083214 
0.263672 0.170898 0.764648 1310159962.110217 
0.161133 0.208008 0.742188 1310159962.124235 
0.200195 0.167969 0.843750 1310159962.125213 
0.148438 0.309570 0.891602 1310159962.126209 
-0.072266 0.493164 0.988281 1310159962.149218 
0.034180 0.432617 0.845703 1310159962.150216 
0.205078 0.314453 0.726562 1310159962.217222 
0.261719 0.294922 0.858398 1310159962.236212 
0.178711 0.303711 0.761719 1310159962.260223 
0.083008 0.362305 1.007812 1310159962.281218 
0.150391 0.317383 0.845703 1310159962.330215 
0.068359 0.284180 0.890625 1310159962.352228 
0.086914 0.299805 0.968750 1310159962.375217 
0.174805 0.049805 0.824219 1310159962.419229 
0.461914 0.137695 0.747070 1310159962.441221 
0.403320 0.111328 0.851562 1310159962.505270 
0.249023 0.062500 0.843750 1310159962.509225 
0.311523 0.087891 0.767578 1310159962.530220 
0.298828 -0.003906 0.791016 1310159962.614228 
0.412109 -0.065430 0.779297 1310159962.662242 
0.502930 -0.102539 0.697266 1310159962.689232 
0.463867 -0.048828 0.683594 1310159962.701233 
0.437500 -0.124023 0.690430 1310159962.745230 
0.516602 -0.124023 0.709961 1310159962.747205 
0.556641 -0.091797 0.673828 1310159962.770234 
0.557617 -0.163086 0.643555 1310159962.794230 
0.521484 -0.131836 0.689453 1310159962.837225 
0.479492 -0.114258 0.704102 1310159962.856231 
0.466797 -0.086914 0.710938 1310159962.880211 
0.397461 0.028320 0.710938 1310159962.930231 
0.389648 0.011719 0.720703 1310159962.969233 
0.349609 0.068359 0.731445 1310159962.991242 
0.256836 0.174805 0.807617 1310159963.014234 
0.195312 0.313477 0.808594 1310159963.056237 
-0.000977 0.313477 0.837891 1310159963.079235 
-0.068359 0.489258 0.882812 1310159963.124215 
-0.058594 0.501953 0.877930 1310159963.146235 
-0.013672 0.523438 0.856445 1310159963.304238 
-0.087891 0.564453 0.896484 1310159963.305237 
-0.105469 0.554688 0.939453 1310159963.306233 
0.007812 0.542969 0.897461 1310159963.307218 
0.017578 0.488281 0.818359 1310159963.342241 
0.006836 0.487305 0.844727 1310159963.357241 
0.038086 0.492188 0.876953 1310159963.377242 
0.079102 0.389648 0.851562 1310159963.420243 
0.156250 0.391602 0.805664 1310159963.442229 
0.156250 0.391602 0.805664 1310159963.467240 
-0.011719 0.447266 0.895508 1310159963.515245 
0.043945 0.476562 0.830078 1310159963.572251 
0.064453 0.466797 0.750000 1310159963.728267 
0.125977 0.260742 0.732422 1310159963.735241 
0.290039 0.226562 0.694336 1310159963.765252 
0.185547 0.442383 0.909180 1310159963.767257 
0.098633 0.444336 0.908203 1310159963.790248 
0.132812 0.397461 0.900391 1310159963.808232 
0.216797 0.432617 0.849609 1310159963.837249 
0.187500 0.454102 0.847656 1310159963.858248 
0.185547 0.454102 0.847656 1310159963.871251 
0.152344 0.441406 0.873047 1310159963.888278 
0.174805 0.369141 0.916992 1310159963.897257 
0.149414 0.445312 0.889648 1310159963.963250 
0.125977 0.399414 0.871094 1310159963.980259 
0.211914 0.367188 0.832031 1310159964.001249 
0.237305 0.367188 0.828125 1310159964.024232 
0.207031 0.351562 0.920898 1310159964.062259 
0.227539 0.335938 0.875977 1310159964.087255 
0.251953 0.322266 0.870117 1310159964.107254 
0.255859 0.303711 0.878906 1310159964.157253 
0.254883 0.326172 0.844727 1310159964.175256 
0.264648 0.313477 0.848633 1310159964.273271 
0.318359 0.234375 0.861328 1310159964.275259 
0.326172 0.180664 0.781250 1310159964.318278 
0.233398 0.274414 0.830078 1310159964.362253 
0.202148 0.333008 0.977539 1310159964.365263 
-0.056641 0.477539 0.852539 1310159964.387261 
-0.008789 0.445312 0.818359 1310159964.417261 
-0.008789 0.445312 0.818359 1310159964.441272 
0.184570 0.310547 0.822266 1310159964.498272 
0.180664 0.375000 0.861328 1310159964.536258 
-0.067383 0.480469 1.036133 1310159964.561268 
-0.070312 0.480469 0.896484 1310159964.563264 
0.020508 0.259766 0.779297 1310159964.627265 
0.100586 0.424805 0.946289 1310159964.642263 
0.264648 0.202148 0.869141 1310159964.667272 
0.181641 0.121094 0.791016 1310159964.700267 
0.227539 0.196289 0.866211 1310159964.721266 
0.397461 0.015625 0.828125 1310159964.767316 
0.539062 -0.019531 0.701172 1310159964.913275 
0.396484 0.022461 0.786133 1310159964.933285 
0.376953 -0.015625 0.781250 1310159964.935264 
0.369141 -0.037109 0.711914 1310159964.956281 
0.442383 -0.043945 0.786133 1310159964.968289 
0.493164 -0.147461 0.678711 1310159964.970264 
0.531250 -0.147461 0.678711 1310159964.999262 
0.543945 -0.166016 0.673828 1310159965.028282 
0.577148 -0.202148 0.646484 1310159965.118308 
0.572266 -0.093750 0.612305 1310159965.170258 
0.538086 -0.151367 0.685547 1310159965.190271 
0.538086 -0.151367 0.685547 1310159965.191240 
0.478516 -0.065430 0.708008 1310159965.237292 
0.370117 0.028320 0.715820 1310159965.257268 
0.299805 0.085938 0.712891 1310159965.258231 
0.185547 0.152344 0.750977 1310159965.281268 
0.140625 0.243164 0.759766 1310159965.303276 
0.088867 0.344727 0.758789 1310159965.350277 
0.003906 0.408203 0.783203 1310159965.372284 
-0.041992 0.485352 0.847656 1310159965.416278 
-0.025391 0.556641 0.753906 1310159965.437263 
-0.087891 0.571289 0.824219 1310159965.481279 
-0.171875 0.589844 0.890625 1310159965.488282 
-0.208008 0.668945 0.921875 1310159965.546268 
-0.094727 0.676758 0.945312 1310159965.588299 
-0.032227 0.649414 0.913086 1310159965.610268 
-0.055664 0.639648 0.937500 1310159965.633299 
-0.054688 0.589844 0.855469 1310159965.676288 
0.017578 0.524414 0.815430 1310159965.697280 
-0.013672 0.511719 0.886719 1310159965.741286 
0.000000 0.520508 0.910156 1310159965.767284 
0.013672 0.484375 0.833984 1310159965.807284 
0.070312 0.374023 0.776367 1310159965.870293 
0.068359 0.411133 0.802734 1310159965.871288 
0.069336 0.408203 0.734375 1310159965.908289 
0.070312 0.389648 0.726562 1310159965.931272 
0.088867 0.467773 0.730469 1310159965.952290 
0.088867 0.467773 0.730469 1310159965.997291 
0.176758 0.325195 0.726562 1310159966.018293 
0.239258 0.272461 0.724609 1310159966.062293 
0.212891 0.272461 0.724609 1310159966.086295 
0.261719 0.433594 0.933594 1310159966.110295 
0.195312 0.442383 0.931641 1310159966.175301 
0.108398 0.370117 0.895508 1310159966.176293 
0.122070 0.416016 0.851562 1310159966.206295 
0.166016 0.389648 0.837891 1310159966.250308 
0.182617 0.356445 0.884766 1310159966.270290 
0.223633 0.341797 0.892578 1310159966.346305 
0.187500 0.391602 0.971680 1310159966.347295 
0.159180 0.471680 1.019531 1310159966.370298 
0.153320 0.393555 0.880859 1310159966.395300 
0.189453 0.338867 0.835938 1310159966.439305 
0.186523 0.371094 0.792969 1310159966.465299 
0.171875 0.318359 0.800781 1310159966.510318 
0.113281 0.328125 0.844727 1310159966.532321 
0.184570 0.321289 0.822266 1310159966.576305 
0.201172 0.246094 0.781250 1310159966.605308 
0.166992 0.246094 0.769531 1310159966.630300 
0.204102 0.250000 0.821289 1310159966.695306 
0.123047 0.475586 0.865234 1310159966.696302 
-0.006836 0.541016 0.866211 1310159966.741300 
-0.116211 0.431641 0.831055 1310159966.762319 
-0.017578 0.458008 0.829102 1310159966.805309 
0.173828 0.262695 0.718750 1310159966.829325 
0.176758 0.377930 0.886719 1310159966.851303 
0.103516 0.456055 0.924805 1310159966.918311 
0.154297 0.310547 0.772461 1310159966.986315 
0.066406 0.404297 0.980469 1310159966.987306 
0.134766 0.222656 0.820312 1310159967.026320 
0.134766 0.222656 0.820312 1310159967.031329 
0.139648 0.140625 0.939453 1310159967.054307 
0.237305 0.183594 0.787109 1310159967.135324 
0.257812 0.175781 0.971680 1310159967.190317 
0.398438 -0.002930 0.726562 1310159967.192312 
0.435547 0.038086 0.762695 1310159967.211317 
0.449219 -0.046875 0.776367 1310159967.213312 
0.444336 -0.079102 0.667969 1310159967.256325 
0.482422 -0.076172 0.720703 1310159967.277318 
0.468750 -0.161133 0.546875 1310159967.300318 
0.518555 -0.234375 0.606445 1310159967.340324 
0.657227 -0.240234 0.572266 1310159967.362327 
0.654297 -0.182617 0.626953 1310159967.425318 
0.605469 -0.211914 0.612305 1310159967.448332 
0.571289 -0.166016 0.655273 1310159967.471318 
0.543945 -0.083008 0.691406 1310159967.493324 
0.443359 -0.004883 0.681641 1310159967.540354 
0.291992 0.079102 0.745117 1310159967.563323 
0.371094 0.152344 0.753906 1310159967.617325 
0.220703 0.167969 0.759766 1310159967.638326 
0.130859 0.452148 0.892578 1310159967.663326 
0.052734 0.358398 0.742188 1310159967.692322 
0.014648 0.473633 0.799805 1310159967.727306 
0.060547 0.544922 0.861328 1310159967.750326 
0.071289 0.584961 0.869141 1310159967.817321 
-0.019531 0.575195 0.755859 1310159967.827301 
0.003906 0.537109 0.773438 1310159967.852329 
0.064453 0.516602 0.898438 1310159967.880330 
-0.085938 0.604492 1.000000 1310159967.917329 
-0.192383 0.604492 1.000000 1310159967.945329 
-0.138672 0.609375 0.879883 1310159967.988335 
-0.092773 0.633789 0.936523 1310159968.011327 
-0.032227 0.509766 0.878906 1310159968.055344 
0.022461 0.466797 0.775391 1310159968.077332 
0.060547 0.514648 0.780273 1310159968.122331 
0.108398 0.559570 0.783203 1310159968.144337 
0.105469 0.449219 0.735352 1310159968.186360 
0.219727 0.265625 0.638672 1310159968.213342 
0.298828 0.300781 0.576172 1310159968.240336 
0.166992 0.336914 0.655273 1310159968.283344 
0.155273 0.453125 0.853516 1310159968.306350 
0.155273 0.453125 0.853516 1310159968.327333 
0.078125 0.549805 0.863281 1310159968.428336 
0.049805 0.468750 0.742188 1310159968.430356 
0.032227 0.515625 0.794922 1310159968.431313 
0.072266 0.484375 0.819336 1310159968.475312 
0.106445 0.468750 0.839844 1310159968.498354 
0.116211 0.510742 0.853516 1310159968.546369 
0.096680 0.499023 0.881836 1310159968.568333 
0.128906 0.535156 0.863281 1310159968.610351 
0.135742 0.551758 0.865234 1310159968.638379 
0.103516 0.564453 0.879883 1310159968.660343 
0.148438 0.546875 0.873047 1310159968.686349 
0.081055 0.509766 0.890625 1310159968.737341 
0.102539 0.479492 0.833984 1310159968.762354 
0.126953 0.434570 0.870117 1310159968.808356 
0.124023 0.418945 0.842773 1310159968.831328 
0.113281 0.409180 0.861328 1310159968.856351 
0.148438 0.380859 0.833984 1310159968.879348 
0.165039 0.337891 0.839844 1310159968.922353 
0.193359 0.297852 0.832031 1310159968.947355 
0.276367 0.131836 0.726562 1310159968.991349 
0.221680 0.209961 0.591797 1310159969.016345 
0.173828 0.321289 0.813477 1310159969.051355 
-0.076172 0.321289 0.813477 1310159969.073349 
-0.083984 0.791992 0.988281 1310159969.117368 
0.010742 0.251953 0.722656 1310159969.170368 
0.295898 0.334961 0.751953 1310159969.183357 
0.261719 0.481445 0.873047 1310159969.220342 
-0.108398 0.443359 0.999023 1310159969.243353 
-0.016602 0.443359 0.999023 1310159969.270357 
0.041016 0.368164 0.896484 1310159969.315362 
0.153320 0.343750 0.842773 1310159969.343352 
0.188477 0.422852 0.922852 1310159969.367359 
0.040039 0.261719 0.882812 1310159969.410359 
0.155273 0.187500 0.785156 1310159969.433370 
0.259766 0.174805 0.818359 1310159969.477361 
0.287109 0.048828 0.798828 1310159969.526361 
0.412109 0.025391 0.755859 1310159969.527345 
0.380859 -0.020508 0.693359 1310159969.572361 
0.440430 -0.062500 0.695312 1310159969.595364 
0.469727 -0.130859 0.693359 1310159969.617370 
0.469727 -0.130859 0.693359 1310159969.716366 
0.541992 -0.179688 0.620117 1310159969.745366 
0.576172 -0.218750 0.632812 1310159969.746374 
0.601562 -0.227539 0.638672 1310159969.765386 
0.550781 -0.185547 0.638672 1310159969.787358 
0.583008 -0.162109 0.636719 1310159969.811367 
0.592773 -0.162109 0.634766 1310159969.855372 
0.562500 -0.125000 0.703125 1310159969.888364 
0.528320 -0.084961 0.683594 1310159969.931370 
0.504883 -0.056641 0.719727 1310159969.952366 
0.463867 -0.031250 0.707031 1310159969.977381 
0.416992 -0.031250 0.707031 1310159970.000378 
0.377930 0.135742 0.742188 1310159970.057384 
0.301758 0.196289 0.744141 1310159970.123372 
0.296875 0.218750 0.781250 1310159970.126393 
0.275391 0.385742 0.910156 1310159970.150383 
0.252930 0.317383 0.756836 1310159970.172377 
0.182617 0.368164 0.731445 1310159970.193383 
0.017578 0.402344 0.878906 1310159970.252371 
0.139648 0.528320 0.886719 1310159970.273373 
0.089844 0.417969 0.845703 1310159970.320376 
0.045898 0.477539 0.867188 1310159970.337404 
0.040039 0.484375 0.870117 1310159970.383377 
0.045898 0.467773 0.827148 1310159970.406381 
0.021484 0.503906 0.816406 1310159970.428372 
0.042969 0.479492 0.845703 1310159970.462376 
0.050781 0.484375 0.783203 1310159970.506383 
0.036133 0.521484 0.832031 1310159970.527358 
0.002930 0.514648 0.931641 1310159970.550377 
0.008789 0.480469 0.846680 1310159970.596385 
0.029297 0.478516 0.824219 1310159970.641404 
0.077148 0.488281 0.809570 1310159970.663386 
0.059570 0.480469 0.785156 1310159970.696381 
0.051758 0.541992 0.832031 1310159970.726381 
0.000977 0.501953 0.822266 1310159970.748383 
0.037109 0.502930 0.818359 1310159970.791385 
0.055664 0.527344 0.839844 1310159970.815387 
0.067383 0.519531 0.831055 1310159970.860385 
0.058594 0.491211 0.816406 1310159970.883389 
0.074219 0.467773 0.835938 1310159970.938385 
0.103516 0.482422 0.812500 1310159970.989405 
0.103516 0.482422 0.812500 1310159971.006405 
0.083008 0.462891 0.797852 1310159971.009388 
0.090820 0.448242 0.794922 1310159971.053436 
0.083984 0.456055 0.794922 1310159971.088387 
0.099609 0.463867 0.768555 1310159971.115390 
0.095703 0.463867 0.768555 1310159971.138411 
0.138672 0.410156 0.770508 1310159971.170488 
0.143555 0.396484 0.832031 1310159971.215393 
0.148438 0.488281 0.867188 1310159971.246392 
0.157227 0.464844 0.812500 1310159971.280395 
0.128906 0.447266 0.783203 1310159971.302397 
0.127930 0.447266 0.783203 1310159971.326397 
0.133789 0.514648 0.796875 1310159971.370398 
0.062500 0.509766 0.846680 1310159971.393400 
0.142578 0.532227 0.820312 1310159971.471400 
0.131836 0.463867 0.816406 1310159971.492399 
0.141602 0.488281 0.747070 1310159971.502396 
0.158203 0.506836 0.808594 1310159971.547400 
0.101562 0.488281 0.801758 1310159971.568398 
