0.203125 0.732422 0.286133 1310583901.643588
0.285156 0.709961 0.302734 1310583901.647580
0.295898 0.712891 0.334961 1310583901.669584
0.257812 0.718750 0.280273 1310583901.719588
0.254883 0.656250 0.289062 1310583901.751582
0.260742 0.708984 0.289062 1310583901.776624
0.226562 0.726562 0.280273 1310583901.822719
0.251953 0.650391 0.201172 1310583901.844707
0.197266 0.410156 0.231445 1310583901.869622
0.291016 0.593750 0.355469 1310583901.904637
0.177734 0.558594 0.250977 1310583901.966585
0.228516 0.308594 0.250977 1310583901.967583
0.222656 0.396484 0.191406 1310583902.012615
0.162109 0.332031 0.178711 1310583902.034608
0.142578 0.394531 0.147461 1310583902.104713
0.299805 0.531250 0.291992 1310583902.174721
0.309570 0.587891 0.272461 1310583902.179713
0.300781 0.690430 0.454102 1310583902.189690
0.300781 0.690430 0.454102 1310583902.201633
0.219727 0.545898 0.439453 1310583902.246701
0.231445 0.654297 0.444336 1310583902.249651
0.304688 0.612305 0.358398 1310583902.296596
0.192383 0.804688 0.502930 1310583902.317816
0.219727 0.816406 0.423828 1310583902.359665
0.198242 0.603516 0.327148 1310583902.402638
0.250977 0.797852 0.620117 1310583902.428677
0.114258 1.393555 0.926758 1310583902.449756
-0.046875 1.274414 0.673828 1310583902.471660
-0.140625 0.861328 0.235352 1310583902.516592
-0.186523 0.667969 0.138672 1310583902.561599
-0.248047 0.791992 0.063477 1310583902.582725
-0.151367 0.762695 0.110352 1310583902.624602
-0.240234 0.794922 0.077148 1310583902.647594
-0.398438 0.791992 0.192383 1310583902.669664
-0.389648 0.827148 0.192383 1310583902.702676
-0.283203 0.822266 0.106445 1310583902.752736
-0.325195 0.755859 0.118164 1310583902.776684
-0.315430 0.736328 0.123047 1310583902.819629
-0.313477 0.690430 0.116211 1310583902.841603
-0.314453 0.710938 0.196289 1310583902.864602
-0.341797 0.794922 0.208008 1310583902.888740
-0.273438 0.706055 0.229492 1310583902.922690
-0.277344 0.746094 0.188477 1310583902.972744
-0.317383 0.735352 0.186523 1310583902.993686
-0.291016 0.695312 0.165039 1310583903.037678
-0.212891 0.709961 0.181641 1310583903.059733
-0.316406 0.709961 0.181641 1310583903.082691
-0.316406 0.709961 0.181641 1310583903.127668
-0.249023 0.769531 0.166992 1310583903.249688
-0.330078 0.783203 0.148438 1310583903.251734
-0.294922 0.750977 0.157227 1310583903.272634
-0.285156 0.785156 0.122070 1310583903.276601
-0.303711 0.535156 0.122070 1310583903.277603
-0.299805 0.745117 0.127930 1310583903.323675
-0.274414 0.757812 0.172852 1310583903.418748
-0.311523 0.764648 0.169922 1310583903.438672
-0.295898 0.741211 0.180664 1310583903.459738
-0.312500 0.760742 0.144531 1310583903.461740
-0.315430 0.776367 0.144531 1310583903.484648
-0.274414 0.731445 0.185547 1310583903.527616
-0.355469 0.740234 0.144531 1310583903.601624
-0.342773 0.679688 0.127930 1310583903.613687
-0.322266 0.693359 0.121094 1310583903.646660
-0.338867 0.715820 0.146484 1310583903.683620
-0.265625 0.734375 0.173828 1310583903.706644
-0.268555 0.725586 0.150391 1310583903.716636
-0.276367 0.741211 0.153320 1310583903.738742
-0.266602 0.781250 0.144531 1310583903.808626
-0.288086 0.770508 0.096680 1310583903.862694
-0.322266 0.749023 0.135742 1310583903.904867
-0.307617 0.734375 0.137695 1310583903.938750
-0.292969 0.722656 0.184570 1310583903.939742
-0.331055 0.730469 0.193359 1310583903.961651
-0.293945 0.728516 0.168945 1310583903.982647
-0.291992 0.729492 0.192383 1310583904.004623
-0.315430 0.729492 0.192383 1310583904.027678
