0.279297 0.572266 0.366211 1309978726.494722
0.270508 0.455078 0.213867 1309978726.538711
0.206055 0.356445 0.291992 1309978726.560694
0.175781 0.510742 0.338867 1309978726.605728
0.405273 0.171875 0.246094 1309978726.629734
0.273438 0.308594 0.282227 1309978726.653740
0.106445 0.854492 0.360352 1309978726.686744
0.155273 1.197266 0.789062 1309978726.733738
0.452148 1.627930 0.860352 1309978726.753710
0.374023 1.468750 1.058594 1309978726.798730
0.224609 1.322266 0.960938 1309978726.822718
0.356445 1.136719 0.685547 1309978726.865745
0.458008 0.629883 0.435547 1309978726.887720
0.458008 0.629883 0.435547 1309978726.911725
0.112305 -0.220703 -0.151367 1309978726.958735
0.010742 -0.348633 -0.149414 1309978727.001722
0.127930 -0.144531 -0.131836 1309978727.024729
0.114258 -0.121094 -0.122070 1309978727.048730
0.301758 -0.121094 -0.122070 1309978727.069750
0.301758 -0.121094 -0.122070 1309978727.116726
0.613281 0.689453 0.389648 1309978727.161742
0.071289 1.148438 0.916016 1309978727.171728
-0.178711 1.348633 0.954102 1309978727.235736
-0.204102 1.435547 0.779297 1309978727.236726
0.357422 1.517578 0.819336 1309978727.281740
0.629883 1.711914 0.961914 1309978727.314730
0.505859 1.087891 0.817383 1309978727.331913
0.321289 0.826172 0.568359 1309978727.379736
0.266602 0.459961 0.248047 1309978727.404732
0.025391 -0.063477 -0.111328 1309978727.428750
-0.035156 -0.423828 -0.156250 1309978727.478753
-0.020508 -0.394531 -0.214844 1309978727.513734
0.037109 -0.035156 -0.072266 1309978727.569757
0.171875 0.000000 0.048828 1309978727.570725
0.610352 0.197266 0.233398 1309978727.599735
0.937500 0.740234 0.329102 1309978727.634733
0.034180 1.070312 0.955078 1309978727.679735
0.528320 1.699219 -0.531250 1309978727.701739
0.124023 1.044922 0.851562 1309978727.724742
-0.044922 1.663086 0.869141 1309978727.766747
0.102539 1.683594 0.857422 1309978727.788739
0.488281 1.175781 0.800781 1309978727.810742
0.520508 0.853516 0.616211 1309978727.853737
0.401367 0.498047 0.277344 1309978727.883739
0.119141 -0.082031 -0.227539 1309978727.928741
-0.013672 -0.500977 -0.088867 1309978727.953735
-0.015625 -0.363281 -0.227539 1309978727.996743
-0.207031 -0.019531 -0.095703 1309978728.019743
0.002930 -0.005859 0.137695 1309978728.043721
0.385742 0.200195 0.436523 1309978728.089753
0.752930 0.939453 0.452148 1309978728.111750
0.245117 1.324219 1.084961 1309978728.139742
0.331055 1.523438 1.082031 1309978728.183756
0.046875 1.195312 0.907227 1309978728.204745
-0.084961 1.773438 0.787109 1309978728.273711
-0.039062 1.499023 0.858398 1309978728.274745
0.347656 0.962891 0.787109 1309978728.319747
0.494141 0.616211 0.520508 1309978728.341748
0.262695 0.357422 -0.009766 1309978728.364707
0.099609 -0.237305 -0.084961 1309978728.400759
-0.020508 -0.638672 -0.300781 1309978728.429750
-0.041016 -0.197266 -0.208984 1309978728.473752
-0.093750 0.133789 -0.092773 1309978728.495751
0.181641 0.056641 0.395508 1309978728.541758
0.819336 0.458984 0.357422 1309978728.564735
0.473633 0.900391 0.733398 1309978728.586757
-0.186523 1.300781 0.875000 1309978728.629758
0.122070 1.567383 1.041016 1309978728.696757
0.421875 1.982422 1.148438 1309978728.699756
0.154297 1.845703 1.012695 1309978728.734756
-0.004883 1.034180 0.819336 1309978728.778760
0.317383 0.488281 0.574219 1309978728.779753
0.317383 0.488281 0.574219 1309978728.873769
0.257812 -0.139648 -0.095703 1309978728.888766
-0.042969 -0.230469 -0.197266 1309978728.910764
0.023438 -0.224609 -0.219727 1309978728.911736
0.059570 -0.023438 -0.118164 1309978728.953775
0.118164 -0.083984 -0.181641 1309978728.999768
0.354492 -0.168945 0.321289 1309978729.020762
0.640625 0.465820 0.321289 1309978729.045779
0.641602 0.972656 1.981445 1309978729.074770
-0.046875 1.977539 0.750000 1309978729.118768
0.379883 0.477539 0.750000 1309978729.139763
0.103516 1.341797 0.881836 1309978729.183766
0.175781 1.323242 0.677734 1309978729.206766
0.072266 0.649414 0.435547 1309978729.235767
0.172852 0.264648 0.242188 1309978729.279779
0.320312 0.192383 0.250000 1309978729.319767
0.367188 0.442383 0.250000 1309978729.341766
0.337891 0.369141 0.316406 1309978729.366787
0.264648 0.473633 0.368164 1309978729.411768
0.217773 0.615234 0.384766 1309978729.449749
0.215820 0.643555 0.442383 1309978729.470769
0.194336 0.657227 0.459961 1309978729.491769
0.248047 0.639648 0.409180 1309978729.538768
0.291992 0.647461 0.400391 1309978729.569798
0.293945 0.607422 0.401367 1309978729.594776
0.236328 0.622070 0.412109 1309978729.639780
0.237305 0.587891 0.410156 1309978729.661770
0.278320 0.640625 0.421875 1309978729.694799
0.264648 0.649414 0.411133 1309978729.721776
0.276367 0.648438 0.417969 1309978729.765791
0.281250 0.650391 0.402344 1309978729.788774
0.271484 0.686523 0.413086 1309978729.810783
0.225586 0.650391 0.380859 1309978729.847774
0.272461 0.645508 0.380859 1309978729.871829
0.275391 0.648438 0.406250 1309978729.920774
0.248047 0.632812 0.409180 1309978729.956777
0.237305 0.675781 0.410156 1309978729.986784
0.267578 0.698242 0.370117 1309978730.030784
0.218750 0.668945 0.388672 1309978730.051786
0.249023 0.673828 0.393555 1309978730.076784
0.237305 0.656250 0.415039 1309978730.113786
0.233398 0.636719 0.378906 1309978730.179786
0.193359 0.662109 0.419922 1309978730.180786
0.184570 0.660156 0.422852 1309978730.205771
0.196289 0.656250 0.418945 1309978730.249785
0.182617 0.640625 0.418945 1309978730.273767
0.205078 0.652344 0.441406 1309978730.318786
0.206055 0.649414 0.374023 1309978730.343790
0.183594 0.644531 0.422852 1309978730.366789
0.190430 0.594727 0.419922 1309978730.390793
0.209961 0.645508 0.418945 1309978730.426787
0.201172 0.660156 0.414062 1309978730.471785
0.201172 0.651367 0.423828 1309978730.495789
0.196289 0.653320 0.439453 1309978730.538798
0.181641 0.657227 0.397461 1309978730.559798
0.143555 0.641602 0.409180 1309978730.583798
0.178711 0.612305 0.397461 1309978730.621797
