0.093750 0.897461 -0.068359 1309541646.169369
0.093750 0.853516 -0.079102 1309541646.190354
0.130859 0.880859 -0.077148 1309541646.215365
0.048828 0.858398 -0.056641 1309541646.238354
0.094727 0.890625 -0.067383 1309541646.280351
0.092773 0.861328 -0.072266 1309541646.301368
0.110352 0.873047 -0.044922 1309541646.344358
0.108398 0.826172 -0.015625 1309541646.365344
0.125977 0.883789 -0.063477 1309541646.410338
0.111328 0.874023 -0.075195 1309541646.456362
0.075195 0.874023 -0.058594 1309541646.478355
0.058594 0.879883 -0.085938 1309541646.501361
0.062500 0.918945 -0.056641 1309541646.546360
0.082031 0.867188 -0.064453 1309541646.568351
0.085938 0.866211 -0.064453 1309541646.591362
0.091797 0.864258 -0.102539 1309541646.635360
0.068359 0.869141 -0.095703 1309541646.681365
0.082031 0.858398 -0.125000 1309541646.716366
0.087891 0.859375 -0.046875 1309541646.723373
0.082031 0.867188 -0.092773 1309541646.760367
0.068359 0.861328 -0.092773 1309541646.813370
0.077148 0.836914 -0.102539 1309541646.840356
0.073242 0.855469 -0.095703 1309541646.863384
0.104492 0.878906 -0.074219 1309541646.885364
0.056641 0.816406 -0.078125 1309541646.931393
0.102539 0.881836 -0.057617 1309541646.949373
0.102539 0.881836 -0.057617 1309541646.974374
0.119141 0.831055 -0.093750 1309541647.040386
0.092773 0.837891 -0.048828 1309541647.041371
0.049805 0.875977 -0.097656 1309541647.089375
0.072266 0.899414 -0.064453 1309541647.113395
0.083984 0.855469 -0.051758 1309541647.136382
0.097656 0.855469 -0.051758 1309541647.181375
0.081055 0.869141 -0.066406 1309541647.205380
0.043945 0.882812 -0.079102 1309541647.250375
0.105469 0.855469 -0.045898 1309541647.275383
0.074219 0.869141 -0.079102 1309541647.308376
0.106445 0.857422 -0.079102 1309541647.329352
0.052734 0.853516 -0.071289 1309541647.373384
0.102539 0.869141 -0.071289 1309541647.396382
0.091797 0.862305 -0.081055 1309541647.444384
0.077148 0.858398 -0.104492 1309541647.489380
0.087891 0.881836 -0.099609 1309541647.515389
0.111328 0.908203 -0.099609 1309541647.541406
0.103516 0.865234 -0.110352 1309541647.571390
0.109375 0.855469 -0.108398 1309541647.593386
0.078125 0.861328 -0.069336 1309541647.641367
0.096680 0.947266 -0.085938 1309541647.663387
0.116211 0.870117 -0.070312 1309541647.706384
0.108398 0.792969 -0.118164 1309541647.728387
0.079102 0.848633 -0.087891 1309541647.766383
0.087891 0.894531 -0.085938 1309541647.791368
0.090820 0.870117 -0.076172 1309541647.835393
0.083008 0.876953 -0.105469 1309541647.858385
0.088867 0.871094 -0.074219 1309541647.880406
0.088867 0.871094 -0.074219 1309541647.908389
0.083984 0.849609 -0.075195 1309541647.953385
0.078125 0.848633 -0.077148 1309541648.000393
0.083008 0.865234 -0.047852 1309541648.021382
0.064453 0.875000 -0.080078 1309541648.051399
0.043945 0.901367 -0.046875 1309541648.118393
0.069336 0.901367 -0.046875 1309541648.119390
0.073242 0.848633 -0.072266 1309541648.159394
0.078125 0.825195 -0.053711 1309541648.183402
0.122070 0.882812 -0.122070 1309541648.206394
0.134766 0.898438 -0.098633 1309541648.254400
0.042969 0.870117 -0.110352 1309541648.275405
0.076172 0.820312 -0.091797 1309541648.298394
0.043945 0.937500 -0.106445 1309541648.341390
0.072266 0.875000 -0.085938 1309541648.375406
0.120117 0.814453 -0.038086 1309541648.398397
0.065430 0.863281 -0.086914 1309541648.444412
0.058594 0.925781 -0.088867 1309541648.465401
0.052734 0.925781 -0.088867 1309541648.488398
0.086914 0.854492 -0.060547 1309541648.554400
0.065430 0.846680 -0.058594 1309541648.580406
0.049805 0.846680 -0.074219 1309541648.601399
0.033203 0.869141 -0.085938 1309541648.624401
0.081055 0.852539 -0.085938 1309541648.669414
0.083008 0.886719 -0.078125 1309541648.693406
0.097656 0.896484 -0.071289 1309541648.738401
0.076172 0.834961 -0.048828 1309541648.760407
0.058594 0.851562 -0.054688 1309541648.781407
0.028320 0.871094 -0.079102 1309541648.829405
0.077148 0.871094 -0.079102 1309541648.855408
0.052734 0.896484 -0.083984 1309541648.900411
0.084961 0.895508 -0.068359 1309541648.927418
0.085938 0.840820 -0.063477 1309541648.950408
0.033203 0.862305 -0.114258 1309541648.994400
0.087891 0.951172 -0.087891 1309541649.015431
0.087891 0.951172 -0.087891 1309541649.036412
0.097656 0.833984 -0.033203 1309541649.081412
0.061523 0.839844 -0.103516 1309541649.105413
0.026367 0.895508 -0.076172 1309541649.148413
0.073242 0.873047 -0.100586 1309541649.193417
0.063477 0.856445 -0.047852 1309541649.194413
0.073242 0.857422 -0.089844 1309541649.238416
0.070312 0.857422 -0.035156 1309541649.284389
0.089844 0.895508 -0.039062 1309541649.305430
0.063477 0.893555 -0.024414 1309541649.403430
0.078125 0.873047 -0.076172 1309541649.404417
0.060547 0.850586 -0.068359 1309541649.424416
0.071289 0.813477 -0.072266 1309541649.426417
0.075195 0.892578 -0.109375 1309541649.480419
0.125977 0.870117 -0.083008 1309541649.506417
0.083008 0.874023 -0.074219 1309541649.543417
0.066406 0.878906 -0.085938 1309541649.564400
0.091797 0.882812 -0.078125 1309541649.586421
0.126953 0.848633 -0.034180 1309541649.631413
0.048828 0.876953 -0.067383 1309541649.654425
0.061523 0.923828 -0.075195 1309541649.700438
0.087891 0.865234 -0.070312 1309541649.723422
0.096680 0.843750 -0.048828 1309541649.759429
0.088867 0.851562 -0.072266 1309541649.783465
0.055664 0.851562 -0.072266 1309541649.809424
0.049805 0.873047 -0.083984 1309541649.854430
0.060547 0.884766 -0.077148 1309541649.898428
0.068359 0.889648 -0.085938 1309541649.919428
0.050781 0.880859 -0.101562 1309541649.941413
0.050781 0.880859 -0.101562 1309541649.986433
0.066406 0.864258 -0.093750 1309541650.009423
0.065430 0.847656 -0.070312 1309541650.051440
0.080078 0.882812 -0.089844 1309541650.075449
0.068359 0.857422 -0.073242 1309541650.124432
0.084961 0.860352 -0.065430 1309541650.146432
0.061523 0.846680 -0.065430 1309541650.168408
0.043945 0.880859 -0.061523 1309541650.263439
0.034180 0.862305 -0.061523 1309541650.264436
0.069336 0.862305 -0.093750 1309541650.303435
0.032227 0.866211 -0.106445 1309541650.304432
0.047852 0.875000 -0.102539 1309541650.331439
0.069336 0.908203 -0.067383 1309541650.365441
0.043945 0.866211 -0.097656 1309541650.434441
