-0.011719 0.855469 0.014648 1311029738.290579
0.019531 0.853516 0.041992 1311029738.332636
0.038086 0.830078 0.030273 1311029738.355678
0.041016 0.833984 0.026367 1311029738.377562
-0.015625 0.890625 0.047852 1311029738.421568
0.043945 0.893555 0.066406 1311029738.443642
0.121094 0.852539 0.102539 1311029738.491641
0.109375 0.912109 0.094727 1311029738.517604
0.190430 0.927734 0.140625 1311029738.547651
0.230469 0.809570 0.122070 1311029738.600642
0.327148 0.794922 0.220703 1311029738.612642
0.480469 0.794922 0.220703 1311029738.634657
0.250000 0.416016 -0.012695 1311029738.723579
0.064453 -0.079102 -0.263672 1311029738.725579
0.024414 0.067383 -0.091797 1311029738.745646
-0.069336 -0.005859 -0.087891 1311029738.787647
0.020508 0.230469 0.046875 1311029738.811587
0.051758 1.216797 0.046875 1311029738.835644
0.250000 1.417969 0.541992 1311029738.880609
0.271484 1.312500 0.717773 1311029738.901644
0.403320 1.981445 0.799805 1311029738.945614
0.018555 1.982422 0.785156 1311029738.966668
-0.494141 1.981445 0.763672 1311029738.988574
-0.451172 1.976562 0.706055 1311029739.033634
-0.233398 1.983398 0.740234 1311029739.078668
0.779297 1.382812 0.438477 1311029739.101648
0.459961 -0.531250 0.195312 1311029739.125648
1.086914 -0.947266 0.506836 1311029739.170656
0.352539 -0.191406 -0.071289 1311029739.193031
0.124023 0.058594 -0.071289 1311029739.214682
-0.011719 -0.232422 -0.328125 1311029739.258661
-0.104492 -0.042969 -0.349609 1311029739.305656
-0.098633 0.130859 -0.175781 1311029739.328601
0.111328 -0.102539 -0.138672 1311029739.346590
0.176758 -0.167969 -0.138672 1311029739.378599
0.125000 -0.080078 -0.192383 1311029739.427593
0.101562 0.035156 -0.222656 1311029739.456592
0.014648 -0.101562 -0.140625 1311029739.478590
-0.051758 -0.095703 -0.139648 1311029739.521654
0.012695 -0.090820 0.099609 1311029739.545666
0.246094 -0.225586 0.120117 1311029739.587663
0.235352 0.155273 0.441406 1311029739.646717
0.812500 1.983398 1.163086 1311029739.660606
-0.711914 1.980469 1.155273 1311029739.682658
-0.863281 1.980469 0.846680 1311029739.705658
-0.802734 1.977539 0.860352 1311029739.751673
-0.324219 1.975586 0.795898 1311029739.773598
0.203125 0.975586 0.795898 1311029739.803690
0.400391 -0.608398 0.224609 1311029739.845603
0.857422 -1.130859 0.136719 1311029739.870600
0.343750 -0.117188 -0.121094 1311029740.016617
0.000000 0.314453 -0.038086 1311029740.036599
0.248047 -0.058594 -0.038086 1311029740.038596
0.304688 -0.015625 -0.118164 1311029740.057582
0.087891 -0.004883 -0.136719 1311029740.058661
-0.043945 -0.166016 -0.083008 1311029740.059720
0.181641 0.031250 -0.181641 1311029740.093663
-0.063477 -0.035156 -0.321289 1311029740.116678
-0.258789 0.012695 -0.264648 1311029740.147613
-0.076172 -0.021484 -0.264648 1311029740.191680
-0.076172 -0.021484 -0.264648 1311029740.226616
-0.134766 0.178711 0.196289 1311029740.255609
1.413086 0.599609 1.098633 1311029740.297675
0.113281 1.982422 0.500977 1311029740.321665
-0.536133 1.978516 1.135742 1311029740.345607
-0.085938 1.983398 1.673828 1311029740.386678
0.286133 1.978516 1.109375 1311029740.438673
0.473633 1.979492 0.811523 1311029740.453683
0.311523 0.587891 -0.128906 1311029740.480604
0.438477 -1.033203 0.887695 1311029740.502680
0.979492 -0.917969 0.220703 1311029740.545685
0.244141 0.101562 -0.218750 1311029740.569677
-0.263672 0.143555 -0.238281 1311029740.613679
-0.177734 -0.068359 -0.349609 1311029740.661685
-0.179688 0.031250 -0.299805 1311029740.686684
-0.068359 -0.155273 -0.128906 1311029740.700635
0.121094 -0.165039 -0.138672 1311029740.728685
0.295898 -0.024414 -0.125977 1311029740.770693
0.201172 -0.044922 -0.141602 1311029740.803652
0.141602 -0.044922 -0.141602 1311029740.826652
0.359375 -0.179688 0.145508 1311029740.875660
0.445312 -0.179688 -0.077148 1311029740.910681
0.223633 0.068359 0.243164 1311029740.935680
0.352539 1.373047 0.580078 1311029740.988677
-1.123047 1.980469 0.894531 1311029740.990679
-0.611328 1.982422 1.046875 1311029741.041618
-0.454102 1.979492 0.999023 1311029741.142640
0.045898 1.979492 0.999023 1311029741.162691
0.015625 1.763672 0.408203 1311029741.176843
0.226562 -0.197266 -0.079102 1311029741.180689
0.524414 -1.277344 0.247070 1311029741.186656
0.490234 -0.465820 0.073242 1311029741.225683
0.062500 0.173828 -0.055664 1311029741.308693
0.087891 -0.013672 -0.105469 1311029741.310692
-0.112305 -0.176758 -0.195312 1311029741.330694
-0.030273 0.102539 -0.084961 1311029741.373692
0.073242 -0.052734 -0.146484 1311029741.387697
0.105469 -0.021484 -0.194336 1311029741.427694
0.057617 -0.007812 -0.179688 1311029741.451710
0.059570 -0.122070 -0.234375 1311029741.497636
0.170898 -0.089844 -0.166016 1311029741.523708
0.160156 -0.109375 -0.086914 1311029741.545686
0.094727 -0.183594 -0.067383 1311029741.568637
-0.041016 -0.197266 -0.216797 1311029741.621694
0.383789 0.552734 -0.216797 1311029741.642698
0.835938 1.978516 0.964844 1311029741.685697
-0.054688 1.984375 1.487305 1311029741.711701
-0.964844 1.981445 1.275391 1311029741.747711
-0.688477 1.980469 1.062500 1311029741.778652
-0.020508 1.980469 0.721680 1311029741.801700
0.479492 1.980469 0.721680 1311029741.823707
0.402344 -0.502930 0.081055 1311029741.870706
0.785156 -1.263672 0.307617 1311029741.893671
0.583008 -0.344727 -0.062500 1311029741.945701
0.083984 0.335938 -0.201172 1311029741.967682
-0.245117 -0.107422 -0.137695 1311029741.992709
-0.245117 -0.107422 -0.137695 1311029742.013704
-0.095703 0.111328 -0.137695 1311029742.059667
0.076172 0.013672 -0.120117 1311029742.110647
0.125977 -0.109375 -0.116211 1311029742.132709
0.137695 -0.127930 -0.132812 1311029742.180648
0.250000 -0.091797 -0.106445 1311029742.181696
0.220703 -0.148438 -0.250977 1311029742.223714
0.042969 -0.099609 -0.176758 1311029742.271713
0.065430 -0.067383 -0.196289 1311029742.293679
0.071289 -0.131836 0.175781 1311029742.315714
0.955078 0.788086 1.109375 1311029742.362716
-0.463867 1.980469 -0.071289 1311029742.378644
-0.282227 1.978516 1.183594 1311029742.427729
-0.718750 1.983398 0.683594 1311029742.452718
-0.009766 1.980469 0.582031 1311029742.476644
-0.106445 1.978516 0.471680 1311029742.521662
0.185547 1.010742 0.319336 1311029742.575728
0.013672 -0.011719 0.137695 1311029742.601712
0.054688 -0.380859 0.058594 1311029742.602712
0.369141 -0.187500 -0.111328 1311029742.666721
0.292969 -0.097656 -0.114258 1311029742.670724
0.164062 -0.157227 -0.104492 1311029742.720730
0.162109 -0.146484 -0.167969 1311029742.747730
0.244141 -0.006836 -0.126953 1311029742.798728
0.230469 0.190430 -0.018555 1311029742.800719
0.260742 0.737305 0.076172 1311029742.843728
-0.181641 1.236328 0.174805 1311029742.865659
-0.500000 1.982422 0.336914 1311029742.911724
-0.223633 1.982422 0.224609 1311029742.937726
-0.281250 1.982422 0.224609 1311029742.962730
-0.129883 0.898438 -0.092773 1311029743.030685
-0.004883 0.394531 0.102539 1311029743.060683
0.164062 0.189453 0.102539 1311029743.082730
0.111328 0.541016 0.095703 1311029743.143736
-0.060547 1.068359 0.011719 1311029743.211731
-0.060547 1.068359 0.011719 1311029743.232739
-0.200195 0.857422 -0.068359 1311029743.268736
-0.149414 0.892578 0.002930 1311029743.287730
-0.084961 0.798828 -0.004883 1311029743.311714
0.001953 0.814453 -0.016602 1311029743.332727
0.023438 0.865234 0.026367 1311029743.351733
