0.201172 0.857422 0.556641 1310160453.289792 
0.149414 0.873047 0.566406 1310160453.310795 
0.225586 0.863281 0.541016 1310160453.353773 
0.165039 0.875977 0.549805 1310160453.354768 
0.119141 0.871094 0.544922 1310160453.399773 
0.164062 0.871094 0.544922 1310160453.423772 
0.163086 0.827148 0.542969 1310160453.466788 
0.156250 0.863281 0.570312 1310160453.510774 
0.113281 0.845703 0.593750 1310160453.533773 
0.142578 0.845703 0.593750 1310160453.564777 
0.082031 0.904297 0.629883 1310160453.598471 
0.094727 0.857422 0.563477 1310160453.626754 
0.219727 0.802734 0.531250 1310160453.663780 
0.290039 0.766602 0.539062 1310160453.694778 
0.270508 0.830078 0.598633 1310160453.726787 
0.238281 0.830078 0.598633 1310160453.761780 
0.259766 0.825195 0.585938 1310160453.830784 
0.208008 0.832031 0.571289 1310160453.831778 
0.156250 0.804688 0.585938 1310160453.854778 
0.089844 0.873047 0.618164 1310160453.876782 
0.069336 0.860352 0.592773 1310160453.921797 
0.058594 0.845703 0.566406 1310160453.944785 
0.181641 0.824219 0.575195 1310160453.980788 
0.202148 0.853516 0.554688 1310160454.010749 
0.119141 0.899414 0.578125 1310160454.056790 
0.013672 0.941406 0.565430 1310160454.079790 
0.010742 0.959961 0.525391 1310160454.100784 
0.147461 0.974609 0.470703 1310160454.145791 
0.361328 0.793945 0.477539 1310160454.194783 
0.278320 0.800781 0.505859 1310160454.261790 
0.292969 0.853516 0.556641 1310160454.263765 
0.300781 0.945312 0.601562 1310160454.283806 
0.264648 0.890625 0.568359 1310160454.305789 
0.239258 0.835938 0.581055 1310160454.335793 
0.252930 0.870117 0.511719 1310160454.380796 
0.283203 0.888672 0.541016 1310160454.423795 
0.217773 0.908203 0.576172 1310160454.425791 
0.188477 0.849609 0.559570 1310160454.469798 
0.191406 0.849609 0.558594 1310160454.491806 
0.193359 0.849609 0.525391 1310160454.560792 
0.090820 0.908203 0.570312 1310160454.561787 
-0.036133 0.874023 0.583984 1310160454.606795 
0.092773 0.794922 0.568359 1310160454.625796 
0.174805 0.868164 0.604492 1310160454.670809 
0.141602 0.897461 0.531250 1310160454.671775 
-0.139648 0.856445 0.498047 1310160454.718797 
-0.124023 0.849609 0.575195 1310160454.749800 
-0.026367 0.920898 0.564453 1310160454.794802 
-0.076172 0.872070 0.576172 1310160454.833800 
-0.025391 0.849609 0.550781 1310160454.856810 
-0.025391 0.849609 0.550781 1310160454.879798 
0.109375 0.852539 0.524414 1310160454.909800 
0.091797 0.874023 0.552734 1310160454.975798 
0.076172 0.918945 0.534180 1310160455.008805 
0.147461 0.870117 0.540039 1310160455.020805 
0.272461 0.822266 0.545898 1310160455.106802 
0.298828 0.789062 0.539062 1310160455.126801 
0.367188 0.825195 0.495117 1310160455.183811 
0.358398 0.835938 0.567383 1310160455.185800 
0.142578 0.946289 0.541992 1310160455.188806 
0.136719 0.960938 0.492188 1310160455.266813 
0.319336 0.856445 0.484375 1310160455.268816 
0.347656 0.792969 0.500000 1310160455.289807 
0.311523 0.734375 0.485352 1310160455.310807 
0.367188 0.812500 0.602539 1310160455.335806 
0.392578 0.920898 0.532227 1310160455.370812 
0.291016 0.910156 0.590820 1310160455.413816 
0.191406 0.870117 0.488281 1310160455.435809 
0.202148 0.876953 0.560547 1310160455.480812 
0.238281 0.886719 0.524414 1310160455.508816 
0.246094 0.884766 0.536133 1310160455.554821 
0.314453 0.821289 0.467773 1310160455.561815 
0.163086 0.858398 0.498047 1310160455.615816 
-0.007812 0.858398 0.748047 1310160455.629811 
-0.075195 0.963867 0.537109 1310160455.655809 
-0.018555 0.867188 0.522461 1310160455.681806 
0.038086 0.932617 0.514648 1310160455.716818 
0.175781 0.976562 0.494141 1310160455.763820 
-0.027344 0.911133 0.480469 1310160455.776823 
-0.177734 0.911133 0.730469 1310160455.819819 
-0.101562 0.916016 0.539062 1310160455.844836 
-0.087891 0.972656 0.538086 1310160455.888826 
-0.081055 0.905273 0.507812 1310160455.930818 
-0.025391 0.865234 0.516602 1310160455.953825 
0.158203 0.896484 0.496094 1310160455.976822 
0.230469 0.904297 0.548828 1310160456.016782 
0.168945 0.895508 0.529297 1310160456.051775 
0.146484 0.879883 0.553711 1310160456.073803 
0.125977 0.841797 0.560547 1310160456.138797 
0.159180 0.779297 0.576172 1310160456.140800 
0.246094 0.889648 0.500000 1310160456.296836 
0.246094 0.914062 0.544922 1310160456.308830 
0.127930 0.966797 0.530273 1310160456.353810 
-0.129883 1.017578 0.544922 1310160456.354830 
0.106445 0.894531 0.443359 1310160456.433820 
0.505859 0.838867 0.386719 1310160456.434818 
0.443359 0.778320 0.417969 1310160456.454837 
0.369141 0.821289 0.613281 1310160456.456837 
0.474609 0.917969 0.535156 1310160456.475829 
0.384766 0.889648 0.554688 1310160456.476826 
0.269531 0.848633 0.539062 1310160456.499852 
0.264648 0.836914 0.515625 1310160456.521828 
0.269531 0.836914 0.523438 1310160456.544866 
0.313477 0.849609 0.535156 1310160456.630817 
0.292969 0.847656 0.556641 1310160456.631791 
0.290039 0.856445 0.474609 1310160456.654802 
0.251953 0.870117 0.487305 1310160456.679800 
0.190430 0.860352 0.507812 1310160456.738795 
-0.049805 0.924805 0.464844 1310160456.739783 
-0.191406 1.009766 0.498047 1310160456.789819 
-0.159180 1.000977 0.549805 1310160456.818816 
-0.086914 0.985352 0.510742 1310160456.839800 
0.046875 0.970703 0.472656 1310160456.882852 
0.006836 0.948242 0.485352 1310160456.905796 
0.006836 0.948242 0.485352 1310160456.929820 
-0.053711 0.837891 0.537109 1310160456.974807 
0.005859 0.905273 0.547852 1310160457.016799 
-0.060547 0.977539 0.542969 1310160457.039811 
-0.016602 0.911133 0.544922 1310160457.081828 
0.076172 0.859375 0.452148 1310160457.105843 
0.146484 0.922852 0.474609 1310160457.128848 
0.167969 0.903320 0.536133 1310160457.182826 
0.110352 0.931641 0.511719 1310160457.204849 
0.146484 0.853516 0.526367 1310160457.230852 
0.216797 0.859375 0.480469 1310160457.285847 
0.194336 0.911133 0.523438 1310160457.286844 
0.129883 0.938477 0.509766 1310160457.372856 
0.081055 0.932617 0.504883 1310160457.386838 
0.062500 0.947266 0.496094 1310160457.409875 
0.344727 0.855469 0.445312 1310160457.432854 
0.556641 0.791016 0.435547 1310160457.454849 
0.510742 0.705078 0.453125 1310160457.485848 
0.404297 0.820312 0.541016 1310160457.529879 
0.461914 0.876953 0.536133 1310160457.552865 
0.401367 0.871094 0.503906 1310160457.599856 
0.362305 0.839844 0.471680 1310160457.675866 
0.268555 0.889648 0.550781 1310160457.676854 
0.251953 0.889648 0.550781 1310160457.696852 
0.271484 0.846680 0.522461 1310160457.739857 
0.332031 0.903320 0.488281 1310160457.740856 
0.236328 0.889648 0.455078 1310160457.844859 
0.118164 0.926758 0.484375 1310160457.854851 
0.016602 0.949219 0.497070 1310160457.855860 
-0.092773 0.949219 0.479492 1310160457.863858 
-0.047852 0.936523 0.479492 1310160457.909860 
0.009766 0.958008 0.491211 1310160457.954849 
0.059570 1.011719 0.470703 1310160457.976851 
-0.083008 0.930664 0.457031 1310160458.022866 
-0.173828 0.874023 0.506836 1310160458.044866 
-0.071289 0.857422 0.496094 1310160458.070866 
-0.071289 0.857422 0.496094 1310160458.094840 
-0.037109 0.973633 0.571289 1310160458.155855 
-0.051758 0.945312 0.528320 1310160458.176841 
0.014648 0.933594 0.489258 1310160458.199861 
0.143555 0.931641 0.474609 1310160458.236867 
0.173828 0.869141 0.521484 1310160458.260868 
0.227539 0.839844 0.554688 1310160458.314873 
0.264648 0.801758 0.513672 1310160458.321869 
0.339844 0.784180 0.525391 1310160458.377861 
0.382812 0.875000 0.474609 1310160458.406864 
0.287109 0.927734 0.500000 1310160458.447891 
0.182617 0.922852 0.515625 1310160458.515872 
0.203125 0.928711 0.513672 1310160458.516864 
0.313477 0.927734 0.470703 1310160458.539878 
0.464844 0.806641 0.416016 1310160458.637877 
0.326172 0.779297 0.502930 1310160458.659875 
0.125000 0.779297 0.560547 1310160458.660874 
0.122070 0.986328 0.583984 1310160458.671878 
0.158203 0.939453 0.547852 1310160458.697870 
0.128906 0.834961 0.498047 1310160458.719877 
0.141602 0.854492 0.546875 1310160458.744887 
0.189453 0.900391 0.574219 1310160458.787881 
0.164062 0.831055 0.554688 1310160458.830874 
0.207031 0.792969 0.583984 1310160458.854886 
0.190430 0.826172 0.592773 1310160458.875877 
0.143555 0.874023 0.535156 1310160458.911887 
0.070312 0.842773 0.521484 1310160458.972881 
0.123047 0.883789 0.509766 1310160458.975879 
0.123047 0.883789 0.509766 1310160458.996876 
0.222656 0.919922 0.489258 1310160459.041885 
0.052734 0.879883 0.484375 1310160459.064885 
-0.089844 0.875977 0.564453 1310160459.106878 
-0.014648 0.882812 0.562500 1310160459.140883 
0.094727 0.895508 0.545898 1310160459.164886 
0.049805 0.895508 0.562500 1310160459.192884 
0.147461 0.879883 0.539062 1310160459.230889 
0.111328 0.864258 0.552734 1310160459.274888 
0.136719 0.843750 0.592773 1310160459.296890 
0.185547 0.829102 0.563477 1310160459.340889 
0.130859 0.866211 0.572266 1310160459.361889 
0.114258 0.852539 0.625000 1310160459.415895 
0.114258 0.852539 0.625000 1310160459.422891 
0.189453 0.844727 0.552734 1310160459.470891 
0.185547 0.823242 0.585938 1310160459.494899 
0.182617 0.903320 0.502930 1310160459.550886 
0.208984 0.842773 0.529297 1310160459.551885 
0.236328 0.842773 0.529297 1310160459.574896 
0.236328 0.842773 0.529297 1310160459.617894 
0.286133 0.872070 0.525391 1310160459.726906 
0.280273 0.809570 0.511719 1310160459.734896 
0.241211 0.816406 0.470703 1310160459.777900 
0.197266 0.882812 0.533203 1310160459.796893 
0.218750 0.875977 0.557617 1310160459.819890 
0.220703 0.858398 0.541016 1310160459.820890 
0.285156 0.834961 0.562500 1310160459.864896 
0.249023 0.831055 0.521484 1310160459.886893 
0.292969 0.813477 0.549805 1310160459.909904 
0.284180 0.813477 0.548828 1310160459.932903 
0.287109 0.875977 0.555664 1310160459.984912 
0.273438 0.856445 0.581055 1310160460.019905 
0.278320 0.873047 0.548828 1310160460.051900 
0.239258 0.852539 0.543945 1310160460.075917 
0.206055 0.876953 0.564453 1310160460.110886 
