-0.124023 0.726562 0.031250 1311186845.411492
-0.124023 0.726562 0.031250 1311186845.433500
-0.311523 0.623047 -0.085938 1311186845.480485
-0.070312 0.558594 -0.120117 1311186845.503505
0.218750 0.175781 0.068359 1311186845.552494
0.006836 0.134766 0.005859 1311186845.572493
-0.179688 0.352539 0.017578 1311186845.605496
-0.294922 0.751953 0.135742 1311186845.626491
-0.384766 1.587891 0.045898 1311186845.673474
-0.722656 1.717773 0.195312 1311186845.695480
-0.766602 1.980469 0.226562 1311186845.738527
-0.898438 1.981445 0.225586 1311186845.761481
-0.932617 1.979492 0.227539 1311186845.784644
-0.488281 1.750000 0.141602 1311186845.830515
0.050781 1.750000 0.141602 1311186845.855513
0.305664 0.175781 -0.168945 1311186845.903936
0.564453 -0.616211 -0.206055 1311186845.935475
0.218750 -0.133789 -0.103516 1311186845.957472
-0.090820 0.164062 -0.207031 1311186845.978491
-0.029297 -0.123047 -0.137695 1311186846.022486
-0.000977 -0.017578 -0.129883 1311186846.066473
0.001953 -0.077148 -0.136719 1311186846.095492
0.064453 -0.085938 -0.018555 1311186846.141466
0.252930 0.119141 0.057617 1311186846.191517
0.526367 0.119141 0.057617 1311186846.192486
0.602539 0.060547 0.312500 1311186846.210711
-0.732422 0.673828 0.724609 1311186846.253478
-1.973633 1.980469 0.092773 1311186846.276509
-1.707031 1.982422 0.779297 1311186846.320498
-0.652344 1.980469 0.217773 1311186846.342524
-0.931641 1.977539 0.098633 1311186846.381469
-0.127930 0.844727 0.008789 1311186846.405559
0.748047 0.010742 -0.000977 1311186846.441521
0.496094 -0.405273 -0.103516 1311186846.488472
-0.137695 -0.007812 -0.132812 1311186846.510522
-0.282227 -0.069336 -0.180664 1311186846.535543
-0.282227 -0.069336 -0.180664 1311186846.558516
0.101562 -0.175781 -0.134766 1311186846.618492
0.171875 -0.246094 -0.140625 1311186846.642508
0.142578 -0.172852 -0.125000 1311186846.665535
0.304688 -0.115234 -0.140625 1311186846.712510
0.415039 -0.269531 -0.174805 1311186846.727630
1.098633 1.978516 -1.976562 1311186846.773536
-1.977539 0.781250 1.085938 1311186846.815529
-1.816406 1.980469 0.014648 1311186846.836514
-1.813477 1.980469 0.938477 1311186846.857504
-0.553711 1.984375 0.388672 1311186846.920528
-0.661133 1.717773 0.104492 1311186846.926497
-0.135742 0.189453 -0.151367 1311186846.969515
0.702148 -0.906250 0.012695 1311186846.991488
0.684570 -0.328125 0.020508 1311186847.021527
0.086914 0.022461 -0.145508 1311186847.068518
-0.141602 -0.148438 -0.255859 1311186847.090494
-0.012695 0.023438 -0.125000 1311186847.113522
0.030273 0.063477 -0.126953 1311186847.155510
0.162109 -0.033203 -0.104492 1311186847.200506
0.095703 -0.097656 -0.081055 1311186847.222756
0.173828 0.269531 -0.064453 1311186847.248505
0.399414 -0.016602 -0.135742 1311186847.275525
0.399414 -0.016602 -0.135742 1311186847.298520
0.197266 0.554688 0.857422 1311186847.352528
-0.738281 1.856445 0.599609 1311186847.411546
-1.973633 1.979492 -0.056641 1311186847.462493
-1.696289 1.980469 0.625000 1311186847.506544
-0.720703 1.983398 0.275391 1311186847.512524
-0.735352 1.983398 0.275391 1311186847.513488
0.149414 0.616211 -0.454102 1311186847.548516
0.352539 -0.632812 0.156250 1311186847.594507
0.608398 -0.078125 -0.130859 1311186847.595486
-0.032227 0.035156 -0.254883 1311186847.641548
-0.234375 -0.210938 -0.166016 1311186847.656534
-0.044922 -0.162109 -0.166016 1311186847.702519
0.079102 -0.145508 -0.208008 1311186847.728533
0.196289 -0.151367 -0.149414 1311186847.778529
0.179688 -0.207031 -0.118164 1311186847.801547
0.333008 0.021484 -0.050781 1311186847.846522
0.684570 0.039062 -0.037109 1311186847.856534
0.383789 -0.345703 -0.177734 1311186847.887546
-0.129883 1.649414 0.208984 1311186847.941532
-0.728516 1.980469 -0.015625 1311186847.964515
-0.676758 1.979492 -0.164062 1311186848.007563
-1.973633 1.978516 -0.322266 1311186848.031550
-0.944336 1.982422 0.188477 1311186848.066560
-0.311523 1.253906 0.188477 1311186848.076552
0.246094 -0.158203 0.197266 1311186848.123661
0.495117 -0.435547 -0.227539 1311186848.153563
0.454102 0.019531 -0.022461 1311186848.175504
0.150391 -0.304688 -0.082031 1311186848.221540
-0.146484 -0.054688 -0.082031 1311186848.242541
-0.083984 0.040039 -0.224609 1311186848.276538
0.120117 0.048828 -0.165039 1311186848.319085
0.150391 -0.048828 -0.089844 1311186848.346641
0.198242 0.045898 -0.085938 1311186848.367523
0.278320 0.001953 -0.069336 1311186848.411557
0.276367 -0.037109 0.082031 1311186848.432533
0.500977 0.168945 0.440430 1311186848.476530
-0.558594 0.738281 0.280273 1311186848.523562
-1.973633 1.980469 -0.375000 1311186848.544546
-0.695312 1.983398 0.334961 1311186848.567539
-1.664062 1.979492 0.569336 1311186848.611550
-0.997070 1.982422 0.064453 1311186848.633546
0.454102 0.722656 0.064453 1311186848.652163
0.655273 -0.546875 0.122070 1311186848.698590
0.344727 -0.265625 0.032227 1311186848.751569
-0.101562 0.134766 -0.166016 1311186848.777619
-0.258789 -0.011719 -0.235352 1311186848.798531
-0.000977 -0.235352 -0.237305 1311186848.822552
0.100586 -0.180664 -0.190430 1311186848.871560
0.109375 -0.197266 -0.180664 1311186848.923563
0.093750 -0.097656 -0.188477 1311186848.925526
0.101562 -0.220703 -0.091797 1311186848.962548
0.232422 -0.129883 -0.091797 1311186848.985558
0.359375 -0.212891 0.042969 1311186849.022575
-0.310547 0.496094 0.376953 1311186849.064564
-1.125977 1.983398 1.725586 1311186849.087552
-0.011719 1.978516 -1.199219 1311186849.129574
-1.973633 1.982422 0.346680 1311186849.171602
-0.777344 1.980469 0.076172 1311186849.172583
-0.048828 1.458984 0.221680 1311186849.214558
0.043945 0.208984 0.221680 1311186849.237592
0.406250 -0.529297 -0.063477 1311186849.279526
0.310547 -0.416016 -0.109375 1311186849.327589
0.258789 0.063477 -0.126953 1311186849.349566
0.008789 0.063477 -0.126953 1311186849.371538
0.058594 -0.011719 -0.154297 1311186849.401542
0.061523 0.033203 -0.134766 1311186849.446561
0.211914 -0.046875 -0.068359 1311186849.482558
0.142578 -0.031250 -0.071289 1311186849.504571
0.253906 0.128906 -0.171875 1311186849.528558
0.232422 0.128906 -0.171875 1311186849.571566
-0.077148 -0.107422 0.335938 1311186849.616569
-0.656250 1.296875 0.482422 1311186849.638561
-1.972656 1.983398 0.652344 1311186849.682533
-1.060547 1.980469 0.242188 1311186849.703599
-1.664062 1.982422 0.260742 1311186849.727575
-0.850586 1.981445 0.069336 1311186849.757637
0.362305 0.580078 -0.361328 1311186849.796558
0.731445 -0.523438 0.096680 1311186849.818543
0.499023 -0.222656 -0.041992 1311186849.886561
-0.131836 0.094727 -0.216797 1311186849.907716
-0.217773 -0.083008 -0.187500 1311186849.908590
-0.217773 -0.083008 -0.187500 1311186849.951571
0.037109 -0.182617 -0.248047 1311186849.997580
-0.018555 -0.168945 -0.169922 1311186850.067582
0.093750 -0.101562 -0.178711 1311186850.086572
0.384766 -0.153320 -0.084961 1311186850.088554
0.492188 -0.134766 -0.084961 1311186850.110570
0.249023 -0.273438 0.111328 1311186850.154592
-0.390625 1.224609 1.886719 1311186850.178577
-1.972656 1.982422 -0.115234 1311186850.212582
-0.399414 1.982422 0.146484 1311186850.236587
-1.973633 1.983398 -0.369141 1311186850.286561
-1.110352 1.983398 -0.369141 1311186850.307584
0.437500 0.743164 0.008789 1311186850.376738
0.568359 -0.734375 0.119141 1311186850.377561
0.240234 -0.567383 -0.240234 1311186850.406574
0.421875 0.093750 -0.098633 1311186850.429588
0.390625 -0.050781 -0.086914 1311186850.459584
0.107422 -0.132812 -0.086914 1311186850.504589
-0.097656 0.028320 -0.131836 1311186850.551601
-0.016602 0.256836 -0.197266 1311186850.572591
0.108398 0.035156 -0.107422 1311186850.596707
0.074219 -0.244141 -0.106445 1311186850.639552
0.312500 0.250977 -0.097656 1311186850.662583
0.062500 0.250977 -0.097656 1311186850.683583
-0.095703 0.463867 0.789062 1311186850.731584
-0.658203 1.981445 0.855469 1311186850.773558
-1.973633 1.982422 0.605469 1311186850.796592
-0.958008 1.977539 0.695312 1311186850.821609
-1.111328 1.985352 0.250977 1311186850.844572
-0.472656 1.464844 0.064453 1311186850.898572
0.465820 0.022461 -0.026367 1311186850.943600
0.479492 -0.393555 0.014648 1311186850.966595
0.250000 0.202148 -0.155273 1311186851.013661
-0.291016 0.012695 -0.257812 1311186851.031675
-0.178711 -0.250000 -0.007812 1311186851.036577
-0.138672 -0.220703 -0.225586 1311186851.106606
0.025391 -0.243164 -0.108398 1311186851.129591
0.283203 -0.014648 -0.219727 1311186851.151581
0.364258 0.016602 -0.192383 1311186851.173583
0.260742 -0.144531 -0.035156 1311186851.219602
0.252930 -0.251953 0.200195 1311186851.241609
0.252930 -0.251953 0.200195 1311186851.264614
-0.763672 1.983398 -0.050781 1311186851.302576
0.152344 1.091797 0.495117 1311186851.339571
-1.785156 0.190430 1.433594 1311186851.386601
-0.668945 1.978516 -0.459961 1311186851.408596
-0.305664 1.978516 -0.459961 1311186851.429591
0.209961 0.375977 0.144531 1311186851.472639
0.238281 0.224609 -0.014648 1311186851.516610
-0.106445 0.384766 0.042969 1311186851.538629
-0.096680 0.515625 -0.006836 1311186851.562615
-0.096680 0.743164 0.041992 1311186851.607593
-0.168945 0.899414 0.014648 1311186851.652608
-0.072266 0.880859 0.117188 1311186851.691618
-0.095703 0.883789 0.051758 1311186851.700412
-0.058594 0.873047 0.108398 1311186851.729631
-0.121094 0.966797 0.066406 1311186851.751603
-0.214844 0.906250 0.032227 1311186851.796749
-0.145508 0.746094 0.060547 1311186851.837648
-0.156250 0.778320 0.106445 1311186851.858617
-0.157227 0.875000 0.015625 1311186851.881606
