-0.120117 0.808594 0.078125 1311186726.394208
-0.136719 0.793945 0.093750 1311186726.431173
-0.118164 0.732422 0.046875 1311186726.447208
-0.160156 0.648438 -0.002930 1311186726.470222
-0.166016 0.580078 -0.064453 1311186726.492192
-0.006836 0.450195 -0.129883 1311186726.537199
0.102539 0.180664 0.147461 1311186726.560220
0.102539 0.180664 0.147461 1311186726.607227
-0.384766 0.569336 -0.035156 1311186726.631214
-0.464844 1.171875 0.089844 1311186726.669200
-0.710938 1.980469 -0.005859 1311186726.696209
-1.056641 1.977539 0.228516 1311186726.719219
-1.056641 1.977539 0.228516 1311186726.741208
-0.708008 1.982422 0.100586 1311186726.786194
-0.145508 1.694336 0.080078 1311186726.835185
0.405273 0.764648 -0.051758 1311186726.856219
0.786133 -0.532227 -0.055664 1311186726.899231
0.509766 -0.485352 -0.059570 1311186726.920194
0.083984 0.252930 -0.103516 1311186726.959217
0.069336 -0.066406 -0.185547 1311186726.986233
-0.023438 -0.012695 -0.277344 1311186727.015222
-0.203125 -0.057617 -0.010742 1311186727.061231
-0.071289 0.111328 -0.017578 1311186727.092193
0.201172 -0.047852 -0.023438 1311186727.115220
0.071289 -0.092773 -0.038086 1311186727.139214
0.338867 0.070312 -0.035156 1311186727.182222
0.608398 -0.233398 -0.097656 1311186727.205221
-0.454102 0.445312 0.441406 1311186727.249211
-1.513672 1.982422 0.463867 1311186727.271234
-1.558594 1.980469 -0.538086 1311186727.294223
-1.547852 1.982422 0.082031 1311186727.336201
-1.062500 1.980469 0.082031 1311186727.364210
-0.324219 0.968750 0.282227 1311186727.410219
0.443359 0.337891 -0.002930 1311186727.431200
0.331055 -0.718750 0.138672 1311186727.460220
0.337891 -0.218750 0.138672 1311186727.503233
-0.138672 0.059570 -0.233398 1311186727.541214
-0.140625 -0.196289 -0.265625 1311186727.567203
0.112305 -0.271484 -0.129883 1311186727.589223
0.094727 -0.277344 -0.159180 1311186727.634212
0.169922 -0.052734 -0.229492 1311186727.719216
0.497070 0.197266 -0.229492 1311186727.720187
0.596680 -0.027344 0.056641 1311186727.760195
0.083008 1.018555 0.021484 1311186727.780208
-0.641602 1.981445 1.070312 1311186727.804233
-1.893555 1.980469 0.184570 1311186727.840251
-1.363281 1.978516 0.036133 1311186727.841180
-0.980469 1.981445 -0.084961 1311186727.886171
-0.664062 1.744141 -0.059570 1311186727.930198
-0.090820 0.436523 -0.024414 1311186727.954198
0.767578 -0.812500 0.005859 1311186727.976246
0.600586 -0.644531 -0.093750 1311186728.020239
-0.056641 0.234375 -0.177734 1311186728.041230
0.149414 0.002930 -0.274414 1311186728.085231
0.221680 -0.279297 -0.171875 1311186728.107279
0.004883 0.070312 -0.165039 1311186728.150239
0.140625 0.156250 -0.162109 1311186728.171236
0.230469 -0.307617 0.020508 1311186728.214232
0.236328 0.023438 -0.173828 1311186728.236234
0.526367 0.265625 -0.135742 1311186728.266217
0.291016 -0.109375 -0.166992 1311186728.302235
0.024414 0.419922 0.745117 1311186728.346238
-0.773438 1.982422 0.054688 1311186728.370243
-1.973633 1.980469 0.728516 1311186728.401229
-0.693359 1.981445 0.728516 1311186728.424235
-1.067383 1.983398 0.063477 1311186728.467235
-1.038086 1.911133 -0.161133 1311186728.490234
0.379883 0.676758 -0.333984 1311186728.531241
0.699219 -0.581055 0.042969 1311186728.575242
0.333008 -0.160156 -0.171875 1311186728.586259
-0.219727 0.149414 -0.186523 1311186728.632239
-0.119141 -0.039062 -0.088867 1311186728.695248
0.165039 -0.305664 -0.145508 1311186728.696224
0.050781 -0.173828 -0.213867 1311186728.737255
0.113281 -0.081055 -0.150391 1311186728.759218
0.239258 -0.171875 -0.164062 1311186728.790247
0.239258 -0.171875 -0.164062 1311186728.802245
0.611328 0.112305 0.004883 1311186728.846243
-0.001953 0.307617 0.242188 1311186728.884251
-1.316406 -0.435547 1.974609 1311186728.907228
-1.973633 1.983398 -0.228516 1311186728.954250
-1.108398 1.980469 -0.324219 1311186729.004250
-1.973633 1.980469 -0.324219 1311186729.020246
-0.666016 1.980469 0.074219 1311186729.044244
-0.071289 1.070312 -0.011719 1311186729.091259
0.414062 -0.294922 0.200195 1311186729.114267
0.602539 -0.541992 -0.033203 1311186729.156253
0.429688 0.051758 0.012695 1311186729.184251
-0.090820 -0.365234 0.046875 1311186729.191250
-0.258789 -0.052734 -0.387695 1311186729.237266
0.126953 0.238281 -0.387695 1311186729.285267
0.224609 0.015625 -0.125977 1311186729.309256
0.044922 -0.083008 -0.152344 1311186729.342251
0.141602 0.077148 -0.095703 1311186729.364246
0.224609 0.060547 -0.083008 1311186729.409261
0.301758 0.116211 0.051758 1311186729.431264
0.414062 -0.129883 0.049805 1311186729.456259
-0.412109 0.894531 0.417969 1311186729.487272
-1.896484 1.982422 -0.726562 1311186729.531275
-1.973633 1.982422 -0.726562 1311186729.553257
-0.648438 1.980469 0.139648 1311186729.597262
-0.970703 1.980469 0.208984 1311186729.619259
0.006836 1.046875 -0.382812 1311186729.665276
0.693359 -0.291992 0.149414 1311186729.689248
0.531250 -0.524414 -0.155273 1311186729.710259
0.070312 0.123047 -0.155273 1311186729.757245
-0.194336 0.008789 -0.193359 1311186729.780264
0.018555 -0.281250 -0.193359 1311186729.825238
0.163086 -0.200195 -0.067383 1311186729.849270
-0.003906 -0.233398 -0.191406 1311186729.874255
-0.012695 -0.161133 -0.054688 1311186729.919271
0.253906 -0.075195 -0.103516 1311186729.960279
0.328125 -0.207031 -0.083008 1311186729.984280
0.243164 -0.265625 0.130859 1311186730.024270
-0.079102 1.638672 1.979492 1311186730.041254
0.374023 1.980469 -0.094727 1311186730.076270
-1.959961 1.977539 0.820312 1311186730.104283
-1.655273 1.983398 -0.098633 1311186730.139262
-0.059570 1.581055 0.118164 1311186730.182268
0.291992 0.145508 0.021484 1311186730.239261
0.458984 -0.811523 0.018555 1311186730.240268
0.640625 -0.186523 -0.040039 1311186730.304269
0.319336 -0.127930 -0.092773 1311186730.305271
-0.146484 -0.182617 -0.291992 1311186730.349274
-0.190430 0.130859 -0.198242 1311186730.371273
0.138672 0.066406 -0.137695 1311186730.395266
0.196289 -0.208008 0.053711 1311186730.439276
0.035156 0.248047 -0.133789 1311186730.460267
-0.001953 -0.199219 -0.133789 1311186730.483278
0.217773 0.361328 -0.133789 1311186730.527274
0.217773 0.361328 -0.133789 1311186730.549282
0.287109 0.709961 0.955078 1311186730.602276
-1.098633 1.983398 0.307617 1311186730.624273
-1.973633 1.979492 -0.124023 1311186730.646283
-1.142578 1.978516 0.452148 1311186730.692281
-0.942383 1.985352 0.329102 1311186730.729283
-0.380859 1.294922 -0.138672 1311186730.774286
0.527344 -0.056641 0.229492 1311186730.775276
0.854492 -0.309570 -0.086914 1311186730.824303
0.471680 0.265625 -0.136719 1311186730.839266
0.471680 0.265625 -0.136719 1311186730.866319
-0.287109 -0.261719 -0.208008 1311186730.931298
-0.046875 -0.113281 -0.136719 1311186730.970287
0.000000 -0.191406 -0.210938 1311186730.992280
0.097656 -0.036133 -0.193359 1311186731.015271
0.176758 -0.223633 -0.109375 1311186731.040289
0.175781 -0.359375 -0.114258 1311186731.082296
0.123047 -0.292969 -0.111328 1311186731.106287
0.402344 1.533203 0.377930 1311186731.156282
-0.841797 1.458008 1.278320 1311186731.179281
-1.782227 1.982422 -0.133789 1311186731.200277
-1.300781 1.979492 0.312500 1311186731.222293
-0.653320 1.980469 0.229492 1311186731.266290
-0.653320 1.980469 0.229492 1311186731.299292
-0.063477 0.541016 -0.037109 1311186731.336270
0.595703 -0.617188 0.074219 1311186731.359273
0.423828 -0.780273 -0.164062 1311186731.405265
0.062500 0.152344 -0.172852 1311186731.442283
-0.016602 -0.013672 -0.157227 1311186731.469288
-0.038086 -0.209961 -0.159180 1311186731.502291
-0.125977 -0.047852 -0.215820 1311186731.545316
0.034180 0.144531 -0.096680 1311186731.581292
0.369141 0.049805 -0.060547 1311186731.582287
0.492188 0.046875 -0.060547 1311186731.627306
0.522461 0.207031 -0.079102 1311186731.661301
0.200195 0.042969 0.202148 1311186731.702303
-1.012695 0.957031 0.034180 1311186731.725301
-1.973633 1.986328 0.389648 1311186731.767281
-0.291016 1.981445 0.130859 1311186731.790298
-1.836914 1.981445 0.130859 1311186731.813333
-1.228516 1.840820 0.351562 1311186731.861308
0.522461 0.390625 0.057617 1311186731.885308
0.752930 -0.657227 0.065430 1311186731.909303
0.222656 -0.055664 -0.165039 1311186731.936291
-0.120117 0.154297 -0.235352 1311186731.982292
-0.077148 -0.086914 -0.164062 1311186732.027298
0.002930 -0.189453 -0.151367 1311186732.049309
-0.081055 -0.062500 -0.153320 1311186732.071311
0.117188 -0.089844 -0.147461 1311186732.122305
0.243164 -0.157227 -0.179688 1311186732.145294
0.173828 -0.179688 -0.104492 1311186732.166312
0.204102 -0.245117 0.085938 1311186732.211311
-0.054688 1.237305 0.706055 1311186732.252291
-1.038086 1.980469 0.156250 1311186732.284314
-0.845703 1.978516 -0.360352 1311186732.305314
-0.861328 0.553711 0.712891 1311186732.327312
-1.062500 1.980469 -0.396484 1311186732.349327
-1.062500 1.980469 -0.396484 1311186732.395318
0.143555 0.219727 0.104492 1311186732.441315
-0.130859 0.423828 0.080078 1311186732.465322
-0.030273 0.422852 0.026367 1311186732.501312
0.056641 0.375977 -0.030273 1311186732.545301
0.003906 0.591797 -0.030273 1311186732.547314
-0.230469 0.835938 0.041016 1311186732.596316
-0.319336 1.000977 0.129883 1311186732.617342
-0.204102 1.255859 -0.110352 1311186732.660315
0.007812 0.843750 0.073242 1311186732.682319
-0.033203 0.626953 0.154297 1311186732.727318
-0.219727 0.730469 0.067383 1311186732.752322
-0.291992 0.865234 0.016602 1311186732.795333
