0.100586 0.868164 -0.077148 1309541324.630103
0.071289 0.900391 -0.056641 1309541324.662114
0.106445 0.849609 -0.084961 1309541324.705115
0.067383 0.899414 -0.066406 1309541324.726095
0.076172 0.886719 -0.083984 1309541324.771099
0.091797 0.843750 -0.059570 1309541324.813105
0.134766 0.909180 -0.086914 1309541324.836276
0.103516 0.888672 -0.086914 1309541324.861082
0.119141 0.862305 -0.095703 1309541324.885110
0.089844 0.858398 -0.083984 1309541324.937128
0.084961 0.878906 -0.075195 1309541324.962255
0.115234 0.835938 -0.060547 1309541324.983110
0.095703 0.883789 -0.102539 1309541325.008111
0.111328 0.883789 -0.102539 1309541325.046115
0.084961 0.866211 -0.088867 1309541325.091107
0.088867 0.875000 -0.103516 1309541325.113110
0.097656 0.865234 -0.044922 1309541325.158110
0.092773 0.855469 -0.069336 1309541325.180117
0.086914 0.854492 -0.057617 1309541325.227118
0.089844 0.857422 -0.090820 1309541325.250115
0.068359 0.853516 -0.055664 1309541325.285113
0.099609 0.879883 -0.069336 1309541325.306123
0.050781 0.888672 -0.086914 1309541325.348128
0.093750 0.873047 -0.052734 1309541325.370114
0.089844 0.875000 -0.079102 1309541325.412115
0.090820 0.833984 -0.097656 1309541325.435121
0.070312 0.875000 -0.070312 1309541325.477116
0.069336 0.870117 -0.081055 1309541325.498115
0.046875 0.849609 -0.099609 1309541325.543116
0.075195 0.875977 -0.076172 1309541325.586121
0.044922 0.879883 -0.090820 1309541325.587116
0.089844 0.860352 -0.090820 1309541325.631122
0.096680 0.832031 -0.090820 1309541325.658117
0.080078 0.846680 -0.076172 1309541325.702137
0.104492 0.856445 -0.084961 1309541325.750122
0.084961 0.902344 -0.082031 1309541325.775120
0.103516 0.864258 -0.082031 1309541325.776120
0.084961 0.879883 -0.083008 1309541325.822125
0.101562 0.880859 -0.109375 1309541325.873124
0.089844 0.858398 -0.042969 1309541325.896122
0.075195 0.822266 -0.076172 1309541325.923129
0.079102 0.861328 -0.058594 1309541325.952127
0.066406 0.861328 -0.058594 1309541325.975123
0.021484 0.879883 -0.060547 1309541326.028129
0.107422 0.874023 -0.039062 1309541326.052140
0.116211 0.897461 -0.088867 1309541326.099125
0.104492 0.844727 -0.053711 1309541326.121133
0.087891 0.873047 -0.069336 1309541326.143133
0.105469 0.832031 -0.027344 1309541326.175127
0.057617 0.897461 -0.073242 1309541326.227133
0.112305 0.874023 -0.062500 1309541326.253131
0.092773 0.866211 -0.073242 1309541326.276132
0.095703 0.868164 -0.082031 1309541326.323135
0.128906 0.853516 -0.060547 1309541326.345132
0.115234 0.869141 -0.094727 1309541326.368132
0.123047 0.863281 -0.083984 1309541326.398131
0.125977 0.869141 -0.083008 1309541326.442138
0.115234 0.873047 -0.085938 1309541326.470141
0.104492 0.871094 -0.076172 1309541326.493136
0.104492 0.861328 -0.017578 1309541326.536138
0.102539 0.824219 -0.097656 1309541326.560142
0.087891 0.884766 -0.036133 1309541326.605142
0.079102 0.876953 -0.031250 1309541326.627137
0.058594 0.873047 -0.043945 1309541326.673143
0.093750 0.871094 -0.055664 1309541326.695149
0.074219 0.857422 -0.018555 1309541326.720143
0.096680 0.871094 -0.039062 1309541326.766143
0.105469 0.875000 -0.048828 1309541326.788148
0.135742 0.892578 -0.054688 1309541326.836143
0.132812 0.855469 -0.066406 1309541326.868138
0.116211 0.842773 -0.044922 1309541326.905143
0.104492 0.840820 -0.040039 1309541326.907141
0.118164 0.893555 -0.057617 1309541326.947155
0.092773 0.878906 -0.055664 1309541326.996147
0.096680 0.869141 -0.057617 1309541327.017148
0.129883 0.874023 -0.070312 1309541327.063146
0.115234 0.906250 -0.051758 1309541327.090154
0.130859 0.906250 -0.051758 1309541327.111155
0.106445 0.877930 -0.036133 1309541327.143153
0.112305 0.840820 -0.086914 1309541327.186155
0.138672 0.872070 -0.083008 1309541327.210146
0.122070 0.859375 -0.093750 1309541327.253147
0.118164 0.855469 -0.050781 1309541327.275156
0.116211 0.840820 -0.076172 1309541327.296150
0.092773 0.890625 -0.049805 1309541327.341124
0.102539 0.872070 -0.053711 1309541327.366155
0.105469 0.861328 -0.046875 1309541327.396157
0.104492 0.878906 -0.030273 1309541327.427164
0.097656 0.866211 -0.064453 1309541327.482159
0.069336 0.839844 -0.023438 1309541327.543162
0.081055 0.861328 -0.023438 1309541327.544497
0.091797 0.861328 -0.057617 1309541327.567152
0.077148 0.860352 -0.071289 1309541327.603162
0.118164 0.876953 -0.045898 1309541327.627156
0.078125 0.877930 -0.086914 1309541327.651156
0.113281 0.856445 -0.078125 1309541327.703187
0.125977 0.857422 -0.079102 1309541327.726158
0.141602 0.866211 -0.066406 1309541327.748159
0.114258 0.878906 -0.088867 1309541327.791159
0.122070 0.890625 -0.051758 1309541327.835165
0.105469 0.841797 -0.051758 1309541327.858163
0.119141 0.859375 -0.063477 1309541327.892161
0.096680 0.849609 -0.065430 1309541327.921147
0.067383 0.882812 -0.065430 1309541327.965164
0.125000 0.864258 -0.039062 1309541327.986161
0.068359 0.861328 -0.072266 1309541328.037160
0.053711 0.890625 -0.072266 1309541328.039158
0.043945 0.875000 -0.027344 1309541328.079170
0.080078 0.828125 -0.042969 1309541328.125176
0.078125 0.878906 -0.042969 1309541328.146167
0.080078 0.839844 -0.050781 1309541328.191175
0.108398 0.876953 -0.070312 1309541328.233173
0.144531 0.875000 -0.086914 1309541328.235167
0.082031 0.870117 -0.088867 1309541328.281173
0.124023 0.861328 -0.083984 1309541328.325173
0.110352 0.850586 -0.100586 1309541328.348173
0.116211 0.857422 -0.044922 1309541328.376173
0.120117 0.851562 -0.050781 1309541328.398174
0.123047 0.860352 -0.079102 1309541328.441174
0.119141 0.867188 -0.064453 1309541328.483178
0.135742 0.876953 -0.074219 1309541328.505178
0.121094 0.857422 -0.096680 1309541328.527180
0.098633 0.863281 -0.064453 1309541328.570175
0.097656 0.849609 -0.071289 1309541328.592176
0.102539 0.873047 -0.049805 1309541328.616178
0.079102 0.866211 -0.070312 1309541328.661149
0.086914 0.882812 -0.041016 1309541328.706175
0.100586 0.874023 -0.055664 1309541328.730187
0.103516 0.842773 -0.074219 1309541328.820182
0.041016 0.867188 -0.055664 1309541328.821157
0.080078 0.878906 -0.060547 1309541328.842186
0.085938 0.876953 -0.079102 1309541328.853182
0.076172 0.866211 -0.028320 1309541328.897182
0.083008 0.854492 -0.083984 1309541328.920185
0.079102 0.879883 -0.053711 1309541328.941170
0.040039 0.882812 -0.072266 1309541328.985191
0.099609 0.869141 -0.076172 1309541329.033184
0.088867 0.850586 -0.043945 1309541329.057192
0.093750 0.843750 -0.094727 1309541329.081186
0.086914 0.875000 -0.105469 1309541329.103194
0.068359 0.869141 -0.127930 1309541329.135190
0.098633 0.869141 -0.127930 1309541329.177202
0.097656 0.868164 -0.124023 1309541329.216188
0.074219 0.901367 -0.090820 1309541329.238190
0.059570 0.854492 -0.082031 1309541329.281168
0.091797 0.858398 -0.102539 1309541329.305197
0.064453 0.849609 -0.058594 1309541329.333192
0.081055 0.895508 -0.058594 1309541329.355194
0.081055 0.877930 -0.075195 1309541329.402196
0.089844 0.851562 -0.037109 1309541329.448196
0.099609 0.836914 -0.083984 1309541329.470197
0.107422 0.888672 -0.052734 1309541329.516196
0.077148 0.876953 -0.078125 1309541329.517191
0.106445 0.874023 -0.059570 1309541329.575196
0.100586 0.880859 -0.083008 1309541329.596195
0.088867 0.845703 -0.095703 1309541329.638198
0.047852 0.891602 -0.083984 1309541329.663202
0.065430 0.871094 -0.117188 1309541329.686198
0.098633 0.889648 -0.082031 1309541329.731195
0.081055 0.866211 -0.103516 1309541329.752201
0.102539 0.875000 -0.074219 1309541329.796200
0.080078 0.876953 -0.106445 1309541329.820200
0.109375 0.862305 -0.054688 1309541329.846208
0.088867 0.861328 -0.060547 1309541329.890201
0.119141 0.857422 -0.060547 1309541329.913210
0.120117 0.885742 -0.099609 1309541329.963198
0.051758 0.867188 -0.087891 1309541329.987188
0.109375 0.878906 -0.091797 1309541330.012200
0.092773 0.865234 -0.064453 1309541330.087214
0.115234 0.857422 -0.091797 1309541330.115204
0.074219 0.873047 -0.091797 1309541330.135215
0.080078 0.871094 -0.096680 1309541330.137205
0.034180 0.882812 -0.082031 1309541330.182188
0.062500 0.886719 -0.077148 1309541330.203209
0.077148 0.859375 -0.087891 1309541330.251211
0.096680 0.847656 -0.076172 1309541330.275208
0.114258 0.842773 -0.098633 1309541330.296209
0.086914 0.843750 -0.034180 1309541330.341183
0.084961 0.871094 -0.075195 1309541330.388211
0.067383 0.882812 -0.061523 1309541330.411226
0.046875 0.874023 -0.067383 1309541330.432212
0.104492 0.871094 -0.047852 1309541330.456213
0.093750 0.853516 -0.118164 1309541330.502214
0.112305 0.877930 -0.093750 1309541330.525218
0.102539 0.830078 -0.084961 1309541330.568215
0.115234 0.886719 -0.111328 1309541330.613218
0.073242 0.879883 -0.099609 1309541330.635217
0.095703 0.881836 -0.103516 1309541330.657216
0.091797 0.842773 -0.071289 1309541330.700200
0.082031 0.856445 -0.055664 1309541330.721221
0.091797 0.882812 -0.041016 1309541330.767220
0.048828 0.862305 -0.034180 1309541330.788220
0.089844 0.871094 -0.076172 1309541330.833220
0.083984 0.858398 -0.078125 1309541330.838221
0.121094 0.855469 -0.063477 1309541330.897218
0.121094 0.830078 -0.109375 1309541330.918223
0.092773 0.861328 -0.039062 1309541330.953224
0.076172 0.869141 -0.070312 1309541330.996230
0.069336 0.867188 -0.051758 1309541331.020227
0.056641 0.868164 -0.062500 1309541331.045231
0.112305 0.868164 -0.062500 1309541331.091229
0.095703 0.873047 -0.070312 1309541331.115226
0.085938 0.865234 -0.064453 1309541331.136225
0.118164 0.870117 -0.059570 1309541331.198225
0.081055 0.878906 -0.083008 1309541331.200228
0.139648 0.878906 -0.083008 1309541331.231227
0.120117 0.855469 -0.053711 1309541331.282225
0.134766 0.865234 -0.079102 1309541331.306232
0.146484 0.871094 -0.079102 1309541331.330237
0.098633 0.859375 -0.079102 1309541331.397234
0.111328 0.871094 -0.086914 1309541331.417232
0.095703 0.842773 -0.086914 1309541331.419229
0.082031 0.826172 -0.059570 1309541331.480231
0.111328 0.875000 -0.069336 1309541331.502239
0.074219 0.867188 -0.065430 1309541331.523232
0.102539 0.851562 -0.046875 1309541331.568237
0.102539 0.863281 -0.070312 1309541331.592236
0.119141 0.879883 -0.064453 1309541331.615232
0.058594 0.854492 -0.064453 1309541331.660237
0.082031 0.866211 -0.052734 1309541331.707238
0.107422 0.878906 -0.069336 1309541331.713246
0.053711 0.875000 -0.047852 1309541331.750240
0.094727 0.863281 -0.101562 1309541331.776239
0.088867 0.873047 -0.101562 1309541331.815240
0.098633 0.894531 -0.068359 1309541331.858238
0.083984 0.858398 -0.082031 1309541331.882243
0.118164 0.881836 -0.073242 1309541331.930244
0.061523 0.885742 -0.076172 1309541331.952230
0.112305 0.884766 -0.076172 1309541331.976260
0.117188 0.859375 -0.088867 1309541332.023244
0.104492 0.863281 -0.082031 1309541332.046245
0.097656 0.845703 -0.061523 1309541332.070254
0.081055 0.862305 -0.078125 1309541332.115246
0.108398 0.876953 -0.086914 1309541332.138244
0.118164 0.875000 -0.079102 1309541332.167247
0.064453 0.887695 -0.071289 1309541332.216245
0.083984 0.870117 -0.071289 1309541332.242247
0.083984 0.875000 -0.094727 1309541332.266246
0.096680 0.847656 -0.072266 1309541332.291247
0.090820 0.904297 -0.056641 1309541332.335259
0.090820 0.904297 -0.056641 1309541332.357246
0.093750 0.866211 -0.083984 1309541332.401248
