0.061523 0.855469 -0.002930 1311031618.782214
0.028320 0.875977 -0.013672 1311031618.783206
0.035156 0.845703 -0.013672 1311031618.827217
0.035156 0.845703 -0.013672 1311031618.848221
0.083984 0.853516 -0.012695 1311031618.902169
0.092773 0.843750 -0.029297 1311031618.932176
0.013672 0.883789 0.000000 1311031618.955185
0.084961 0.835938 0.009766 1311031618.977169
0.055664 0.805664 0.010742 1311031619.001229
0.050781 0.850586 0.010742 1311031619.069161
0.081055 0.868164 0.006836 1311031619.090206
0.045898 0.824219 0.052734 1311031619.136223
0.005859 0.838867 0.035156 1311031619.137209
0.025391 0.853516 0.033203 1311031619.186188
0.041016 0.865234 0.006836 1311031619.213190
0.041016 0.865234 0.006836 1311031619.237229
0.047852 0.859375 0.065430 1311031619.272220
0.086914 0.827148 0.054688 1311031619.336199
0.105469 0.820312 -0.032227 1311031619.355220
0.049805 0.897461 0.020508 1311031619.378223
0.096680 0.847656 0.001953 1311031619.401226
0.103516 0.847656 0.001953 1311031619.424198
0.052734 0.873047 -0.043945 1311031619.467231
-0.005859 0.844727 -0.066406 1311031619.521238
0.009766 0.819336 -0.020508 1311031619.547238
0.059570 0.832031 0.015625 1311031619.567164
0.084961 0.832031 0.015625 1311031619.590234
0.051758 0.894531 -0.015625 1311031619.621234
0.074219 0.855469 0.019531 1311031619.675219
0.061523 0.855469 -0.015625 1311031619.703231
0.011719 0.862305 0.018555 1311031619.723234
0.014648 0.839844 0.008789 1311031619.746242
0.041992 0.839844 0.008789 1311031619.788235
0.056641 0.875000 -0.049805 1311031619.821238
0.012695 0.841797 -0.008789 1311031619.852234
0.015625 0.832031 0.012695 1311031619.890237
-0.023438 0.835938 -0.000977 1311031619.916248
-0.022461 0.878906 0.011719 1311031619.938225
-0.022461 0.878906 0.011719 1311031619.983242
-0.002930 0.876953 0.008789 1311031620.028244
0.024414 0.854492 0.017578 1311031620.071219
0.004883 0.882812 0.014648 1311031620.093239
-0.036133 0.847656 -0.015625 1311031620.116251
0.005859 0.875000 -0.005859 1311031620.141243
0.008789 0.836914 -0.005859 1311031620.164236
-0.041016 0.836914 -0.005859 1311031620.206234
-0.015625 0.856445 -0.039062 1311031620.243238
0.060547 0.859375 -0.007812 1311031620.265242
0.055664 0.807617 0.000000 1311031620.311175
0.090820 0.832031 0.000000 1311031620.328247
0.039062 0.802734 -0.007812 1311031620.392249
0.126953 0.935547 0.002930 1311031620.413246
0.051758 0.806641 0.060547 1311031620.438250
0.131836 0.879883 0.030273 1311031620.462257
0.044922 0.789062 0.001953 1311031620.505247
0.061523 0.851562 -0.017578 1311031620.530251
0.077148 0.861328 0.005859 1311031620.557249
0.063477 0.860352 -0.017578 1311031620.603258
0.055664 0.845703 -0.034180 1311031620.625217
0.055664 0.880859 0.005859 1311031620.668253
0.041992 0.851562 0.000000 1311031620.690248
0.041992 0.851562 0.000000 1311031620.713248
-0.050781 0.862305 -0.019531 1311031620.761254
-0.041016 0.880859 0.018555 1311031620.831250
0.053711 0.864258 0.012695 1311031620.832254
-0.050781 0.833984 0.037109 1311031620.853255
-0.013672 0.857422 0.061523 1311031620.873194
0.236328 0.857422 0.061523 1311031620.905200
0.000000 0.833984 0.028320 1311031620.951259
0.062500 0.833008 -0.030273 1311031620.997259
0.054688 0.804688 0.006836 1311031621.020262
0.086914 0.842773 -0.032227 1311031621.046264
-0.007812 0.865234 -0.029297 1311031621.066247
0.008789 0.870117 -0.029297 1311031621.110192
0.066406 0.885742 -0.022461 1311031621.160263
0.050781 0.841797 0.014648 1311031621.186261
0.055664 0.863281 -0.014648 1311031621.212263
0.063477 0.882812 0.000000 1311031621.235264
0.081055 0.827148 -0.002930 1311031621.258266
0.091797 0.767578 -0.006836 1311031621.303267
0.127930 0.767578 -0.006836 1311031621.336266
0.054688 0.859375 0.027344 1311031621.377268
0.057617 0.856445 0.008789 1311031621.413269
0.025391 0.884766 -0.010742 1311031621.421266
0.019531 0.867188 0.036133 1311031621.456217
0.026367 0.830078 0.020508 1311031621.501269
0.050781 0.808594 -0.017578 1311031621.545269
0.083008 0.852539 -0.003906 1311031621.568267
0.071289 0.823242 0.026367 1311031621.591234
0.055664 0.831055 0.033203 1311031621.635260
0.047852 0.839844 0.030273 1311031621.660272
0.031250 0.872070 -0.013672 1311031621.686274
0.029297 0.865234 0.050781 1311031621.731277
0.014648 0.829102 0.054688 1311031621.752275
0.044922 0.822266 0.026367 1311031621.782277
-0.015625 0.854492 0.016602 1311031621.833275
0.014648 0.814453 0.026367 1311031621.856282
0.014648 0.809570 0.029297 1311031621.878267
0.048828 0.874023 0.000000 1311031621.922247
0.030273 0.853516 0.033203 1311031621.952281
0.006836 0.804688 -0.004883 1311031621.980236
0.067383 0.869141 -0.049805 1311031622.000280
-0.070312 0.856445 -0.000977 1311031622.043247
0.034180 0.850586 -0.005859 1311031622.121279
0.053711 0.876953 -0.032227 1311031622.142290
0.005859 0.871094 0.011719 1311031622.161275
0.045898 0.843750 -0.021484 1311031622.205239
0.065430 0.867188 0.017578 1311031622.228240
0.085938 0.791992 0.017578 1311031622.234245
0.070312 0.857422 0.026367 1311031622.275285
-0.069336 0.814453 -0.261719 1311031622.300337
0.111328 0.854492 0.153320 1311031622.341285
0.005859 0.824219 0.017578 1311031622.363290
-0.021484 0.861328 0.067383 1311031622.413287
0.094727 0.859375 0.056641 1311031622.436286
0.073242 0.812500 0.088867 1311031622.458283
0.050781 0.879883 -0.005859 1311031622.502278
0.078125 0.865234 0.017578 1311031622.523288
0.130859 0.819336 0.010742 1311031622.590289
0.122070 0.923828 0.010742 1311031622.591286
0.122070 0.923828 0.010742 1311031622.616291
0.018555 0.908203 -0.009766 1311031622.653292
0.024414 0.857422 -0.008789 1311031622.700258
0.035156 0.820312 -0.001953 1311031622.723294
-0.023438 0.826172 0.005859 1311031622.761291
-0.050781 0.826172 0.032227 1311031622.783299
-0.055664 0.875000 0.032227 1311031622.805294
-0.037109 0.825195 0.050781 1311031622.862295
0.022461 0.839844 0.034180 1311031622.883296
0.123047 0.843750 0.031250 1311031622.906296
0.081055 0.840820 0.045898 1311031622.953235
0.095703 0.840820 0.045898 1311031622.975299
0.105469 0.853516 0.041016 1311031623.018225
0.104492 0.832031 0.044922 1311031623.041296
0.030273 0.856445 0.020508 1311031623.086231
0.072266 0.876953 0.031250 1311031623.110245
0.058594 0.842773 0.015625 1311031623.152298
0.086914 0.853516 0.048828 1311031623.171303
0.073242 0.854492 0.034180 1311031623.197309
0.074219 0.873047 0.001953 1311031623.240307
0.075195 0.823242 0.025391 1311031623.263294
0.038086 0.853516 0.030273 1311031623.308302
0.078125 0.810547 0.013672 1311031623.331307
0.078125 0.810547 0.013672 1311031623.377318
0.029297 0.873047 0.021484 1311031623.416305
0.017578 0.864258 0.045898 1311031623.440308
0.077148 0.833984 0.033203 1311031623.461305
0.059570 0.857422 0.005859 1311031623.482310
0.083008 0.832031 0.005859 1311031623.524315
0.092773 0.845703 0.005859 1311031623.548319
0.092773 0.845703 0.042969 1311031623.605309
0.013672 0.838867 0.061523 1311031623.627312
0.010742 0.802734 0.066406 1311031623.671310
0.045898 0.837891 0.066406 1311031623.693307
0.009766 0.837891 0.066406 1311031623.715302
0.043945 0.845703 0.050781 1311031623.762257
0.054688 0.850586 0.029297 1311031623.786296
0.046875 0.849609 0.067383 1311031623.831317
0.049805 0.829102 -0.007812 1311031623.856321
0.016602 0.851562 0.004883 1311031623.877314
0.044922 0.875000 0.028320 1311031623.901315
0.070312 0.865234 -0.026367 1311031623.946319
0.083984 0.826172 -0.031250 1311031623.973314
0.032227 0.833984 -0.027344 1311031624.003314
0.065430 0.851562 -0.016602 1311031624.048262
0.063477 0.827148 -0.034180 1311031624.071266
0.063477 0.827148 -0.034180 1311031624.095313
0.036133 0.875000 0.021484 1311031624.140314
0.061523 0.839844 0.033203 1311031624.186322
0.124023 0.787109 0.063477 1311031624.207279
0.085938 0.855469 -0.069336 1311031624.252322
0.019531 0.842773 -0.002930 1311031624.253313
0.082031 0.842773 -0.002930 1311031624.298325
0.053711 0.886719 0.021484 1311031624.345322
0.107422 0.827148 0.050781 1311031624.361333
0.093750 0.853516 0.014648 1311031624.408325
0.038086 0.854492 -0.005859 1311031624.431319
0.075195 0.851562 -0.005859 1311031624.454327
0.089844 0.846680 -0.000977 1311031624.498318
0.116211 0.852539 -0.031250 1311031624.521314
0.001953 0.855469 -0.056641 1311031624.563329
0.018555 0.896484 -0.035156 1311031624.586330
0.071289 0.847656 -0.048828 1311031624.630327
0.014648 0.842773 0.045898 1311031624.707251
-0.018555 0.822266 0.018555 1311031624.730331
0.002930 0.835938 0.055664 1311031624.752333
0.021484 0.867188 0.064453 1311031624.753324
0.048828 0.875000 0.086914 1311031624.773270
0.037109 0.801758 0.049805 1311031624.817333
0.037109 0.801758 0.049805 1311031624.838304
0.049805 0.853516 0.053711 1311031624.885334
0.089844 0.828125 0.060547 1311031624.927339
0.105469 0.844727 -0.011719 1311031624.948290
0.049805 0.865234 0.020508 1311031624.970340
0.044922 0.843750 -0.007812 1311031625.015331
0.063477 0.783203 -0.070312 1311031625.058273
-0.036133 0.889648 -0.022461 1311031625.081332
0.114258 0.851562 -0.018555 1311031625.102330
0.073242 0.855469 0.001953 1311031625.163326
0.063477 0.846680 -0.000977 1311031625.167327
0.084961 0.787109 -0.033203 1311031625.217339
0.062500 0.853516 -0.033203 1311031625.229308
0.062500 0.853516 -0.033203 1311031625.256349
0.067383 0.835938 -0.027344 1311031625.305340
0.039062 0.877930 -0.009766 1311031625.327343
0.019531 0.857422 -0.003906 1311031625.372344
0.062500 0.809570 -0.018555 1311031625.395346
0.062500 0.809570 -0.018555 1311031625.440351
0.041992 0.837891 0.024414 1311031625.452350
0.039062 0.881836 0.041016 1311031625.501301
0.069336 0.842773 0.041992 1311031625.525348
0.084961 0.880859 0.043945 1311031625.583342
0.037109 0.837891 0.043945 1311031625.598351
0.037109 0.837891 0.043945 1311031625.621350
-0.010742 0.855469 0.018555 1311031625.665317
-0.036133 0.901367 0.014648 1311031625.686330
-0.021484 0.857422 0.063477 1311031625.708291
0.025391 0.829102 0.020508 1311031625.777355
-0.041016 0.829102 0.020508 1311031625.790340
0.026367 0.875000 -0.028320 1311031625.822353
0.102539 0.793945 0.027344 1311031625.846354
0.126953 0.798828 -0.025391 1311031625.875354
0.151367 0.861328 0.007812 1311031625.911354
0.100586 0.833984 -0.054688 1311031625.987367
0.065430 0.872070 -0.009766 1311031625.989295
0.138672 0.837891 0.016602 1311031626.007351
0.072266 0.852539 -0.004883 1311031626.049358
0.014648 0.882812 -0.008789 1311031626.071324
-0.004883 0.860352 0.018555 1311031626.096294
0.018555 0.818359 -0.004883 1311031626.138355
0.024414 0.809570 0.014648 1311031626.182348
0.040039 0.835938 0.039062 1311031626.205358
0.087891 0.907227 0.037109 1311031626.230358
0.050781 0.897461 0.029297 1311031626.272342
0.074219 0.887695 0.022461 1311031626.296351
0.129883 0.842773 0.000000 1311031626.320351
0.081055 0.850586 -0.012695 1311031626.366362
0.073242 0.876953 -0.030273 1311031626.390365
0.076172 0.835938 -0.044922 1311031626.433360
0.023438 0.871094 -0.017578 1311031626.456366
0.047852 0.847656 -0.017578 1311031626.498362
0.016602 0.857422 -0.017578 1311031626.521329
0.006836 0.871094 -0.013672 1311031626.565370
-0.043945 0.860352 0.053711 1311031626.588355
-0.042969 0.833008 0.024414 1311031626.613329
-0.032227 0.810547 0.047852 1311031626.662364
-0.076172 0.860352 0.039062 1311031626.686365
0.011719 0.871094 0.060547 1311031626.708321
0.125000 0.796875 0.031250 1311031626.762369
0.108398 0.824219 -0.000977 1311031626.783365
0.116211 0.869141 -0.000977 1311031626.825360
0.092773 0.854492 0.031250 1311031626.850361
0.082031 0.858398 -0.022461 1311031626.878339
0.066406 0.858398 -0.022461 1311031626.900302
0.084961 0.851562 0.012695 1311031626.958364
0.025391 0.811523 -0.043945 1311031626.982377
0.027344 0.876953 -0.015625 1311031627.001375
0.080078 0.814453 -0.071289 1311031627.046376
0.054688 0.838867 -0.025391 1311031627.067343
0.073242 0.838867 -0.025391 1311031627.090311
0.093750 0.856445 0.007812 1311031627.134351
0.046875 0.814453 0.008789 1311031627.180376
0.075195 0.832031 0.000977 1311031627.211316
0.066406 0.889648 0.002930 1311031627.288368
0.078125 0.785156 0.029297 1311031627.291366
0.077148 0.841797 0.046875 1311031627.293366
0.111328 0.835938 0.026367 1311031627.337384
0.092773 0.863281 0.046875 1311031627.362327
0.116211 0.796875 0.039062 1311031627.395347
0.102539 0.847656 -0.004883 1311031627.417364
0.058594 0.873047 0.070312 1311031627.467329
0.063477 0.837891 0.041016 1311031627.491350
0.031250 0.833984 0.052734 1311031627.533313
0.007812 0.799805 0.045898 1311031627.555377
-0.043945 0.833008 0.091797 1311031627.603352
0.055664 0.809570 0.067383 1311031627.627377
0.008789 0.870117 0.067383 1311031627.648339
-0.006836 0.858398 0.062500 1311031627.692386
0.065430 0.863281 0.011719 1311031627.715364
0.062500 0.861328 -0.068359 1311031627.757388
0.068359 0.860352 -0.028320 1311031627.781392
0.061523 0.858398 0.017578 1311031627.806391
0.123047 0.858398 0.017578 1311031627.848396
0.111328 0.841797 -0.060547 1311031627.953349
0.106445 0.890625 -0.010742 1311031627.987394
0.289062 0.924805 0.057617 1311031627.991397
0.034180 1.000000 0.018555 1311031628.007397
0.002930 0.779297 0.116211 1311031628.008334
