-0.060547 0.765625 0.247070 1310510832.255535
-0.053711 0.761719 0.251953 1310510832.289530
-0.045898 0.766602 0.258789 1310510832.334602
-0.068359 0.771484 0.287109 1310510832.357534
-0.041016 0.735352 0.272461 1310510832.412568
-0.053711 0.724609 0.265625 1310510832.434570
-0.038086 0.733398 0.240234 1310510832.499565
-0.057617 0.733398 0.240234 1310510832.500547
-0.049805 0.741211 0.252930 1310510832.550574
-0.057617 0.757812 0.263672 1310510832.572570
-0.038086 0.749023 0.248047 1310510832.573604
-0.045898 0.753906 0.283203 1310510832.608612
-0.041992 0.750000 0.260742 1310510832.653554
-0.041016 0.787109 0.274414 1310510832.677614
-0.089844 0.761719 0.261719 1310510832.723603
-0.056641 0.769531 0.246094 1310510832.752515
-0.078125 0.738281 0.241211 1310510832.777585
-0.076172 0.764648 0.236328 1310510832.809592
-0.103516 0.752930 0.212891 1310510832.843554
-0.066406 0.744141 0.266602 1310510832.887610
-0.037109 0.719727 0.258789 1310510832.913532
-0.021484 0.695312 0.231445 1310510832.939554
-0.022461 0.783203 0.273438 1310510832.975622
0.008789 0.789062 0.285156 1310510833.010578
-0.032227 0.766602 0.269531 1310510833.037534
-0.036133 0.785156 0.260742 1310510833.083537
-0.082031 0.747070 0.280273 1310510833.104517
-0.045898 0.710938 0.248047 1310510833.198558
-0.016602 0.739258 0.265625 1310510833.200537
-0.019531 0.763672 0.220703 1310510833.214583
-0.032227 0.751953 0.220703 1310510833.216615
-0.037109 0.771484 0.293945 1310510833.292583
-0.024414 0.791016 0.258789 1310510833.334568
-0.020508 0.717773 0.278320 1310510833.343624
-0.059570 0.738281 0.284180 1310510833.388627
-0.076172 0.724609 0.261719 1310510833.393573
-0.037109 0.749023 0.261719 1310510833.415625
-0.062500 0.751953 0.272461 1310510833.484582
-0.045898 0.759766 0.264648 1310510833.507584
-0.073242 0.759766 0.274414 1310510833.519554
-0.079102 0.688477 0.291016 1310510833.568545
-0.051758 0.728516 0.234375 1310510833.593545
-0.038086 0.697266 0.286133 1310510833.613543
0.009766 0.737305 0.286133 1310510833.635561
-0.016602 0.737305 0.286133 1310510833.678570
-0.054688 0.797852 0.316406 1310510833.730530
-0.056641 0.777344 0.285156 1310510833.767610
0.026367 0.725586 0.277344 1310510833.793553
-0.006836 0.718750 0.262695 1310510833.832568
-0.123047 0.780273 0.260742 1310510833.847638
-0.012695 0.775391 0.278320 1310510833.870569
-0.036133 0.738281 0.321289 1310510833.902550
-0.049805 0.721680 0.291992 1310510833.934586
-0.026367 0.757812 0.278320 1310510833.962588
-0.014648 0.738281 0.267578 1310510834.009569
-0.017578 0.689453 0.302734 1310510834.052599
-0.004883 0.706055 0.268555 1310510834.139552
-0.061523 0.752930 0.273438 1310510834.274583
-0.076172 0.797852 0.273438 1310510834.319575
-0.075195 0.740234 0.292969 1310510834.355640
-0.028320 0.713867 0.323242 1310510834.404643
-0.012695 0.705078 0.267578 1310510834.544650
-0.066406 0.757812 0.271484 1310510834.565574
-0.145508 0.808594 0.274414 1310510834.623644
-0.014648 0.714844 0.274414 1310510834.775581
-0.043945 0.734375 0.274414 1310510834.798567
-0.048828 0.767578 0.274414 1310510834.806572
-0.026367 0.753906 0.286133 1310510834.935560
-0.000977 0.761719 0.289062 1310510834.974609
0.005859 0.697266 0.329102 1310510834.997592
-0.007812 0.753906 0.278320 1310510835.060664
-0.010742 0.503906 0.278320 1310510835.062768
-0.046875 0.736328 0.296875 1310510835.077599
-0.068359 0.779297 0.295898 1310510835.132584
-0.032227 0.755859 0.276367 1310510835.153568
0.009766 0.731445 0.291992 1310510835.233578
-0.021484 0.729492 0.280273 1310510835.292543
-0.073242 0.753906 0.282227 1310510835.293581
