-0.068359 0.677734 0.289062 1310510600.730060
-0.068359 0.677734 0.289062 1310510600.744034
-0.082031 0.746094 0.275391 1310510600.790017
-0.068359 0.748047 0.286133 1310510600.836052
-0.066406 0.721680 0.275391 1310510600.859095
-0.077148 0.742188 0.260742 1310510600.889025
-0.034180 0.765625 0.256836 1310510600.902087
-0.044922 0.737305 0.323242 1310510601.029042
-0.042969 0.741211 0.264648 1310510601.031166
-0.082031 0.716797 0.275391 1310510601.032022
-0.082031 0.726562 0.278320 1310510601.055052
-0.100586 0.791992 0.347656 1310510601.096053
-0.076172 0.756836 0.226562 1310510601.097003
-0.054688 0.757812 0.254883 1310510601.142050
-0.040039 0.714844 0.278320 1310510601.185034
-0.074219 0.713867 0.283203 1310510601.206047
-0.084961 0.753906 0.312500 1310510601.231028
-0.082031 0.744141 0.291016 1310510601.267041
-0.104492 0.755859 0.291016 1310510601.292029
-0.071289 0.746094 0.273438 1310510601.337008
-0.051758 0.705078 0.264648 1310510601.362103
-0.078125 0.739258 0.272461 1310510601.406064
-0.092773 0.764648 0.236328 1310510601.429107
-0.124023 0.725586 0.260742 1310510601.451054
-0.067383 0.732422 0.260742 1310510601.492045
-0.084961 0.726562 0.287109 1310510601.534055
-0.119141 0.733398 0.253906 1310510601.560106
-0.067383 0.770508 0.277344 1310510601.611067
-0.056641 0.779297 0.265625 1310510601.624034
-0.030273 0.711914 0.245117 1310510601.650118
-0.030273 0.711914 0.245117 1310510601.672013
-0.012695 0.795898 0.293945 1310510601.720117
-0.037109 0.767578 0.280273 1310510601.770113
-0.039062 0.743164 0.246094 1310510601.777035
-0.064453 0.804688 0.291016 1310510601.821111
-0.044922 0.782227 0.256836 1310510601.846041
-0.027344 0.767578 0.256836 1310510601.868032
0.012695 0.742188 0.211914 1310510601.925054
0.005859 0.713867 0.232422 1310510601.939051
-0.008789 0.763672 0.286133 1310510601.970124
-0.044922 0.752930 0.287109 1310510602.002128
-0.025391 0.765625 0.279297 1310510602.027121
-0.048828 0.717773 0.252930 1310510602.081041
-0.118164 0.729492 0.260742 1310510602.124076
-0.089844 0.710938 0.284180 1310510602.146055
-0.126953 0.722656 0.271484 1310510602.169065
-0.125977 0.718750 0.280273 1310510602.201108
-0.152344 0.724609 0.304688 1310510602.274087
-0.156250 0.757812 0.250000 1310510602.292110
-0.090820 0.673828 0.257812 1310510602.294033
-0.082031 0.711914 0.273438 1310510602.379058
-0.047852 0.712891 0.323242 1310510602.414078
-0.107422 0.728516 0.310547 1310510602.469125
-0.064453 0.708984 0.285156 1310510602.499068
-0.044922 0.749023 0.309570 1310510602.507150
0.000977 0.755859 0.263672 1310510602.509125
0.019531 0.774414 0.259766 1310510602.594160
0.063477 0.728516 0.286133 1310510602.616046
-0.037109 0.879883 0.152344 1310510602.636126
-0.037109 0.879883 0.152344 1310510602.637114
-0.039062 0.639648 0.226562 1310510602.659140
-0.018555 0.752930 0.329102 1310510602.692046
-0.061523 0.744141 0.339844 1310510602.804086
-0.025391 0.763672 0.309570 1310510602.805076
0.013672 0.755859 0.285156 1310510602.824151
-0.024414 0.666992 0.267578 1310510602.825092
-0.121094 0.717773 0.263672 1310510603.011128
-0.088867 0.717773 0.263672 1310510603.029135
-0.145508 0.753906 0.344727 1310510603.067068
-0.178711 0.710938 0.313477 1310510603.109146
-0.122070 0.695312 0.286133 1310510603.110137
-0.065430 0.734375 0.323242 1310510603.166083
-0.099609 0.709961 0.297852 1310510603.167143
-0.063477 0.722656 0.291992 1310510603.221100
-0.021484 0.732422 0.291016 1310510603.235136
-0.019531 0.761719 0.321289 1310510603.256090
0.028320 0.760742 0.253906 1310510603.257053
0.016602 0.744141 0.253906 1310510603.262058
0.004883 0.751953 0.284180 1310510603.270073
0.067383 0.758789 0.291992 1310510603.282149
0.014648 0.764648 0.269531 1310510603.304079
-0.027344 0.761719 0.263672 1310510603.325058
0.002930 0.750977 0.263672 1310510603.348158
0.015625 0.759766 0.252930 1310510603.394150
0.014648 0.764648 0.244141 1310510603.437160
0.007812 0.798828 0.222656 1310510603.479149
0.011719 0.786133 0.245117 1310510603.482141
-0.009766 0.771484 0.256836 1310510603.669155
-0.048828 0.777344 0.224609 1310510603.683096
-0.064453 0.785156 0.275391 1310510603.705119
-0.068359 0.746094 0.246094 1310510603.735113
-0.047852 0.724609 0.222656 1310510603.891145
-0.034180 0.777344 0.288086 1310510603.969111
-0.063477 0.735352 0.289062 1310510604.021212
-0.063477 0.735352 0.289062 1310510604.034114
-0.057617 0.735352 0.289062 1310510604.038496
-0.017578 0.733398 0.337891 1310510604.067093
-0.025391 0.728516 0.314453 1310510604.069154
-0.024414 0.655273 0.291992 1310510604.070163
-0.028320 0.691406 0.358398 1310510604.079171
-0.002930 0.716797 0.330078 1310510604.087098
0.023438 0.731445 0.330078 1310510604.089154
-0.021484 0.710938 0.261719 1310510604.156153
-0.048828 0.710938 0.317383 1310510604.331083
-0.029297 0.738281 0.338867 1310510604.350092
0.027344 0.750977 0.300781 1310510604.353120
0.086914 0.761719 0.289062 1310510604.785053
0.070312 0.738281 0.258789 1310510604.867177
0.070312 0.738281 0.258789 1310510604.869176
0.000000 0.925781 0.453125 1310510604.914130
-0.238281 0.700195 0.001953 1310510604.955092
-0.047852 0.708984 0.169922 1310510604.956075
-0.030273 0.781250 0.366211 1310510604.956108
-0.034180 0.781250 0.366211 1310510604.956119
-0.073242 0.814453 0.314453 1310510605.005119
-0.049805 0.783203 0.312500 1310510605.049148
-0.162109 0.695312 0.215820 1310510605.071170
-0.123047 0.695312 0.215820 1310510605.077167
-0.099609 0.753906 0.334961 1310510605.092100
-0.072266 0.742188 0.315430 1310510605.108147
-0.057617 0.697266 0.318359 1310510605.131077
-0.036133 0.687500 0.321289 1310510605.145081
0.012695 0.717773 0.312500 1310510605.145092
-0.022461 0.712891 0.291992 1310510605.145098
-0.009766 0.765625 0.310547 1310510605.145181
-0.033203 0.761719 0.261719 1310510605.145187
-0.006836 0.748047 0.275391 1310510605.145193
-0.043945 0.755859 0.275391 1310510605.177105
-0.018555 0.800781 0.307617 1310510605.177122
-0.028320 0.714844 0.239258 1310510605.187095
-0.068359 0.744141 0.221680 1310510605.193067
0.008789 0.787109 0.249023 1310510605.198121
0.066406 0.775391 0.228516 1310510605.210108
0.083008 0.779297 0.210938 1310510605.352148
0.009766 0.775391 0.237305 1310510605.400160
0.005859 0.804688 0.236328 1310510605.633129
0.047852 0.804688 0.236328 1310510605.635091
0.035156 0.760742 0.249023 1310510605.656096
0.016602 0.766602 0.273438 1310510605.658087
0.038086 0.736328 0.258789 1310510605.708111
-0.023438 0.753906 0.255859 1310510605.802120
-0.041016 0.755859 0.275391 1310510605.822157
-0.045898 0.774414 0.284180 1310510605.837116
-0.023438 0.757812 0.283203 1310510605.855121
-0.028320 0.683594 0.239258 1310510605.855136
-0.041016 0.726562 0.315430 1310510605.855142
0.007812 0.722656 0.278320 1310510605.855147
0.017578 0.717773 0.326172 1310510605.900119
-0.022461 0.724609 0.296875 1310510605.905111
-0.053711 0.713867 0.319336 1310510605.920128
-0.034180 0.701172 0.317383 1310510606.280329
-0.046875 0.681641 0.297852 1310510606.346158
-0.082031 0.721680 0.284180 1310510606.348112
-0.069336 0.761719 0.302734 1310510606.368120
-0.026367 0.780273 0.303711 1310510606.420148
0.048828 0.775391 0.264648 1310510606.451119
0.070312 0.797852 0.225586 1310510606.465211
0.125977 0.972656 0.145508 1310510606.487132
0.125977 0.972656 0.145508 1310510606.488106
-0.051758 0.651367 0.129883 1310510606.527207
0.014648 0.714844 0.250000 1310510606.535225
-0.060547 0.833984 0.310547 1310510606.560165
-0.031250 0.749023 0.280273 1310510606.578158
0.021484 0.777344 0.271484 1310510606.580201
0.053711 0.705078 0.260742 1310510606.581202
0.016602 0.714844 0.249023 1310510606.601156
-0.047852 0.751953 0.269531 1310510606.603195
-0.032227 0.769531 0.270508 1310510606.603215
-0.045898 0.741211 0.308594 1310510606.603225
-0.054688 0.707031 0.337891 1310510606.603235
-0.079102 0.718750 0.328125 1310510606.603245
-0.023438 0.750000 0.330078 1310510606.603256
0.001953 0.738281 0.284180 1310510606.603287
-0.013672 0.754883 0.302734 1310510606.603297
0.033203 0.712891 0.274414 1310510606.613203
0.009766 0.766602 0.270508 1310510606.613222
-0.017578 0.736328 0.265625 1310510606.615128
-0.023438 0.757812 0.273438 1310510606.651140
-0.062500 0.765625 0.306641 1310510606.652105
-0.075195 0.758789 0.323242 1310510606.706214
-0.051758 0.742188 0.274414 1310510606.713475
-0.010742 0.748047 0.283203 1310510606.715136
0.049805 0.714844 0.250000 1310510606.715147
-0.007812 0.775391 0.293945 1310510606.726132
0.066406 0.731445 0.291992 1310510606.727121
0.054688 0.769531 0.264648 1310510606.748126
0.034180 0.752930 0.269531 1310510606.750123
0.058594 0.752930 0.269531 1310510606.757133
0.065430 0.742188 0.294922 1310510606.771218
0.043945 0.773438 0.284180 1310510606.803174
0.041992 0.751953 0.267578 1310510606.848135
0.038086 0.765625 0.304688 1310510606.872131
0.016602 0.744141 0.282227 1310510606.942175
-0.059570 0.753906 0.299805 1310510606.944211
-0.025391 0.749023 0.306641 1310510606.968213
-0.046875 0.753906 0.312500 1310510607.040161
-0.042969 0.733398 0.327148 1310510607.172223
-0.019531 0.740234 0.308594 1310510607.240135
-0.054688 0.735352 0.315430 1310510607.241139
-0.084961 0.701172 0.327148 1310510607.288169
-0.089844 0.733398 0.327148 1310510607.290149
-0.055664 0.703125 0.322266 1310510607.312179
-0.039062 0.699219 0.322266 1310510607.323161
-0.022461 0.712891 0.291016 1310510607.367142
0.008789 0.707031 0.322266 1310510607.572232
0.010742 0.705078 0.322266 1310510607.574172
0.001953 0.720703 0.291016 1310510607.591221
0.020508 0.790039 0.268555 1310510607.592211
-0.016602 0.767578 0.261719 1310510607.647165
0.063477 0.731445 0.298828 1310510607.667237
0.000000 0.763672 0.298828 1310510607.669220
-0.468750 0.628906 0.377930 1310510607.842173
-0.026367 0.639648 0.218750 1310510607.898144
0.135742 0.767578 0.257812 1310510607.965241
-0.004883 0.769531 0.351562 1310510608.050240
-0.069336 0.808594 0.351562 1310510608.072239
0.001953 0.772461 0.312500 1310510608.077176
-0.017578 0.748047 0.266602 1310510608.138191
-0.043945 0.666016 0.277344 1310510608.161175
-0.028320 0.772461 0.258789 1310510608.176204
-0.038086 0.794922 0.291016 1310510608.216180
-0.041016 0.761719 0.274414 1310510608.217150
-0.039062 0.750977 0.249023 1310510608.218151
-0.035156 0.748047 0.261719 1310510608.233157
-0.067383 0.777344 0.233398 1310510608.241167
-0.113281 0.759766 0.249023 1310510608.245243
-0.040039 0.789062 0.261719 1310510608.255156
-0.004883 0.755859 0.228516 1310510608.257152
-0.055664 0.713867 0.259766 1310510608.275149
-0.054688 0.733398 0.230469 1310510608.276142
-0.012695 0.741211 0.254883 1310510608.295154
-0.012695 0.773438 0.272461 1310510608.296153
0.021484 0.749023 0.309570 1310510608.297148
0.049805 0.781250 0.233398 1310510608.299178
0.017578 0.761719 0.262695 1310510608.322211
0.012695 0.749023 0.272461 1310510608.335218
-0.027344 0.783203 0.263672 1310510608.341238
0.038086 0.760742 0.280273 1310510608.376167
0.088867 0.764648 0.249023 1310510608.415174
0.059570 0.752930 0.299805 1310510608.416186
0.059570 0.752930 0.299805 1310510608.442191
0.060547 0.795898 0.240234 1310510608.493170
0.021484 0.801758 0.225586 1310510608.532218
-0.020508 0.785156 0.252930 1310510608.553251
0.059570 0.711914 0.275391 1310510608.608242
0.070312 0.711914 0.275391 1310510608.610245
0.038086 0.728516 0.289062 1310510608.802199
0.027344 0.766602 0.279297 1310510608.915202
-0.021484 0.765625 0.299805 1310510608.917194
0.006836 0.767578 0.296875 1310510608.932258
-0.031250 0.776367 0.301758 1310510608.955259
-0.021484 0.526367 0.301758 1310510608.956244
0.015625 0.758789 0.286133 1310510608.992250
-0.010742 0.781250 0.338867 1310510608.998218
-0.001953 0.734375 0.272461 1310510609.035161
0.008789 0.718750 0.290039 1310510609.036148
0.000000 0.715820 0.311523 1310510609.037169
-0.045898 0.730469 0.298828 1310510609.103182
-0.031250 0.731445 0.351562 1310510609.105167
-0.015625 0.716797 0.320312 1310510609.126158
-0.025391 0.690430 0.328125 1310510609.128172
-0.013672 0.708984 0.321289 1310510609.151177
0.065430 0.680664 0.330078 1310510609.172261
0.062500 0.683594 0.367188 1310510609.193263
0.078125 0.693359 0.367188 1310510609.216267
0.093750 0.708984 0.331055 1310510609.280262
