-0.073242 0.733398 0.240234 1310509790.877263
-0.105469 0.753906 0.260742 1310509790.913256
-0.105469 0.715820 0.271484 1310509791.029262
-0.142578 0.772461 0.270508 1310509791.055355
-0.152344 0.740234 0.240234 1310509791.100310
-0.097656 0.745117 0.274414 1310509791.234266
-0.140625 0.748047 0.266602 1310509791.244292
-0.152344 0.759766 0.266602 1310509791.265352
-0.127930 0.734375 0.272461 1310509791.287294
-0.126953 0.724609 0.279297 1310509791.313292
-0.099609 0.725586 0.253906 1310509791.333266
-0.094727 0.736328 0.273438 1310509791.383349
-0.123047 0.724609 0.281250 1310509791.404540
-0.090820 0.758789 0.304688 1310509791.422270
-0.123047 0.761719 0.277344 1310509791.422282
-0.119141 0.743164 0.261719 1310509791.422292
-0.147461 0.742188 0.297852 1310509791.422302
-0.150391 0.750977 0.257812 1310509791.422313
-0.116211 0.726562 0.257812 1310509791.515279
-0.116211 0.726562 0.257812 1310509791.523288
-0.122070 0.753906 0.272461 1310509791.569265
-0.123047 0.749023 0.263672 1310509791.658364
-0.118164 0.763672 0.272461 1310509791.709281
-0.083008 0.756836 0.287109 1310509791.733287
-0.099609 0.733398 0.268555 1310509791.734275
-0.106445 0.773438 0.264648 1310509791.754370
-0.117188 0.763672 0.278320 1310509791.757278
-0.130859 0.687500 0.247070 1310509791.772359
-0.130859 0.735352 0.284180 1310509791.777283
-0.133789 0.718750 0.268555 1310509791.803291
-0.140625 0.714844 0.260742 1310509791.805276
-0.131836 0.724609 0.271484 1310509791.807278
-0.163086 0.724609 0.264648 1310509791.823279
-0.151367 0.726562 0.287109 1310509791.828272
-0.184570 0.719727 0.282227 1310509791.829275
-0.232422 0.728516 0.287109 1310509791.847361
-0.252930 0.728516 0.329102 1310509791.849316
-0.198242 0.729492 0.315430 1310509791.867295
-0.036133 0.727539 0.312500 1310509791.929268
0.090820 0.695312 0.285156 1310509791.942386
0.198242 0.750977 0.287109 1310509791.943275
0.053711 0.775391 0.228516 1310509791.965311
-0.142578 0.792969 0.284180 1310509791.983312
-0.198242 0.740234 0.279297 1310509791.994320
-0.164062 0.751953 0.233398 1310509791.999285
-0.317383 0.755859 0.200195 1310509792.023310
-0.535156 0.838867 0.194336 1310509792.043278
-0.175781 0.756836 0.166992 1310509792.044267
0.248047 0.813477 0.166992 1310509792.067307
0.298828 0.775391 0.220703 1310509792.142317
0.182617 0.663086 0.266602 1310509792.162298
0.147461 0.828125 0.321289 1310509792.183320
-0.005859 0.845703 0.321289 1310509792.282298
-0.058594 0.747070 0.275391 1310509792.284347
-0.088867 0.712891 0.292969 1310509792.329282
-0.125000 0.710938 0.293945 1310509792.413303
-0.110352 0.767578 0.241211 1310509792.719303
-0.115234 0.741211 0.231445 1310509792.724385
-0.131836 0.687500 0.294922 1310509792.743383
-0.104492 0.713867 0.337891 1310509792.767430
0.178711 0.723633 0.458008 1310509792.778313
0.358398 0.920898 0.194336 1310509792.779287
-0.089844 0.855469 0.207031 1310509792.800384
-0.662109 0.568359 0.321289 1310509792.802369
-0.744141 0.452148 0.312500 1310509792.817394
-0.416016 0.652344 0.306641 1310509792.823293
-0.365234 0.692383 0.284180 1310509792.844331
-0.244141 0.707031 0.272461 1310509792.845305
-0.026367 0.718750 0.260742 1310509792.847377
0.151367 0.785156 0.314453 1310509792.849314
0.124023 0.768555 0.322266 1310509792.857328
0.042969 0.755859 0.322266 1310509792.868328
-0.001953 0.751953 0.324219 1310509792.907377
-0.008789 0.780273 0.288086 1310509792.915390
0.011719 0.823242 0.278320 1310509792.943304
-0.035156 0.805664 0.278320 1310509792.959381
-0.065430 0.736328 0.289062 1310509792.987289
-0.275391 0.736328 0.232422 1310509793.012298
-0.509766 0.864258 0.196289 1310509793.058388
-0.221680 0.767578 0.111328 1310509793.102401
0.270508 0.706055 0.161133 1310509793.165314
0.327148 0.828125 0.236328 1310509793.254329
0.236328 0.648438 0.237305 1310509793.269417
0.124023 0.746094 0.273438 1310509793.283438
0.025391 0.886719 0.340820 1310509793.312322
-0.066406 0.802734 0.339844 1310509793.333409
0.019531 0.687500 0.288086 1310509793.349335
-0.010742 0.705078 0.264648 1310509793.354359
-0.000977 0.807617 0.294922 1310509793.908410
-0.060547 0.807617 0.277344 1310509793.998361
-0.108398 0.766602 0.309570 1310509794.018405
-0.084961 0.740234 0.384766 1310509794.029303
-0.118164 0.720703 0.265625 1310509794.053341
-0.219727 0.690430 0.299805 1310509794.065412
-0.306641 0.679688 0.372070 1310509794.144314
-0.407227 0.629883 0.321289 1310509794.158357
-0.433594 0.646484 0.234375 1310509794.204349
-0.226562 0.692383 0.282227 1310509794.223408
0.217773 0.861328 0.412109 1310509794.247415
0.490234 1.035156 0.220703 1310509794.268324
0.000977 0.711914 0.300781 1310509794.268337
-0.462891 0.522461 0.372070 1310509794.268347
-0.474609 0.457031 0.305664 1310509794.268358
-0.276367 0.785156 0.319336 1310509794.268368
-0.185547 0.827148 0.279297 1310509794.268388
-0.079102 0.661133 0.250977 1310509794.268398
0.101562 0.689453 0.309570 1310509794.268409
0.203125 0.791992 0.264648 1310509794.268419
0.191406 0.815430 0.331055 1310509794.268446
0.084961 0.701172 0.410156 1310509794.292415
0.062500 0.684570 0.369141 1310509794.327404
0.128906 0.734375 0.383789 1310509794.370364
0.128906 0.734375 0.383789 1310509794.384329
0.101562 0.819336 0.327148 1310509794.443344
-0.036133 0.744141 0.277344 1310509794.469361
-0.363281 0.809570 0.229492 1310509794.515326
-0.771484 0.841797 0.237305 1310509794.588412
-0.125977 0.677734 0.174805 1310509794.603416
0.280273 0.725586 0.199219 1310509794.604409
0.241211 0.724609 0.253906 1310509794.738429
0.214844 0.680664 0.214844 1310509794.763334
0.084961 0.759766 0.315430 1310509794.783415
0.013672 0.833984 0.356445 1310509794.799380
-0.010742 0.756836 0.328125 1310509794.862324
-0.066406 0.667969 0.315430 1310509794.913369
-0.104492 0.739258 0.307617 1310509794.934383
-0.118164 0.732422 0.324219 1310509794.958431
-0.083008 0.732422 0.380859 1310509795.000417
-0.155273 0.719727 0.318359 1310509795.003336
-0.122070 0.666016 0.287109 1310509795.023366
0.048828 0.668945 0.416016 1310509795.044333
0.292969 0.864258 0.352539 1310509795.078357
0.209961 0.955078 0.194336 1310509795.087327
-0.279297 0.736328 0.180664 1310509795.088307
-0.611328 0.570312 0.296875 1310509795.098432
-0.458984 0.544922 0.296875 1310509795.110353
-0.375000 0.773438 0.201172 1310509795.135390
-0.329102 0.806641 0.261719 1310509795.135405
-0.238281 0.673828 0.227539 1310509795.135437
-0.081055 0.683594 0.244141 1310509795.155433
0.059570 0.753906 0.307617 1310509795.177450
0.092773 0.808594 0.313477 1310509795.198388
0.075195 0.819336 0.331055 1310509795.220418
0.175781 0.767578 0.288086 1310509795.240433
0.155273 0.759766 0.329102 1310509795.244423
0.126953 0.744141 0.338867 1310509795.259421
0.001953 0.783203 0.228516 1310509795.260337
0.001953 0.783203 0.228516 1310509795.262421
-0.487305 0.875000 0.334961 1310509795.310386
-0.571289 0.857422 0.237305 1310509795.349334
0.032227 0.664062 0.085938 1310509795.455391
0.333984 0.748047 0.196289 1310509795.467350
0.293945 0.719727 0.238281 1310509795.469384
0.043945 0.719727 0.238281 1310509795.509346
0.103516 0.787109 0.282227 1310509795.512350
-0.011719 0.863281 0.377930 1310509795.573390
-0.051758 0.772461 0.308594 1310509795.580350
-0.078125 0.705078 0.288086 1310509795.612350
-0.097656 0.679688 0.275391 1310509795.617344
-0.086914 0.752930 0.294922 1310509795.647363
-0.032227 0.752930 0.382812 1310509795.690810
-0.148438 0.674805 0.382812 1310509795.723349
-0.249023 0.667969 0.301758 1310509795.768440
-0.328125 0.678711 0.306641 1310509795.780436
-0.174805 0.729492 0.292969 1310509795.824361
0.139648 0.730469 0.396484 1310509795.847362
0.443359 1.059570 0.230469 1310509795.893322
-0.037109 0.795898 0.110352 1310509795.914339
-0.466797 0.752930 0.304688 1310509795.939390
-0.624023 0.490234 0.331055 1310509795.993342
-0.430664 0.740234 0.331055 1310509796.018319
-0.333008 0.771484 0.299805 1310509796.040347
-0.264648 0.744141 0.273438 1310509796.099447
-0.132812 0.651367 0.256836 1310509796.102406
-0.040039 0.695312 0.320312 1310509796.139374
0.015625 0.797852 0.333984 1310509796.177350
0.030273 0.792969 0.350586 1310509796.200371
0.105469 0.723633 0.367188 1310509796.243370
0.164062 0.710938 0.347656 1310509796.288375
0.166992 0.681641 0.311523 1310509796.309348
0.123047 0.716797 0.357422 1310509796.333382
-0.030273 0.756836 0.297852 1310509796.364415
-0.173828 0.777344 0.291992 1310509796.428351
-0.495117 0.873047 0.302734 1310509796.472410
-0.915039 0.904297 0.201172 1310509796.488581
-0.112305 0.553711 0.140625 1310509796.494385
0.461914 0.656250 0.102539 1310509796.522413
0.342773 0.792969 0.211914 1310509796.552443
0.260742 0.666992 0.211914 1310509796.595360
0.137695 0.759766 0.305664 1310509796.638363
0.057617 0.836914 0.357422 1310509796.661369
0.034180 0.777344 0.338867 1310509796.685387
-0.019531 0.695312 0.309570 1310509796.742511
0.009766 0.707031 0.329102 1310509796.752370
0.001953 0.713867 0.347656 1310509796.860404
-0.048828 0.759766 0.375000 1310509796.874412
-0.069336 0.687500 0.380859 1310509796.898397
-0.182617 0.627930 0.396484 1310509796.899360
-0.256836 0.678711 0.342773 1310509796.920382
-0.199219 0.789062 0.330078 1310509796.933419
0.053711 0.811523 0.298828 1310509796.988399
0.281250 0.851562 0.214844 1310509797.009458
0.244141 0.835938 0.082031 1310509797.079416
-0.353516 0.620117 0.222656 1310509797.109490
-0.644531 0.621094 0.443359 1310509797.130403
-0.383789 0.621094 0.443359 1310509797.159423
-0.211914 0.773438 0.339844 1310509797.183397
-0.125977 0.675781 0.347656 1310509797.204385
-0.088867 0.624023 0.284180 1310509797.317437
-0.006836 0.702148 0.279297 1310509797.334485
0.048828 0.785156 0.321289 1310509797.378401
0.048828 0.785156 0.321289 1310509797.379418
0.006836 0.727539 0.376953 1310509797.418433
0.000000 0.690430 0.279297 1310509797.552471
0.049805 0.708984 0.354492 1310509797.575390
0.012695 0.721680 0.320312 1310509797.582413
-0.014648 0.726562 0.343750 1310509797.604397
-0.020508 0.764648 0.300781 1310509797.614461
-0.145508 0.733398 0.282227 1310509797.617459
-0.090820 0.768555 0.303711 1310509797.690440
-0.092773 0.708008 0.301758 1310509797.712470
-0.078125 0.732422 0.308594 1310509797.842420
-0.092773 0.715820 0.299805 1310509797.859446
