-0.538086 0.645508 -0.062500 1311190167.527139
-0.552734 0.699219 -0.031250 1311190167.553134
-0.522461 0.648438 -0.013672 1311190167.608131
-0.528320 0.679688 -0.016602 1311190167.632126
-0.488281 0.681641 -0.033203 1311190167.658105
-0.494141 0.686523 -0.055664 1311190167.681110
-0.525391 0.693359 -0.045898 1311190167.727144
-0.559570 0.666016 -0.047852 1311190167.749113
-0.558594 0.680664 -0.027344 1311190167.792151
-0.543945 0.654297 -0.036133 1311190167.837131
-0.541992 0.675781 -0.058594 1311190167.838104
-0.542969 0.594727 -0.025391 1311190167.883101
-0.528320 0.635742 -0.047852 1311190167.908137
-0.547852 0.699219 -0.032227 1311190167.966143
-0.583984 0.631836 -0.067383 1311190167.975150
-0.493164 0.639648 0.000977 1311190168.020158
-0.545898 0.699219 -0.059570 1311190168.044145
-0.528320 0.767578 -0.032227 1311190168.068137
-0.409180 0.704102 -0.015625 1311190168.112151
-0.470703 0.703125 -0.028320 1311190168.158138
-0.523438 0.753906 -0.024414 1311190168.179164
-0.519531 0.755859 -0.015625 1311190168.202144
-0.483398 0.762695 -0.015625 1311190168.273123
-0.483398 0.762695 -0.015625 1311190168.276119
-0.452148 0.815430 0.012695 1311190168.307151
-0.382812 0.858398 0.037109 1311190168.398149
-0.346680 0.975586 0.099609 1311190168.429174
-0.288086 1.023438 0.250000 1311190168.437153
-0.125977 0.991211 0.204102 1311190168.443149
-0.080078 0.960938 0.204102 1311190168.453148
-0.103516 0.951172 0.178711 1311190168.502144
-0.003906 0.948242 0.179688 1311190168.524145
-0.020508 0.956055 0.192383 1311190168.577160
-0.136719 0.988281 0.182617 1311190168.578148
-0.144531 0.833984 0.111328 1311190168.620161
-0.155273 0.741211 0.130859 1311190168.642137
-0.046875 0.629883 0.091797 1311190168.705149
-0.041992 0.601562 0.091797 1311190168.707145
-0.073242 0.617188 0.074219 1311190168.753155
-0.040039 0.698242 0.062500 1311190168.797171
-0.170898 0.713867 0.086914 1311190168.819160
-0.218750 0.588867 0.049805 1311190168.859160
-0.166016 0.552734 0.055664 1311190168.880149
-0.167969 0.636719 0.046875 1311190168.925165
-0.153320 0.681641 0.062500 1311190168.987175
-0.081055 0.640625 0.041016 1311190169.030167
-0.104492 0.666016 0.044922 1311190169.054166
-0.170898 0.662109 0.080078 1311190169.060166
-0.141602 0.716797 0.080078 1311190169.077169
-0.152344 0.785156 0.108398 1311190169.135174
-0.185547 0.780273 0.100586 1311190169.137165
-0.200195 0.812500 0.076172 1311190169.177162
-0.220703 0.816406 0.076172 1311190169.192164
-0.227539 0.799805 0.053711 1311190169.238172
-0.216797 0.787109 0.098633 1311190169.284177
-0.191406 0.803711 0.098633 1311190169.305170
-0.206055 0.811523 0.084961 1311190169.328174
-0.124023 0.827148 0.083008 1311190169.367176
-0.163086 0.818359 0.069336 1311190169.395173
-0.228516 0.799805 0.081055 1311190169.448188
-0.326172 0.771484 0.064453 1311190169.495205
-0.288086 0.826172 0.049805 1311190169.558174
-0.264648 0.749023 0.033203 1311190169.559169
-0.259766 0.814453 0.074219 1311190169.597177
-0.258789 0.806641 0.074219 1311190169.674165
-0.229492 0.798828 0.046875 1311190169.695186
-0.275391 0.771484 0.069336 1311190169.713202
-0.205078 0.821289 0.041992 1311190169.716172
-0.260742 0.776367 0.053711 1311190169.717156
-0.291016 0.789062 0.056641 1311190169.738164
-0.304688 0.762695 0.037109 1311190169.819173
-0.342773 0.771484 0.060547 1311190169.822167
