0.060547 0.799805 0.289062 1309547822.752501
-0.017578 0.760742 0.320312 1309547822.754484
0.014648 0.760742 0.320312 1309547822.768507
0.006836 0.761719 0.268555 1309547822.774506
-0.016602 0.740234 0.330078 1309547822.776503
-0.009766 0.706055 0.286133 1309547822.797512
-0.001953 0.771484 0.273438 1309547822.842487
-0.000977 0.748047 0.295898 1309547822.866516
0.016602 0.758789 0.283203 1309547822.901517
0.002930 0.749023 0.295898 1309547822.901531
0.001953 0.725586 0.223633 1309547822.912509
-0.000977 0.783203 0.306641 1309547822.912522
-0.015625 0.783203 0.294922 1309547822.912532
0.002930 0.758789 0.296875 1309547822.997519
0.006836 0.733398 0.314453 1309547822.997533
0.006836 0.744141 0.275391 1309547823.006524
-0.020508 0.753906 0.292969 1309547823.006537
-0.036133 0.736328 0.323242 1309547823.006547
0.035156 0.746094 0.308594 1309547823.012508
-0.012695 0.762695 0.279297 1309547823.012520
-0.003906 0.748047 0.318359 1309547823.032513
0.003906 0.726562 0.356445 1309547823.032525
-0.025391 0.721680 0.329102 1309547823.032535
-0.047852 0.734375 0.331055 1309547823.054518
-0.014648 0.714844 0.360352 1309547823.143519
0.002930 0.715820 0.345703 1309547823.143531
0.017578 0.740234 0.350586 1309547823.166520
0.062500 0.729492 0.364258 1309547823.187511
0.065430 0.724609 0.340820 1309547823.188506
0.055664 0.728516 0.308594 1309547823.212512
-0.030273 0.732422 0.275391 1309547823.230523
-0.008789 0.773438 0.227539 1309547823.230535
0.182617 0.765625 0.183594 1309547823.230546
0.208984 0.740234 0.158203 1309547823.232509
0.094727 0.819336 0.241211 1309547823.236485
0.063477 0.843750 0.216797 1309547823.252515
0.089844 0.775391 0.211914 1309547823.253513
0.121094 0.811523 0.217773 1309547823.254515
0.121094 0.811523 0.217773 1309547823.256513
0.098633 0.818359 0.296875 1309547823.278513
0.130859 0.813477 0.274414 1309547823.279509
0.153320 0.703125 0.295898 1309547823.301478
0.146484 0.756836 0.293945 1309547823.302519
0.146484 0.756836 0.293945 1309547823.303515
0.102539 0.678711 0.360352 1309547823.344517
0.066406 0.699219 0.320312 1309547823.368516
0.170898 0.769531 0.317383 1309547823.403520
0.079102 0.706055 0.288086 1309547823.427521
0.041016 0.672852 0.366211 1309547823.449522
0.053711 0.710938 0.376953 1309547823.516518
-0.017578 0.714844 0.408203 1309547823.517518
-0.078125 0.636719 0.404297 1309547823.588525
-0.060547 0.658203 0.390625 1309547823.611529
-0.026367 0.699219 0.426758 1309547823.619524
-0.055664 0.666016 0.381836 1309547823.648526
0.052734 0.669922 0.351562 1309547823.693525
0.088867 0.709961 0.272461 1309547823.713523
0.181641 0.755859 0.272461 1309547823.757537
0.044922 0.744141 0.331055 1309547823.782531
-0.242188 0.845703 0.318359 1309547823.823532
-0.301758 0.798828 0.309570 1309547823.876532
0.181641 0.780273 0.199219 1309547823.902516
0.412109 0.707031 0.222656 1309547823.926532
0.291992 0.746094 0.318359 1309547823.968527
0.331055 0.775391 0.285156 1309547823.969522
0.356445 0.827148 0.297852 1309547824.008536
0.293945 0.747070 0.297852 1309547824.030531
0.233398 0.718750 0.286133 1309547824.074507
0.065430 0.761719 0.247070 1309547824.118537
0.045898 0.776367 0.355469 1309547824.141544
-0.000977 0.748047 0.322266 1309547824.163516
-0.020508 0.755859 0.300781 1309547824.232553
-0.020508 0.755859 0.300781 1309547824.233528
-0.039062 0.722656 0.341797 1309547824.256534
-0.060547 0.726562 0.392578 1309547824.297544
-0.067383 0.730469 0.348633 1309547824.319536
0.146484 0.711914 0.339844 1309547824.364540
0.323242 0.736328 0.373047 1309547824.387541
0.358398 0.716797 0.345703 1309547824.430532
0.015625 0.577148 0.376953 1309547824.453542
0.006836 0.664062 0.388672 1309547824.488542
-0.074219 0.704102 0.419922 1309547824.523545
-0.147461 0.666016 0.412109 1309547824.547548
-0.131836 0.707031 0.388672 1309547824.591542
-0.042969 0.730469 0.373047 1309547824.620536
0.018555 0.712891 0.378906 1309547824.658544
0.067383 0.742188 0.349609 1309547824.679523
0.050781 0.738281 0.341797 1309547824.722537
-0.007812 0.724609 0.339844 1309547824.747559
0.042969 0.748047 0.336914 1309547824.770542
0.112305 0.722656 0.303711 1309547824.814549
0.128906 0.761719 0.342773 1309547824.846549
0.221680 0.700195 0.312500 1309547824.868549
0.342773 0.674805 0.364258 1309547824.896565
0.249023 0.671875 0.282227 1309547824.946555
0.061523 0.747070 0.282227 1309547824.967547
-0.149414 0.826172 0.331055 1309547825.058530
-0.321289 0.789062 0.291016 1309547825.072558
-0.403320 0.814453 0.304688 1309547825.094548
-0.016602 0.830078 0.204102 1309547825.117556
0.289062 0.656250 0.194336 1309547825.183547
0.370117 0.710938 0.326172 1309547825.184543
0.381836 0.811523 0.228516 1309547825.201539
0.350586 0.768555 0.286133 1309547825.248550
0.340820 0.756836 0.308594 1309547825.290560
0.237305 0.718750 0.299805 1309547825.293556
0.155273 0.767578 0.315430 1309547825.324557
0.052734 0.725586 0.315430 1309547825.347556
0.041992 0.760742 0.312500 1309547825.413562
0.021484 0.756836 0.317383 1309547825.414553
-0.009766 0.732422 0.328125 1309547825.460557
-0.080078 0.728516 0.352539 1309547825.478562
-0.200195 0.765625 0.396484 1309547825.523563
-0.200195 0.765625 0.396484 1309547825.549563
-0.036133 0.686523 0.362305 1309547825.592563
0.083008 0.675781 0.354492 1309547825.614563
0.280273 0.748047 0.353516 1309547825.659561
0.301758 0.747070 0.332031 1309547825.683564
0.172852 0.692383 0.367188 1309547825.696562
0.026367 0.673828 0.342773 1309547825.797575
-0.041992 0.717773 0.332031 1309547825.798562
-0.195312 0.716797 0.346680 1309547825.800562
-0.175781 0.750000 0.359375 1309547825.844584
-0.094727 0.743164 0.290039 1309547825.878586
-0.039062 0.734375 0.350586 1309547825.899562
0.001953 0.734375 0.340820 1309547825.945583
0.006836 0.760742 0.325195 1309547825.983573
0.051758 0.717773 0.323242 1309547826.005571
0.092773 0.705078 0.333008 1309547826.029577
0.115234 0.746094 0.369141 1309547826.085580
0.182617 0.707031 0.369141 1309547826.108567
0.288086 0.707031 0.369141 1309547826.132583
0.361328 0.690430 0.297852 1309547826.168594
0.214844 0.728516 0.286133 1309547826.209576
-0.175781 0.772461 0.286133 1309547826.232572
-0.378906 0.917969 0.393555 1309547826.255579
-0.543945 0.862305 0.393555 1309547826.276577
0.044922 0.697266 0.184570 1309547826.342583
0.335938 0.617188 0.194336 1309547826.365577
0.342773 0.755859 0.276367 1309547826.384581
0.350586 0.791016 0.319336 1309547826.484580
0.396484 0.745117 0.316406 1309547826.485576
0.361328 0.702148 0.290039 1309547826.488558
0.248047 0.735352 0.297852 1309547826.527581
0.140625 0.734375 0.317383 1309547826.548587
0.063477 0.733398 0.317383 1309547826.593544
0.048828 0.804688 0.291992 1309547826.618580
0.026367 0.727539 0.327148 1309547826.662581
0.050781 0.717773 0.318359 1309547826.684586
0.022461 0.722656 0.303711 1309547826.738584
-0.006836 0.750000 0.341797 1309547826.748576
-0.082031 0.720703 0.319336 1309547826.770578
-0.145508 0.708984 0.340820 1309547826.814582
-0.097656 0.725586 0.348633 1309547826.836587
0.009766 0.738281 0.337891 1309547826.878587
0.201172 0.742188 0.320312 1309547826.902576
0.271484 0.740234 0.342773 1309547826.945602
0.162109 0.707031 0.335938 1309547826.970593
-0.025391 0.607422 0.351562 1309547827.005609
0.000977 0.726562 0.405273 1309547827.028587
-0.145508 0.783203 0.389648 1309547827.067598
-0.181641 0.743164 0.392578 1309547827.090572
-0.148438 0.743164 0.380859 1309547827.162604
-0.074219 0.702148 0.355469 1309547827.182590
0.028320 0.728516 0.357422 1309547827.183582
0.040039 0.728516 0.357422 1309547827.228595
0.063477 0.742188 0.361328 1309547827.273557
0.094727 0.722656 0.330078 1309547827.294600
0.108398 0.745117 0.333984 1309547827.318593
0.121094 0.716797 0.284180 1309547827.363594
0.083008 0.742188 0.339844 1309547827.384599
0.083008 0.742188 0.339844 1309547827.427600
0.240234 0.775391 0.306641 1309547827.463598
0.202148 0.706055 0.273438 1309547827.477607
0.038086 0.782227 0.357422 1309547827.522615
-0.259766 0.873047 0.314453 1309547827.557601
-0.377930 0.817383 0.260742 1309547827.588602
-0.117188 0.798828 0.241211 1309547827.613603
0.185547 0.703125 0.215820 1309547827.659608
0.279297 0.708984 0.284180 1309547827.679604
0.304688 0.740234 0.324219 1309547827.753627
0.311523 0.789062 0.318359 1309547827.774607
0.268555 0.784180 0.299805 1309547827.775605
0.232422 0.733398 0.319336 1309547827.795605
0.243164 0.668945 0.357422 1309547827.838600
0.129883 0.740234 0.357422 1309547827.861581
0.061523 0.765625 0.386719 1309547827.903586
0.023438 0.714844 0.338867 1309547827.953610
0.018555 0.750000 0.319336 1309547827.993612
0.018555 0.750000 0.319336 1309547827.995611
0.001953 0.766602 0.374023 1309547828.053612
-0.167969 0.732422 0.408203 1309547828.054604
-0.170898 0.687500 0.329102 1309547828.098609
-0.106445 0.705078 0.362305 1309547828.119611
0.107422 0.705078 0.362305 1309547828.162620
0.308594 0.750977 0.322266 1309547828.227616
0.277344 0.721680 0.333008 1309547828.228612
0.188477 0.701172 0.336914 1309547828.252634
0.021484 0.656250 0.364258 1309547828.327620
-0.054688 0.741211 0.319336 1309547828.340615
-0.152344 0.810547 0.371094 1309547828.342615
-0.208984 0.810547 0.326172 1309547828.399626
-0.163086 0.710938 0.333008 1309547828.444619
-0.032227 0.738281 0.343750 1309547828.468619
0.032227 0.759766 0.309570 1309547828.490615
0.077148 0.767578 0.334961 1309547828.512620
0.086914 0.687500 0.335938 1309547828.557621
0.154297 0.753906 0.331055 1309547828.578614
0.227539 0.738281 0.301758 1309547828.624627
0.285156 0.678711 0.300781 1309547828.714607
0.363281 0.703125 0.293945 1309547828.734593
0.362305 0.683594 0.356445 1309547828.735600
0.145508 0.711914 0.263672 1309547828.779626
-0.184570 0.823242 0.294922 1309547828.802633
-0.455078 0.843750 0.322266 1309547828.803621
-0.534180 0.816406 0.252930 1309547828.849634
-0.134766 0.777344 0.161133 1309547828.869632
0.209961 0.718750 0.214844 1309547828.892626
0.234375 0.726562 0.298828 1309547828.935632
0.308594 0.737305 0.293945 1309547829.047634
0.354492 0.748047 0.312500 1309547829.067617
0.299805 0.751953 0.286133 1309547829.088628
0.236328 0.742188 0.302734 1309547829.132631
0.213867 0.701172 0.299805 1309547829.133630
0.147461 0.765625 0.303711 1309547829.155628
0.090820 0.765625 0.330078 1309547829.157608
0.034180 0.745117 0.313477 1309547829.205698
0.011719 0.735352 0.303711 1309547829.230649
-0.017578 0.751953 0.295898 1309547829.253631
-0.048828 0.751953 0.295898 1309547829.277613
-0.085938 0.711914 0.303711 1309547829.345640
-0.081055 0.712891 0.311523 1309547829.359637
-0.051758 0.761719 0.343750 1309547829.382615
0.147461 0.781250 0.270508 1309547829.425639
0.316406 0.789062 0.312500 1309547829.447636
0.201172 0.789062 0.312500 1309547829.470638
0.201172 0.789062 0.312500 1309547829.513635
-0.076172 0.636719 0.306641 1309547829.570640
-0.056641 0.719727 0.308594 1309547829.608628
-0.162109 0.759766 0.345703 1309547829.615634
-0.099609 0.727539 0.378906 1309547829.638643
-0.004883 0.679688 0.360352 1309547829.680639
0.099609 0.719727 0.336914 1309547829.725647
0.039062 0.785156 0.307617 1309547829.748645
0.089844 0.730469 0.368164 1309547829.770642
0.088867 0.687500 0.337891 1309547829.815647
0.114258 0.748047 0.354492 1309547829.822642
0.114258 0.748047 0.354492 1309547829.866641
0.073242 0.712891 0.316406 1309547829.912639
0.054688 0.735352 0.331055 1309547829.944646
0.060547 0.712891 0.308594 1309547829.967648
0.051758 0.757812 0.337891 1309547830.033631
0.046875 0.711914 0.292969 1309547830.035647
0.060547 0.733398 0.282227 1309547830.092650
0.035156 0.723633 0.297852 1309547830.124646
0.053711 0.766602 0.337891 1309547830.130650
0.062500 0.759766 0.295898 1309547830.152649
0.049805 0.726562 0.320312 1309547830.393657
0.045898 0.726562 0.320312 1309547830.395659
0.012695 0.749023 0.290039 1309547830.592673
0.049805 0.724609 0.309570 1309547830.614674
0.043945 0.748047 0.311523 1309547830.788666
0.019531 0.756836 0.314453 1309547830.877672
0.028320 0.737305 0.296875 1309547830.898662
-0.017578 0.792969 0.296875 1309547830.900661
