-0.324219 0.740234 0.115234 1310584023.269025
-0.389648 0.788086 0.082031 1310584023.304936
-0.343750 0.825195 0.084961 1310584023.325948
-0.410156 0.780273 0.052734 1310584023.369083
-0.470703 0.787109 0.123047 1310584023.402040
-0.429688 0.777344 0.110352 1310584023.437081
-0.310547 0.736328 0.110352 1310584023.457949
-0.264648 0.736328 0.145508 1310584023.502010
-0.304688 0.785156 0.186523 1310584023.525977
-0.166992 0.791992 0.264648 1310584023.549954
-0.283203 0.814453 0.264648 1310584023.595020
-0.297852 0.919922 0.332031 1310584023.617090
-0.289062 0.851562 0.285156 1310584023.640981
-0.230469 0.851562 0.285156 1310584023.678957
-0.266602 0.873047 0.393555 1310584023.724997
-0.161133 0.943359 0.583984 1310584023.747004
-0.080078 0.992188 0.581055 1310584023.791004
0.101562 0.814453 0.541016 1310584023.814084
0.101562 0.814453 0.541016 1310584023.835982
0.220703 0.787109 0.494141 1310584023.883995
0.229492 0.729492 0.539062 1310584023.914456
0.257812 0.744141 0.563477 1310584023.936003
0.307617 0.707031 0.492188 1310584024.011013
0.308594 0.736328 0.451172 1310584024.034097
0.138672 0.650391 0.451172 1310584024.034999
0.157227 0.534180 0.317383 1310584024.079047
0.127930 0.541992 0.226562 1310584024.145016
0.117188 0.373047 0.133789 1310584024.146002
0.112305 0.230469 0.113281 1310584024.172090
0.166016 0.237305 0.139648 1310584024.194092
0.259766 0.421875 0.186523 1310584024.314997
0.336914 0.488281 0.294922 1310584024.315984
0.327148 0.498047 0.318359 1310584024.317817
0.263672 0.478516 0.318359 1310584024.330212
0.288086 0.666992 0.257812 1310584024.375024
0.239258 0.750000 0.336914 1310584024.396095
0.266602 0.830078 0.268555 1310584024.441070
0.135742 0.823242 0.250977 1310584024.481009
0.110352 0.844727 0.271484 1310584024.481989
0.144531 0.820312 0.255859 1310584024.533999
0.187500 0.733398 0.299805 1310584024.545986
0.212891 0.720703 0.299805 1310584024.597084
0.216797 0.720703 0.299805 1310584024.620020
0.209961 0.762695 0.257812 1310584024.680038
0.251953 0.741211 0.274414 1310584024.689019
0.166016 0.797852 0.236328 1310584024.724050
0.165039 0.775391 0.238281 1310584024.749024
0.191406 0.720703 0.238281 1310584024.772102
