-0.160156 0.988281 0.201172 1310681682.821582
-0.123047 0.821289 0.215820 1310681682.864523
-0.109375 0.784180 0.226562 1310681682.889548
-0.159180 0.785156 0.219727 1310681682.975530
-0.159180 0.785156 0.219727 1310681682.978544
-0.146484 0.795898 0.179688 1310681682.995542
-0.147461 0.771484 0.189453 1310681683.018529
-0.136719 0.759766 0.177734 1310681683.063546
-0.142578 0.774414 0.193359 1310681683.089573
-0.160156 0.773438 0.152344 1310681683.129597
-0.160156 0.773438 0.152344 1310681683.151595
-0.135742 0.755859 0.155273 1310681683.186595
-0.097656 0.764648 0.166016 1310681683.218551
-0.154297 0.757812 0.083984 1310681683.260597
-0.133789 0.795898 0.052734 1310681683.285589
-0.155273 0.828125 0.100586 1310681683.319575
-0.176758 0.848633 0.051758 1310681683.338599
-0.196289 0.875000 0.054688 1310681683.394587
-0.161133 0.847656 0.045898 1310681683.426549
-0.191406 0.792969 0.069336 1310681683.460536
-0.215820 0.808594 0.053711 1310681683.488524
-0.312500 0.768555 0.047852 1310681683.531518
-0.340820 0.831055 0.014648 1310681683.555561
-0.291016 0.847656 0.083008 1310681683.578529
-0.323242 0.777344 -0.019531 1310681683.599549
-0.306641 0.806641 0.041016 1310681683.645523
-0.241211 0.755859 0.026367 1310681683.668546
-0.234375 0.812500 -0.051758 1310681683.689522
-0.247070 0.774414 -0.051758 1310681683.733593
-0.303711 0.787109 -0.077148 1310681683.759560
-0.272461 0.749023 -0.056641 1310681683.794599
-0.291992 0.734375 0.015625 1310681683.838538
-0.340820 0.825195 0.053711 1310681683.860547
-0.369141 0.779297 0.053711 1310681683.884605
-0.437500 0.779297 0.053711 1310681683.928576
-0.467773 0.671875 0.161133 1310681684.024576
-0.347656 0.617188 0.093750 1310681684.025523
-0.268555 0.704102 0.065430 1310681684.040526
-0.375000 0.759766 0.057617 1310681684.071600
-0.526367 0.896484 0.051758 1310681684.080541
-0.526367 0.896484 0.051758 1310681684.108600
-0.171875 0.774414 0.080078 1310681684.148614
-0.027344 0.730469 0.074219 1310681684.183560
0.022461 0.802734 0.082031 1310681684.206526
-0.056641 0.840820 0.092773 1310681684.250522
0.193359 0.840820 0.092773 1310681684.284608
0.006836 0.895508 0.105469 1310681684.311607
0.020508 0.892578 0.163086 1310681684.355621
0.064453 0.877930 0.125977 1310681684.397566
0.035156 0.822266 0.125000 1310681684.399616
-0.027344 0.833984 0.144531 1310681684.446606
-0.026367 0.871094 0.112305 1310681684.490562
0.018555 0.871094 0.140625 1310681684.511579
0.149414 0.908203 0.104492 1310681684.534545
0.116211 0.870117 0.119141 1310681684.569581
0.052734 0.784180 0.209961 1310681684.597615
0.036133 0.814453 0.149414 1310681684.624544
0.027344 0.898438 0.150391 1310681684.667571
-0.041992 0.844727 0.135742 1310681684.714623
-0.035156 0.736328 0.152344 1310681684.735593
-0.038086 0.751953 0.184570 1310681684.765618
-0.035156 0.796875 0.194336 1310681684.786605
-0.078125 0.760742 0.222656 1310681684.834617
-0.076172 0.650391 0.190430 1310681684.856554
-0.093750 0.718750 0.198242 1310681684.897553
-0.179688 0.812500 0.184570 1310681684.921619
-0.256836 0.723633 0.188477 1310681684.950546
-0.252930 0.705078 0.151367 1310681684.995623
-0.317383 0.955078 0.151367 1310681685.018637
-0.254883 0.802734 0.104492 1310681685.064628
-0.220703 0.949219 0.115234 1310681685.090570
-0.265625 0.923828 -0.000977 1310681685.132633
-0.477539 0.613281 0.057617 1310681685.157607
-0.355469 0.898438 -0.049805 1310681685.180626
-0.286133 0.898438 -0.049805 1310681685.201587
-0.211914 0.775391 -0.012695 1310681685.247618
-0.266602 0.791016 -0.012695 1310681685.319610
-0.206055 0.800781 -0.021484 1310681685.351614
-0.238281 0.813477 -0.029297 1310681685.354580
-0.310547 0.830078 -0.041016 1310681685.396605
-0.404297 0.775391 -0.027344 1310681685.436631
-0.347656 0.800781 0.002930 1310681685.447622
-0.272461 0.750000 0.012695 1310681685.479560
-0.240234 0.799805 -0.000977 1310681685.514600
-0.336914 0.683594 0.052734 1310681685.536603
-0.385742 0.768555 -0.033203 1310681685.574569
-0.373047 0.859375 -0.050781 1310681685.596572
-0.237305 0.916992 0.033203 1310681685.639598
-0.265625 0.730469 -0.085938 1310681685.682596
-0.408203 0.718750 0.027344 1310681685.710610
-0.570312 0.618164 0.103516 1310681685.731548
-0.574219 0.709961 0.049805 1310681685.752608
-0.561523 0.679688 -0.008789 1310681685.797653
-0.556641 0.742188 -0.054688 1310681685.842610
-0.493164 0.746094 -0.024414 1310681685.872634
-0.437500 0.814453 -0.041992 1310681685.890581
-0.290039 0.797852 -0.011719 1310681685.949647
-0.203125 0.877930 -0.033203 1310681685.950575
-0.117188 0.946289 0.013672 1310681685.997647
-0.018555 0.805664 0.072266 1310681686.020577
0.029297 0.805664 0.072266 1310681686.043647
-0.041016 0.771484 0.117188 1310681686.087633
-0.003906 0.820312 0.157227 1310681686.111646
0.023438 0.904297 0.088867 1310681686.142599
-0.007812 0.921875 0.123047 1310681686.195581
-0.110352 0.790039 0.157227 1310681686.220625
-0.178711 0.929688 0.114258 1310681686.247619
0.165039 0.984375 0.116211 1310681686.282641
0.260742 0.806641 0.161133 1310681686.324596
0.260742 0.806641 0.161133 1310681686.326645
0.162109 0.835938 0.176758 1310681686.372580
0.132812 0.822266 0.221680 1310681686.420660
0.041992 0.812500 0.189453 1310681686.442659
0.001953 0.826172 0.170898 1310681686.462656
0.035156 0.775391 0.177734 1310681686.505629
-0.019531 0.763672 0.132812 1310681686.569661
-0.062500 0.740234 0.201172 1310681686.606615
0.019531 0.746094 0.124023 1310681686.649618
-0.025391 0.840820 0.183594 1310681686.650576
-0.030273 0.898438 0.165039 1310681686.671605
-0.069336 0.751953 0.178711 1310681686.694588
-0.127930 0.794922 0.147461 1310681686.741619
-0.113281 0.782227 0.185547 1310681686.764654
-0.150391 0.740234 0.144531 1310681686.786648
-0.236328 0.833008 0.119141 1310681686.831585
-0.292969 0.854492 0.157227 1310681686.856664
-0.275391 0.804688 0.168945 1310681686.882638
-0.206055 0.804688 0.168945 1310681686.907647
-0.185547 0.996094 0.072266 1310681686.957658
-0.246094 0.769531 -0.020508 1310681686.994667
-0.214844 0.712891 -0.015625 1310681687.044610
-0.142578 0.784180 -0.078125 1310681687.045663
-0.232422 0.784180 -0.078125 1310681687.070673
-0.333984 0.869141 -0.065430 1310681687.115627
-0.375000 0.902344 -0.008789 1310681687.162650
-0.331055 0.780273 -0.149414 1310681687.186669
-0.324219 0.800781 -0.050781 1310681687.207677
-0.326172 0.775391 0.000977 1310681687.251573
-0.290039 0.771484 0.000977 1310681687.274633
-0.236328 0.805664 0.023438 1310681687.320608
-0.238281 0.799805 0.051758 1310681687.349635
-0.206055 0.824219 -0.004883 1310681687.374634
-0.311523 0.761719 0.007812 1310681687.420609
-0.357422 0.833984 -0.021484 1310681687.441600
-0.293945 0.766602 -0.073242 1310681687.484635
-0.256836 0.781250 -0.010742 1310681687.506640
-0.415039 0.606445 -0.008789 1310681687.545629
-0.598633 0.575195 0.035156 1310681687.567678
-0.735352 0.561523 0.036133 1310681687.610608
-0.746094 0.641602 -0.021484 1310681687.632632
-0.585938 0.751953 0.001953 1310681687.662588
-0.519531 0.767578 -0.041016 1310681687.707642
-0.344727 0.992188 -0.145508 1310681687.729619
-0.118164 1.059570 -0.062500 1310681687.772674
-0.017578 0.895508 0.062500 1310681687.794672
0.058594 0.785156 0.012695 1310681687.907602
0.044922 0.818359 0.140625 1310681687.909665
0.123047 0.842773 0.044922 1310681687.931681
0.101562 0.855469 0.131836 1310681687.935636
0.089844 0.861328 0.117188 1310681687.957651
0.040039 0.906250 0.069336 1310681687.994601
-0.157227 0.888672 0.069336 1310681688.017631
-0.103516 0.888672 0.069336 1310681688.050639
0.192383 0.892578 0.178711 1310681688.102643
0.278320 0.878906 0.134766 1310681688.125665
0.270508 0.856445 0.132812 1310681688.147668
0.103516 0.904297 0.154297 1310681688.191660
-0.080078 0.925781 0.154297 1310681688.214634
-0.084961 0.808594 0.155273 1310681688.239681
-0.109375 0.792969 0.136719 1310681688.277618
0.028320 0.748047 0.161133 1310681688.300698
0.005859 0.724609 0.169922 1310681688.334683
-0.112305 0.788086 0.229492 1310681688.362630
-0.112305 0.788086 0.229492 1310681688.406689
-0.197266 0.682617 0.197266 1310681688.454617
-0.154297 0.712891 0.187500 1310681688.477655
-0.211914 0.701172 0.207031 1310681688.500614
-0.109375 0.710938 0.153320 1310681688.525631
-0.263672 0.779297 0.194336 1310681688.570690
-0.269531 0.784180 0.200195 1310681688.612694
-0.296875 0.816406 0.114258 1310681688.637699
-0.319336 0.949219 0.014648 1310681688.659637
-0.252930 0.921875 0.053711 1310681688.702684
-0.215820 0.792969 0.018555 1310681688.727693
-0.096680 0.843750 -0.003906 1310681688.755682
-0.176758 0.857422 -0.056641 1310681688.802658
-0.178711 0.877930 -0.055664 1310681688.827706
-0.225586 0.912109 -0.141602 1310681688.870631
-0.260742 0.949219 -0.055664 1310681688.892626
-0.294922 0.791992 -0.103516 1310681688.939706
-0.214844 0.789062 0.015625 1310681688.962661
-0.310547 0.749023 -0.008789 1310681688.984701
-0.303711 0.762695 -0.008789 1310681689.007709
-0.321289 0.770508 -0.023438 1310681689.054697
-0.378906 0.754883 -0.010742 1310681689.079668
-0.387695 0.757812 0.037109 1310681689.174675
-0.487305 0.507812 0.037109 1310681689.175666
-0.490234 0.769531 0.031250 1310681689.196613
-0.328125 0.745117 0.018555 1310681689.216670
-0.543945 0.634766 0.066406 1310681689.239653
-0.542969 0.689453 0.121094 1310681689.277700
-0.556641 0.667969 0.157227 1310681689.301715
-0.418945 0.789062 0.157227 1310681689.327687
-0.342773 0.805664 0.094727 1310681689.370672
-0.311523 0.802734 0.062500 1310681689.415705
-0.218750 0.773438 0.099609 1310681689.437669
-0.138672 0.767578 0.050781 1310681689.460710
-0.023438 0.808594 0.093750 1310681689.504674
-0.039062 0.827148 0.096680 1310681689.530643
0.081055 0.777344 0.139648 1310681689.570647
0.112305 0.812500 0.118164 1310681689.615711
0.016602 0.889648 0.133789 1310681689.636708
-0.003906 0.918945 0.168945 1310681689.660721
-0.099609 0.855469 0.182617 1310681689.689712
0.063477 0.855469 0.182617 1310681689.731650
0.325195 0.907227 0.202148 1310681689.756657
0.244141 0.839844 0.175781 1310681689.784720
0.142578 0.836914 0.186523 1310681689.820653
0.042969 0.837891 0.145508 1310681689.866676
-0.054688 0.802734 0.171875 1310681689.891327
-0.074219 0.800781 0.055664 1310681689.935699
-0.106445 0.818359 0.096680 1310681689.967717
-0.211914 0.784180 0.091797 1310681689.990675
-0.303711 0.828125 0.048828 1310681690.020679
-0.344727 0.800781 0.103516 1310681690.041708
-0.291016 0.768555 0.103516 1310681690.088668
-0.244141 0.823242 0.158203 1310681690.114718
-0.218750 0.808594 0.118164 1310681690.156684
-0.135742 0.746094 0.123047 1310681690.187691
-0.102539 0.792969 0.112305 1310681690.210672
-0.138672 0.843750 0.080078 1310681690.235656
-0.247070 0.806641 0.093750 1310681690.277724
-0.371094 0.791992 -0.025391 1310681690.307724
-0.326172 0.834961 0.046875 1310681690.332678
-0.159180 0.796875 0.017578 1310681690.376688
-0.250000 0.772461 -0.004883 1310681690.414677
-0.261719 0.829102 -0.020508 1310681690.479670
-0.261719 0.829102 -0.020508 1310681690.480656
-0.284180 0.836914 -0.024414 1310681690.495728
-0.265625 0.843750 -0.009766 1310681690.549676
-0.232422 0.795898 0.031250 1310681690.570649
-0.333984 0.784180 0.000000 1310681690.646745
-0.298828 0.762695 0.038086 1310681690.649703
-0.335938 0.783203 0.038086 1310681690.650692
-0.333984 0.695312 0.049805 1310681690.711735
-0.399414 0.714844 0.082031 1310681690.732657
-0.435547 0.669922 0.083984 1310681690.756697
-0.493164 0.731445 0.076172 1310681690.784697
-0.436523 0.732422 0.079102 1310681690.828686
-0.395508 0.652344 0.097656 1310681690.854728
-0.326172 0.701172 0.035156 1310681690.897504
-0.408203 0.783203 0.069336 1310681690.940746
-0.386719 0.744141 0.066406 1310681690.945707
-0.369141 0.764648 0.105469 1310681690.972746
-0.273438 0.790039 0.058594 1310681691.024731
-0.192383 0.816406 0.034180 1310681691.068654
-0.131836 0.791992 0.059570 1310681691.089739
-0.070312 0.792969 0.032227 1310681691.111756
-0.075195 0.815430 0.048828 1310681691.154738
-0.118164 0.769531 0.109375 1310681691.182678
-0.070312 0.834961 0.109375 1310681691.205715
-0.051758 0.879883 0.055664 1310681691.254753
0.047852 0.944336 0.138672 1310681691.296692
0.008789 0.879883 0.150391 1310681691.312737
0.046875 0.875000 0.118164 1310681691.335716
0.040039 0.862305 0.141602 1310681691.362744
-0.209961 0.862305 0.141602 1310681691.405686
-0.048828 0.874023 0.203125 1310681691.428655
0.121094 0.896484 0.134766 1310681691.471721
0.109375 0.856445 0.153320 1310681691.494713
0.052734 0.834961 0.091797 1310681691.539744
-0.060547 0.800781 0.093750 1310681691.560758
-0.113281 0.810547 0.140625 1310681691.604754
-0.080078 0.736328 0.097656 1310681691.661713
-0.138672 0.721680 0.126953 1310681691.682711
-0.180664 0.783203 0.156250 1310681691.684777
-0.170898 0.785156 0.160156 1310681691.759746
-0.122070 0.756836 0.161133 1310681691.760755
-0.146484 0.807617 0.164062 1310681691.804748
-0.154297 0.776367 0.105469 1310681691.830718
-0.286133 0.828125 0.073242 1310681691.856700
-0.292969 0.852539 0.225586 1310681691.879690
-0.230469 0.759766 0.184570 1310681691.927764
-0.333008 0.751953 0.103516 1310681691.966737
-0.333008 0.751953 0.103516 1310681691.981711
-0.216797 0.843750 0.022461 1310681692.040762
-0.300781 0.887695 0.070312 1310681692.041714
-0.390625 0.651367 0.094727 1310681692.076760
-0.399414 0.703125 0.000000 1310681692.120712
-0.398438 0.803711 0.000000 1310681692.145712
-0.356445 0.800781 0.025391 1310681692.182699
-0.322266 0.750000 0.009766 1310681692.205691
-0.259766 0.748047 0.124023 1310681692.249695
-0.166992 0.786133 0.081055 1310681692.271714
-0.276367 0.847656 0.079102 1310681692.309694
-0.336914 0.773438 0.094727 1310681692.331698
-0.307617 0.751953 0.068359 1310681692.377776
-0.299805 0.747070 0.063477 1310681692.399735
-0.343750 0.769531 -0.003906 1310681692.444711
-0.291992 0.775391 0.036133 1310681692.455765
-0.320312 0.747070 0.092773 1310681692.506735
-0.320312 0.747070 0.092773 1310681692.527768
-0.227539 0.775391 0.110352 1310681692.571753
-0.138672 0.796875 0.082031 1310681692.616776
-0.104492 0.796875 0.106445 1310681692.640748
-0.114258 0.851562 0.151367 1310681692.661703
-0.167969 0.833008 0.162109 1310681692.686776
-0.230469 0.722656 0.242188 1310681692.730770
-0.201172 0.785156 0.111328 1310681692.755739
-0.000977 0.795898 0.113281 1310681692.800732
-0.050781 0.748047 0.162109 1310681692.830715
-0.153320 0.737305 0.175781 1310681692.855745
-0.187500 0.767578 0.183594 1310681692.873782
-0.189453 0.732422 0.202148 1310681692.917686
