0.043945 0.820312 0.187500 1309563541.564259
0.043945 0.820312 0.187500 1309563541.586285
-0.028320 0.832031 0.193359 1309563541.629304
-0.000977 0.787109 0.164062 1309563541.653274
0.022461 0.803711 0.158203 1309563541.702270
-0.014648 0.780273 0.149414 1309563541.724300
-0.022461 0.802734 0.144531 1309563541.753266
-0.028320 0.811523 0.185547 1309563541.849299
0.003906 0.814453 0.205078 1309563541.869265
0.008789 0.832031 0.210938 1309563541.894261
0.040039 0.799805 0.178711 1309563541.896281
0.051758 0.772461 0.218750 1309563541.924284
0.004883 0.746094 0.233398 1309563541.956260
-0.034180 0.779297 0.233398 1309563541.991291
-0.057617 0.777344 0.277344 1309563542.038298
-0.219727 0.743164 0.247070 1309563542.039289
-0.291992 0.730469 0.222656 1309563542.083274
-0.324219 0.818359 0.204102 1309563542.107282
-0.247070 0.777344 0.179688 1309563542.149287
-0.147461 0.771484 0.151367 1309563542.174270
-0.083984 0.807617 0.217773 1309563542.221308
0.041992 0.798828 0.214844 1309563542.243280
0.179688 0.805664 0.206055 1309563542.287318
0.291992 0.746094 0.170898 1309563542.334299
0.347656 0.764648 0.190430 1309563542.383323
0.272461 0.839844 0.131836 1309563542.396310
0.054688 0.815430 0.158203 1309563542.416293
-0.152344 0.868164 0.160156 1309563542.533293
-0.431641 0.886719 0.211914 1309563542.596302
-0.767578 0.911133 0.125977 1309563542.597298
-0.767578 0.911133 0.125977 1309563542.607303
0.241211 0.701172 -0.109375 1309563542.629272
0.608398 1.070312 -0.012695 1309563542.642313
0.486328 0.880859 0.145508 1309563542.652311
0.309570 0.778320 0.080078 1309563542.653281
0.182617 0.818359 0.077148 1309563542.697302
-0.004883 0.851562 0.096680 1309563542.725340
0.123047 0.840820 0.163086 1309563542.787304
0.166016 0.792969 0.152344 1309563542.789795
0.225586 0.836914 0.138672 1309563542.819316
0.247070 0.806641 0.148438 1309563542.863318
0.202148 0.845703 0.134766 1309563542.886275
0.038086 0.871094 0.100586 1309563542.912333
-0.070312 0.871094 0.100586 1309563542.939303
-0.210938 0.739258 0.272461 1309563543.013313
-0.179688 0.748047 0.083984 1309563543.044322
-0.085938 0.791992 0.088867 1309563543.057324
-0.115234 0.793945 0.120117 1309563543.089322
-0.083008 0.924805 -0.035156 1309563543.112335
-0.086914 1.104492 -0.117188 1309563543.136298
-0.474609 0.712891 -0.021484 1309563543.183315
-0.374023 0.768555 0.187500 1309563543.229297
-0.352539 0.834961 0.187500 1309563543.253322
-0.323242 0.755859 0.170898 1309563543.294315
-0.227539 0.660156 0.180664 1309563543.318311
-0.098633 0.751953 0.270508 1309563543.337302
-0.047852 0.853516 0.240234 1309563543.387452
-0.125977 0.809570 0.197266 1309563543.411321
-0.183594 0.787109 0.196289 1309563543.432292
-0.186523 0.787109 0.196289 1309563543.467319
-0.141602 0.783203 0.195312 1309563543.508315
-0.100586 0.789062 0.181641 1309563543.531337
0.006836 0.791992 0.116211 1309563543.554334
0.098633 0.791016 0.100586 1309563543.597326
0.342773 0.758789 0.045898 1309563543.631306
0.342773 0.758789 0.045898 1309563543.659303
0.350586 0.965820 0.279297 1309563543.801326
-0.331055 0.747070 0.263672 1309563543.802300
-0.292969 0.804688 0.016602 1309563543.804325
-0.738281 0.971680 -0.110352 1309563543.827328
-0.691406 0.910156 -0.034180 1309563543.847319
0.428711 0.576172 -0.028320 1309563543.848303
0.681641 0.855469 -0.004883 1309563543.911296
0.317383 1.034180 0.125977 1309563543.913326
0.173828 0.783203 0.126953 1309563543.956332
0.142578 0.787109 0.046875 1309563544.119349
0.090820 0.865234 0.083008 1309563544.121364
0.111328 0.855469 0.138672 1309563544.202314
0.052734 0.857422 0.176758 1309563544.203340
0.048828 0.851562 0.218750 1309563544.204319
-0.011719 0.804688 0.247070 1309563544.206321
0.043945 0.820312 0.243164 1309563544.223328
0.068359 0.800781 0.162109 1309563544.225323
0.068359 0.800781 0.162109 1309563544.227309
-0.124023 0.761719 0.187500 1309563544.273397
-0.307617 0.757812 0.155273 1309563544.314358
-0.213867 0.871094 0.098633 1309563544.359319
-0.060547 1.050781 -0.205078 1309563544.384353
-0.121094 0.800781 -0.205078 1309563544.391333
-0.547852 0.544922 0.146484 1309563544.427332
-0.442383 0.830078 0.284180 1309563544.467448
-0.383789 0.827148 0.250000 1309563544.511313
-0.223633 0.706055 0.183594 1309563544.533319
-0.159180 0.634766 0.202148 1309563544.557314
-0.135742 0.634766 0.202148 1309563544.578358
-0.176758 0.804688 0.192383 1309563544.646349
-0.202148 0.823242 0.161133 1309563544.667314
-0.166016 0.824219 0.149414 1309563544.714362
-0.122070 0.810547 0.106445 1309563544.734350
-0.020508 0.810547 0.145508 1309563544.781352
0.166016 0.699219 0.171875 1309563544.801363
0.333008 0.783203 0.136719 1309563544.817334
0.347656 0.835938 0.186523 1309563544.862360
0.382812 0.912109 0.234375 1309563544.883315
-0.005859 0.889648 0.269531 1309563544.906357
-0.297852 0.716797 0.118164 1309563544.949359
-0.148438 0.832031 0.038086 1309563544.966380
-0.457031 1.012695 -0.086914 1309563545.068373
-0.582031 0.582031 0.016602 1309563545.087354
0.212891 0.752930 -0.036133 1309563545.089344
0.266602 0.988281 -0.002930 1309563545.112372
0.256836 0.833008 0.077148 1309563545.134382
0.281250 0.809570 0.070312 1309563545.187349
0.160156 0.869141 0.054688 1309563545.198334
0.103516 0.924805 0.041992 1309563545.247358
0.043945 0.915039 0.081055 1309563545.269358
-0.030273 0.817383 0.078125 1309563545.304337
-0.007812 0.836914 0.078125 1309563545.327359
0.034180 0.830078 0.189453 1309563545.371368
-0.025391 0.823242 0.190430 1309563545.413371
-0.035156 0.781250 0.217773 1309563545.434386
0.018555 0.798828 0.260742 1309563545.482372
-0.092773 0.740234 0.163086 1309563545.526357
-0.256836 0.704102 0.184570 1309563545.537383
-0.215820 0.721680 0.233398 1309563545.572375
-0.083008 0.995117 0.171875 1309563545.593359
0.151367 1.234375 -0.133789 1309563545.637326
-0.271484 0.727539 -0.167969 1309563545.659378
-0.656250 0.652344 0.196289 1309563545.703371
-0.656250 0.652344 0.196289 1309563545.704348
-0.292969 0.724609 0.186523 1309563545.793368
-0.091797 0.560547 0.166016 1309563545.794347
-0.083008 0.718750 0.236328 1309563545.839384
-0.106445 0.829102 0.189453 1309563545.841360
-0.151367 0.771484 0.133789 1309563545.916369
-0.153320 0.775391 0.133789 1309563545.927383
-0.095703 0.795898 0.196289 1309563545.951367
0.010742 0.852539 0.147461 1309563545.991361
0.115234 0.791016 0.125000 1309563546.012371
0.196289 0.854492 0.163086 1309563546.053525
0.405273 0.900391 0.178711 1309563546.077360
0.375000 0.754883 0.175781 1309563546.119385
0.198242 0.856445 0.263672 1309563546.143382
0.019531 0.847656 0.205078 1309563546.166400
0.068359 0.772461 0.102539 1309563546.202355
0.127930 0.863281 0.093750 1309563546.227368
-0.354492 0.906250 0.026367 1309563546.276375
-0.594727 0.841797 0.098633 1309563546.339395
-0.496094 0.732422 -0.009766 1309563546.364354
0.084961 0.764648 -0.054688 1309563546.366350
0.328125 0.832031 0.110352 1309563546.407383
0.246094 0.877930 0.105469 1309563546.429395
0.090820 0.877930 0.105469 1309563546.451366
0.083008 0.855469 0.057617 1309563546.502336
0.068359 0.836914 0.081055 1309563546.539379
0.054688 0.876953 0.100586 1309563546.562434
0.091797 0.809570 0.171875 1309563546.584369
0.066406 0.833008 0.168945 1309563546.629400
0.092773 0.833008 0.168945 1309563546.651471
-0.011719 0.847656 0.113281 1309563546.693365
-0.025391 0.798828 0.385742 1309563546.736371
-0.072266 0.769531 0.101562 1309563546.759369
-0.009766 0.738281 0.099609 1309563546.782371
0.039062 0.698242 0.092773 1309563546.827399
-0.086914 0.790039 0.092773 1309563546.845416
-0.166992 0.991211 -0.088867 1309563546.893366
-0.219727 0.959961 -0.138672 1309563546.937333
-0.604492 0.735352 -0.086914 1309563546.938325
-0.596680 0.913086 0.132812 1309563546.981406
-0.576172 0.800781 0.089844 1309563547.004068
-0.349609 0.693359 0.161133 1309563547.037404
-0.101562 0.693359 0.150391 1309563547.081405
0.008789 0.764648 0.219727 1309563547.124390
0.015625 0.850586 0.200195 1309563547.132409
-0.067383 0.840820 0.112305 1309563547.162382
-0.059570 0.814453 0.200195 1309563547.229427
-0.024414 0.779297 0.171875 1309563547.252372
0.062500 0.749023 0.145508 1309563547.276391
0.173828 0.691406 0.056641 1309563547.296393
0.341797 0.651367 0.161133 1309563547.339392
0.482422 0.788086 0.172852 1309563547.362378
0.458008 0.917969 0.247070 1309563547.410441
0.100586 0.993164 0.216797 1309563547.433538
-0.191406 0.799805 0.218750 1309563547.489435
-0.435547 0.852539 0.045898 1309563547.502395
-0.996094 1.095703 -0.175781 1309563547.686358
-0.480469 0.550781 -0.104492 1309563547.687357
0.303711 0.889648 -0.104492 1309563547.707389
0.401367 0.937500 -0.152344 1309563547.709580
0.083008 0.811523 0.089844 1309563547.731462
0.154297 0.853516 -0.015625 1309563547.732364
0.168945 0.846680 0.067383 1309563547.743402
0.102539 0.915039 0.107422 1309563547.759374
0.102539 0.915039 0.107422 1309563547.781434
-0.030273 0.772461 0.168945 1309563547.823370
-0.009766 0.816406 0.224609 1309563547.848416
-0.001953 0.832031 0.276367 1309563547.896373
-0.051758 0.751953 0.152344 1309563547.918386
-0.118164 0.701172 0.315430 1309563547.941498
-0.170898 0.745117 0.222656 1309563547.984389
-0.073242 0.751953 0.199219 1309563548.006395
0.087891 0.892578 0.048828 1309563548.069393
0.195312 1.003906 -0.006836 1309563548.072381
0.053711 0.927734 -0.034180 1309563548.113420
-0.509766 0.794922 0.103516 1309563548.127487
-0.509766 0.837891 0.103516 1309563548.170414
-0.274414 0.724609 0.135742 1309563548.213438
-0.162109 0.669922 0.151367 1309563548.237620
-0.103516 0.656250 0.202148 1309563548.284396
-0.074219 0.809570 0.254883 1309563548.307605
-0.095703 0.923828 0.216797 1309563548.367411
-0.069336 0.793945 0.125977 1309563548.379437
-0.040039 0.865234 0.179688 1309563548.416402
-0.082031 0.838867 0.121094 1309563548.464410
-0.113281 0.823242 0.131836 1309563548.479434
-0.076172 0.815430 0.112305 1309563548.523415
0.044922 0.858398 0.143555 1309563548.561460
0.022461 0.779297 0.143555 1309563548.562407
-0.041992 0.777344 0.181641 1309563548.583419
-0.011719 0.746094 0.204102 1309563548.627435
-0.012695 0.773438 0.240234 1309563548.648442
-0.018555 0.815430 0.184570 1309563548.691439
-0.072266 0.815430 0.184570 1309563548.713438
0.002930 0.781250 0.216797 1309563548.761434
-0.010742 0.832031 0.158203 1309563548.786440
-0.032227 0.814453 0.142578 1309563548.808447
-0.070312 0.812500 0.143555 1309563548.841472
-0.106445 0.801758 0.157227 1309563548.884443
-0.105469 0.814453 0.158203 1309563548.934411
-0.037109 0.837891 0.104492 1309563548.953433
-0.056641 0.793945 0.105469 1309563549.029442
-0.020508 0.781250 0.146484 1309563549.052429
0.010742 0.845703 0.195312 1309563549.068693
0.056641 0.822266 0.167969 1309563549.116442
0.089844 0.810547 0.182617 1309563549.133446
0.028320 0.824219 0.174805 1309563549.146444
0.002930 0.837891 0.170898 1309563549.179443
