-0.192383 0.742188 0.251953 1310681868.240129
-0.158203 0.662109 0.269531 1310681868.263179
-0.223633 0.698242 0.291992 1310681868.284155
-0.320312 0.712891 0.267578 1310681868.328148
-0.437500 0.635742 0.260742 1310681868.350123
-0.428711 0.612305 0.010742 1310681868.373146
-0.317383 0.612305 0.010742 1310681868.418190
-0.183594 0.606445 0.189453 1310681868.460188
-0.128906 0.652344 0.187500 1310681868.484155
-0.171875 0.867188 0.184570 1310681868.525135
-0.111328 0.939453 0.214844 1310681868.548122
-0.115234 1.078125 0.165039 1310681868.569193
-0.115234 1.078125 0.165039 1310681868.613107
-0.181641 0.585938 0.250000 1310681868.660133
-0.180664 0.735352 0.154297 1310681868.683197
-0.221680 0.812500 0.170898 1310681868.704170
-0.190430 0.794922 0.159180 1310681868.748144
-0.185547 0.794922 0.159180 1310681868.770154
-0.164062 0.744141 0.185547 1310681868.814156
-0.171875 0.793945 0.156250 1310681868.858123
-0.125977 0.806641 0.174805 1310681868.880149
-0.133789 0.827148 0.165039 1310681868.895148
-0.125977 0.795898 0.114258 1310681868.944187
-0.125977 0.795898 0.114258 1310681868.966139
-0.193359 0.759766 0.132812 1310681869.011194
-0.205078 0.810547 0.109375 1310681869.034125
-0.125000 0.804688 0.105469 1310681869.058155
-0.125977 0.791016 0.126953 1310681869.103146
-0.109375 0.805664 0.128906 1310681869.124132
-0.129883 0.835938 0.166016 1310681869.169127
-0.109375 0.768555 0.144531 1310681869.191155
-0.124023 0.841797 0.094727 1310681869.236189
-0.105469 0.802734 0.113281 1310681869.258126
-0.100586 0.804688 0.128906 1310681869.303175
-0.093750 0.797852 0.139648 1310681869.343176
-0.079102 0.837891 0.125977 1310681869.356181
-0.080078 0.845703 0.122070 1310681869.404186
-0.080078 0.817383 0.098633 1310681869.442155
-0.139648 0.820312 0.128906 1310681869.463154
-0.121094 0.825195 0.081055 1310681869.484187
-0.151367 0.826172 0.081055 1310681869.507158
-0.131836 0.842773 0.079102 1310681869.549220
-0.161133 0.848633 -0.020508 1310681869.593213
-0.293945 0.880859 0.038086 1310681869.615215
-0.300781 0.838867 0.000977 1310681869.638214
-0.293945 0.828125 0.041016 1310681869.684160
-0.246094 0.809570 0.041016 1310681869.706140
-0.256836 0.797852 -0.020508 1310681869.741148
-0.300781 0.784180 0.031250 1310681869.775168
-0.317383 0.724609 -0.015625 1310681869.798140
-0.294922 0.721680 0.057617 1310681869.841187
-0.287109 0.766602 0.068359 1310681869.863186
-0.287109 0.766602 0.068359 1310681869.905168
-0.484375 0.791016 0.150391 1310681869.935158
-0.313477 0.763672 0.084961 1310681869.980172
-0.250977 0.626953 0.096680 1310681870.003175
-0.347656 0.743164 0.187500 1310681870.046233
-0.485352 0.827148 0.218750 1310681870.069226
-0.488281 0.827148 0.218750 1310681870.090155
-0.416016 0.689453 0.147461 1310681870.138196
-0.332031 0.707031 0.087891 1310681870.159158
-0.083984 0.768555 0.080078 1310681870.203163
-0.015625 0.850586 0.155273 1310681870.225222
0.092773 0.743164 0.199219 1310681870.250226
0.064453 0.719727 0.178711 1310681870.303191
0.097656 0.978516 0.165039 1310681870.325190
0.143555 0.984375 0.190430 1310681870.369154
0.164062 0.802734 0.206055 1310681870.391227
0.060547 0.792969 0.169922 1310681870.413191
-0.129883 0.816406 0.169922 1310681870.434167
-0.119141 0.843750 0.175781 1310681870.498993
0.179688 0.875977 0.197266 1310681870.519167
0.260742 0.842773 0.197266 1310681870.541193
0.190430 0.789062 0.179688 1310681870.584189
0.027344 0.715820 0.199219 1310681870.614234
-0.078125 0.804688 0.217773 1310681870.639199
-0.105469 0.748047 0.192383 1310681870.724195
-0.034180 0.724609 0.255859 1310681870.744169
-0.034180 0.723633 0.286133 1310681870.745159
-0.118164 0.669922 0.243164 1310681870.776241
-0.086914 0.696289 0.222656 1310681870.798227
-0.086914 0.696289 0.222656 1310681870.840249
-0.219727 0.785156 0.164062 1310681870.866173
-0.215820 0.810547 0.158203 1310681870.893166
-0.259766 0.851562 0.066406 1310681870.939232
-0.276367 0.871094 0.106445 1310681870.960168
-0.226562 0.830078 0.063477 1310681871.004194
-0.252930 0.860352 0.063477 1310681871.026203
-0.314453 0.875000 0.041016 1310681871.056210
-0.361328 0.734375 0.036133 1310681871.103216
-0.238281 0.833984 -0.005859 1310681871.125232
-0.186523 0.828125 0.041992 1310681871.171245
-0.234375 0.751953 0.032227 1310681871.174227
-0.274414 0.824219 0.033203 1310681871.218251
-0.260742 0.876953 -0.011719 1310681871.264286
-0.185547 0.851562 -0.036133 1310681871.286240
-0.166992 0.868164 -0.016602 1310681871.309206
-0.166992 0.821289 -0.023438 1310681871.349243
-0.158203 0.870117 -0.030273 1310681871.393216
-0.226562 0.851562 -0.035156 1310681871.418198
-0.293945 0.841797 -0.009766 1310681871.461300
-0.253906 0.791016 0.011719 1310681871.484248
-0.281250 0.762695 0.034180 1310681871.518212
-0.395508 0.693359 0.077148 1310681871.545183
-0.377930 0.702148 0.077148 1310681871.569242
-0.411133 0.694336 0.030273 1310681871.611216
-0.443359 0.777344 0.063477 1310681871.655195
-0.442383 0.746094 0.048828 1310681871.678184
-0.459961 0.638672 0.204102 1310681871.703209
-0.539062 0.625000 0.186523 1310681871.726199
-0.550781 0.625000 0.186523 1310681871.771173
-0.523438 0.687500 0.132812 1310681871.819255
-0.454102 0.704102 0.008789 1310681871.841254
-0.298828 0.871094 0.045898 1310681871.865204
-0.144531 0.839844 -0.005859 1310681871.909216
-0.139648 0.894531 0.037109 1310681871.933228
-0.139648 0.894531 0.037109 1310681871.980234
0.095703 0.822266 0.049805 1310681872.020213
0.133789 0.874023 0.106445 1310681872.043196
0.173828 0.822266 0.115234 1310681872.065204
0.125000 0.839844 0.104492 1310681872.110262
0.011719 0.869141 0.198242 1310681872.130258
-0.082031 0.875977 0.164062 1310681872.153283
0.000000 0.904297 0.189453 1310681872.200272
0.261719 0.869141 0.159180 1310681872.223200
0.294922 0.860352 0.143555 1310681872.250271
0.094727 0.789062 0.147461 1310681872.290259
-0.006836 0.816406 0.168945 1310681872.311241
-0.020508 0.816406 0.195312 1310681872.359213
-0.051758 0.753906 0.126953 1310681872.388216
-0.062500 0.792969 0.140625 1310681872.413265
-0.062500 0.795898 0.093750 1310681872.455266
-0.124023 0.747070 0.127930 1310681872.479236
-0.156250 0.775391 0.127930 1310681872.501225
-0.178711 0.797852 0.091797 1310681872.544272
-0.242188 0.775391 0.034180 1310681872.586275
-0.256836 0.789062 0.062500 1310681872.608261
-0.205078 0.721680 0.147461 1310681872.630268
-0.275391 0.733398 0.104492 1310681872.673179
-0.239258 0.794922 0.118164 1310681872.695228
-0.205078 0.757812 0.044922 1310681872.741219
-0.290039 0.806641 0.074219 1310681872.763209
-0.225586 0.820312 0.078125 1310681872.806199
-0.291992 0.904297 0.026367 1310681872.829211
-0.279297 0.974609 0.029297 1310681872.873269
-0.029297 0.974609 0.029297 1310681872.895201
-0.147461 0.811523 0.038086 1310681872.940202
-0.164062 0.750000 -0.068359 1310681872.961191
-0.198242 0.864258 -0.051758 1310681872.988257
-0.168945 0.890625 -0.041016 1310681873.030289
-0.195312 0.874023 -0.077148 1310681873.053278
-0.167969 0.828125 -0.077148 1310681873.077278
-0.186523 0.827148 -0.031250 1310681873.140233
-0.240234 0.818359 -0.026367 1310681873.164301
-0.314453 0.749023 -0.049805 1310681873.186227
-0.383789 0.771484 -0.003906 1310681873.235293
-0.500000 0.690430 0.060547 1310681873.303234
-0.532227 0.665039 0.087891 1310681873.320355
-0.518555 0.726562 0.014648 1310681873.321226
-0.403320 0.823242 0.053711 1310681873.365254
-0.391602 0.810547 0.083984 1310681873.388261
-0.399414 0.619141 0.150391 1310681873.411253
-0.491211 0.695312 0.062500 1310681873.441246
-0.568359 0.699219 0.044922 1310681873.488235
-0.528320 0.737305 -0.057617 1310681873.510236
-0.298828 0.863281 -0.087891 1310681873.534250
-0.057617 0.905273 -0.063477 1310681873.585239
0.072266 0.947266 0.001953 1310681873.606242
0.200195 0.893555 0.001953 1310681873.632312
0.245117 0.882812 0.172852 1310681873.676264
0.202148 0.928711 0.151367 1310681873.698251
0.034180 0.892578 0.167969 1310681873.744258
-0.074219 0.795898 0.148438 1310681873.766286
-0.013672 0.819336 0.147461 1310681873.813252
0.026367 0.848633 0.189453 1310681873.834242
0.232422 0.830078 0.171875 1310681873.878272
0.126953 0.812500 0.172852 1310681873.900313
0.046875 0.794922 0.141602 1310681873.924310
-0.079102 0.818359 0.159180 1310681873.954305
-0.094727 0.783203 0.193359 1310681873.996238
-0.094727 0.783203 0.193359 1310681874.019273
-0.130859 0.798828 0.207031 1310681874.064269
-0.122070 0.736328 0.163086 1310681874.088278
-0.166016 0.710938 0.201172 1310681874.130257
-0.176758 0.686523 0.170898 1310681874.175303
-0.246094 0.810547 0.180664 1310681874.176296
-0.241211 0.724609 0.171875 1310681874.209298
-0.207031 0.722656 0.155273 1310681874.256325
-0.208008 0.814453 0.144531 1310681874.279266
-0.242188 0.775391 0.177734 1310681874.321292
-0.187500 0.751953 0.159180 1310681874.343241
-0.223633 0.781250 0.124023 1310681874.388311
-0.223633 0.781250 0.124023 1310681874.414273
-0.439453 1.005859 0.002930 1310681874.439308
-0.486328 0.808594 0.061523 1310681874.484264
-0.350586 0.671875 0.001953 1310681874.506248
-0.229492 0.791992 0.023438 1310681874.554309
-0.209961 0.822266 -0.226562 1310681874.594306
-0.188477 0.807617 -0.000977 1310681874.615299
-0.224609 0.867188 -0.021484 1310681874.638266
-0.272461 0.825195 -0.032227 1310681874.681253
-0.266602 0.841797 -0.013672 1310681874.704284
-0.277344 0.849609 -0.008789 1310681874.726244
-0.265625 0.829102 -0.017578 1310681874.753319
-0.242188 0.811523 0.023438 1310681874.798239
-0.223633 0.820312 0.030273 1310681874.848314
-0.289062 0.804688 0.003906 1310681874.869289
-0.273438 0.772461 0.038086 1310681874.913287
-0.330078 0.748047 0.040039 1310681874.930279
-0.358398 0.783203 -0.001953 1310681874.959318
-0.399414 0.792969 0.043945 1310681874.984348
-0.308594 0.708008 0.085938 1310681875.028285
-0.312500 0.611328 0.175781 1310681875.050286
-0.504883 0.618164 0.242188 1310681875.094311
-0.627930 0.742188 0.185547 1310681875.118245
-0.669922 0.714844 0.173828 1310681875.152309
-0.513672 0.620117 0.085938 1310681875.186324
-0.386719 0.724609 -0.008789 1310681875.231249
-0.221680 0.797852 -0.015625 1310681875.254327
-0.118164 0.785156 0.067383 1310681875.275330
-0.055664 0.827148 0.067383 1310681875.319258
-0.006836 0.809570 0.084961 1310681875.363289
0.117188 0.828125 0.164062 1310681875.384283
0.166992 0.923828 0.158203 1310681875.406257
0.154297 0.899414 0.156250 1310681875.454323
0.056641 0.860352 0.192383 1310681875.475331
-0.144531 0.787109 0.137695 1310681875.498294
-0.216797 0.787109 0.137695 1310681875.541302
0.088867 0.919922 0.153320 1310681875.570340
0.249023 0.827148 0.200195 1310681875.604270
0.145508 0.787109 0.180664 1310681875.646278
0.014648 0.798828 0.133789 1310681875.671284
-0.086914 0.812500 0.158203 1310681875.697289
-0.124023 0.800781 0.144531 1310681875.738269
-0.136719 0.791992 0.170898 1310681875.781291
-0.166992 0.722656 0.161133 1310681875.804291
-0.157227 0.799805 0.109375 1310681875.881329
-0.209961 0.785156 0.127930 1310681875.883341
-0.227539 0.744141 0.138672 1310681875.903314
-0.266602 0.716797 0.131836 1310681875.926294
-0.281250 0.767578 0.134766 1310681875.970299
-0.180664 0.786133 0.174805 1310681875.991306
-0.141602 0.775391 0.166016 1310681876.014268
-0.259766 0.789062 0.156250 1310681876.063315
-0.259766 0.789062 0.156250 1310681876.084272
-0.198242 0.817383 0.023438 1310681876.129328
-0.198242 0.891602 0.018555 1310681876.151314
-0.319336 0.960938 0.018555 1310681876.196295
-0.267578 0.818359 0.021484 1310681876.219304
-0.180664 0.802734 0.022461 1310681876.241352
-0.192383 0.832031 -0.010742 1310681876.285341
-0.196289 0.806641 -0.026367 1310681876.308350
-0.232422 0.884766 -0.028320 1310681876.350341
-0.229492 0.859375 -0.014648 1310681876.373341
-0.312500 0.807617 0.037109 1310681876.418319
-0.239258 0.831055 -0.042969 1310681876.441357
-0.205078 0.873047 -0.027344 1310681876.464271
-0.235352 0.822266 -0.038086 1310681876.508338
-0.216797 0.822266 0.021484 1310681876.540343
-0.256836 0.726562 -0.006836 1310681876.583316
-0.319336 0.747070 0.059570 1310681876.605307
-0.336914 0.720703 -0.006836 1310681876.628273
-0.367188 0.676758 0.018555 1310681876.671315
-0.375000 0.683594 0.073242 1310681876.694356
-0.404297 0.806641 0.065430 1310681876.738349
-0.401367 0.901367 0.127930 1310681876.759294
-0.379883 0.762695 0.125000 1310681876.803354
-0.474609 0.576172 0.149414 1310681876.825281
-0.429688 0.598633 0.077148 1310681876.869320
-0.406250 0.695312 0.091797 1310681876.916352
-0.267578 0.858398 0.097656 1310681876.938354
-0.192383 0.847656 0.053711 1310681876.959291
-0.182617 0.815430 0.075195 1310681876.981356
-0.038086 0.865234 0.122070 1310681877.023337
0.010742 0.856445 0.113281 1310681877.045289
0.104492 0.849609 0.126953 1310681877.089325
0.083008 0.820312 0.155273 1310681877.163329
-0.112305 0.861328 0.118164 1310681877.164312
-0.249023 0.858398 0.130859 1310681877.199365
-0.276367 0.825195 0.202148 1310681877.221301
0.108398 0.924805 0.165039 1310681877.265349
0.271484 0.927734 0.173828 1310681877.291329
0.213867 0.806641 0.202148 1310681877.314344
0.052734 0.822266 0.166016 1310681877.336319
-0.048828 0.812500 0.170898 1310681877.380345
-0.168945 0.768555 0.196289 1310681877.421331
-0.110352 0.729492 0.219727 1310681877.445361
-0.137695 0.714844 0.194336 1310681877.490493
-0.152344 0.690430 0.187500 1310681877.512286
-0.177734 0.709961 0.249023 1310681877.539343
-0.250000 0.787109 0.230469 1310681877.563336
-0.297852 0.736328 0.228516 1310681877.606385
-0.279297 0.741211 0.167969 1310681877.635288
-0.246094 0.717773 0.233398 1310681877.677366
-0.234375 0.635742 0.174805 1310681877.704319
-0.283203 0.721680 0.198242 1310681877.725317
-0.331055 0.658203 0.198242 1310681877.772307
-0.308594 0.680664 0.108398 1310681877.794325
-0.241211 0.772461 0.153320 1310681877.839314
-0.157227 0.841797 0.176758 1310681877.861318
-0.201172 0.784180 0.166016 1310681877.905308
-0.264648 0.867188 0.170898 1310681877.926377
-0.330078 0.950195 0.096680 1310681877.953305
-0.429688 0.676758 0.081055 1310681878.002312
-0.340820 0.692383 0.086914 1310681878.025307
-0.222656 0.816406 0.061523 1310681878.067315
-0.294922 0.843750 0.089844 1310681878.090310
-0.282227 0.740234 0.082031 1310681878.112300
-0.282227 0.740234 0.082031 1310681878.136298
-0.259766 0.781250 0.022461 1310681878.180314
-0.305664 0.800781 0.009766 1310681878.222306
-0.255859 0.767578 0.002930 1310681878.267290
-0.309570 0.841797 0.041992 1310681878.269306
-0.287109 0.761719 0.039062 1310681878.312323
-0.295898 0.781250 0.068359 1310681878.357311
-0.241211 0.826172 0.076172 1310681878.380323
-0.222656 0.798828 0.116211 1310681878.432353
-0.255859 0.807617 0.186523 1310681878.434381
-0.285156 0.759766 0.251953 1310681878.460385
-0.112305 0.888672 0.050781 1310681878.502355
-0.006836 0.754883 0.069336 1310681878.545347
-0.090820 0.628906 0.156250 1310681878.577310
-0.088867 0.796875 0.218750 1310681878.599355
-0.123047 0.935547 0.157227 1310681878.641384
-0.154297 0.852539 0.094727 1310681878.664379
-0.203125 0.658203 0.199219 1310681878.689348
-0.222656 0.678711 0.221680 1310681878.736328
-0.134766 0.803711 0.241211 1310681878.760324
