-0.059570 0.856445 0.020508 1311186510.108992
-0.007812 0.780273 0.077148 1311186510.131988
-0.051758 0.750000 0.057617 1311186510.164998
-0.095703 0.725586 0.057617 1311186510.186992
-0.133789 0.621094 -0.024414 1311186510.231989
-0.010742 0.360352 -0.054688 1311186510.253989
-0.134766 0.110352 -0.054688 1311186510.297997
-0.185547 0.388672 0.040039 1311186510.344992
-0.066406 0.434570 -0.108398 1311186510.346983
-0.025391 0.531250 0.101562 1311186510.389995
-0.102539 0.958984 0.096680 1311186510.418997
-0.293945 1.498047 0.169922 1311186510.467012
-0.212891 1.727539 0.291016 1311186510.488994
-0.249023 1.980469 0.307617 1311186510.517999
-0.369141 1.978516 0.488281 1311186510.559997
-0.631836 1.984375 0.342773 1311186510.586997
-0.749023 1.981445 0.321289 1311186510.635009
-0.579102 1.981445 0.136719 1311186510.661998
0.319336 1.220703 -0.035156 1311186510.683999
1.037109 -0.998047 0.325195 1311186510.729005
1.284180 -0.311523 0.075195 1311186510.753004
0.095703 0.226562 -0.188477 1311186510.777006
-0.566406 -0.143555 -0.234375 1311186510.823008
-0.209961 0.020508 -0.166992 1311186510.853003
-0.051758 -0.064453 -0.211914 1311186510.874052
0.049805 -0.183594 -0.169922 1311186510.939009
0.008789 -0.142578 -0.169922 1311186510.951006
-0.013672 -0.052734 -0.169922 1311186510.973007
0.072266 -0.170898 -0.166016 1311186511.020011
0.054688 -0.039062 -0.200195 1311186511.030009
0.067383 -0.054688 -0.158203 1311186511.074004
0.092773 -0.125977 -0.162109 1311186511.098012
0.276367 -0.004883 -0.153320 1311186511.144998
0.515625 -0.144531 -0.153320 1311186511.168008
0.689453 0.654297 0.938477 1311186511.213014
-1.027344 1.979492 -0.167969 1311186511.242008
-0.123047 1.980469 0.350586 1311186511.257009
-1.970703 1.980469 0.127930 1311186511.303009
-1.174805 1.983398 0.524414 1311186511.375007
-1.315430 1.979492 0.390625 1311186511.402013
-0.636719 1.980469 -0.225586 1311186511.403009
1.155273 1.046875 0.926758 1311186511.418024
1.974609 -0.687500 0.257812 1311186511.464014
0.661133 -0.486328 -0.248047 1311186511.487014
-1.142578 -0.101562 -0.442383 1311186511.510035
-0.769531 0.298828 -0.247070 1311186511.555014
0.109375 -0.306641 -0.183594 1311186511.595019
0.054688 -0.182617 -0.198242 1311186511.615028
0.055664 -0.099609 -0.172852 1311186511.680020
-0.049805 -0.143555 -0.160156 1311186511.682016
-0.116211 -0.168945 -0.169922 1311186511.704021
-0.271484 -0.122070 -0.191406 1311186511.751028
0.084961 -0.056641 -0.050781 1311186511.779021
0.174805 0.000000 -0.237305 1311186511.822020
0.169922 -0.154297 -0.024414 1311186511.843023
0.500977 0.156250 0.000000 1311186511.887016
0.829102 0.092773 -0.047852 1311186511.908038
1.000000 1.085938 0.702148 1311186511.933020
-0.814453 1.979492 -0.093750 1311186511.978022
-0.430664 1.982422 0.125000 1311186512.002037
-1.966797 1.982422 0.698242 1311186512.047031
-1.473633 1.980469 0.056641 1311186512.078029
-1.404297 1.982422 0.350586 1311186512.108029
-0.686523 1.982422 -0.186523 1311186512.133031
0.206055 1.558594 0.035156 1311186512.184031
1.604492 -1.062500 0.372070 1311186512.205033
1.675781 -0.236328 0.205078 1311186512.228024
-0.100586 -0.125000 -0.294922 1311186512.253033
-0.708984 -0.347656 -0.227539 1311186512.304027
-0.295898 0.005859 -0.296875 1311186512.329025
-0.093750 -0.050781 -0.268555 1311186512.352042
-0.058594 -0.093750 -0.171875 1311186512.399037
0.050781 -0.126953 -0.143555 1311186512.434015
0.081055 -0.104492 -0.157227 1311186512.460036
0.078125 -0.085938 -0.174805 1311186512.490032
0.058594 -0.027344 -0.147461 1311186512.533031
0.137695 -0.056641 -0.091797 1311186512.554034
0.149414 -0.162109 -0.038086 1311186512.577037
0.271484 0.001953 0.040039 1311186512.645017
0.580078 -0.080078 -0.082031 1311186512.682038
0.412109 -0.020508 0.145508 1311186512.700038
0.158203 1.396484 0.440430 1311186512.723030
-1.972656 1.981445 1.650391 1311186512.745040
0.031250 1.982422 -0.018555 1311186512.770040
-1.973633 1.980469 -0.018555 1311186512.813042
-1.469727 1.982422 0.132812 1311186512.859040
-1.243164 1.979492 0.075195 1311186512.877063
-0.809570 1.978516 0.132812 1311186512.919047
0.948242 0.646484 0.116211 1311186512.947049
1.651367 -0.810547 0.239258 1311186512.980040
0.797852 -0.389648 0.239258 1311186513.002051
-0.636719 -0.130859 -0.254883 1311186513.033041
-0.467773 0.129883 -0.278320 1311186513.077038
0.026367 0.046875 -0.265625 1311186513.099046
0.174805 -0.177734 -0.140625 1311186513.133044
0.168945 -0.121094 -0.165039 1311186513.175050
0.088867 -0.162109 -0.159180 1311186513.200045
-0.083008 -0.089844 -0.188477 1311186513.224050
-0.074219 -0.041016 -0.250977 1311186513.274053
0.068359 -0.101562 -0.062500 1311186513.297052
0.318359 -0.097656 -0.138672 1311186513.318049
0.337891 -0.074219 -0.067383 1311186513.360054
0.337891 -0.074219 -0.067383 1311186513.384048
0.522461 0.261719 0.827148 1311186513.433078
0.151367 1.789062 -0.136719 1311186513.454047
-1.319336 1.977539 1.318359 1311186513.479054
-0.021484 1.449219 -0.070312 1311186513.525058
-1.973633 1.978516 -0.216797 1311186513.552056
-1.250000 1.982422 0.070312 1311186513.574057
-1.450195 1.980469 0.206055 1311186513.619057
-0.637695 1.982422 -0.158203 1311186513.662059
1.120117 0.900391 0.562500 1311186513.707058
1.974609 -1.000000 0.119141 1311186513.728059
0.501953 -0.293945 -0.148438 1311186513.730056
-0.859375 0.029297 -0.229492 1311186513.774060
-0.439453 -0.110352 -0.282227 1311186513.819056
-0.148438 -0.242188 -0.201172 1311186513.842057
-0.108398 -0.145508 -0.138672 1311186513.869063
0.112305 -0.072266 -0.129883 1311186513.914090
0.093750 -0.247070 -0.254883 1311186513.980064
0.035156 -0.008789 -0.192383 1311186513.982064
0.120117 0.062500 -0.213867 1311186514.023079
0.023438 -0.134766 -0.145508 1311186514.048049
-0.061523 -0.153320 -0.076172 1311186514.070064
0.154297 0.099609 -0.064453 1311186514.095070
0.518555 0.099609 -0.064453 1311186514.127067
0.543945 0.744141 0.818359 1311186514.172073
-0.407227 1.977539 -0.366211 1311186514.194070
-1.973633 1.975586 0.196289 1311186514.238051
0.263672 1.982422 -0.258789 1311186514.263067
-1.958984 1.982422 0.026367 1311186514.284067
-0.937500 1.980469 -0.223633 1311186514.330074
-0.303711 1.595703 -0.017578 1311186514.355070
-0.307617 0.750000 -0.127930 1311186514.403072
-0.284180 0.389648 -0.045898 1311186514.424121
0.114258 0.066406 -0.112305 1311186514.470071
0.221680 -0.091797 -0.042969 1311186514.493073
0.147461 0.209961 0.014648 1311186514.518076
0.262695 0.594727 0.073242 1311186514.582074
-0.025391 1.100586 0.176758 1311186514.605081
-0.387695 1.103516 -0.075195 1311186514.627069
-0.144531 0.616211 -0.071289 1311186514.649077
-0.220703 0.791016 -0.026367 1311186514.672072
-0.219727 0.951172 -0.008789 1311186514.715078
-0.107422 0.777344 -0.008789 1311186514.740079
-0.066406 0.724609 0.027344 1311186514.770082
0.004883 0.858398 0.061523 1311186514.815081
0.042969 0.917969 0.093750 1311186514.838083
-0.000977 0.878906 0.093750 1311186514.861086
-0.166992 0.791992 0.008789 1311186514.903085
-0.232422 0.832031 0.030273 1311186514.933081
-0.159180 0.820312 0.044922 1311186514.975083
-0.021484 0.835938 0.028320 1311186514.998085
