-0.174805 0.783203 0.161133 1310682651.024371
-0.171875 0.777344 0.169922 1310682651.070370
-0.147461 0.786133 0.149414 1310682651.093334
-0.170898 0.785156 0.176758 1310682651.115345
-0.185547 0.771484 0.173828 1310682651.143323
-0.181641 0.763672 0.183594 1310682651.188328
-0.207031 0.749023 0.210938 1310682651.214335
-0.201172 0.773438 0.172852 1310682651.239338
-0.207031 0.751953 0.190430 1310682651.286350
-0.198242 0.781250 0.215820 1310682651.309341
-0.219727 0.761719 0.165039 1310682651.354350
-0.192383 0.789062 0.165039 1310682651.376354
-0.212891 0.747070 0.194336 1310682651.424392
-0.179688 0.781250 0.196289 1310682651.449407
-0.196289 0.736328 0.135742 1310682651.470374
-0.190430 0.751953 0.201172 1310682651.494367
-0.192383 0.737305 0.189453 1310682651.539362
-0.201172 0.771484 0.189453 1310682651.561359
-0.218750 0.755859 0.201172 1310682651.609435
-0.241211 0.777344 0.180664 1310682651.630393
-0.201172 0.773438 0.169922 1310682651.655362
-0.158203 0.793945 0.154297 1310682651.703358
-0.192383 0.740234 0.145508 1310682651.724402
-0.190430 0.779297 0.165039 1310682651.786426
-0.166016 0.802734 0.148438 1310682651.788425
-0.182617 0.784180 0.159180 1310682651.824385
-0.171875 0.804688 0.163086 1310682651.850421
-0.184570 0.755859 0.154297 1310682651.894370
-0.182617 0.802734 0.148438 1310682651.919402
-0.186523 0.778320 0.173828 1310682651.964403
-0.198242 0.767578 0.147461 1310682651.995408
-0.184570 0.772461 0.165039 1310682652.023381
-0.193359 0.800781 0.143555 1310682652.068389
-0.181641 0.765625 0.197266 1310682652.094397
-0.191406 0.768555 0.172852 1310682652.116378
-0.165039 0.810547 0.162109 1310682652.160400
-0.200195 0.787109 0.153320 1310682652.183404
-0.188477 0.779297 0.162109 1310682652.259388
-0.210938 0.798828 0.166016 1310682652.260378
-0.204102 0.771484 0.151367 1310682652.283392
-0.158203 0.764648 0.151367 1310682652.307444
-0.212891 0.783203 0.128906 1310682652.351422
-0.211914 0.759766 0.152344 1310682652.380367
-0.212891 0.771484 0.154297 1310682652.398398
-0.179688 0.799805 0.153320 1310682652.444329
-0.214844 0.769531 0.175781 1310682652.470405
-0.214844 0.769531 0.175781 1310682652.491403
-0.202148 0.798828 0.148438 1310682652.538371
-0.181641 0.781250 0.124023 1310682652.560374
-0.192383 0.755859 0.139648 1310682652.604340
-0.175781 0.767578 0.119141 1310682652.649347
-0.208008 0.803711 0.147461 1310682652.650332
-0.193359 0.737305 0.147461 1310682652.698330
-0.194336 0.813477 0.132812 1310682652.744444
-0.234375 0.775391 0.158203 1310682652.765358
-0.222656 0.791016 0.153320 1310682652.810383
-0.231445 0.761719 0.174805 1310682652.831462
-0.208008 0.755859 0.156250 1310682652.854401
-0.199219 0.756836 0.163086 1310682652.898388
-0.208984 0.745117 0.154297 1310682652.919374
-0.168945 0.742188 0.173828 1310682652.965438
-0.175781 0.780273 0.167969 1310682652.989395
-0.200195 0.746094 0.167969 1310682653.034406
-0.163086 0.708984 0.177734 1310682653.059380
-0.190430 0.763672 0.177734 1310682653.083410
-0.226562 0.779297 0.153320 1310682653.109414
-0.183594 0.779297 0.161133 1310682653.161421
-0.219727 0.761719 0.137695 1310682653.183376
-0.204102 0.801758 0.177734 1310682653.210467
-0.236328 0.782227 0.138672 1310682653.228464
-0.147461 0.781250 0.165039 1310682653.273417
-0.166016 0.782227 0.171875 1310682653.301408
-0.152344 0.775391 0.178711 1310682653.335422
-0.212891 0.798828 0.166016 1310682653.385430
-0.205078 0.767578 0.210938 1310682653.403426
-0.193359 0.743164 0.210938 1310682653.438420
-0.172852 0.777344 0.152344 1310682653.463399
-0.183594 0.806641 0.173828 1310682653.542456
-0.195312 0.776367 0.169922 1310682653.543457
-0.197266 0.754883 0.168945 1310682653.564385
-0.205078 0.773438 0.174805 1310682653.605400
-0.208984 0.774414 0.174805 1310682653.627383
-0.205078 0.767578 0.153320 1310682653.674438
-0.156250 0.768555 0.160156 1310682653.695403
-0.227539 0.768555 0.192383 1310682653.718415
-0.223633 0.765625 0.188477 1310682653.760475
-0.187500 0.782227 0.125000 1310682653.783427
-0.148438 0.773438 0.168945 1310682653.829420
-0.158203 0.759766 0.178711 1310682653.855402
-0.149414 0.792969 0.173828 1310682653.883446
-0.238281 0.742188 0.145508 1310682653.933447
-0.194336 0.775391 0.157227 1310682653.958428
-0.234375 0.763672 0.162109 1310682653.979937
-0.195312 0.763672 0.162109 1310682654.005474
-0.195312 0.763672 0.162109 1310682654.049434
-0.243164 0.773438 0.176758 1310682654.086395
-0.193359 0.771484 0.207031 1310682654.130402
-0.166992 0.750000 0.171875 1310682654.161486
-0.189453 0.758789 0.171875 1310682654.163413
-0.221680 0.769531 0.202148 1310682654.208431
-0.228516 0.787109 0.209961 1310682654.255412
-0.194336 0.744141 0.197266 1310682654.276473
-0.257812 0.783203 0.211914 1310682654.299479
-0.231445 0.757812 0.189453 1310682654.346437
-0.213867 0.507812 0.189453 1310682654.370406
-0.213867 0.507812 0.189453 1310682654.403414
-0.212891 0.734375 0.157227 1310682654.434462
-0.194336 0.787109 0.154297 1310682654.488441
-0.154297 0.757812 0.136719 1310682654.493434
-0.174805 0.764648 0.170898 1310682654.545425
-0.174805 0.764648 0.170898 1310682654.566425
-0.197266 0.783203 0.122070 1310682654.589395
-0.188477 0.786133 0.125000 1310682654.631405
-0.199219 0.789062 0.104492 1310682654.658461
-0.191406 0.773438 0.149414 1310682654.700436
-0.207031 0.775391 0.154297 1310682654.723440
-0.207031 0.775391 0.154297 1310682654.748426
-0.175781 0.750000 0.158203 1310682654.845394
-0.172852 0.791016 0.166016 1310682654.861389
-0.206055 0.771484 0.125977 1310682654.894390
-0.164062 0.768555 0.171875 1310682654.898428
-0.203125 0.792969 0.131836 1310682654.911419
-0.191406 0.812500 0.157227 1310682654.961497
-0.190430 0.784180 0.157227 1310682654.987454
-0.187500 0.792969 0.139648 1310682655.010450
-0.178711 0.783203 0.118164 1310682655.063573
-0.173828 0.783203 0.114258 1310682655.085453
-0.196289 0.785156 0.135742 1310682655.107285
-0.159180 0.788086 0.151367 1310682655.151503
-0.185547 0.775391 0.161133 1310682655.171413
-0.186523 0.796875 0.150391 1310682655.215436
-0.145508 0.773438 0.166992 1310682655.239510
-0.247070 0.790039 0.155273 1310682655.281426
-0.192383 0.818359 0.132812 1310682655.306523
-0.206055 0.818359 0.132812 1310682655.329460
-0.190430 0.745117 0.131836 1310682655.364462
-0.208984 0.802734 0.135742 1310682655.423450
-0.176758 0.796875 0.153320 1310682655.444417
-0.181641 0.794922 0.158203 1310682655.469479
-0.181641 0.739258 0.157227 1310682655.501458
-0.174805 0.777344 0.187500 1310682655.544433
-0.197266 0.749023 0.144531 1310682655.568504
-0.200195 0.714844 0.144531 1310682655.594424
-0.184570 0.777344 0.165039 1310682655.638434
-0.192383 0.735352 0.144531 1310682655.660521
-0.188477 0.770508 0.148438 1310682655.687480
-0.151367 0.779297 0.181641 1310682655.731441
-0.193359 0.764648 0.221680 1310682655.759456
-0.208008 0.783203 0.189453 1310682655.783444
-0.225586 0.766602 0.157227 1310682655.826433
-0.210938 0.770508 0.205078 1310682655.849444
-0.187500 0.765625 0.168945 1310682655.891426
-0.185547 0.774414 0.171875 1310682655.914430
-0.175781 0.733398 0.190430 1310682655.961455
-0.190430 0.770508 0.170898 1310682655.991476
-0.162109 0.769531 0.151367 1310682656.035511
-0.179688 0.747070 0.175781 1310682656.036510
-0.215820 0.759766 0.161133 1310682656.117502
-0.181641 0.758789 0.190430 1310682656.118508
-0.164062 0.784180 0.171875 1310682656.171446
-0.212891 0.788086 0.151367 1310682656.184521
-0.166016 0.803711 0.131836 1310682656.214525
-0.165039 0.756836 0.131836 1310682656.226527
-0.201172 0.765625 0.145508 1310682656.284517
-0.223633 0.820312 0.184570 1310682656.305494
-0.154297 0.820312 0.179688 1310682656.329452
-0.126953 0.756836 0.174805 1310682656.374452
-0.182617 0.781250 0.086914 1310682656.426517
-0.144531 0.718750 0.212891 1310682656.428514
-0.219727 0.791016 0.173828 1310682656.471470
-0.216797 0.775391 0.181641 1310682656.493458
-0.235352 0.761719 0.201172 1310682656.535493
-0.239258 0.757812 0.162109 1310682656.560526
-0.185547 0.759766 0.179688 1310682656.603450
-0.211914 0.774414 0.207031 1310682656.628453
-0.207031 0.774414 0.207031 1310682656.656431
-0.172852 0.750000 0.197266 1310682656.701446
-0.207031 0.789062 0.190430 1310682656.725494
-0.191406 0.753906 0.208984 1310682656.768461
-0.200195 0.779297 0.154297 1310682656.790488
-0.181641 0.752930 0.202148 1310682656.821516
-0.204102 0.773438 0.194336 1310682656.864496
-0.197266 0.792969 0.188477 1310682656.885471
-0.170898 0.764648 0.182617 1310682656.909527
-0.173828 0.785156 0.150391 1310682656.955476
-0.160156 0.818359 0.140625 1310682656.978479
-0.203125 0.760742 0.175781 1310682657.008498
-0.223633 0.765625 0.155273 1310682657.049476
-0.191406 0.776367 0.198242 1310682657.093561
-0.201172 0.767578 0.168945 1310682657.115516
-0.200195 0.754883 0.210938 1310682657.158540
-0.247070 0.757812 0.155273 1310682657.159536
-0.195312 0.746094 0.203125 1310682657.206503
-0.238281 0.755859 0.191406 1310682657.249498
-0.219727 0.745117 0.220703 1310682657.270467
-0.236328 0.742188 0.170898 1310682657.314496
-0.242188 0.744141 0.213867 1310682657.350506
-0.244141 0.741211 0.206055 1310682657.418492
-0.244141 0.741211 0.206055 1310682657.419501
-0.249023 0.750977 0.194336 1310682657.441494
-0.196289 0.761719 0.187500 1310682657.470494
-0.190430 0.770508 0.206055 1310682657.513494
-0.204102 0.749023 0.233398 1310682657.534452
-0.166992 0.749023 0.233398 1310682657.555484
-0.162109 0.750000 0.147461 1310682657.600550
-0.198242 0.764648 0.153320 1310682657.625469
-0.194336 0.769531 0.141602 1310682657.670500
-0.203125 0.778320 0.114258 1310682657.696545
-0.177734 0.802734 0.153320 1310682657.740472
-0.201172 0.767578 0.146484 1310682657.742468
-0.180664 0.776367 0.139648 1310682657.788511
-0.154297 0.784180 0.173828 1310682657.831544
-0.184570 0.760742 0.130859 1310682657.853490
-0.170898 0.773438 0.144531 1310682657.885483
-0.250977 0.787109 0.152344 1310682657.906504
-0.216797 0.783203 0.177734 1310682657.961550
-0.223633 0.763672 0.145508 1310682657.984509
-0.198242 0.778320 0.147461 1310682658.006463
-0.215820 0.796875 0.117188 1310682658.050555
-0.188477 0.789062 0.160156 1310682658.073552
-0.222656 0.791992 0.120117 1310682658.098552
-0.189453 0.779297 0.171875 1310682658.143494
-0.187500 0.771484 0.164062 1310682658.170509
-0.165039 0.729492 0.072266 1310682658.218523
-0.166016 0.771484 0.151367 1310682658.255506
-0.174805 0.773438 0.154297 1310682658.278510
-0.205078 0.792969 0.164062 1310682658.301541
-0.173828 0.807617 0.150391 1310682658.343566
-0.190430 0.794922 0.125977 1310682658.366469
-0.186523 0.778320 0.143555 1310682658.401473
-0.192383 0.757812 0.174805 1310682658.443496
-0.155273 0.763672 0.119141 1310682658.464487
-0.208008 0.761719 0.146484 1310682658.486512
-0.236328 0.790039 0.142578 1310682658.529532
-0.199219 0.783203 0.152344 1310682658.561489
-0.204102 0.765625 0.142578 1310682658.594572
-0.214844 0.804688 0.141602 1310682658.621502
-0.189453 0.776367 0.153320 1310682658.690484
-0.189453 0.776367 0.153320 1310682658.691476
-0.208984 0.776367 0.144531 1310682658.733511
-0.234375 0.767578 0.158203 1310682658.758533
-0.165039 0.761719 0.175781 1310682658.783538
-0.209961 0.714844 0.188477 1310682658.826574
-0.189453 0.773438 0.213867 1310682658.870479
-0.184570 0.758789 0.194336 1310682658.892519
-0.218750 0.758789 0.194336 1310682658.916512
-0.196289 0.813477 0.189453 1310682658.944523
-0.150391 0.771484 0.122070 1310682659.001582
-0.128906 0.791992 0.178711 1310682659.002511
-0.164062 0.785156 0.153320 1310682659.055568
-0.179688 0.765625 0.154297 1310682659.081505
-0.159180 0.771484 0.206055 1310682659.102507
-0.229492 0.735352 0.167969 1310682659.149567
-0.184570 0.782227 0.166992 1310682659.172573
-0.210938 0.775391 0.159180 1310682659.204515
-0.169922 0.765625 0.154297 1310682659.227546
-0.126953 0.783203 0.178711 1310682659.272545
-0.159180 0.773438 0.162109 1310682659.295513
-0.149414 0.802734 0.153320 1310682659.339584
-0.153320 0.769531 0.142578 1310682659.361499
-0.150391 0.787109 0.152344 1310682659.405514
-0.127930 0.799805 0.162109 1310682659.429541
-0.171875 0.796875 0.162109 1310682659.450573
-0.182617 0.796875 0.162109 1310682659.495552
-0.146484 0.775391 0.174805 1310682659.521511
-0.107422 0.773438 0.174805 1310682659.566505
-0.154297 0.767578 0.181641 1310682659.587509
-0.190430 0.761719 0.203125 1310682659.618549
-0.188477 0.802734 0.195312 1310682659.666513
-0.179688 0.778320 0.167969 1310682659.691551
-0.183594 0.769531 0.169922 1310682659.735515
-0.192383 0.766602 0.186523 1310682659.756507
-0.195312 0.763672 0.182617 1310682659.784527
-0.159180 0.750000 0.157227 1310682659.816549
-0.158203 0.775391 0.180664 1310682659.846505
-0.151367 0.790039 0.133789 1310682659.925585
-0.136719 0.802734 0.169922 1310682659.926538
-0.150391 0.794922 0.157227 1310682659.987522
-0.187500 0.819336 0.162109 1310682659.989518
-0.204102 0.775391 0.156250 1310682660.011561
-0.162109 0.745117 0.192383 1310682660.056575
-0.179688 0.765625 0.172852 1310682660.077587
-0.179688 0.717773 0.165039 1310682660.100521
-0.163086 0.777344 0.170898 1310682660.147541
-0.196289 0.765625 0.166016 1310682660.172520
-0.209961 0.755859 0.203125 1310682660.216594
-0.141602 0.764648 0.218750 1310682660.240553
-0.216797 0.768555 0.202148 1310682660.274555
-0.200195 0.751953 0.202148 1310682660.295532
-0.224609 0.764648 0.183594 1310682660.341591
-0.249023 0.769531 0.206055 1310682660.365594
-0.259766 0.762695 0.217773 1310682660.402506
-0.223633 0.751953 0.230469 1310682660.425612
-0.233398 0.767578 0.186523 1310682660.467604
-0.158203 0.715820 0.194336 1310682660.492566
-0.222656 0.754883 0.150391 1310682660.519561
-0.180664 0.766602 0.182617 1310682660.556561
-0.180664 0.766602 0.182617 1310682660.579573
-0.201172 0.768555 0.194336 1310682660.625558
-0.185547 0.783203 0.168945 1310682660.649564
-0.144531 0.757812 0.082031 1310682660.702557
-0.199219 0.781250 0.155273 1310682660.724574
-0.199219 0.781250 0.155273 1310682660.746564
-0.191406 0.767578 0.130859 1310682660.792533
-0.178711 0.794922 0.134766 1310682660.815532
-0.196289 0.781250 0.105469 1310682660.859582
-0.234375 0.786133 0.150391 1310682660.884655
-0.198242 0.759766 0.125000 1310682660.907566
-0.203125 0.759766 0.125000 1310682660.939606
-0.195312 0.791992 0.100586 1310682660.986542
-0.185547 0.814453 0.144531 1310682661.009613
-0.199219 0.788086 0.113281 1310682661.057596
-0.184570 0.795898 0.160156 1310682661.080573
-0.207031 0.781250 0.143555 1310682661.101586
-0.188477 0.816406 0.146484 1310682661.145571
-0.204102 0.759766 0.101562 1310682661.167542
-0.176758 0.764648 0.127930 1310682661.196527
-0.176758 0.773438 0.163086 1310682661.245545
-0.172852 0.729492 0.164062 1310682661.270550
-0.174805 0.760742 0.156250 1310682661.292621
-0.191406 0.769531 0.149414 1310682661.336611
-0.199219 0.767578 0.159180 1310682661.360610
-0.164062 0.759766 0.111328 1310682661.409580
-0.152344 0.813477 0.150391 1310682661.430547
-0.204102 0.751953 0.136719 1310682661.455585
-0.229492 0.796875 0.136719 1310682661.479578
-0.223633 0.787109 0.163086 1310682661.525552
-0.220703 0.775391 0.146484 1310682661.567552
-0.190430 0.810547 0.155273 1310682661.590593
-0.213867 0.774414 0.134766 1310682661.632617
-0.187500 0.794922 0.170898 1310682661.656590
-0.176758 0.794922 0.170898 1310682661.681539
-0.141602 0.783203 0.072266 1310682661.724618
-0.139648 0.775391 0.148438 1310682661.746583
-0.229492 0.781250 0.173828 1310682661.796598
-0.230469 0.798828 0.156250 1310682661.819598
-0.232422 0.760742 0.152344 1310682661.841584
-0.180664 0.785156 0.170898 1310682661.867626
-0.189453 0.757812 0.108398 1310682661.927582
-0.186523 0.759766 0.164062 1310682661.950614
-0.205078 0.749023 0.169922 1310682661.972624
-0.198242 0.737305 0.142578 1310682662.014634
-0.213867 0.765625 0.171875 1310682662.038570
-0.218750 0.756836 0.171875 1310682662.081583
-0.215820 0.758789 0.180664 1310682662.127601
-0.208008 0.732422 0.176758 1310682662.129558
-0.165039 0.771484 0.159180 1310682662.179558
-0.235352 0.767578 0.163086 1310682662.200642
-0.234375 0.762695 0.197266 1310682662.222630
-0.190430 0.744141 0.175781 1310682662.266579
-0.247070 0.782227 0.155273 1310682662.287594
-0.199219 0.748047 0.195312 1310682662.334588
-0.217773 0.755859 0.160156 1310682662.357586
-0.163086 0.784180 0.160156 1310682662.402566
-0.178711 0.777344 0.128906 1310682662.426619
-0.197266 0.838867 0.162109 1310682662.450645
-0.176758 0.755859 0.165039 1310682662.549603
-0.195312 0.772461 0.122070 1310682662.550570
-0.200195 0.785156 0.154297 1310682662.564598
-0.168945 0.813477 0.162109 1310682662.585611
-0.198242 0.781250 0.183594 1310682662.610635
-0.198242 0.781250 0.183594 1310682662.655592
-0.177734 0.785156 0.166016 1310682662.692587
-0.153320 0.802734 0.171875 1310682662.717587
-0.239258 0.750977 0.157227 1310682662.761601
-0.180664 0.757812 0.212891 1310682662.782609
-0.208008 0.757812 0.212891 1310682662.806640
-0.211914 0.786133 0.188477 1310682662.850608
-0.184570 0.766602 0.169922 1310682662.896583
-0.183594 0.769531 0.135742 1310682662.922617
-0.174805 0.773438 0.169922 1310682662.945623
-0.174805 0.788086 0.137695 1310682662.969628
-0.177734 0.788086 0.137695 1310682662.997601
-0.191406 0.771484 0.124023 1310682663.042592
-0.175781 0.790039 0.156250 1310682663.066595
-0.162109 0.748047 0.144531 1310682663.110591
-0.188477 0.766602 0.176758 1310682663.131596
-0.204102 0.763672 0.178711 1310682663.174588
-0.166992 0.783203 0.153320 1310682663.196649
-0.206055 0.761719 0.176758 1310682663.242613
-0.189453 0.761719 0.173828 1310682663.286591
-0.140625 0.740234 0.218750 1310682663.309655
-0.201172 0.754883 0.195312 1310682663.331664
-0.178711 0.767578 0.186523 1310682663.352603
-0.183594 0.749023 0.207031 1310682663.399594
-0.178711 0.740234 0.207031 1310682663.420603
-0.208984 0.763672 0.185547 1310682663.459576
-0.222656 0.775391 0.196289 1310682663.481664
-0.187500 0.730469 0.160156 1310682663.534622
-0.173828 0.756836 0.187500 1310682663.555731
-0.182617 0.770508 0.180664 1310682663.579621
-0.161133 0.761719 0.138672 1310682663.626580
-0.185547 0.818359 0.162109 1310682663.651616
-0.202148 0.787109 0.156250 1310682663.694653
-0.163086 0.785156 0.151367 1310682663.716597
-0.159180 0.798828 0.151367 1310682663.740595
-0.159180 0.736328 0.143555 1310682663.840584
-0.179688 0.775391 0.162109 1310682663.841581
-0.164062 0.802734 0.102539 1310682663.870658
-0.166992 0.779297 0.143555 1310682663.875631
-0.177734 0.780273 0.122070 1310682663.905665
-0.194336 0.784180 0.182617 1310682663.927608
-0.181641 0.789062 0.157227 1310682663.974573
-0.202148 0.785156 0.201172 1310682664.017594
-0.146484 0.782227 0.163086 1310682664.040636
-0.172852 0.812500 0.208984 1310682664.065624
-0.162109 0.778320 0.182617 1310682664.106627
-0.195312 0.780273 0.182617 1310682664.128619
-0.176758 0.791992 0.182617 1310682664.155631
-0.158203 0.766602 0.146484 1310682664.201622
-0.149414 0.733398 0.169922 1310682664.225609
-0.166992 0.763672 0.185547 1310682664.266675
-0.153320 0.753906 0.156250 1310682664.289672
-0.193359 0.771484 0.170898 1310682664.342631
-0.178711 0.817383 0.183594 1310682664.365598
-0.167969 0.751953 0.097656 1310682664.389624
-0.166016 0.771484 0.154297 1310682664.432627
-0.171875 0.782227 0.134766 1310682664.467669
-0.161133 0.791992 0.147461 1310682664.489622
-0.142578 0.794922 0.125977 1310682664.531238
-0.217773 0.798828 0.143555 1310682664.552629
-0.188477 0.798828 0.143555 1310682664.575618
-0.191406 0.782227 0.156250 1310682664.621640
-0.179688 0.736328 0.132812 1310682664.657613
-0.173828 0.773438 0.164062 1310682664.681612
-0.173828 0.773438 0.164062 1310682664.702628
-0.192383 0.791992 0.153320 1310682664.752664
-0.165039 0.794922 0.157227 1310682664.782679
-0.164062 0.765625 0.149414 1310682664.805656
-0.240234 0.792969 0.148438 1310682664.857694
-0.240234 0.792969 0.148438 1310682664.879627
-0.182617 0.804688 0.176758 1310682664.927597
-0.179688 0.747070 0.149414 1310682664.950649
-0.214844 0.782227 0.150391 1310682664.977659
-0.200195 0.792969 0.159180 1310682665.005655
-0.193359 0.773438 0.130859 1310682665.036650
-0.163086 0.775391 0.130859 1310682665.058642
-0.177734 0.775391 0.176758 1310682665.134614
-0.160156 0.792969 0.158203 1310682665.135685
-0.170898 0.767578 0.206055 1310682665.159620
-0.191406 0.765625 0.199219 1310682665.209627
-0.158203 0.804688 0.176758 1310682665.232695
-0.124023 0.763672 0.169922 1310682665.277697
-0.217773 0.765625 0.178711 1310682665.301698
-0.184570 0.737305 0.149414 1310682665.326605
-0.203125 0.786133 0.204102 1310682665.372637
-0.155273 0.772461 0.171875 1310682665.395642
-0.220703 0.794922 0.156250 1310682665.416687
-0.174805 0.789062 0.189453 1310682665.460706
-0.149414 0.788086 0.160156 1310682665.507630
-0.157227 0.791016 0.168945 1310682665.529621
-0.134766 0.778320 0.167969 1310682665.551637
-0.174805 0.763672 0.186523 1310682665.576695
-0.138672 0.788086 0.186523 1310682665.604640
-0.138672 0.788086 0.186523 1310682665.650721
-0.105469 0.801758 0.183594 1310682665.675671
-0.138672 0.794922 0.159180 1310682665.724700
-0.168945 0.780273 0.139648 1310682665.747674
-0.183594 0.765625 0.195312 1310682665.770666
-0.175781 0.792969 0.195312 1310682665.813680
