-0.004883 0.775391 0.271484 1309549842.236795
-0.006836 0.753906 0.275391 1309549842.290802
0.003906 0.746094 0.259766 1309549842.291791
0.022461 0.729492 0.267578 1309549842.315772
-0.035156 0.729492 0.267578 1309549842.316787
0.018555 0.763672 0.307617 1309549842.397793
0.057617 0.761719 0.298828 1309549842.425803
0.046875 0.781250 0.290039 1309549842.426791
0.004883 0.762695 0.282227 1309549842.456805
0.061523 0.732422 0.279297 1309549842.575802
0.061523 0.732422 0.279297 1309549842.597818
0.064453 0.774414 0.309570 1309549842.672799
0.037109 0.748047 0.307617 1309549842.745800
0.091797 0.745117 0.283203 1309549842.788805
0.086914 0.738281 0.355469 1309549842.790808
0.090820 0.737305 0.324219 1309549842.806799
0.065430 0.714844 0.347656 1309549842.808803
0.065430 0.714844 0.347656 1309549842.811794
0.041016 0.764648 0.346680 1309549842.830799
0.044922 0.728516 0.294922 1309549842.852808
-0.090820 0.747070 0.164062 1309549842.877804
-0.003906 0.699219 0.184570 1309549842.897803
-0.049805 0.786133 0.257812 1309549842.918801
0.022461 0.814453 0.280273 1309549842.928807
0.062500 0.670898 0.198242 1309549842.983810
0.061523 0.639648 0.207031 1309549842.985789
0.100586 0.662109 0.184570 1309549842.995798
0.140625 0.503906 0.069336 1309549843.012809
0.135742 0.551758 0.194336 1309549843.045797
0.085938 0.503906 0.168945 1309549843.067813
0.083984 0.403320 0.153320 1309549843.112812
0.213867 0.548828 0.309570 1309549843.157811
0.163086 0.631836 0.297852 1309549843.166805
0.147461 0.631836 0.297852 1309549843.187814
0.142578 0.631836 0.297852 1309549843.223810
0.207031 0.616211 0.377930 1309549843.305816
0.261719 0.568359 0.315430 1309549843.327788
0.184570 0.589844 0.400391 1309549843.340831
0.142578 0.750000 0.477539 1309549843.361813
0.194336 0.837891 0.490234 1309549843.405815
0.150391 0.765625 0.542969 1309549843.448820
0.092773 0.787109 0.435547 1309549843.470814
0.055664 0.800781 0.400391 1309549843.531817
-0.092773 0.879883 0.421875 1309549843.553814
-0.154297 1.044922 0.504883 1309549843.558813
-0.240234 1.141602 0.483398 1309549843.602815
-0.307617 0.978516 0.326172 1309549843.626818
-0.345703 0.864258 0.245117 1309549843.653816
-0.250000 0.765625 0.170898 1309549843.682818
-0.231445 0.734375 0.126953 1309549843.721820
-0.257812 0.693359 0.173828 1309549843.742811
-0.270508 0.753906 0.167969 1309549843.786820
-0.294922 0.761719 0.126953 1309549843.807797
-0.359375 0.796875 0.072266 1309549843.851824
-0.437500 0.893555 0.122070 1309549843.873821
-0.404297 0.855469 0.066406 1309549843.917826
-0.343750 0.802734 0.030273 1309549843.939836
-0.384766 0.745117 0.042969 1309549844.061830
-0.421875 0.685547 0.106445 1309549844.062822
-0.395508 0.755859 0.069336 1309549844.083828
-0.418945 0.730469 0.087891 1309549844.085822
-0.458984 0.717773 0.072266 1309549844.138833
-0.454102 0.689453 0.074219 1309549844.182827
-0.494141 0.718750 0.074219 1309549844.195823
-0.429688 0.728516 0.073242 1309549844.213837
-0.286133 0.698242 -0.022461 1309549844.236830
-0.459961 0.709961 0.035156 1309549844.291846
-0.458008 0.716797 -0.012695 1309549844.303830
-0.447266 0.716797 -0.012695 1309549844.326804
-0.443359 0.668945 0.006836 1309549844.381837
-0.474609 0.723633 -0.006836 1309549844.407808
-0.461914 0.667969 0.010742 1309549844.430835
-0.516602 0.682617 0.004883 1309549844.451842
-0.504883 0.689453 0.009766 1309549844.518834
-0.504883 0.689453 0.009766 1309549844.520833
-0.503906 0.704102 0.000977 1309549844.565834
-0.503906 0.712891 -0.000977 1309549844.603856
-0.482422 0.689453 -0.043945 1309549844.626838
-0.520508 0.669922 -0.010742 1309549844.671838
-0.505859 0.683594 -0.026367 1309549844.680841
-0.515625 0.744141 -0.017578 1309549844.726820
-0.514648 0.748047 -0.016602 1309549844.765841
