0.498047 0.042969 0.650391 1311186776.116188
0.477539 0.055664 0.632812 1311186776.159142
0.505859 0.087891 0.640625 1311186776.180119
0.500977 -0.082031 0.631836 1311186776.204160
0.559570 -0.096680 0.628906 1311186776.237161
0.441406 0.321289 0.632812 1311186776.272149
0.625000 -0.626953 0.636719 1311186776.310264
0.633789 0.394531 0.610352 1311186776.340132
0.590820 -0.145508 0.575195 1311186776.382159
0.361328 -0.311523 0.720703 1311186776.409160
0.431641 -0.119141 0.970703 1311186776.432174
0.327148 0.111328 0.927734 1311186776.482174
0.511719 -0.574219 1.493164 1311186776.502167
0.282227 0.112305 1.863281 1311186776.546133
1.980469 0.417969 -0.092773 1311186776.574167
1.862305 0.625000 -0.510742 1311186776.626156
-0.804688 -0.451172 -1.185547 1311186776.651191
0.589844 -0.379883 -0.377930 1311186776.672137
-0.540039 0.365234 0.064453 1311186776.696168
-0.023438 0.053711 0.232422 1311186776.740255
-0.106445 0.351562 0.078125 1311186776.762202
0.166992 0.427734 -0.417969 1311186776.789129
0.233398 0.427734 -0.417969 1311186776.814283
0.233398 0.427734 -0.417969 1311186776.856181
1.339844 0.169922 -1.795898 1311186776.931170
1.977539 -0.662109 -1.972656 1311186776.954173
-1.982422 -0.265625 -1.990234 1311186776.955141
-1.818359 -0.983398 0.362305 1311186777.000138
0.157227 -0.483398 0.362305 1311186777.021165
0.272461 -0.310547 1.038086 1311186777.062167
0.183594 -0.196289 1.608398 1311186777.134182
0.642578 0.668945 1.044922 1311186777.162207
1.983398 -0.725586 -0.212891 1311186777.180167
1.651367 1.564453 -0.826172 1311186777.184199
-0.275391 -1.162109 -0.550781 1311186777.202173
0.224609 -1.162109 -0.550781 1311186777.247184
0.301758 -0.432617 -0.087891 1311186777.272188
0.166992 -0.407227 -0.086914 1311186777.319208
0.044922 -0.048828 -0.167969 1311186777.341194
-0.129883 -0.781250 -0.528320 1311186777.362165
1.347656 -1.564453 0.378906 1311186777.406183
1.977539 -0.996094 -1.973633 1311186777.450178
1.988281 1.980469 1.242188 1311186777.472167
0.611328 -1.347656 0.220703 1311186777.495208
0.602539 0.950195 1.147461 1311186777.541178
0.070312 -0.497070 1.010742 1311186777.612325
0.452148 0.136719 1.520508 1311186777.634207
0.099609 -0.337891 1.841797 1311186777.679191
1.986328 0.608398 -0.137695 1311186777.731207
0.839844 -0.685547 -1.034180 1311186777.732176
0.077148 -0.069336 -0.721680 1311186777.752195
0.748047 0.339844 -0.710938 1311186777.754191
-0.684570 0.580078 -0.440430 1311186777.794187
-0.017578 -0.382812 -0.041992 1311186777.836170
0.216797 -0.016602 -0.020508 1311186777.931145
0.096680 0.011719 -0.102539 1311186777.961211
0.339844 0.482422 -0.375977 1311186777.982203
0.241211 0.666016 -0.973633 1311186777.984237
1.987305 1.982422 -0.476562 1311186778.031181
-1.981445 -0.674805 1.663086 1311186778.032173
-1.412109 0.401367 1.519531 1311186778.052221
0.004883 -1.609375 1.063477 1311186778.094207
0.276367 -0.058594 0.986328 1311186778.116178
-0.010742 -0.208984 1.857422 1311186778.141222
0.416016 0.617188 1.377930 1311186778.184205
1.975586 -0.573242 0.198242 1311186778.227172
1.753906 1.981445 -0.647461 1311186778.251221
-0.359375 -1.781250 -0.253906 1311186778.273197
0.468750 -0.372070 -0.397461 1311186778.297246
0.413086 -0.226562 -0.524414 1311186778.366225
0.145508 -0.707031 -0.295898 1311186778.414215
0.292969 -0.516602 -0.138672 1311186778.464202
0.251953 -0.670898 -0.254883 1311186778.465181
0.011719 -0.786133 -0.376953 1311186778.485175
0.443359 -0.239258 -0.376953 1311186778.515219
1.984375 1.234375 -1.973633 1311186778.536228
-1.975586 1.357422 -1.990234 1311186778.561192
-1.427734 -1.203125 1.746094 1311186778.606176
0.203125 -1.750000 0.316406 1311186778.629208
0.637695 1.418945 1.195312 1311186778.671186
0.041016 -0.612305 0.945312 1311186778.694205
0.291016 -0.612305 0.945312 1311186778.719219
0.549805 -0.035156 1.623047 1311186778.761202
1.985352 0.834961 0.801758 1311186778.786220
1.365234 0.195312 0.016602 1311186778.876207
0.521484 -0.058594 -0.476562 1311186778.877182
0.521484 -0.058594 -0.476562 1311186778.897183
-0.228516 -0.058594 -0.476562 1311186778.991169
0.411133 0.285156 -0.226562 1311186778.994177
0.320312 0.319336 -0.182617 1311186778.995168
-0.243164 0.370117 -0.303711 1311186779.015195
0.372070 0.664062 -0.391602 1311186779.060167
0.372070 0.664062 -0.391602 1311186779.081185
1.970703 -1.982422 -1.973633 1311186779.130200
-1.972656 1.976562 -1.989258 1311186779.164204
-1.950195 1.881836 1.909180 1311186779.200210
-0.727539 -1.976562 1.811523 1311186779.226224
0.507812 0.004883 0.667969 1311186779.230205
0.067383 -0.433594 1.511719 1311186779.294222
0.163086 0.025391 1.532227 1311186779.316265
1.050781 0.937500 1.124023 1311186779.337240
1.983398 0.867188 -0.747070 1311186779.362240
-0.212891 -0.101562 -1.679688 1311186779.405209
0.694336 0.009766 -0.498047 1311186779.438238
-0.257812 -0.431641 -0.585938 1311186779.462191
0.365234 -0.089844 -0.303711 1311186779.535296
0.136719 -0.269531 -0.208008 1311186779.561266
0.232422 -0.728516 -0.013672 1311186779.562231
0.571289 -0.852539 -0.010742 1311186779.602210
0.452148 -0.866211 -0.219727 1311186779.631202
-0.139648 -0.583984 -0.070312 1311186779.696183
1.972656 -1.715820 -1.973633 1311186779.697179
0.569336 1.046875 1.979492 1311186779.761190
-0.763672 -1.982422 1.645508 1311186779.762195
0.874023 1.462891 0.722656 1311186779.781259
0.343750 -0.699219 0.722656 1311186779.808223
0.516602 0.228516 1.503906 1311186779.856224
0.421875 -0.456055 1.574219 1311186779.880229
1.980469 -0.811523 -1.658203 1311186779.931220
0.618164 -0.883789 -1.450195 1311186779.962228
0.700195 -0.033203 -0.634766 1311186780.007234
0.700195 -0.033203 -0.634766 1311186780.009214
0.234375 -0.253906 -0.120117 1311186780.057224
-0.340820 -0.009766 0.117188 1311186780.087206
0.190430 -0.029297 0.013672 1311186780.110228
0.204102 0.171875 -0.237305 1311186780.175222
0.207031 0.181641 -0.451172 1311186780.176221
0.494141 0.181641 -0.451172 1311186780.199255
0.494141 0.181641 -0.451172 1311186780.247229
1.990234 1.979492 -1.498047 1311186780.284193
1.279297 -1.166016 1.987305 1311186780.331220
0.295898 -1.467773 1.708984 1311186780.332219
0.520508 0.183594 0.786133 1311186780.381212
0.225586 -0.530273 1.022461 1311186780.410238
-0.159180 -0.322266 1.788086 1311186780.550245
0.604492 1.019531 1.475586 1311186780.551207
1.982422 0.509766 0.102539 1311186780.592201
1.302734 1.979492 -0.866211 1311186780.594231
0.571289 -0.666992 0.133789 1311186780.595220
0.506836 -0.636719 -0.540039 1311186780.619254
-0.252930 0.251953 -0.068359 1311186780.642206
-0.073242 -0.786133 0.261719 1311186780.665272
-0.087891 -0.683594 0.432617 1311186780.690236
-0.008789 -0.537109 0.429688 1311186780.739232
0.137695 -0.396484 0.080078 1311186780.761267
0.166016 -0.511719 -0.665039 1311186780.804251
1.091797 -0.072266 -0.796875 1311186780.829263
1.974609 -1.239258 -1.973633 1311186780.851260
1.976562 -0.784180 1.988281 1311186780.879317
1.818359 -1.696289 -0.285156 1311186780.921259
0.068359 -1.696289 -0.285156 1311186780.944256
0.278320 -0.419922 0.828125 1311186780.976233
0.127930 -0.098633 1.443359 1311186781.050241
0.119141 -0.970703 1.981445 1311186781.051235
1.980469 0.087891 0.375977 1311186781.091243
-0.083008 -1.982422 -1.599609 1311186781.147251
1.815430 1.009766 -1.599609 1311186781.177278
0.181641 0.399414 -1.643555 1311186781.201219
0.133789 -0.530273 -1.030273 1311186781.219235
0.745117 0.335938 -0.543945 1311186781.247266
0.561523 1.243164 -0.655273 1311186781.269236
-0.316406 0.537109 -0.869141 1311186781.291235
0.331055 0.730469 -0.581055 1311186781.336258
0.276367 -0.138672 -0.386719 1311186781.385251
0.227539 0.246094 -0.304688 1311186781.429707
-0.143555 0.705078 -0.753906 1311186781.430230
0.514648 0.156250 -1.108398 1311186781.461265
1.146484 0.028320 -1.977539 1311186781.529976
-1.972656 1.983398 1.968750 1311186781.567268
-1.968750 -1.981445 1.974609 1311186781.587255
-1.828125 -1.982422 0.372070 1311186781.589309
0.680664 1.018555 1.208984 1311186781.634233
0.271484 -0.113281 1.980469 1311186781.684268
0.663086 1.052734 1.980469 1311186781.739251
1.975586 0.058594 -1.248047 1311186781.826254
1.074219 0.355469 -1.494141 1311186781.827246
-0.458984 0.307617 -1.184570 1311186781.829222
0.526367 0.330078 -0.598633 1311186781.830247
-0.556641 -0.246094 0.458984 1311186781.852231
0.499023 -0.673828 0.458984 1311186781.882287
0.195312 -0.683594 0.264648 1311186781.937247
0.470703 -0.808594 0.089844 1311186781.959237
0.266602 -0.645508 -0.252930 1311186781.981238
-0.310547 -0.607422 -0.922852 1311186782.022291
1.983398 -0.142578 -1.973633 1311186782.044264
1.983398 -0.142578 -1.973633 1311186782.089344
-1.990234 -1.982422 1.971680 1311186782.121229
-0.232422 0.087891 0.224609 1311186782.149250
0.417969 -0.732422 0.547852 1311186782.184258
0.326172 -0.788086 0.632812 1311186782.251257
0.544922 0.248047 0.718750 1311186782.252252
0.679688 0.116211 0.718750 1311186782.274291
0.697266 -0.083008 0.296875 1311186782.329292
0.708008 -0.019531 0.421875 1311186782.352240
0.728516 0.082031 0.458008 1311186782.371313
0.658203 0.247070 0.508789 1311186782.399281
0.602539 0.115234 0.642578 1311186782.447243
0.560547 -0.071289 0.591797 1311186782.467274
0.498047 0.023438 0.680664 1311186782.521263
0.544922 -0.021484 0.662109 1311186782.544273
0.571289 0.069336 0.633789 1311186782.565301
0.573242 0.132812 0.566406 1311186782.587314
0.554688 0.130859 0.566406 1311186782.658293
0.541992 -0.025391 0.635742 1311186782.694257
0.535156 0.041016 0.621094 1311186782.695250
0.553711 0.071289 0.609375 1311186782.719246
0.526367 0.063477 0.610352 1311186782.761294
0.539062 0.090820 0.616211 1311186782.782246
0.516602 0.061523 0.606445 1311186782.805257
0.539062 0.061523 0.622070 1311186782.850280
0.538086 0.023438 0.610352 1311186782.919458
0.516602 0.077148 0.632812 1311186782.962274
0.533203 0.076172 0.629883 1311186782.964275
0.525391 0.057617 0.618164 1311186782.984385
0.538086 0.059570 0.618164 1311186783.007356
0.525391 0.027344 0.643555 1311186783.081252
0.548828 0.031250 0.608398 1311186783.102512
0.560547 0.071289 0.638672 1311186783.123010
0.532227 0.029297 0.608398 1311186783.145281
0.503906 0.068359 0.619141 1311186783.189275
0.545898 0.039062 0.619141 1311186783.190250
