0.635742 0.103516 0.544922 1310683294.726852
0.623047 0.117188 0.568359 1310683294.748860
0.661133 0.097656 0.563477 1310683294.766844
0.639648 0.071289 0.562500 1310683294.810897
0.646484 0.097656 0.558594 1310683294.833874
0.674805 0.093750 0.545898 1310683294.862842
0.610352 0.093750 0.545898 1310683294.884840
0.631836 0.107422 0.564453 1310683294.934988
0.636719 0.075195 0.534180 1310683294.976922
0.628906 0.128906 0.543945 1310683294.999914
0.621094 0.117188 0.506836 1310683295.021850
0.645508 0.091797 0.539062 1310683295.077897
0.620117 0.091797 0.539062 1310683295.079865
0.635742 0.112305 0.557617 1310683295.126848
0.639648 0.106445 0.546875 1310683295.150905
0.631836 0.116211 0.543945 1310683295.181860
0.626953 0.115234 0.536133 1310683295.205890
0.612305 0.107422 0.541016 1310683295.239857
0.615234 0.105469 0.576172 1310683295.282876
0.635742 0.092773 0.545898 1310683295.305870
0.658203 0.092773 0.572266 1310683295.350857
0.640625 0.117188 0.559570 1310683295.372904
0.641602 0.089844 0.528320 1310683295.399862
0.647461 0.092773 0.519531 1310683295.425841
0.627930 0.076172 0.491211 1310683295.491873
0.626953 0.093750 0.540039 1310683295.514894
0.606445 0.103516 0.553711 1310683295.540889
0.618164 0.105469 0.575195 1310683295.564876
0.615234 0.082031 0.561523 1310683295.611887
0.644531 0.084961 0.560547 1310683295.634896
0.620117 0.116211 0.543945 1310683295.681888
0.609375 0.121094 0.540039 1310683295.693003
0.627930 0.102539 0.530273 1310683295.724868
0.564453 0.106445 0.550781 1310683295.774889
0.598633 0.111328 0.595703 1310683295.796886
0.624023 0.111328 0.595703 1310683295.819901
0.623047 0.111328 0.554688 1310683295.864877
0.634766 0.125000 0.580078 1310683295.906866
0.618164 0.089844 0.537109 1310683295.930898
0.623047 0.115234 0.562500 1310683295.976917
0.615234 0.076172 0.546875 1310683295.977865
0.631836 0.102539 0.563477 1310683296.014884
0.587891 0.106445 0.528320 1310683296.057023
0.620117 0.109375 0.568359 1310683296.078868
0.622070 0.085938 0.537109 1310683296.122888
0.631836 0.087891 0.549805 1310683296.145883
0.644531 0.089844 0.562500 1310683296.186881
0.597656 0.101562 0.533203 1310683296.212895
0.621094 0.085938 0.556641 1310683296.259866
0.628906 0.068359 0.552734 1310683296.282879
0.660156 0.102539 0.557617 1310683296.302887
0.620117 0.125000 0.565430 1310683296.350891
0.653320 0.111328 0.535156 1310683296.371853
0.635742 0.093750 0.528320 1310683296.415880
0.645508 0.123047 0.544922 1310683296.446858
0.612305 0.090820 0.546875 1310683296.470900
0.612305 0.090820 0.546875 1310683296.493901
0.643555 0.084961 0.537109 1310683296.536898
0.647461 0.083008 0.541992 1310683296.558883
0.653320 0.096680 0.559570 1310683296.604930
0.635742 0.067383 0.537109 1310683296.645934
0.657227 0.074219 0.553711 1310683296.670905
0.626953 0.080078 0.559570 1310683296.732925
0.608398 0.118164 0.550781 1310683296.734890
0.636719 0.116211 0.535156 1310683296.756883
0.628906 0.107422 0.575195 1310683296.801885
0.639648 0.100586 0.541016 1310683296.825881
0.597656 0.107422 0.561523 1310683296.862894
0.635742 0.125000 0.531250 1310683296.889880
0.622070 0.105469 0.564453 1310683296.922897
0.629883 0.105469 0.564453 1310683296.944877
0.632812 0.125000 0.534180 1310683296.982896
0.637695 0.102539 0.523438 1310683297.025902
0.639648 0.147461 0.546875 1310683297.051911
0.653320 0.106445 0.499023 1310683297.094916
0.644531 0.085938 0.565430 1310683297.116917
0.639648 0.085938 0.565430 1310683297.139912
0.643555 0.047852 0.520508 1310683297.184915
0.621094 0.093750 0.546875 1310683297.221893
0.629883 0.098633 0.537109 1310683297.297943
0.634766 0.109375 0.557617 1310683297.299910
0.624023 0.094727 0.549805 1310683297.317898
0.623047 0.094727 0.549805 1310683297.340883
0.623047 0.094727 0.549805 1310683297.376929
0.624023 0.102539 0.520508 1310683297.412943
0.632812 0.097656 0.540039 1310683297.435940
0.634766 0.081055 0.554688 1310683297.481920
0.676758 0.112305 0.557617 1310683297.503914
0.640625 0.093750 0.538086 1310683297.546920
0.647461 0.083984 0.523438 1310683297.567906
0.625977 0.113281 0.551758 1310683297.591922
0.607422 0.116211 0.554688 1310683297.635920
0.629883 0.096680 0.535156 1310683297.681906
0.639648 0.071289 0.544922 1310683297.682898
0.632812 0.123047 0.540039 1310683297.727924
0.648438 0.098633 0.531250 1310683297.751934
0.660156 0.101562 0.545898 1310683297.800101
0.619141 0.108398 0.549805 1310683297.824936
0.633789 0.114258 0.550781 1310683297.862904
0.658203 0.114258 0.550781 1310683297.883887
0.635742 0.050781 0.527344 1310683297.926925
0.625977 0.103516 0.582031 1310683297.969905
0.619141 0.095703 0.548828 1310683297.992903
0.635742 0.104492 0.548828 1310683298.015928
0.613281 0.081055 0.568359 1310683298.059914
0.619141 0.083984 0.542969 1310683298.086892
0.639648 0.111328 0.542969 1310683298.132918
0.600586 0.118164 0.569336 1310683298.154906
0.643555 0.112305 0.559570 1310683298.176920
