0.474609 -0.125000 0.685547 1309980841.860857
0.476562 -0.125000 0.674805 1309980841.882849
0.459961 -0.145508 0.677734 1309980841.906841
0.458984 -0.144531 0.691406 1309980841.952875
0.483398 -0.139648 0.675781 1309980841.975867
0.480469 -0.141602 0.658203 1309980842.020860
0.484375 -0.150391 0.653320 1309980842.042862
0.497070 -0.143555 0.668945 1309980842.086871
0.486328 -0.146484 0.668945 1309980842.108869
0.491211 -0.126953 0.653320 1309980842.130869
0.474609 -0.167969 0.695312 1309980842.174868
0.493164 -0.199219 0.679688 1309980842.217861
0.462891 -0.128906 0.667969 1309980842.238989
0.464844 -0.152344 0.661133 1309980842.261853
0.493164 -0.141602 0.670898 1309980842.303874
0.485352 -0.161133 0.693359 1309980842.326856
0.485352 -0.161133 0.693359 1309980842.368851
0.477539 -0.155273 0.676758 1309980842.413825
0.485352 -0.153320 0.679688 1309980842.436856
0.490234 -0.136719 0.674805 1309980842.457858
0.484375 -0.124023 0.687500 1309980842.501867
0.480469 -0.130859 0.659180 1309980842.523879
0.484375 -0.130859 0.659180 1309980842.546875
0.486328 -0.130859 0.659180 1309980842.590877
0.456055 -0.140625 0.665039 1309980842.632875
0.518555 -0.161133 0.662109 1309980842.655885
0.499023 -0.135742 0.662109 1309980842.678874
0.465820 -0.125977 0.676758 1309980842.722878
0.459961 -0.154297 0.689453 1309980842.757879
0.483398 -0.130859 0.669922 1309980842.803881
0.477539 -0.115234 0.668945 1309980842.826858
0.477539 -0.133789 0.648438 1309980842.847854
0.488281 -0.132812 0.666016 1309980842.890889
0.458984 -0.146484 0.671875 1309980842.940913
0.492188 -0.122070 0.657227 1309980842.978886
0.453125 -0.121094 0.671875 1309980842.980880
0.499023 -0.122070 0.666016 1309980843.021892
0.501953 -0.120117 0.655273 1309980843.043889
0.503906 -0.152344 0.639648 1309980843.071888
0.504883 -0.138672 0.639648 1309980843.093892
0.254883 -0.138672 0.639648 1309980843.136851
0.463867 -0.120117 0.680664 1309980843.180862
0.482422 -0.125000 0.668945 1309980843.201864
0.479492 -0.121094 0.677734 1309980843.247848
0.471680 -0.133789 0.684570 1309980843.270888
0.493164 -0.133789 0.684570 1309980843.291876
0.463867 -0.134766 0.597656 1309980843.333893
0.463867 -0.143555 0.657227 1309980843.378893
0.486328 -0.150391 0.677734 1309980843.402887
0.481445 -0.142578 0.659180 1309980843.425895
0.458008 -0.136719 0.671875 1309980843.467893
0.502930 -0.159180 0.637695 1309980843.490903
0.502930 -0.159180 0.637695 1309980843.513871
0.495117 -0.133789 0.651367 1309980843.557897
0.458984 -0.104492 0.666992 1309980843.601899
0.495117 -0.138672 0.668945 1309980843.626491
0.478516 -0.141602 0.639648 1309980843.647881
0.476562 -0.126953 0.668945 1309980843.692894
0.490234 -0.148438 0.666016 1309980843.736900
0.491211 -0.117188 0.664062 1309980843.758898
0.480469 -0.161133 0.684570 1309980843.782919
0.467773 -0.115234 0.666992 1309980843.820896
0.491211 -0.146484 0.651367 1309980843.841896
0.488281 -0.163086 0.679688 1309980843.885902
0.491211 -0.165039 0.663086 1309980843.907905
0.482422 -0.135742 0.684570 1309980843.951902
0.483398 -0.123047 0.671875 1309980843.973908
0.477539 -0.119141 0.665039 1309980844.017897
0.456055 -0.139648 0.661133 1309980844.040908
0.470703 -0.128906 0.670898 1309980844.087901
0.449219 -0.148438 0.697266 1309980844.110905
0.506836 -0.167969 0.693359 1309980844.132902
0.505859 -0.166992 0.666016 1309980844.176898
0.478516 -0.150391 0.670898 1309980844.212912
0.497070 -0.137695 0.670898 1309980844.265906
0.502930 -0.128906 0.656250 1309980844.286903
0.466797 -0.136719 0.668945 1309980844.306910
0.477539 -0.107422 0.662109 1309980844.327904
0.501953 -0.132812 0.646484 1309980844.371904
0.517578 -0.144531 0.666992 1309980844.392916
0.493164 -0.144531 0.666992 1309980844.436888
0.475586 -0.140625 0.666992 1309980844.449927
0.467773 -0.128906 0.670898 1309980844.487909
0.459961 -0.125977 0.670898 1309980844.542916
0.488281 -0.117188 0.661133 1309980844.566910
0.472656 -0.155273 0.666992 1309980844.597911
0.474609 -0.136719 0.655273 1309980844.621911
0.500000 -0.142578 0.673828 1309980844.665910
0.504883 -0.125000 0.653320 1309980844.686915
0.495117 -0.148438 0.704102 1309980844.711055
0.491211 -0.160156 0.662109 1309980844.762914
0.500000 -0.146484 0.662109 1309980844.785919
0.497070 -0.152344 0.683594 1309980844.830913
0.490234 -0.144531 0.674805 1309980844.851919
0.509766 -0.146484 0.648438 1309980844.873921
0.487305 -0.124023 0.666992 1309980844.916920
0.505859 -0.129883 0.616211 1309980844.938921
0.492188 -0.129883 0.662109 1309980844.982920
0.481445 -0.117188 0.670898 1309980845.015930
0.494141 -0.133789 0.674805 1309980845.058928
0.484375 -0.131836 0.670898 1309980845.080922
0.499023 -0.163086 0.663086 1309980845.101931
0.478516 -0.152344 0.665039 1309980845.143930
0.502930 -0.140625 0.665039 1309980845.165925
0.483398 -0.115234 0.665039 1309980845.189989
0.494141 -0.140625 0.656250 1309980845.235934
0.514648 -0.152344 0.699219 1309980845.281908
0.493164 -0.141602 0.689453 1309980845.303937
0.501953 -0.154297 0.664062 1309980845.326903
0.499023 -0.163086 0.677734 1309980845.370934
0.472656 -0.140625 0.636719 1309980845.415934
0.487305 -0.142578 0.678711 1309980845.437933
0.506836 -0.141602 0.682617 1309980845.460930
0.487305 -0.126953 0.665039 1309980845.548940
0.491211 -0.154297 0.655273 1309980845.550927
0.487305 -0.135742 0.669922 1309980845.570926
0.494141 -0.145508 0.670898 1309980845.591932
0.473633 -0.139648 0.640625 1309980845.613928
0.485352 -0.124023 0.666992 1309980845.652934
0.504883 -0.150391 0.675781 1309980845.675938
0.506836 -0.155273 0.680664 1309980845.718917
0.494141 -0.156250 0.681641 1309980845.762957
0.458008 -0.103516 0.652344 1309980845.785940
0.495117 -0.154297 0.682617 1309980845.807934
0.493164 -0.136719 0.690430 1309980845.850945
0.493164 -0.129883 0.695312 1309980845.872938
0.475586 -0.140625 0.649414 1309980845.915937
0.472656 -0.129883 0.688477 1309980845.937943
0.468750 -0.122070 0.660156 1309980845.981942
0.518555 -0.143555 0.649414 1309980846.003954
0.504883 -0.142578 0.707031 1309980846.048944
0.478516 -0.138672 0.686523 1309980846.071940
0.484375 -0.118164 0.688477 1309980846.093946
0.482422 -0.132812 0.670898 1309980846.136923
0.507812 -0.133789 0.689453 1309980846.158949
0.483398 -0.133789 0.638672 1309980846.202949
0.480469 -0.140625 0.666016 1309980846.226950
0.497070 -0.140625 0.666992 1309980846.262943
0.449219 -0.133789 0.660156 1309980846.283944
0.467773 -0.136719 0.697266 1309980846.329946
0.487305 -0.136719 0.697266 1309980846.352951
0.479492 -0.077148 0.657227 1309980846.397942
0.491211 -0.157227 0.678711 1309980846.440956
0.492188 -0.125977 0.659180 1309980846.461934
0.482422 -0.125977 0.659180 1309980846.483965
0.499023 -0.144531 0.659180 1309980846.528960
0.488281 -0.120117 0.675781 1309980846.551955
0.502930 -0.147461 0.681641 1309980846.595963
0.477539 -0.169922 0.667969 1309980846.616947
0.475586 -0.121094 0.677734 1309980846.660955
0.472656 -0.135742 0.675781 1309980846.683949
0.490234 -0.138672 0.661133 1309980846.726956
0.505859 -0.142578 0.637695 1309980846.747936
0.492188 -0.137695 0.652344 1309980846.838957
0.468750 -0.121094 0.658203 1309980846.840952
0.473633 -0.151367 0.667969 1309980846.860959
0.471680 -0.144531 0.628906 1309980846.896959
0.490234 -0.122070 0.657227 1309980846.908957
0.485352 -0.113281 0.635742 1309980846.951940
0.522461 -0.132812 0.673828 1309980846.973960
0.496094 -0.136719 0.674805 1309980847.017966
0.488281 -0.100586 0.676758 1309980847.040963
0.481445 -0.134766 0.662109 1309980847.078961
0.483398 -0.138672 0.676758 1309980847.101962
0.500000 -0.138672 0.653320 1309980847.126963
0.483398 -0.152344 0.691406 1309980847.168965
0.490234 -0.105469 0.672852 1309980847.191942
0.463867 -0.136719 0.672852 1309980847.236949
0.474609 -0.149414 0.670898 1309980847.271963
0.472656 -0.128906 0.659180 1309980847.292981
0.503906 -0.125977 0.676758 1309980847.336964
0.475586 -0.128906 0.673828 1309980847.358969
0.485352 -0.135742 0.676758 1309980847.402940
0.462891 -0.135742 0.676758 1309980847.425961
0.453125 -0.141602 0.668945 1309980847.463955
0.427734 -0.144531 0.688477 1309980847.485972
0.471680 -0.152344 0.678711 1309980847.528987
0.484375 -0.152344 0.654297 1309980847.551969
0.479492 -0.143555 0.669922 1309980847.593969
