0.510742 0.281250 0.543945 1310077275.426749
0.520508 0.291016 0.530273 1310077275.447748
0.618164 0.256836 0.552734 1310077275.491745
0.542969 0.254883 0.548828 1310077275.519760
0.542969 0.254883 0.548828 1310077275.533746
0.526367 0.259766 0.529297 1310077275.576751
0.551758 0.255859 0.539062 1310077275.603750
0.533203 0.263672 0.529297 1310077275.646779
0.536133 0.274414 0.501953 1310077275.691735
0.536133 0.274414 0.501953 1310077275.708713
0.548828 0.269531 0.537109 1310077275.771756
0.537109 0.265625 0.564453 1310077275.772729
0.549805 0.267578 0.542969 1310077275.816738
0.519531 0.259766 0.562500 1310077275.882632
0.548828 0.238281 0.538086 1310077275.883718
0.531250 0.289062 0.538086 1310077275.884699
0.568359 0.255859 0.540039 1310077275.946709
0.535156 0.275391 0.544922 1310077275.971470
0.540039 0.249023 0.535156 1310077275.993740
0.553711 0.267578 0.513672 1310077276.037735
0.526367 0.244141 0.528320 1310077276.060743
0.506836 0.282227 0.518555 1310077276.115800
0.541992 0.279297 0.535156 1310077276.123733
0.550781 0.275391 0.543945 1310077276.168784
0.495117 0.265625 0.521484 1310077276.215733
0.544922 0.250000 0.538086 1310077276.262743
0.558594 0.273438 0.550781 1310077276.263714
0.548828 0.238281 0.552734 1310077276.297751
0.525391 0.250000 0.539062 1310077276.317752
0.536133 0.256836 0.560547 1310077276.385738
0.569336 0.229492 0.538086 1310077276.406746
0.538086 0.275391 0.559570 1310077276.417737
0.544922 0.263672 0.559570 1310077276.441748
0.542969 0.232422 0.514648 1310077276.553723
0.567383 0.269531 0.515625 1310077276.555752
0.540039 0.273438 0.526367 1310077276.557789
0.538086 0.263672 0.540039 1310077276.578738
0.549805 0.262695 0.511719 1310077276.645744
0.528320 0.280273 0.511719 1310077276.648765
0.551758 0.246094 0.540039 1310077276.671717
0.542969 0.300781 0.553711 1310077276.716752
0.545898 0.261719 0.547852 1310077276.738741
0.520508 0.277344 0.571289 1310077276.781740
0.552734 0.234375 0.550781 1310077276.803737
0.552734 0.234375 0.550781 1310077276.827725
0.536133 0.257812 0.536133 1310077276.872760
0.522461 0.272461 0.567383 1310077276.912738
0.528320 0.223633 0.548828 1310077276.937758
0.543945 0.257812 0.523438 1310077277.002735
0.554688 0.278320 0.547852 1310077277.015754
0.520508 0.242188 0.525391 1310077277.043760
0.545898 0.232422 0.555664 1310077277.113746
0.543945 0.271484 0.536133 1310077277.133758
0.512695 0.212891 0.568359 1310077277.135733
0.541016 0.281250 0.522461 1310077277.165755
0.564453 0.261719 0.549805 1310077277.228790
0.541016 0.269531 0.550781 1310077277.230774
0.523438 0.232422 0.550781 1310077277.260764
0.545898 0.262695 0.557617 1310077277.296757
0.509766 0.255859 0.551758 1310077277.342788
0.551758 0.256836 0.548828 1310077277.370771
0.541992 0.271484 0.548828 1310077277.394808
0.525391 0.256836 0.557617 1310077277.415743
0.539062 0.258789 0.560547 1310077277.437774
0.529297 0.277344 0.543945 1310077277.487776
0.565430 0.275391 0.532227 1310077277.509739
0.537109 0.274414 0.512695 1310077277.531800
0.523438 0.229492 0.555664 1310077277.575760
0.538086 0.284180 0.546875 1310077277.626765
0.528320 0.275391 0.549805 1310077277.710769
0.501953 0.276367 0.552734 1310077277.711772
0.587891 0.263672 0.537109 1310077277.718800
0.513672 0.250000 0.521484 1310077277.750802
0.513672 0.250000 0.521484 1310077277.825757
0.545898 0.260742 0.536133 1310077277.876797
0.549805 0.252930 0.516602 1310077277.880793
0.549805 0.260742 0.521484 1310077277.881757
0.514648 0.260742 0.545898 1310077277.902793
0.549805 0.261719 0.542969 1310077277.942795
0.556641 0.276367 0.565430 1310077277.993818
0.509766 0.255859 0.545898 1310077277.995769
0.509766 0.255859 0.545898 1310077278.017796
0.544922 0.292969 0.535156 1310077278.076794
0.533203 0.291016 0.516602 1310077278.103794
0.533203 0.261719 0.560547 1310077278.117800
0.553711 0.241211 0.533203 1310077278.166783
0.546875 0.298828 0.538086 1310077278.187794
0.543945 0.270508 0.522461 1310077278.223797
0.507812 0.266602 0.566406 1310077278.281801
0.560547 0.243164 0.553711 1310077278.286778
0.542969 0.260742 0.519531 1310077278.320800
0.565430 0.281250 0.538086 1310077278.342794
0.549805 0.268555 0.541016 1310077278.378810
0.520508 0.199219 0.560547 1310077278.422796
0.532227 0.255859 0.541992 1310077278.448823
0.508789 0.253906 0.544922 1310077278.471797
0.519531 0.272461 0.544922 1310077278.493817
0.518555 0.238281 0.545898 1310077278.553807
0.542969 0.282227 0.528320 1310077278.579063
0.551758 0.263672 0.540039 1310077278.638807
0.544922 0.251953 0.529297 1310077278.640803
0.541016 0.244141 0.546875 1310077278.696815
0.556641 0.245117 0.542969 1310077278.698800
0.540039 0.261719 0.532227 1310077278.743801
0.530273 0.269531 0.555664 1310077278.778808
0.532227 0.272461 0.534180 1310077278.802829
0.539062 0.259766 0.552734 1310077278.845808
0.561523 0.272461 0.541992 1310077278.866769
0.561523 0.272461 0.541992 1310077278.888788
0.562500 0.254883 0.545898 1310077278.953807
0.528320 0.267578 0.536133 1310077279.001773
0.567383 0.257812 0.559570 1310077279.002806
0.506836 0.272461 0.554688 1310077279.027822
0.552734 0.279297 0.529297 1310077279.115776
0.516602 0.281250 0.529297 1310077279.116777
0.539062 0.252930 0.510742 1310077279.197791
0.521484 0.274414 0.552734 1310077279.202769
0.518555 0.254883 0.526367 1310077279.221809
0.552734 0.269531 0.567383 1310077279.223791
0.530273 0.269531 0.525391 1310077279.246791
0.538086 0.275391 0.557617 1310077279.317821
0.547852 0.263672 0.452148 1310077279.318776
0.531250 0.302734 0.532227 1310077279.387798
0.542969 0.242188 0.548828 1310077279.388786
0.543945 0.272461 0.546875 1310077279.400799
0.497070 0.282227 0.530273 1310077279.455811
0.541992 0.275391 0.529297 1310077279.478803
0.561523 0.250977 0.435547 1310077279.508787
0.535156 0.236328 0.543945 1310077279.550819
0.553711 0.252930 0.531250 1310077279.575810
0.553711 0.270508 0.528320 1310077279.596822
0.521484 0.262695 0.520508 1310077279.621938
0.556641 0.251953 0.500977 1310077279.663832
0.551758 0.266602 0.533203 1310077279.730847
0.545898 0.259766 0.539062 1310077279.731818
0.494141 0.261719 0.523438 1310077279.775825
0.546875 0.247070 0.554688 1310077279.797843
0.546875 0.247070 0.554688 1310077279.843846
0.519531 0.265625 0.548828 1310077279.865853
0.541992 0.234375 0.545898 1310077279.911829
0.538086 0.259766 0.516602 1310077279.936834
0.562500 0.212891 0.526367 1310077279.965835
0.527344 0.214844 0.559570 1310077280.008820
0.558594 0.265625 0.559570 1310077280.010986
0.522461 0.281250 0.559570 1310077280.056845
0.543945 0.247070 0.553711 1310077280.098858
0.550781 0.261719 0.547852 1310077280.121823
0.506836 0.278320 0.541016 1310077280.153827
0.526367 0.228516 0.559570 1310077280.177844
0.546875 0.263672 0.527344 1310077280.237847
0.555664 0.277344 0.530273 1310077280.262856
0.537109 0.275391 0.536133 1310077280.276831
0.525391 0.271484 0.547852 1310077280.326853
0.538086 0.263672 0.564453 1310077280.398857
0.541992 0.250977 0.581055 1310077280.400837
0.545898 0.264648 0.515625 1310077280.420843
0.555664 0.265625 0.517578 1310077280.456857
0.560547 0.260742 0.493164 1310077280.478841
0.548828 0.264648 0.539062 1310077280.510855
0.541992 0.265625 0.512695 1310077280.543853
0.503906 0.265625 0.565430 1310077280.574825
0.541016 0.261719 0.506836 1310077280.617846
0.534180 0.238281 0.552734 1310077280.640838
0.562500 0.274414 0.539062 1310077280.663852
0.524414 0.275391 0.538086 1310077280.743873
0.541016 0.271484 0.546875 1310077280.753857
0.544922 0.256836 0.523438 1310077280.755853
0.541016 0.261719 0.530273 1310077280.791859
0.524414 0.277344 0.547852 1310077280.835850
0.575195 0.252930 0.532227 1310077280.875860
0.534180 0.236328 0.545898 1310077280.901866
0.558594 0.277344 0.512695 1310077280.926865
0.558594 0.277344 0.512695 1310077280.945843
0.569336 0.239258 0.523438 1310077280.990873
0.542969 0.264648 0.530273 1310077281.033840
0.535156 0.269531 0.560547 1310077281.097865
0.552734 0.262695 0.541992 1310077281.103858
0.541992 0.262695 0.514648 1310077281.133834
0.530273 0.264648 0.527344 1310077281.178867
0.554688 0.273438 0.516602 1310077281.180850
0.494141 0.292969 0.542969 1310077281.223864
0.545898 0.251953 0.561523 1310077281.256861
0.513672 0.249023 0.523438 1310077281.278853
0.576172 0.269531 0.530273 1310077281.306874
0.545898 0.259766 0.502930 1310077281.353865
0.533203 0.258789 0.573242 1310077281.375839
0.549805 0.287109 0.545898 1310077281.400864
0.530273 0.256836 0.532227 1310077281.505888
0.522461 0.269531 0.533203 1310077281.537856
0.542969 0.223633 0.534180 1310077281.546855
0.550781 0.299805 0.533203 1310077281.567870
0.529297 0.261719 0.529297 1310077281.568862
0.538086 0.263672 0.529297 1310077281.602866
0.556641 0.273438 0.541992 1310077281.690859
0.580078 0.278320 0.548828 1310077281.711869
0.546875 0.293945 0.493164 1310077281.712864
0.534180 0.273438 0.527344 1310077281.745861
0.556641 0.276367 0.535156 1310077281.768860
0.549805 0.251953 0.515625 1310077281.792887
0.537109 0.296875 0.522461 1310077281.838893
0.535156 0.263672 0.530273 1310077281.867873
0.535156 0.263672 0.538086 1310077281.892868
0.544922 0.265625 0.530273 1310077281.917873
0.561523 0.263672 0.522461 1310077281.960872
0.543945 0.273438 0.531250 1310077282.006873
0.529297 0.278320 0.529297 1310077282.048871
0.546875 0.282227 0.538086 1310077282.055852
0.534180 0.282227 0.547852 1310077282.070877
0.595703 0.256836 0.504883 1310077282.115872
0.554688 0.260742 0.516602 1310077282.168893
0.555664 0.277344 0.534180 1310077282.190902
0.541992 0.273438 0.524414 1310077282.226860
0.536133 0.300781 0.583984 1310077282.248878
0.562500 0.227539 0.572266 1310077282.295876
0.549805 0.260742 0.532227 1310077282.323901
0.531250 0.235352 0.532227 1310077282.347892
0.548828 0.298828 0.483398 1310077282.371888
0.502930 0.294922 0.525391 1310077282.418886
0.570312 0.279297 0.538086 1310077282.457884
0.527344 0.292969 0.526367 1310077282.478874
0.572266 0.263672 0.528320 1310077282.571868
0.532227 0.250000 0.529297 1310077282.576875
0.539062 0.254883 0.527344 1310077282.592907
0.545898 0.255859 0.536133 1310077282.613886
0.558594 0.258789 0.536133 1310077282.616887
0.540039 0.247070 0.527344 1310077282.666491
0.538086 0.269531 0.539062 1310077282.735876
0.498047 0.276367 0.545898 1310077282.750886
0.529297 0.264648 0.556641 1310077282.758890
0.538086 0.247070 0.528320 1310077282.800890
0.528320 0.276367 0.543945 1310077282.841867
0.553711 0.281250 0.578125 1310077282.870888
0.530273 0.259766 0.548828 1310077282.908910
0.541016 0.266602 0.553711 1310077282.977892
0.539062 0.260742 0.536133 1310077283.018898
