0.525391 -0.062500 0.638672 1310580385.774234
0.527344 -0.078125 0.677734 1310580385.775203
0.535156 -0.050781 0.633789 1310580385.795210
0.513672 -0.053711 0.656250 1310580385.816197
0.582031 -0.064453 0.682617 1310580385.865239
0.497070 -0.029297 0.687500 1310580385.888186
0.599609 -0.062500 0.572266 1310580385.909219
0.600586 0.002930 0.536133 1310580385.937209
0.636719 -0.014648 0.577148 1310580385.989191
0.698242 -0.056641 0.426758 1310580386.013189
0.900391 0.042969 0.194336 1310580386.069310
0.901367 -0.376953 0.316406 1310580386.071238
0.267578 -0.267578 0.816406 1310580386.114322
0.422852 -0.253906 0.852539 1310580386.153308
0.281250 -0.424805 1.135742 1310580386.196328
0.127930 0.109375 1.418945 1310580386.220204
1.978516 -0.875977 1.735352 1310580386.243192
-1.192383 -1.591797 -1.986328 1310580386.265243
1.712891 1.003906 0.762695 1310580386.309198
-0.011719 -0.368164 0.401367 1310580386.351232
-0.113281 0.126953 0.603516 1310580386.373277
0.068359 0.437500 0.398438 1310580386.415279
-0.193359 0.113281 -0.027344 1310580386.439268
-0.088867 -0.366211 -0.177734 1310580386.463273
0.155273 -0.366211 -0.177734 1310580386.484259
0.578125 0.014648 -0.596680 1310580386.528260
-0.518555 -0.224609 -1.346680 1310580386.575203
1.988281 1.982422 1.991211 1310580386.605203
0.592773 0.795898 0.796875 1310580386.626255
-0.828125 0.834961 0.300781 1310580386.650262
0.272461 -1.142578 0.300781 1310580386.694329
0.189453 -0.242188 1.166016 1310580386.721295
0.066406 -0.370117 1.336914 1310580386.758234
0.094727 -0.148438 0.489258 1310580386.781214
1.982422 -0.121094 0.364258 1310580386.825287
1.985352 1.393555 1.530273 1310580386.847231
0.378906 0.318359 0.159180 1310580386.899222
0.139648 -0.083984 -0.184570 1310580386.920254
-0.022461 -0.356445 -0.794922 1310580386.944296
0.005859 -0.453125 -1.177734 1310580386.974212
0.400391 -0.324219 -0.563477 1310580387.060254
0.562500 -0.436523 -0.036133 1310580387.061242
0.460938 -0.377930 0.150391 1310580387.081307
1.992188 1.980469 -1.047852 1310580387.124341
1.719727 1.980469 1.192383 1310580387.145288
1.703125 -0.166016 0.916992 1310580387.167235
-0.492188 0.050781 0.659180 1310580387.210214
0.038086 -0.750000 0.659180 1310580387.234266
0.346680 -0.340820 1.005859 1310580387.285214
0.556641 -0.239258 0.816406 1310580387.329457
1.986328 0.738281 1.772461 1310580387.350373
1.526367 -0.251953 -0.639648 1310580387.372337
-0.582031 0.500977 -1.682617 1310580387.394372
0.138672 0.327148 -1.682617 1310580387.418294
-0.245117 -0.137695 -0.436523 1310580387.460249
-0.357422 -0.128906 -0.340820 1310580387.506376
-0.116211 -0.082031 -0.290039 1310580387.527232
0.324219 -0.074219 -0.337891 1310580387.572256
0.448242 0.029297 -0.472656 1310580387.595261
0.318359 -0.452148 -0.817383 1310580387.617315
0.143555 -0.507812 -0.848633 1310580387.660253
1.987305 1.159180 1.990234 1310580387.706375
-1.069336 1.980469 -0.094727 1310580387.729223
1.976562 -0.772461 1.990234 1310580387.750228
0.388672 -0.036133 0.723633 1310580387.774224
0.265625 -0.613281 0.884766 1310580387.819265
0.174805 -0.648438 1.134766 1310580387.842227
0.254883 0.223633 1.157227 1310580387.887228
1.039062 0.401367 -0.783203 1310580387.931231
0.401367 -0.974609 -1.907227 1310580387.954260
-0.418945 1.041016 -0.981445 1310580387.976257
0.369141 -0.083984 -0.148438 1310580388.020253
0.077148 -0.594727 -0.253906 1310580388.041316
-0.161133 -0.501953 -0.291016 1310580388.086367
0.073242 0.096680 -0.074219 1310580388.107284
0.361328 0.089844 -0.176758 1310580388.151253
0.237305 -0.174805 -0.448242 1310580388.174257
0.443359 -0.224609 -0.563477 1310580388.219280
0.443359 -0.224609 -0.563477 1310580388.240282
1.991211 1.984375 1.990234 1310580388.266263
-0.418945 0.182617 0.010742 1310580388.299288
0.596680 0.087891 0.604492 1310580388.347292
-0.126953 -0.718750 1.474609 1310580388.362292
0.331055 -0.223633 1.112305 1310580388.406288
0.298828 -0.679688 0.954102 1310580388.450293
0.119141 -0.400391 1.167969 1310580388.471251
1.981445 0.781250 0.031250 1310580388.494258
-1.940430 -0.722656 -1.179688 1310580388.537259
-1.277344 1.883789 -1.351562 1310580388.561293
0.265625 -0.160156 0.026367 1310580388.583290
-0.060547 -0.410156 0.026367 1310580388.626316
0.070312 -0.080078 0.169922 1310580388.672310
-0.044922 -0.423828 0.082031 1310580388.695301
0.225586 -0.423828 -0.106445 1310580388.720306
0.193359 -0.479492 -0.106445 1310580388.743297
0.050781 -0.075195 -0.356445 1310580388.788279
0.724609 -0.434570 -0.461914 1310580388.814359
-0.079102 -0.430664 -0.819336 1310580388.861277
1.229492 -1.983398 1.987305 1310580388.882261
0.899414 -0.974609 1.894531 1310580388.904273
-0.197266 0.603516 0.144531 1310580388.949303
0.041992 0.042969 1.979492 1310580388.979450
0.968750 0.092773 0.651367 1310580389.024314
0.532227 -0.450195 0.485352 1310580389.048993
0.497070 -0.094727 0.593750 1310580389.090274
0.649414 -0.171875 0.689453 1310580389.112306
0.637695 -0.085938 0.561523 1310580389.155303
0.608398 -0.050781 0.556641 1310580389.174331
0.760742 0.070312 0.622070 1310580389.215253
0.486328 0.548828 0.719727 1310580389.237274
0.177734 -1.561523 0.775391 1310580389.260310
0.270508 1.195312 0.285156 1310580389.302306
1.326172 -0.824219 0.867188 1310580389.337301
0.427734 -0.238281 0.618164 1310580389.381294
0.483398 -0.068359 0.583008 1310580389.419410
0.522461 -0.031250 0.625000 1310580389.444309
0.561523 -0.108398 0.606445 1310580389.467249
0.581055 -0.148438 0.606445 1310580389.489260
0.509766 -0.127930 0.645508 1310580389.534392
0.575195 -0.107422 0.612305 1310580389.557423
0.552734 -0.138672 0.672852 1310580389.602361
0.588867 -0.153320 0.612305 1310580389.641302
0.527344 -0.101562 0.663086 1310580389.662306
0.527344 -0.101562 0.663086 1310580389.685263
0.527344 -0.101562 0.663086 1310580389.709290
0.530273 -0.088867 0.625977 1310580389.775306
0.563477 -0.093750 0.615234 1310580389.797263
