0.558594 -0.087891 0.610352 1310583540.035638
0.557617 -0.083984 0.625000 1310583540.056588
0.573242 -0.099609 0.619141 1310583540.103670
0.568359 -0.053711 0.608398 1310583540.169572
0.555664 -0.063477 0.635742 1310583540.170567
0.557617 -0.088867 0.653320 1310583540.190546
0.566406 -0.080078 0.653320 1310583540.224549
0.553711 -0.080078 0.653320 1310583540.268579
0.559570 -0.054688 0.603516 1310583540.294544
0.632812 -0.183594 0.603516 1310583540.323568
0.502930 -0.072266 0.658203 1310583540.346604
0.544922 -0.045898 0.583008 1310583540.394557
0.574219 -0.138672 0.645508 1310583540.419604
0.539062 -0.113281 0.641602 1310583540.463580
0.536133 -0.109375 0.641602 1310583540.484601
0.586914 -0.189453 0.625000 1310583540.526576
0.577148 -0.054688 0.609375 1310583540.548591
0.578125 -0.140625 0.636719 1310583540.591086
0.566406 -0.166992 0.646484 1310583540.613604
0.579102 -0.193359 0.676758 1310583540.656623
0.590820 -0.236328 0.671875 1310583540.688595
0.584961 -0.150391 0.624023 1310583540.710617
0.574219 -0.275391 0.624023 1310583540.733625
0.559570 -0.129883 0.632812 1310583540.776588
0.559570 -0.268555 0.604492 1310583540.820613
0.588867 -0.251953 0.616211 1310583540.843578
0.569336 -0.125000 0.604492 1310583540.865640
0.548828 -0.088867 0.647461 1310583540.908622
0.545898 -0.113281 0.682617 1310583540.930611
0.496094 -0.043945 0.674805 1310583540.983602
0.601562 -0.085938 0.637695 1310583541.004614
0.624023 -0.142578 0.581055 1310583541.028626
0.709961 -0.098633 0.545898 1310583541.055613
0.763672 -0.121094 0.523438 1310583541.107074
0.658203 -0.121094 0.523438 1310583541.129625
0.690430 -0.066406 0.516602 1310583541.153586
0.619141 -0.008789 0.476562 1310583541.184584
0.672852 -0.063477 0.509766 1310583541.226633
0.725586 -0.027344 0.568359 1310583541.248617
0.725586 -0.080078 0.567383 1310583541.294627
0.677734 -0.088867 0.701172 1310583541.336582
0.564453 -0.250977 0.518555 1310583541.359637
0.294922 -0.049805 0.551758 1310583541.380575
0.560547 -0.355469 0.441406 1310583541.435618
0.400391 -0.488281 1.077148 1310583541.460589
0.490234 -0.303711 0.616211 1310583541.483574
0.485352 -0.393555 0.587891 1310583541.526613
0.520508 -0.156250 0.711914 1310583541.551625
0.530273 -0.244141 0.634766 1310583541.573707
0.551758 -0.234375 0.633789 1310583541.616684
0.532227 -0.203125 0.640625 1310583541.639698
0.547852 -0.177734 0.620117 1310583541.661633
0.587891 -0.134766 0.626953 1310583541.706623
0.578125 -0.213867 0.653320 1310583541.742705
0.620117 -0.130859 0.596680 1310583541.786680
0.530273 -0.124023 0.616211 1310583541.809588
0.546875 -0.140625 0.632812 1310583541.833673
0.558594 -0.140625 0.632812 1310583541.863705
0.573242 -0.144531 0.589844 1310583541.906629
0.569336 -0.143555 0.621094 1310583541.929619
0.539062 -0.156250 0.649414 1310583541.973620
0.569336 0.000000 0.627930 1310583541.994705
0.587891 -0.063477 0.629883 1310583542.038706
0.587891 -0.063477 0.629883 1310583542.061636
0.561523 -0.125977 0.622070 1310583542.093584
0.558594 -0.127930 0.639648 1310583542.135622
0.595703 -0.167969 0.625977 1310583542.178588
0.540039 -0.119141 0.624023 1310583542.200586
0.576172 -0.106445 0.641602 1310583542.223656
0.560547 -0.061523 0.628906 1310583542.266595
0.530273 -0.083008 0.643555 1310583542.289593
0.505859 -0.105469 0.587891 1310583542.316618
0.571289 -0.130859 0.624023 1310583542.361637
0.544922 -0.111328 0.641602 1310583542.386591
0.533203 -0.085938 0.654297 1310583542.409626
0.584961 -0.094727 0.628906 1310583542.453587
0.650391 -0.179688 0.548828 1310583542.495613
0.643555 -0.064453 0.537109 1310583542.516643
0.520508 -0.262695 0.715820 1310583542.538664
0.507812 -0.024414 0.698242 1310583542.581637
0.542969 -0.197266 0.621094 1310583542.604715
0.606445 -0.156250 0.601562 1310583542.648628
0.563477 -0.212891 0.643555 1310583542.669712
0.554688 -0.146484 0.630859 1310583542.708665
0.549805 -0.140625 0.631836 1310583542.748712
0.573242 -0.138672 0.696289 1310583542.769625
0.539062 -0.147461 0.696289 1310583542.792647
0.583008 -0.256836 0.650391 1310583542.834729
0.531250 -0.203125 0.643555 1310583542.878683
0.561523 -0.220703 0.641602 1310583542.899679
0.541992 -0.248047 0.635742 1310583542.943690
0.559570 -0.223633 0.625977 1310583542.964640
0.529297 -0.237305 0.615234 1310583542.986713
0.546875 -0.230469 0.632812 1310583543.034728
0.585938 -0.212891 0.626953 1310583543.068602
0.558594 -0.214844 0.645508 1310583543.110658
0.560547 -0.295898 0.659180 1310583543.133607
0.562500 -0.093750 0.610352 1310583543.154600
0.562500 -0.093750 0.610352 1310583543.175606
0.671875 -0.062500 0.517578 1310583543.219625
0.678711 -0.085938 0.511719 1310583543.265631
0.656250 -0.097656 0.540039 1310583543.288627
0.669922 -0.103516 0.530273 1310583543.310732
0.737305 -0.125000 0.533203 1310583543.355614
0.667969 -0.106445 0.484375 1310583543.399665
0.739258 -0.078125 0.482422 1310583543.421698
0.756836 -0.017578 0.540039 1310583543.443703
0.743164 -0.169922 0.465820 1310583543.487629
0.701172 -0.018555 0.507812 1310583543.509704
0.697266 -0.065430 0.481445 1310583543.533696
0.649414 0.074219 0.586914 1310583543.578696
0.665039 -0.199219 0.500977 1310583543.623723
0.634766 -0.099609 0.502930 1310583543.649693
0.423828 -0.109375 0.588867 1310583543.671742
0.674805 -0.323242 0.507812 1310583543.695677
0.222656 -0.140625 0.791016 1310583543.725725
0.528320 -0.279297 0.688477 1310583543.769720
0.529297 -0.248047 0.688477 1310583543.814743
0.579102 -0.203125 0.638672 1310583543.839710
0.556641 -0.196289 0.645508 1310583543.862733
0.604492 -0.184570 0.612305 1310583543.905684
0.547852 -0.231445 0.603516 1310583543.929682
0.584961 -0.195312 0.619141 1310583543.952744
0.563477 -0.087891 0.619141 1310583544.034747
0.641602 -0.196289 0.622070 1310583544.035677
0.641602 -0.161133 0.674805 1310583544.055671
0.670898 -0.192383 0.764648 1310583544.084621
0.479492 -0.091797 0.764648 1310583544.109623
0.294922 -0.032227 0.513672 1310583544.155699
-0.111328 0.183594 0.249023 1310583544.198625
0.854492 0.509766 1.068359 1310583544.219654
0.325195 0.718750 0.432617 1310583544.263629
1.076172 -0.125977 0.842773 1310583544.284854
0.181641 -0.090820 0.511719 1310583544.329655
0.440430 -0.116211 0.603516 1310583544.371636
0.514648 -0.082031 0.612305 1310583544.392652
0.506836 -0.037109 0.624023 1310583544.415652
0.549805 -0.125977 0.599609 1310583544.436814
0.519531 -0.094727 0.631836 1310583544.479721
0.536133 -0.104492 0.608398 1310583544.519691
0.539062 -0.105469 0.639648 1310583544.542762
0.556641 -0.108398 0.643555 1310583544.589683
0.546875 -0.112305 0.642578 1310583544.611697
0.583984 -0.136719 0.623047 1310583544.635717
0.593750 -0.089844 0.565430 1310583544.682778
0.580078 -0.048828 0.637695 1310583544.704708
0.542969 -0.077148 0.605469 1310583544.726705
0.536133 -0.068359 0.667969 1310583544.774693
0.616211 -0.139648 0.621094 1310583544.796761
0.635742 -0.136719 0.627930 1310583544.840732
0.516602 -0.082031 0.627930 1310583544.863690
0.570312 -0.117188 0.613281 1310583544.892698
0.587891 -0.076172 0.597656 1310583544.936769
0.574219 -0.113281 0.631836 1310583544.957693
0.552734 -0.160156 0.632812 1310583545.001642
0.563477 -0.262695 0.621094 1310583545.022688
0.526367 -0.129883 0.626953 1310583545.067641
0.537109 -0.129883 0.626953 1310583545.083641
0.533203 -0.173828 0.634766 1310583545.126649
0.523438 -0.248047 0.658203 1310583545.150644
0.508789 -0.261719 0.635742 1310583545.195670
0.501953 -0.214844 0.638672 1310583545.216653
0.501953 -0.214844 0.638672 1310583545.239651
0.550781 -0.261719 0.656250 1310583545.320773
0.560547 -0.315430 0.649414 1310583545.321769
0.621094 -0.193359 0.580078 1310583545.341678
0.630859 -0.075195 0.482422 1310583545.384777
0.625000 -0.129883 0.564453 1310583545.406663
0.652344 -0.123047 0.534180 1310583545.450693
0.634766 -0.112305 0.586914 1310583545.472777
0.596680 -0.164062 0.656250 1310583545.516720
0.658203 -0.182617 0.604492 1310583545.537740
0.630859 -0.068359 0.530273 1310583545.583779
0.733398 -0.112305 0.554688 1310583545.605790
0.741211 -0.152344 0.473633 1310583545.627710
0.784180 -0.118164 0.340820 1310583545.671798
0.731445 -0.064453 0.340820 1310583545.692737
0.760742 -0.064453 0.340820 1310583545.734786
0.661133 0.004883 0.500000 1310583545.776776
0.680664 -0.030273 0.563477 1310583545.797748
0.716797 -0.030273 0.563477 1310583545.820736
0.651367 -0.044922 0.521484 1310583545.864791
0.705078 -0.062500 0.537109 1310583545.907706
0.656250 -0.029297 0.584961 1310583545.929685
0.528320 0.291992 0.447266 1310583545.972660
0.377930 -1.958008 0.447266 1310583545.995713
0.853516 -0.575195 0.600586 1310583546.040663
0.518555 -0.253906 0.609375 1310583546.061664
0.505859 -0.239258 0.679688 1310583546.086705
0.541992 -0.225586 0.630859 1310583546.112701
0.558594 -0.203125 0.651367 1310583546.156696
0.552734 -0.208984 0.651367 1310583546.180680
0.552734 -0.220703 0.623047 1310583546.224688
0.541016 -0.161133 0.616211 1310583546.267687
0.552734 -0.168945 0.622070 1310583546.290703
0.548828 -0.177734 0.630859 1310583546.312752
0.554688 -0.204102 0.655273 1310583546.356693
0.500977 -0.143555 0.669922 1310583546.377699
0.500977 -0.143555 0.669922 1310583546.400696
0.625000 -0.097656 0.588867 1310583546.446744
0.584961 -0.181641 0.586914 1310583546.489696
0.591797 -0.083008 0.604492 1310583546.511801
0.551758 -0.136719 0.593750 1310583546.539749
0.533203 -0.136719 0.593750 1310583546.608705
0.547852 -0.124023 0.666992 1310583546.629742
0.544922 -0.097656 0.623047 1310583546.630793
0.554688 -0.120117 0.625977 1310583546.667799
0.525391 -0.117188 0.653320 1310583546.712710
0.579102 -0.113281 0.639648 1310583546.736772
0.531250 -0.117188 0.647461 1310583546.760744
0.544922 -0.133789 0.653320 1310583546.805719
0.518555 -0.091797 0.616211 1310583546.850766
0.554688 -0.080078 0.668945 1310583546.874807
0.567383 -0.089844 0.641602 1310583546.894765
0.583984 -0.124023 0.641602 1310583546.917703
0.582031 -0.111328 0.660156 1310583546.962702
0.506836 -0.021484 0.579102 1310583547.006753
0.592773 -0.167969 0.675781 1310583547.027681
0.532227 -0.029297 0.590820 1310583547.050686
0.534180 -0.062500 0.613281 1310583547.094756
0.520508 -0.103516 0.603516 1310583547.115707
0.548828 -0.168945 0.641602 1310583547.159684
0.584961 -0.251953 0.645508 1310583547.181732
0.585938 -0.175781 0.625000 1310583547.225716
0.495117 -0.159180 0.634766 1310583547.246708
0.553711 -0.221680 0.618164 1310583547.290760
0.587891 -0.175781 0.640625 1310583547.312808
0.550781 -0.224609 0.667969 1310583547.337736
0.536133 -0.262695 0.668945 1310583547.384817
0.524414 -0.239258 0.650391 1310583547.429816
0.499023 -0.339844 0.568359 1310583547.451741
0.531250 -0.238281 0.645508 1310583547.474803
0.523438 -0.304688 0.623047 1310583547.496726
0.583984 -0.245117 0.623047 1310583547.540784
0.570312 -0.124023 0.623047 1310583547.582768
0.573242 -0.154297 0.617188 1310583547.626762
0.574219 -0.184570 0.616211 1310583547.627716
0.549805 -0.161133 0.648438 1310583547.672837
0.576172 -0.159180 0.580078 1310583547.705819
0.544922 -0.145508 0.614258 1310583547.727766
0.548828 -0.137695 0.609375 1310583547.771774
0.568359 -0.164062 0.583008 1310583547.792770
0.592773 -0.097656 0.615234 1310583547.857778
0.609375 -0.058594 0.588867 1310583547.895755
0.654297 -0.112305 0.570312 1310583547.896752
0.606445 -0.134766 0.590820 1310583547.937704
0.587891 -0.160156 0.572266 1310583547.960701
0.625000 -0.164062 0.587891 1310583547.982728
0.592773 -0.139648 0.577148 1310583548.025724
0.597656 -0.139648 0.577148 1310583548.048719
0.758789 -0.079102 0.500977 1310583548.091760
0.588867 -0.050781 0.537109 1310583548.114705
0.601562 -0.107422 0.632812 1310583548.157709
0.466797 -0.012695 0.661133 1310583548.180721
0.475586 0.048828 0.567383 1310583548.206727
0.687500 -0.406250 0.567383 1310583548.240756
0.584961 -0.153320 0.660156 1310583548.289776
0.561523 -0.164062 0.647461 1310583548.319761
0.558594 -0.151367 0.654297 1310583548.359839
0.557617 -0.163086 0.624023 1310583548.375758
0.573242 -0.186523 0.614258 1310583548.402748
0.592773 -0.182617 0.650391 1310583548.447778
0.563477 -0.165039 0.645508 1310583548.470832
0.543945 -0.142578 0.619141 1310583548.514834
0.541992 -0.148438 0.625977 1310583548.536836
0.505859 -0.170898 0.641602 1310583548.584819
0.535156 -0.206055 0.662109 1310583548.609793
0.518555 -0.152344 0.666992 1310583548.630837
0.564453 -0.143555 0.621094 1310583548.680800
0.548828 -0.092773 0.621094 1310583548.701808
0.567383 -0.085938 0.616211 1310583548.744763
0.521484 -0.108398 0.583008 1310583548.766737
0.571289 -0.097656 0.629883 1310583548.787839
0.540039 -0.078125 0.620117 1310583548.831745
0.584961 -0.108398 0.632812 1310583548.876716
0.540039 -0.109375 0.641602 1310583548.897767
0.551758 -0.076172 0.634766 1310583548.920739
0.570312 -0.134766 0.639648 1310583548.961720
0.573242 -0.106445 0.619141 1310583548.983769
0.527344 -0.061523 0.618164 1310583549.022721
0.540039 -0.090820 0.657227 1310583549.047767
0.547852 -0.098633 0.651367 1310583549.094722
0.563477 -0.121094 0.615234 1310583549.179763
0.563477 -0.087891 0.631836 1310583549.199794
0.566406 -0.105469 0.627930 1310583549.200742
0.554688 -0.111328 0.653320 1310583549.211302
0.563477 -0.111328 0.628906 1310583549.252733
0.548828 -0.067383 0.624023 1310583549.275771
0.559570 -0.079102 0.640625 1310583549.319859
0.580078 -0.090820 0.600586 1310583549.340817
0.580078 -0.090820 0.600586 1310583549.369799
0.557617 -0.059570 0.629883 1310583549.422775
0.542969 -0.107422 0.646484 1310583549.445780
0.558594 -0.113281 0.626953 1310583549.490779
0.506836 -0.088867 0.638672 1310583549.512777
0.543945 -0.145508 0.682617 1310583549.535768
0.568359 -0.125000 0.641602 1310583549.577777
0.536133 -0.128906 0.581055 1310583549.599802
0.559570 -0.204102 0.612305 1310583549.642853
0.560547 -0.183594 0.647461 1310583549.685853
0.566406 -0.162109 0.617188 1310583549.706783
0.565430 -0.182617 0.620117 1310583549.729768
0.566406 -0.224609 0.652344 1310583549.762856
0.566406 -0.224609 0.652344 1310583549.785786
0.531250 -0.203125 0.625977 1310583549.829735
0.554688 -0.278320 0.654297 1310583549.854736
0.542969 -0.209961 0.652344 1310583549.900739
0.548828 -0.210938 0.681641 1310583549.924751
0.486328 -0.460938 0.681641 1310583549.949789
0.603516 -0.227539 0.609375 1310583549.996738
0.658203 -0.146484 0.573242 1310583550.040768
0.656250 -0.084961 0.505859 1310583550.062772
0.666992 -0.082031 0.557617 1310583550.086731
0.583008 -0.044922 0.557617 1310583550.109764
0.607422 -0.137695 0.662109 1310583550.152766
0.606445 -0.148438 0.664062 1310583550.196765
0.606445 -0.163086 0.570312 1310583550.219771
0.692383 -0.153320 0.516602 1310583550.262869
0.681641 -0.155273 0.512695 1310583550.285835
0.728516 -0.076172 0.262695 1310583550.307813
0.722656 -0.039062 0.467773 1310583550.349809
0.709961 -0.029297 0.502930 1310583550.394871
0.715820 -0.068359 0.518555 1310583550.466854
0.692383 -0.097656 0.546875 1310583550.467869
0.666016 -0.095703 0.539062 1310583550.487814
0.706055 -0.055664 0.536133 1310583550.509793
0.707031 -0.078125 0.485352 1310583550.530801
0.678711 -0.083008 0.525391 1310583550.574879
0.671875 -0.110352 0.564453 1310583550.595841
0.610352 -0.048828 0.617188 1310583550.637822
0.569336 0.156250 0.538086 1310583550.660826
0.626953 -0.266602 0.516602 1310583550.702823
0.568359 -0.359375 0.596680 1310583550.731886
0.567383 -0.219727 0.607422 1310583550.769793
0.539062 -0.276367 0.665039 1310583550.789776
0.540039 -0.210938 0.642578 1310583550.831753
0.560547 -0.210938 0.649414 1310583550.853815
0.548828 -0.234375 0.626953 1310583550.899755
0.558594 -0.207031 0.651367 1310583550.942809
0.569336 -0.166016 0.585938 1310583550.965748
0.587891 -0.164062 0.615234 1310583550.994796
0.555664 -0.097656 0.648438 1310583551.032977
0.541016 -0.138672 0.648438 1310583551.055763
0.569336 -0.174805 0.675781 1310583551.094803
0.509766 -0.066406 0.614258 1310583551.117880
0.497070 0.001953 0.590820 1310583551.140784
0.554688 -0.083984 0.604492 1310583551.184791
0.611328 -0.074219 0.615234 1310583551.206777
0.586914 -0.074219 0.615234 1310583551.250852
0.602539 -0.138672 0.604492 1310583551.297823
0.517578 -0.056641 0.617188 1310583551.319831
0.518555 -0.116211 0.665039 1310583551.362866
0.556641 -0.101562 0.614258 1310583551.384898
0.555664 -0.102539 0.627930 1310583551.405841
0.555664 -0.102539 0.627930 1310583551.429827
0.533203 -0.111328 0.625977 1310583551.475889
0.575195 -0.115234 0.609375 1310583551.496857
0.540039 -0.105469 0.650391 1310583551.539840
0.516602 -0.110352 0.610352 1310583551.566834
0.568359 -0.117188 0.608398 1310583551.591893
0.537109 -0.128906 0.661133 1310583551.634855
0.565430 -0.069336 0.633789 1310583551.677848
