0.543945 -0.116211 0.654297 1310510290.398011
0.514648 -0.153320 0.676758 1310510290.421017
0.525391 -0.118164 0.660156 1310510290.464984
0.502930 -0.169922 0.659180 1310510290.488055
0.517578 -0.122070 0.654297 1310510290.530994
0.498047 -0.125977 0.651367 1310510290.552992
0.528320 -0.117188 0.632812 1310510290.596041
0.516602 -0.146484 0.670898 1310510290.643021
0.516602 -0.146484 0.670898 1310510290.643968
0.524414 -0.102539 0.656250 1310510290.688993
0.508789 -0.138672 0.623047 1310510290.715029
0.482422 -0.109375 0.672852 1310510290.749049
0.510742 -0.117188 0.644531 1310510290.774071
0.468750 -0.119141 0.641602 1310510290.809983
0.495117 -0.109375 0.641602 1310510290.833032
0.478516 -0.134766 0.706055 1310510290.900024
0.517578 -0.074219 0.647461 1310510290.900983
0.504883 -0.099609 0.658203 1310510290.933052
0.494141 -0.099609 0.681641 1310510290.977971
0.507812 -0.099609 0.681641 1310510290.998983
0.516602 -0.125000 0.628906 1310510291.048979
0.524414 -0.122070 0.668945 1310510291.073034
0.513672 -0.100586 0.630859 1310510291.105985
0.503906 -0.098633 0.653320 1310510291.128058
0.535156 -0.115234 0.639648 1310510291.171073
0.534180 -0.115234 0.639648 1310510291.199046
0.525391 -0.118164 0.652344 1310510291.243998
0.517578 -0.131836 0.646484 1310510291.268023
0.528320 -0.125000 0.631836 1310510291.291498
0.534180 -0.146484 0.640625 1310510291.323048
0.514648 -0.126953 0.661133 1310510291.387991
0.512695 -0.142578 0.685547 1310510291.388986
0.523438 -0.114258 0.660156 1310510291.425990
0.510742 -0.095703 0.653320 1310510291.448081
0.504883 -0.096680 0.653320 1310510291.493027
0.502930 -0.107422 0.615234 1310510291.514041
0.542969 -0.119141 0.642578 1310510291.576077
0.535156 -0.132812 0.663086 1310510291.578059
0.537109 -0.125000 0.661133 1310510291.621039
0.530273 -0.123047 0.676758 1310510291.669085
0.489258 -0.125000 0.656250 1310510291.690023
0.517578 -0.105469 0.651367 1310510291.713040
0.507812 -0.109375 0.649414 1310510291.737004
0.515625 -0.103516 0.658203 1310510291.784091
0.511719 -0.140625 0.641602 1310510291.806067
0.523438 -0.096680 0.658203 1310510291.851090
0.507812 -0.130859 0.612305 1310510291.873040
0.511719 -0.076172 0.644531 1310510291.923054
0.513672 -0.148438 0.582031 1310510291.943999
0.501953 -0.106445 0.615234 1310510291.966042
0.502930 -0.094727 0.635742 1310510292.009089
0.501953 -0.127930 0.677734 1310510292.033006
0.522461 -0.125977 0.657227 1310510292.081010
0.528320 -0.129883 0.661133 1310510292.103013
0.528320 -0.129883 0.661133 1310510292.125031
0.526367 -0.142578 0.634766 1310510292.171088
0.505859 -0.089844 0.641602 1310510292.194058
0.494141 -0.109375 0.655273 1310510292.236087
0.510742 -0.069336 0.670898 1310510292.258099
0.483398 -0.119141 0.677734 1310510292.300030
0.521484 -0.113281 0.636719 1310510292.346049
0.544922 -0.123047 0.634766 1310510292.369096
0.506836 -0.175781 0.662109 1310510292.391019
0.509766 -0.125000 0.670898 1310510292.435038
0.503906 -0.113281 0.664062 1310510292.459054
0.502930 -0.140625 0.646484 1310510292.480024
0.489258 -0.107422 0.675781 1310510292.523083
0.511719 -0.137695 0.666016 1310510292.545055
0.501953 -0.109375 0.644531 1310510292.590104
0.499023 -0.104492 0.667969 1310510292.643107
0.531250 -0.106445 0.650391 1310510292.669061
0.497070 -0.128906 0.659180 1310510292.690099
0.532227 -0.121094 0.643555 1310510292.714014
0.508789 -0.117188 0.667969 1310510292.758050
0.490234 -0.102539 0.647461 1310510292.783047
0.494141 -0.103516 0.664062 1310510292.804088
0.492188 -0.110352 0.645508 1310510292.848100
0.518555 -0.107422 0.635742 1310510292.869039
0.505859 -0.115234 0.677734 1310510292.911051
0.516602 -0.103516 0.648438 1310510292.934100
0.527344 -0.132812 0.638672 1310510292.976055
0.534180 -0.109375 0.657227 1310510293.001030
0.526367 -0.117188 0.644531 1310510293.035043
0.509766 -0.117188 0.644531 1310510293.059126
0.542969 -0.101562 0.650391 1310510293.105115
0.472656 -0.126953 0.669922 1310510293.134115
0.518555 -0.107422 0.655273 1310510293.159059
0.510742 -0.113281 0.666992 1310510293.205026
0.522461 -0.103516 0.658203 1310510293.226110
0.540039 -0.138672 0.616211 1310510293.248110
0.537109 -0.101562 0.647461 1310510293.290079
0.502930 -0.105469 0.632812 1310510293.336105
0.487305 -0.129883 0.683594 1310510293.358077
0.500000 -0.113281 0.639648 1310510293.381054
0.528320 -0.151367 0.661133 1310510293.418069
0.529297 -0.105469 0.661133 1310510293.463064
0.497070 -0.136719 0.663086 1310510293.484115
0.541016 -0.128906 0.645508 1310510293.528114
0.499023 -0.143555 0.648438 1310510293.554091
0.511719 -0.100586 0.639648 1310510293.596096
0.502930 -0.111328 0.643555 1310510293.619065
0.522461 -0.095703 0.663086 1310510293.660087
0.517578 -0.111328 0.651367 1310510293.680059
0.517578 -0.093750 0.614258 1310510293.723079
0.508789 -0.095703 0.670898 1310510293.744094
0.517578 -0.085938 0.618164 1310510293.766046
0.510742 -0.100586 0.618164 1310510293.803122
0.508789 -0.136719 0.671875 1310510293.850119
0.497070 -0.104492 0.655273 1310510293.873068
0.501953 -0.085938 0.661133 1310510293.918137
0.501953 -0.080078 0.661133 1310510293.955019
0.520508 -0.090820 0.651367 1310510293.956036
0.507812 -0.116211 0.660156 1310510293.998056
0.526367 -0.087891 0.660156 1310510294.041050
0.498047 -0.118164 0.640625 1310510294.064052
0.513672 -0.122070 0.662109 1310510294.106091
0.502930 -0.119141 0.658203 1310510294.129045
0.522461 -0.117188 0.589844 1310510294.174088
0.505859 -0.122070 0.663086 1310510294.195083
0.509766 -0.114258 0.663086 1310510294.233071
0.512695 -0.119141 0.658203 1310510294.261041
0.511719 -0.109375 0.647461 1310510294.301049
0.498047 -0.099609 0.648438 1310510294.336137
0.540039 -0.131836 0.682617 1310510294.358129
0.505859 -0.131836 0.682617 1310510294.381068
0.523438 -0.128906 0.660156 1310510294.423133
0.514648 -0.091797 0.640625 1310510294.446078
0.500000 -0.122070 0.657227 1310510294.491135
0.512695 -0.097656 0.645508 1310510294.515079
0.517578 -0.148438 0.673828 1310510294.559098
0.509766 -0.118164 0.673828 1310510294.582102
0.478516 -0.111328 0.659180 1310510294.634089
0.527344 -0.099609 0.623047 1310510294.655055
0.519531 -0.085938 0.652344 1310510294.678089
0.521484 -0.137695 0.646484 1310510294.704136
0.495117 -0.135742 0.633789 1310510294.729067
0.518555 -0.093750 0.676758 1310510294.771143
0.522461 -0.098633 0.668945 1310510294.816139
0.484375 -0.123047 0.655273 1310510294.839104
0.522461 -0.106445 0.655273 1310510294.883112
0.547852 -0.105469 0.672852 1310510294.904090
0.486328 -0.114258 0.672852 1310510294.926073
0.530273 -0.102539 0.695312 1310510294.969147
0.531250 -0.173828 0.646484 1310510295.011146
0.502930 -0.111328 0.678711 1310510295.036136
0.506836 -0.109375 0.656250 1310510295.079114
0.517578 -0.126953 0.634766 1310510295.101067
0.522461 -0.126953 0.634766 1310510295.123153
0.536133 -0.066406 0.656250 1310510295.158084
0.506836 -0.144531 0.639648 1310510295.241073
0.511719 -0.117188 0.690430 1310510295.243063
0.526367 -0.102539 0.651367 1310510295.263105
0.506836 -0.104492 0.631836 1310510295.285080
0.511719 -0.145508 0.666016 1310510295.329076
0.509766 -0.082031 0.720703 1310510295.353063
0.503906 -0.099609 0.628906 1310510295.396061
0.522461 -0.101562 0.667969 1310510295.418157
0.514648 -0.138672 0.670898 1310510295.463151
0.509766 -0.108398 0.655273 1310510295.485094
0.487305 -0.107422 0.676758 1310510295.508148
0.514648 -0.121094 0.651367 1310510295.550082
0.539062 -0.110352 0.634766 1310510295.575159
0.506836 -0.141602 0.657227 1310510295.620087
0.509766 -0.085938 0.642578 1310510295.643083
0.542969 -0.110352 0.691406 1310510295.664073
0.482422 -0.110352 0.691406 1310510295.708095
0.532227 -0.125977 0.617188 1310510295.756156
0.500000 -0.149414 0.666016 1310510295.779111
0.513672 -0.124023 0.689453 1310510295.803156
0.494141 -0.097656 0.642578 1310510295.854164
0.527344 -0.075195 0.642578 1310510295.856125
0.540039 -0.128906 0.634766 1310510295.898149
0.536133 -0.158203 0.664062 1310510295.940078
0.509766 -0.178711 0.639648 1310510295.964170
0.506836 -0.145508 0.641602 1310510296.010086
0.506836 -0.090820 0.680664 1310510296.031080
0.520508 -0.094727 0.679688 1310510296.055124
0.489258 -0.129883 0.655273 1310510296.101174
0.496094 -0.120117 0.667969 1310510296.145089
0.512695 -0.107422 0.632812 1310510296.154130
0.456055 -0.109375 0.639648 1310510296.191117
0.528320 -0.099609 0.650391 1310510296.234154
0.530273 -0.113281 0.664062 1310510296.260120
0.496094 -0.110352 0.633789 1310510296.304163
0.511719 -0.102539 0.627930 1310510296.326093
0.534180 -0.113281 0.586914 1310510296.369125
0.500000 -0.101562 0.634766 1310510296.391092
0.509766 -0.118164 0.638672 1310510296.414132
0.521484 -0.118164 0.638672 1310510296.437088
0.531250 -0.115234 0.646484 1310510296.531185
0.517578 -0.121094 0.637695 1310510296.551092
0.520508 -0.118164 0.639648 1310510296.553092
0.525391 -0.099609 0.632812 1310510296.570181
0.515625 -0.100586 0.643555 1310510296.641140
0.523438 -0.102539 0.646484 1310510296.644168
0.526367 -0.154297 0.652344 1310510296.688089
0.531250 -0.141602 0.635742 1310510296.710182
0.486328 -0.093750 0.653320 1310510296.776109
0.511719 -0.109375 0.620117 1310510296.778172
0.491211 -0.170898 0.664062 1310510296.799144
0.524414 -0.115234 0.667969 1310510296.844177
0.483398 -0.084961 0.632812 1310510296.871141
0.515625 -0.131836 0.646484 1310510296.895181
0.519531 -0.140625 0.640625 1310510296.931182
0.508789 -0.119141 0.694336 1310510296.974096
0.505859 -0.113281 0.694336 1310510296.997175
0.507812 -0.125977 0.648438 1310510297.040192
0.500000 -0.106445 0.660156 1310510297.085146
0.544922 -0.125977 0.610352 1310510297.108174
0.520508 -0.143555 0.648438 1310510297.129181
0.517578 -0.126953 0.656250 1310510297.151115
0.508789 -0.126953 0.656250 1310510297.194113
0.535156 -0.139648 0.610352 1310510297.238104
0.538086 -0.138672 0.649414 1310510297.261175
0.528320 -0.142578 0.675781 1310510297.304143
0.523438 -0.125977 0.637695 1310510297.326199
0.548828 -0.119141 0.656250 1310510297.349137
0.515625 -0.123047 0.665039 1310510297.373132
0.497070 -0.145508 0.648438 1310510297.416136
0.517578 -0.086914 0.643555 1310510297.461123
0.518555 -0.073242 0.639648 1310510297.483156
