0.553711 -0.092773 0.646484 1310581483.570568
0.533203 -0.115234 0.676758 1310581483.591541
0.531250 -0.113281 0.608398 1310581483.635904
0.529297 -0.100586 0.659180 1310581483.658424
0.575195 -0.098633 0.600586 1310581483.701571
0.540039 -0.116211 0.626953 1310581483.716542
0.540039 -0.116211 0.626953 1310581483.766596
0.525391 -0.146484 0.651367 1310581483.814670
0.522461 -0.093750 0.648438 1310581483.815638
0.567383 -0.108398 0.646484 1310581483.860548
0.529297 -0.088867 0.662109 1310581483.890581
0.501953 -0.115234 0.637695 1310581483.921591
0.554688 -0.089844 0.625000 1310581484.031600
0.555664 -0.109375 0.643555 1310581484.033599
0.560547 -0.097656 0.616211 1310581484.055595
0.511719 -0.051758 0.625977 1310581484.056587
0.575195 -0.083984 0.642578 1310581484.078548
0.541992 -0.059570 0.636719 1310581484.123577
0.557617 -0.103516 0.630859 1310581484.163595
0.522461 -0.081055 0.619141 1310581484.194644
0.539062 -0.070312 0.670898 1310581484.216679
0.563477 -0.039062 0.618164 1310581484.239627
0.567383 -0.089844 0.632812 1310581484.262645
0.520508 -0.076172 0.615234 1310581484.305681
0.553711 -0.089844 0.635742 1310581484.349638
0.537109 -0.099609 0.611328 1310581484.373678
0.560547 -0.113281 0.635742 1310581484.419681
0.552734 -0.100586 0.631836 1310581484.448656
0.550781 -0.078125 0.631836 1310581484.473560
0.565430 -0.106445 0.625000 1310581484.495568
0.564453 -0.113281 0.631836 1310581484.529583
0.519531 -0.059570 0.639648 1310581484.573564
0.560547 -0.068359 0.615234 1310581484.594559
0.557617 -0.097656 0.626953 1310581484.642596
0.531250 -0.097656 0.626953 1310581484.664560
0.545898 -0.111328 0.644531 1310581484.709584
0.559570 -0.085938 0.601562 1310581484.731586
0.559570 -0.115234 0.639648 1310581484.752673
0.532227 -0.095703 0.622070 1310581484.795624
0.580078 -0.111328 0.658203 1310581484.817589
0.560547 -0.111328 0.658203 1310581484.840561
0.561523 -0.070312 0.642578 1310581484.886595
0.566406 -0.078125 0.616211 1310581484.929571
0.570312 -0.086914 0.613281 1310581484.954590
0.530273 -0.083984 0.647461 1310581484.975590
0.527344 -0.067383 0.630859 1310581485.019692
0.563477 -0.103516 0.626953 1310581485.044641
0.551758 -0.130859 0.664062 1310581485.089577
0.555664 -0.075195 0.666992 1310581485.111568
0.517578 -0.077148 0.636719 1310581485.154702
0.567383 -0.083984 0.620117 1310581485.176693
0.558594 -0.107422 0.616211 1310581485.197698
0.565430 -0.082031 0.589844 1310581485.316695
0.560547 -0.046875 0.599609 1310581485.317697
0.542969 -0.082031 0.609375 1310581485.330635
0.579102 -0.051758 0.643555 1310581485.331695
0.544922 -0.089844 0.652344 1310581485.380672
0.545898 -0.116211 0.661133 1310581485.404656
0.534180 -0.082031 0.630859 1310581485.447579
0.569336 -0.076172 0.614258 1310581485.470576
0.534180 -0.095703 0.648438 1310581485.491636
0.535156 -0.091797 0.627930 1310581485.535583
0.549805 -0.109375 0.650391 1310581485.571605
0.556641 -0.092773 0.650391 1310581485.593617
0.553711 -0.106445 0.641602 1310581485.636580
0.484375 -0.129883 0.615234 1310581485.679599
0.532227 -0.107422 0.633789 1310581485.702669
0.546875 -0.124023 0.637695 1310581485.742716
0.567383 -0.098633 0.595703 1310581485.764632
0.551758 -0.099609 0.652344 1310581485.787584
0.551758 -0.099609 0.652344 1310581485.811584
0.545898 -0.094727 0.627930 1310581485.855607
0.551758 -0.107422 0.616211 1310581485.885620
0.543945 -0.109375 0.630859 1310581485.930589
0.554688 -0.152344 0.629883 1310581485.951612
0.556641 -0.152344 0.629883 1310581485.976587
0.546875 -0.103516 0.625977 1310581486.030661
0.559570 -0.139648 0.656250 1310581486.054610
0.565430 -0.125977 0.659180 1310581486.075644
0.568359 -0.103516 0.639648 1310581486.122664
0.561523 -0.071289 0.624023 1310581486.130636
0.555664 -0.056641 0.619141 1310581486.165689
0.548828 -0.088867 0.650391 1310581486.209716
0.550781 -0.086914 0.599609 1310581486.251645
0.573242 -0.091797 0.622070 1310581486.274686
0.553711 -0.099609 0.656250 1310581486.299723
0.540039 -0.061523 0.636719 1310581486.337719
0.588867 -0.062500 0.616211 1310581486.382705
0.545898 -0.084961 0.628906 1310581486.409625
0.538086 -0.072266 0.636719 1310581486.431595
0.566406 -0.118164 0.615234 1310581486.474648
0.560547 -0.115234 0.644531 1310581486.499597
0.516602 -0.098633 0.632812 1310581486.534636
0.557617 -0.143555 0.660156 1310581486.594625
0.536133 -0.111328 0.644531 1310581486.596623
0.549805 -0.113281 0.570312 1310581486.620599
0.530273 -0.107422 0.623047 1310581486.680655
0.550781 -0.122070 0.610352 1310581486.682638
0.560547 -0.122070 0.610352 1310581486.720702
0.545898 -0.132812 0.666016 1310581486.765618
0.541016 -0.107422 0.614258 1310581486.789609
0.551758 -0.128906 0.631836 1310581486.831604
0.552734 -0.115234 0.633789 1310581486.855609
0.554688 -0.089844 0.625000 1310581486.899669
0.603516 -0.117188 0.603516 1310581486.913632
0.542969 -0.128906 0.639648 1310581486.957632
0.534180 -0.158203 0.639648 1310581486.980607
0.561523 -0.131836 0.649414 1310581487.022637
0.554688 -0.104492 0.615234 1310581487.045636
0.541016 -0.085938 0.651367 1310581487.067669
0.554688 -0.080078 0.624023 1310581487.115724
0.530273 -0.133789 0.653320 1310581487.136738
0.567383 -0.102539 0.626953 1310581487.182681
0.535156 -0.070312 0.631836 1310581487.226678
0.573242 -0.060547 0.608398 1310581487.249664
0.548828 -0.091797 0.650391 1310581487.272685
0.537109 -0.091797 0.650391 1310581487.287750
0.530273 -0.089844 0.642578 1310581487.337752
0.556641 -0.081055 0.634766 1310581487.380616
0.544922 -0.115234 0.656250 1310581487.404675
0.543945 -0.089844 0.641602 1310581487.426640
0.536133 -0.088867 0.641602 1310581487.470618
0.538086 -0.085938 0.652344 1310581487.515621
0.540039 -0.103516 0.620117 1310581487.537750
0.582031 -0.100586 0.651367 1310581487.582619
0.518555 -0.114258 0.621094 1310581487.604690
0.547852 -0.112305 0.612305 1310581487.629684
0.550781 -0.132812 0.646484 1310581487.650754
0.541992 -0.121094 0.625977 1310581487.696662
0.557617 -0.101562 0.621094 1310581487.719625
0.547852 -0.121094 0.636719 1310581487.761838
0.558594 -0.113281 0.618164 1310581487.782651
0.549805 -0.156250 0.629883 1310581487.876666
0.500977 -0.096680 0.616211 1310581487.877669
0.549805 -0.091797 0.656250 1310581487.899735
0.541016 -0.113281 0.612305 1310581487.919666
0.548828 -0.100586 0.661133 1310581487.956630
0.553711 -0.102539 0.613281 1310581487.979651
0.574219 -0.150391 0.661133 1310581488.004703
0.568359 -0.122070 0.625000 1310581488.059756
0.552734 -0.113281 0.611328 1310581488.095723
0.565430 -0.051758 0.646484 1310581488.107762
0.534180 -0.103516 0.634766 1310581488.145726
0.531250 -0.101562 0.635742 1310581488.169727
0.531250 -0.078125 0.623047 1310581488.212690
0.552734 -0.079102 0.625977 1310581488.235691
0.553711 -0.105469 0.633789 1310581488.280718
0.541992 -0.096680 0.623047 1310581488.302700
0.587891 -0.095703 0.639648 1310581488.346636
0.568359 -0.115234 0.615234 1310581488.369634
0.562500 -0.097656 0.608398 1310581488.394691
0.548828 -0.094727 0.649414 1310581488.459658
0.545898 -0.119141 0.632812 1310581488.462636
0.576172 -0.099609 0.610352 1310581488.507760
0.541992 -0.089844 0.624023 1310581488.529641
0.541992 -0.129883 0.639648 1310581488.551635
0.574219 -0.125000 0.602539 1310581488.609695
0.562500 -0.118164 0.634766 1310581488.630758
0.552734 -0.122070 0.638672 1310581488.655718
0.585938 -0.107422 0.595703 1310581488.699644
0.575195 -0.113281 0.638672 1310581488.721656
0.570312 -0.121094 0.641602 1310581488.745660
0.573242 -0.121094 0.641602 1310581488.791644
0.550781 -0.117188 0.630859 1310581488.834657
0.553711 -0.070312 0.634766 1310581488.856696
0.555664 -0.096680 0.569336 1310581488.899643
0.558594 -0.085938 0.655273 1310581488.921658
0.557617 -0.101562 0.624023 1310581488.945644
0.558594 -0.083008 0.624023 1310581488.965845
0.559570 -0.105469 0.626953 1310581489.009707
0.557617 -0.106445 0.637695 1310581489.052775
0.513672 -0.114258 0.609375 1310581489.076777
0.573242 -0.092773 0.629883 1310581489.101782
0.542969 -0.074219 0.626953 1310581489.151783
0.550781 -0.083984 0.623047 1310581489.177692
0.565430 -0.116211 0.624023 1310581489.201711
0.557617 -0.089844 0.631836 1310581489.257782
0.538086 -0.070312 0.624023 1310581489.259767
0.553711 -0.102539 0.622070 1310581489.310653
0.555664 -0.081055 0.629883 1310581489.332650
0.544922 -0.081055 0.629883 1310581489.355703
0.541992 -0.098633 0.626953 1310581489.399680
0.550781 -0.115234 0.648438 1310581489.424690
