0.654297 0.175781 0.502930 1309547947.997948
0.678711 0.187500 0.514648 1309547948.021948
0.672852 0.189453 0.483398 1309547948.065951
0.649414 0.199219 0.505859 1309547948.089945
0.636719 0.182617 0.497070 1309547948.110947
0.655273 0.182617 0.514648 1309547948.135950
0.630859 0.197266 0.471680 1309547948.177944
0.669922 0.176758 0.502930 1309547948.222951
0.614258 0.205078 0.511719 1309547948.252950
0.641602 0.174805 0.474609 1309547948.275947
0.665039 0.173828 0.455078 1309547948.320952
0.655273 0.173828 0.455078 1309547948.341944
0.645508 0.198242 0.481445 1309547948.431958
0.661133 0.202148 0.510742 1309547948.432948
0.670898 0.188477 0.503906 1309547948.450950
0.639648 0.193359 0.476562 1309547948.474952
0.678711 0.186523 0.501953 1309547948.535955
0.662109 0.186523 0.501953 1309547948.537954
0.638672 0.190430 0.483398 1309547948.581956
0.683594 0.176758 0.499023 1309547948.604920
0.676758 0.183594 0.506836 1309547948.647960
0.671875 0.164062 0.492188 1309547948.670958
0.667969 0.210938 0.460938 1309547948.692960
0.662109 0.170898 0.488281 1309547948.781961
0.659180 0.131836 0.517578 1309547948.805939
0.672852 0.189453 0.491211 1309547948.825935
0.647461 0.197266 0.451172 1309547948.826959
0.662109 0.204102 0.502930 1309547948.847963
0.660156 0.194336 0.496094 1309547948.889981
0.656250 0.171875 0.510742 1309547948.954964
0.684570 0.182617 0.505859 1309547948.955959
0.662109 0.181641 0.466797 1309547948.997964
0.657227 0.212891 0.502930 1309547949.019962
0.649414 0.166992 0.492188 1309547949.062963
0.667969 0.194336 0.508789 1309547949.084936
0.648438 0.182617 0.258789 1309547949.107968
0.651367 0.182617 0.258789 1309547949.150967
0.659180 0.185547 0.482422 1309547949.196966
0.657227 0.181641 0.506836 1309547949.220971
0.668945 0.171875 0.494141 1309547949.259970
0.665039 0.171875 0.494141 1309547949.275967
0.662109 0.153320 0.486328 1309547949.321972
0.680664 0.151367 0.495117 1309547949.345973
0.680664 0.183594 0.495117 1309547949.390969
0.657227 0.170898 0.506836 1309547949.414974
0.666016 0.193359 0.464844 1309547949.440975
0.678711 0.201172 0.516602 1309547949.461973
0.664062 0.178711 0.467773 1309547949.504977
0.662109 0.178711 0.467773 1309547949.547977
0.657227 0.209961 0.491211 1309547949.569982
0.670898 0.173828 0.458984 1309547949.634982
0.632812 0.170898 0.467773 1309547949.635973
0.668945 0.190430 0.486328 1309547949.676972
0.664062 0.175781 0.473633 1309547949.716979
0.650391 0.212891 0.487305 1309547949.739977
0.677734 0.224609 0.486328 1309547949.781981
0.648438 0.179688 0.450195 1309547949.804978
0.670898 0.221680 0.494141 1309547949.826982
0.646484 0.191406 0.498047 1309547949.849976
0.640625 0.184570 0.498047 1309547949.894980
0.629883 0.189453 0.450195 1309547949.929988
0.679688 0.184570 0.495117 1309547949.951985
0.653320 0.178711 0.498047 1309547949.994981
0.647461 0.175781 0.480469 1309547950.049994
0.660156 0.191406 0.496094 1309547950.075967
0.682617 0.170898 0.491211 1309547950.097990
0.633789 0.187500 0.486328 1309547950.119985
0.649414 0.193359 0.489258 1309547950.142003
0.649414 0.183594 0.482422 1309547950.185989
0.713867 0.187500 0.500000 1309547950.209992
0.680664 0.171875 0.486328 1309547950.251992
0.676758 0.163086 0.515625 1309547950.297993
0.678711 0.173828 0.505859 1309547950.319993
0.649414 0.159180 0.492188 1309547950.341991
0.641602 0.153320 0.542969 1309547950.365982
0.692383 0.191406 0.491211 1309547950.406981
0.688477 0.170898 0.741211 1309547950.429988
0.674805 0.207031 0.465820 1309547950.474974
0.690430 0.170898 0.487305 1309547950.501012
0.667969 0.160156 0.520508 1309547950.546996
0.666992 0.185547 0.499023 1309547950.566998
0.673828 0.185547 0.499023 1309547950.589988
0.656250 0.181641 0.505859 1309547950.631993
0.651367 0.175781 0.506836 1309547950.678001
0.675781 0.201172 0.512695 1309547950.701000
0.671875 0.182617 0.498047 1309547950.722996
0.658203 0.191406 0.506836 1309547950.787001
0.650391 0.200195 0.508789 1309547950.835996
0.666992 0.212891 0.488281 1309547950.842010
0.659180 0.189453 0.458984 1309547950.867004
0.656250 0.175781 0.478516 1309547950.889001
0.652344 0.185547 0.518555 1309547950.930997
0.611328 0.181641 0.477539 1309547950.953002
0.611328 0.181641 0.477539 1309547950.976005
0.664062 0.201172 0.481445 1309547951.022004
0.675781 0.166992 0.500000 1309547951.045982
0.628906 0.192383 0.465820 1309547951.102987
0.647461 0.187500 0.508789 1309547951.126014
0.709961 0.150391 0.519531 1309547951.148008
0.669922 0.190430 0.510742 1309547951.171005
0.666016 0.198242 0.492188 1309547951.216012
0.654297 0.183594 0.525391 1309547951.245989
0.667969 0.177734 0.482422 1309547951.282007
0.672852 0.154297 0.484375 1309547951.337022
0.670898 0.154297 0.484375 1309547951.362002
0.672852 0.147461 0.500000 1309547951.385018
0.666016 0.126953 0.517578 1309547951.410008
0.662109 0.176758 0.524414 1309547951.455016
0.677734 0.166992 0.489258 1309547951.480012
0.671875 0.190430 0.498047 1309547951.508013
0.671875 0.167969 0.493164 1309547951.532014
0.671875 0.167969 0.493164 1309547951.577016
-2.000000 0.167969 0.493164 1309547951.601015
0.656250 0.152344 0.497070 1309547951.644981
0.642578 0.185547 0.481445 1309547951.667018
0.661133 0.202148 0.500000 1309547951.690014
0.652344 0.183594 0.488281 1309547951.750012
0.666992 0.203125 0.479492 1309547951.757013
0.668945 0.190430 0.493164 1309547951.806007
0.663086 0.202148 0.499023 1309547951.831022
0.677734 0.194336 0.489258 1309547951.860016
0.654297 0.194336 0.500977 1309547951.882020
0.672852 0.171875 0.510742 1309547951.925003
0.655273 0.186523 0.500977 1309547951.948020
0.663086 0.192383 0.507812 1309547951.991024
0.654297 0.181641 0.504883 1309547952.033019
0.667969 0.203125 0.479492 1309547952.061024
0.675781 0.189453 0.496094 1309547952.083004
0.671875 0.178711 0.479492 1309547952.106030
0.673828 0.175781 0.435547 1309547952.150025
0.667969 0.178711 0.488281 1309547952.195025
0.655273 0.160156 0.484375 1309547952.221027
0.654297 0.189453 0.467773 1309547952.242018
0.683594 0.192383 0.519531 1309547952.266031
0.662109 0.192383 0.519531 1309547952.310025
0.641602 0.199219 0.511719 1309547952.355033
0.677734 0.175781 0.515625 1309547952.413030
0.677734 0.201172 0.492188 1309547952.423027
0.667969 0.140625 0.501953 1309547952.447037
0.704102 0.159180 0.526367 1309547952.468037
0.648438 0.169922 0.511719 1309547952.490030
0.645508 0.181641 0.261719 1309547952.533034
0.665039 0.201172 0.488281 1309547952.576036
0.668945 0.189453 0.488281 1309547952.647040
0.661133 0.175781 0.536133 1309547952.668038
0.679688 0.205078 0.536133 1309547952.690038
0.643555 0.185547 0.460938 1309547952.693032
0.664062 0.202148 0.506836 1309547952.736039
0.668945 0.194336 0.532227 1309547952.760034
0.653320 0.139648 0.519531 1309547952.803038
0.664062 0.162109 0.460938 1309547952.827042
0.686523 0.198242 0.505859 1309547952.865033
0.665039 0.196289 0.537109 1309547952.886039
0.651367 0.177734 0.476562 1309547952.930042
0.656250 0.164062 0.491211 1309547952.952038
0.667969 0.221680 0.488281 1309547952.978040
0.666992 0.185547 0.513672 1309547953.017042
0.651367 0.185547 0.513672 1309547953.037034
0.651367 0.185547 0.513672 1309547953.081036
0.664062 0.189453 0.481445 1309547953.113043
0.670898 0.171875 0.519531 1309547953.160048
0.656250 0.197266 0.493164 1309547953.206029
0.659180 0.195312 0.493164 1309547953.213049
0.689453 0.194336 0.496094 1309547953.238041
0.685547 0.169922 0.500000 1309547953.282047
0.646484 0.140625 0.484375 1309547953.307048
0.653320 0.197266 0.493164 1309547953.352049
0.620117 0.194336 0.510742 1309547953.375052
0.638672 0.182617 0.510742 1309547953.395049
0.680664 0.207031 0.473633 1309547953.440054
0.696289 0.168945 0.472656 1309547953.461050
0.661133 0.189453 0.507812 1309547953.518053
0.659180 0.151367 0.500977 1309547953.540051
0.625977 0.198242 0.510742 1309547953.561052
0.628906 0.204102 0.487305 1309547953.583050
0.660156 0.181641 0.506836 1309547953.646068
0.653320 0.183594 0.473633 1309547953.668053
0.674805 0.173828 0.512695 1309547953.690061
0.666992 0.188477 0.493164 1309547953.733064
0.665039 0.159180 0.472656 1309547953.753050
0.665039 0.159180 0.472656 1309547953.776057
0.637695 0.161133 0.521484 1309547953.842053
0.665039 0.154297 0.533203 1309547953.865050
0.647461 0.169922 0.493164 1309547953.941056
0.676758 0.175781 0.502930 1309547953.943056
0.655273 0.166016 0.538086 1309547953.945052
0.672852 0.191406 0.485352 1309547953.989062
0.677734 0.170898 0.497070 1309547954.012058
0.652344 0.181641 0.518555 1309547954.055064
0.691406 0.156250 0.499023 1309547954.097067
0.673828 0.144531 0.492188 1309547954.118062
0.658203 0.152344 0.505859 1309547954.141066
0.656250 0.183594 0.488281 1309547954.186068
0.646484 0.212891 0.484375 1309547954.215069
0.659180 0.190430 0.496094 1309547954.246070
0.667969 0.166016 0.510742 1309547954.268066
0.624023 0.188477 0.486328 1309547954.313081
0.671875 0.167969 0.518555 1309547954.336064
0.645508 0.185547 0.475586 1309547954.380068
0.676758 0.198242 0.518555 1309547954.402064
0.659180 0.144531 0.510742 1309547954.445045
0.690430 0.170898 0.506836 1309547954.467048
0.658203 0.169922 0.507812 1309547954.490078
0.652344 0.193359 0.503906 1309547954.533072
0.683594 0.171875 0.488281 1309547954.558074
0.666992 0.192383 0.489258 1309547954.610080
0.680664 0.158203 0.458984 1309547954.632072
0.630859 0.188477 0.495117 1309547954.655077
0.630859 0.182617 0.497070 1309547954.711076
0.662109 0.181641 0.453125 1309547954.755072
0.672852 0.176758 0.497070 1309547954.778075
0.654297 0.203125 0.519531 1309547954.801075
0.656250 0.210938 0.470703 1309547954.826088
0.646484 0.175781 0.486328 1309547954.855078
0.687500 0.182617 0.466797 1309547954.890082
0.669922 0.164062 0.475586 1309547954.913078
0.637695 0.203125 0.483398 1309547954.963076
0.639648 0.208984 0.487305 1309547954.986087
0.624023 0.193359 0.484375 1309547955.018082
0.624023 0.203125 0.487305 1309547955.045058
0.651367 0.183594 0.438477 1309547955.076080
0.661133 0.199219 0.500977 1309547955.120080
0.666016 0.181641 0.511719 1309547955.142087
0.673828 0.164062 0.499023 1309547955.186088
0.674805 0.196289 0.487305 1309547955.225057
0.654297 0.166992 0.501953 1309547955.246064
0.671875 0.169922 0.251953 1309547955.269082
0.662109 0.174805 0.492188 1309547955.312083
0.650391 0.142578 0.480469 1309547955.357087
0.666992 0.170898 0.491211 1309547955.381090
0.671875 0.168945 0.504883 1309547955.403086
0.639648 0.170898 0.506836 1309547955.426100
0.661133 0.196289 0.506836 1309547955.470090
0.658203 0.175781 0.507812 1309547955.508094
0.665039 0.186523 0.483398 1309547955.541094
0.676758 0.206055 0.474609 1309547955.566091
0.670898 0.182617 0.490234 1309547955.588090
