0.642578 0.048828 0.530273 1310682039.246431
0.647461 0.064453 0.522461 1310682039.268454
0.670898 0.059570 0.531250 1310682039.316465
0.826172 0.055664 0.490234 1310682039.390488
1.034180 -0.083008 0.358398 1310682039.391511
1.397461 0.217773 -0.071289 1310682039.406425
1.002930 0.060547 -0.032227 1310682039.451469
0.943359 0.220703 0.192383 1310682039.473518
0.583008 0.213867 0.315430 1310682039.516480
0.466797 0.321289 0.416992 1310682039.537588
-0.392578 0.034180 0.981445 1310682039.562457
-0.781250 0.301758 1.754883 1310682039.585493
0.210938 -0.612305 0.677734 1310682039.628444
0.596680 0.272461 0.584961 1310682039.673445
0.618164 0.109375 0.578125 1310682039.695465
0.626953 0.093750 0.538086 1310682039.740453
0.634766 0.107422 0.541992 1310682039.762436
0.576172 0.128906 0.556641 1310682039.783459
0.601562 0.159180 0.551758 1310682039.830512
0.589844 0.125000 0.565430 1310682039.851470
0.614258 0.089844 0.569336 1310682039.896459
0.597656 0.135742 0.550781 1310682039.917470
0.621094 0.134766 0.537109 1310682039.941498
0.630859 0.134766 0.537109 1310682039.968470
0.601562 0.134766 0.537109 1310682040.013476
0.614258 0.132812 0.570312 1310682040.045447
0.592773 0.175781 0.555664 1310682040.087453
0.624023 0.159180 0.547852 1310682040.108512
0.616211 0.167969 0.539062 1310682040.157481
0.604492 0.167969 0.539062 1310682040.172471
0.612305 0.173828 0.543945 1310682040.218453
0.611328 0.160156 0.537109 1310682040.255464
0.596680 0.185547 0.537109 1310682040.276441
0.597656 0.150391 0.531250 1310682040.321433
0.603516 0.203125 0.542969 1310682040.322413
0.655273 0.171875 0.508789 1310682040.372462
0.624023 0.191406 0.525391 1310682040.395440
0.623047 0.227539 0.510742 1310682040.426445
0.602539 0.199219 0.506836 1310682040.471415
0.617188 0.205078 0.545898 1310682040.492420
0.606445 0.246094 0.508789 1310682040.535422
0.632812 0.207031 0.495117 1310682040.580437
0.625000 0.232422 0.498047 1310682040.601428
0.651367 0.187500 0.489258 1310682040.675439
0.644531 0.281250 0.500000 1310682040.676423
0.645508 0.205078 0.502930 1310682040.696420
0.623047 0.219727 0.502930 1310682040.718446
0.608398 0.229492 0.484375 1310682040.762443
0.628906 0.207031 0.499023 1310682040.786453
0.641602 0.197266 0.521484 1310682040.828440
0.617188 0.175781 0.484375 1310682040.863427
0.655273 0.177734 0.510742 1310682040.887458
0.670898 0.209961 0.473633 1310682040.910433
0.635742 0.178711 0.522461 1310682040.955431
0.604492 0.157227 0.584961 1310682040.983462
0.631836 0.184570 0.594727 1310682041.012433
0.725586 -0.006836 0.543945 1310682041.056463
0.675781 -0.076172 0.632812 1310682041.077494
0.675781 -0.076172 0.632812 1310682041.098462
0.672852 -0.163086 0.621094 1310682041.141498
0.721680 -0.169922 0.534180 1310682041.186437
0.773438 -0.212891 0.416992 1310682041.205434
0.831055 -0.242188 0.408203 1310682041.250456
0.834961 -0.246094 0.359375 1310682041.272471
0.853516 -0.432617 0.290039 1310682041.315441
0.884766 -0.422852 0.118164 1310682041.337435
0.919922 -0.364258 0.104492 1310682041.360504
0.820312 -0.530273 0.045898 1310682041.408474
0.917969 -0.460938 0.123047 1310682041.431468
0.890625 -0.605469 0.059570 1310682041.456476
0.893555 -0.541016 0.125000 1310682041.502487
0.935547 -0.521484 0.139648 1310682041.530499
0.932617 -0.544922 0.012695 1310682041.572488
1.083008 -0.433594 0.013672 1310682041.593484
0.958008 -0.409180 -0.085938 1310682041.616532
0.922852 -0.175781 -0.038086 1310682041.660442
0.604492 -0.148438 -0.128906 1310682041.702457
0.837891 -0.120117 0.000977 1310682041.725451
0.837891 -0.160156 -0.038086 1310682041.747456
0.312500 -0.601562 0.219727 1310682041.791454
0.750977 -0.210938 0.572266 1310682041.836467
0.671875 -0.210938 0.572266 1310682041.837454
0.595703 -0.055664 0.572266 1310682041.873498
0.666992 0.010742 0.699219 1310682041.947452
0.687500 0.259766 0.610352 1310682041.972463
0.423828 0.110352 0.857422 1310682041.973457
0.635742 -0.057617 0.617188 1310682042.018490
0.609375 -0.057617 0.617188 1310682042.041506
0.643555 0.068359 0.535156 1310682042.087499
0.596680 0.117188 0.521484 1310682042.113489
0.600586 0.193359 0.542969 1310682042.140453
0.608398 0.161133 0.528320 1310682042.185452
0.600586 0.152344 0.541992 1310682042.210471
0.616211 0.192383 0.569336 1310682042.229454
0.628906 0.143555 0.566406 1310682042.277479
0.618164 0.210938 0.499023 1310682042.300509
0.646484 0.204102 0.537109 1310682042.345520
0.625977 0.260742 0.486328 1310682042.370516
0.631836 0.190430 0.534180 1310682042.391518
0.628906 0.255859 0.499023 1310682042.435570
0.647461 0.215820 0.460938 1310682042.476499
0.656250 0.276367 0.496094 1310682042.497492
0.613281 0.294922 0.471680 1310682042.545529
0.584961 0.287109 0.440430 1310682042.567546
0.545898 0.374023 0.397461 1310682042.588524
0.552734 0.291016 0.397461 1310682042.614519
0.666992 0.090820 0.556641 1310682042.660528
0.562500 0.308594 0.449219 1310682042.693548
0.666016 0.223633 0.480469 1310682042.715514
0.666992 0.175781 0.539062 1310682042.758564
0.607422 0.174805 0.539062 1310682042.781507
0.659180 0.169922 0.553711 1310682042.821587
0.730469 0.043945 0.532227 1310682042.866589
0.687500 0.056641 0.602539 1310682042.888502
0.678711 -0.036133 0.648438 1310682042.910555
0.579102 -0.202148 0.684570 1310682042.955535
0.612305 -0.242188 0.592773 1310682042.976515
0.693359 -0.292969 0.516602 1310682043.021524
0.776367 -0.180664 0.381836 1310682043.042510
0.793945 -0.320312 0.336914 1310682043.087554
0.923828 -0.318359 0.272461 1310682043.108554
0.858398 -0.484375 0.199219 1310682043.135572
0.858398 -0.484375 0.199219 1310682043.157537
0.739258 -0.656250 -0.052734 1310682043.251477
0.836914 -0.569336 0.087891 1310682043.252468
0.875000 -0.523438 0.111328 1310682043.272521
0.892578 -0.438477 0.157227 1310682043.300567
0.949219 -0.537109 0.143555 1310682043.342499
0.851562 -0.570312 0.134766 1310682043.365585
0.876953 -0.541992 0.024414 1310682043.408531
0.935547 -0.526367 -0.059570 1310682043.430518
0.910156 -0.465820 -0.096680 1310682043.473508
0.852539 -0.486328 -0.013672 1310682043.496481
0.947266 -0.402344 0.130859 1310682043.519502
0.961914 -0.471680 0.125000 1310682043.562494
0.808594 -0.509766 0.087891 1310682043.586513
0.962891 -0.337891 0.235352 1310682043.630532
0.902344 -0.355469 0.286133 1310682043.676514
0.775391 -0.511719 0.294922 1310682043.698520
0.755859 -0.421875 0.294922 1310682043.723524
0.723633 -0.289062 0.441406 1310682043.761497
0.491211 -0.696289 0.451172 1310682043.787491
0.791016 0.074219 0.410156 1310682043.826525
0.784180 0.134766 0.514648 1310682043.848534
0.663086 0.070312 0.564453 1310682043.871525
0.602539 -0.179688 0.564453 1310682043.916496
0.572266 -0.007812 0.724609 1310682043.950502
0.627930 0.059570 0.599609 1310682043.972488
0.672852 0.023438 0.551758 1310682044.016501
0.591797 0.093750 0.580078 1310682044.042496
0.701172 0.084961 0.667969 1310682044.091494
0.640625 0.037109 0.569336 1310682044.094485
0.638672 0.183594 0.506836 1310682044.155491
0.583008 0.224609 0.477539 1310682044.181527
0.634766 0.201172 0.512695 1310682044.202490
0.639648 0.193359 0.495117 1310682044.245509
0.663086 0.214844 0.496094 1310682044.267511
0.645508 0.292969 0.447266 1310682044.290523
0.696289 0.208984 0.502930 1310682044.333501
0.662109 0.255859 0.465820 1310682044.377503
0.661133 0.240234 0.509766 1310682044.400540
0.645508 0.261719 0.476562 1310682044.443518
0.661133 0.273438 0.458984 1310682044.445538
0.659180 0.327148 0.479492 1310682044.505533
0.674805 0.194336 0.497070 1310682044.545621
0.706055 0.089844 0.543945 1310682044.566533
0.694336 -0.029297 0.596680 1310682044.588540
0.645508 -0.082031 0.613281 1310682044.613386
0.708984 -0.036133 0.626953 1310682044.658515
0.670898 -0.125000 0.583984 1310682044.707572
0.789062 -0.164062 0.538086 1310682044.728711
0.752930 -0.121094 0.430664 1310682044.772505
0.823242 -0.197266 0.453125 1310682044.773500
0.761719 -0.349609 0.294922 1310682044.820519
0.832031 -0.308594 0.294922 1310682044.843511
0.879883 -0.475586 0.121094 1310682044.888515
0.867188 -0.384766 0.162109 1310682044.913513
0.889648 -0.482422 0.172852 1310682044.938548
0.833984 -0.548828 0.107422 1310682044.982590
0.853516 -0.569336 0.205078 1310682045.020563
0.860352 -0.531250 0.238281 1310682045.047580
0.860352 -0.531250 0.238281 1310682045.071598
0.813477 -0.445312 0.066406 1310682045.117574
0.902344 -0.477539 -0.088867 1310682045.138587
0.840820 -0.455078 -0.043945 1310682045.162633
0.983398 -0.355469 0.113281 1310682045.210626
0.890625 -0.450195 0.068359 1310682045.235622
0.882812 -0.360352 0.068359 1310682045.260632
0.900391 -0.517578 0.275391 1310682045.312564
0.828125 -0.363281 0.324219 1310682045.336567
0.708008 -0.398438 0.395508 1310682045.357627
0.693359 -0.316406 0.530273 1310682045.403603
0.741211 -0.222656 0.483398 1310682045.451591
0.784180 -0.046875 0.564453 1310682045.472559
0.709961 0.111328 0.674805 1310682045.495598
0.639648 -0.027344 0.657227 1310682045.517590
0.567383 0.069336 0.708008 1310682045.566592
0.596680 0.035156 0.707031 1310682045.588625
0.572266 0.019531 0.619141 1310682045.633621
0.635742 0.023438 0.548828 1310682045.658582
0.585938 0.127930 0.573242 1310682045.681594
0.598633 0.070312 0.569336 1310682045.727592
0.615234 0.112305 0.529297 1310682045.743583
0.621094 0.083984 0.536133 1310682045.808638
0.587891 0.109375 0.545898 1310682045.835640
0.635742 0.092773 0.556641 1310682045.857591
0.630859 0.151367 0.534180 1310682045.880591
0.605469 0.082031 0.566406 1310682045.936575
0.644531 0.118164 0.549805 1310682045.937584
0.629883 0.118164 0.549805 1310682045.972589
0.648438 0.097656 0.543945 1310682046.017600
0.582031 0.120117 0.551758 1310682046.040644
0.634766 0.092773 0.519531 1310682046.085653
0.646484 0.105469 0.556641 1310682046.107557
0.641602 0.111328 0.569336 1310682046.131611
0.629883 0.111328 0.569336 1310682046.156583
0.625977 0.103516 0.541992 1310682046.198642
0.643555 0.066406 0.625000 1310682046.242603
0.622070 -0.025391 0.611328 1310682046.265607
0.758789 -0.041992 0.495117 1310682046.310605
0.857422 0.058594 0.467773 1310682046.332609
0.778320 -0.025391 0.512695 1310682046.357595
0.708984 -0.158203 0.497070 1310682046.406613
0.738281 -0.273438 0.562500 1310682046.432614
0.690430 -0.354492 0.612305 1310682046.458579
0.723633 -0.445312 0.441406 1310682046.513665
0.588867 -0.484375 0.231445 1310682046.515357
0.838867 -0.484375 0.231445 1310682046.557610
0.819336 -0.474609 0.089844 1310682046.582595
0.936523 -0.632812 0.055664 1310682046.632619
0.891602 -0.509766 0.126953 1310682046.654646
0.827148 -0.550781 0.069336 1310682046.676641
0.887695 -0.627930 0.064453 1310682046.719641
0.826172 -0.672852 0.111328 1310682046.763604
0.825195 -0.682617 0.192383 1310682046.786622
0.778320 -0.628906 0.191406 1310682046.828573
0.795898 -0.651367 0.034180 1310682046.851591
0.845703 -0.671875 -0.039062 1310682046.873651
0.842773 -0.529297 -0.039062 1310682046.897599
0.890625 -0.509766 -0.074219 1310682046.941634
0.874023 -0.498047 0.124023 1310682046.984572
0.740234 -0.519531 0.199219 1310682047.006659
0.713867 -0.648438 0.380859 1310682047.062639
0.667969 -0.446289 0.502930 1310682047.128660
0.590820 -0.323242 0.644531 1310682047.129652
0.590820 -0.323242 0.644531 1310682047.131605
0.721680 -0.073242 0.563477 1310682047.178631
0.650391 -0.234375 0.561523 1310682047.198663
0.685547 0.416016 0.484375 1310682047.241592
0.680664 0.216797 0.523438 1310682047.262676
0.680664 0.216797 0.523438 1310682047.283654
0.609375 0.124023 0.589844 1310682047.327672
0.632812 0.162109 0.518555 1310682047.372638
0.598633 0.025391 0.581055 1310682047.394649
0.621094 0.051758 0.579102 1310682047.418640
0.655273 0.098633 0.568359 1310682047.463671
0.575195 0.051758 0.593750 1310682047.507275
0.613281 0.069336 0.588867 1310682047.531636
0.600586 0.104492 0.574219 1310682047.552679
0.634766 0.105469 0.561523 1310682047.598671
0.615234 0.116211 0.575195 1310682047.619630
0.576172 0.083008 0.579102 1310682047.645640
0.580078 0.117188 0.556641 1310682047.692674
0.605469 0.067383 0.617188 1310682047.739634
0.585938 0.118164 0.543945 1310682047.762585
0.605469 0.095703 0.579102 1310682047.787634
0.625000 0.070312 0.598633 1310682047.817605
0.640625 0.094727 0.525391 1310682047.838630
0.594727 0.064453 0.605469 1310682047.886644
0.628906 0.098633 0.546875 1310682047.907645
0.613281 0.113281 0.551758 1310682047.951631
0.624023 0.074219 0.558594 1310682047.976671
0.611328 0.192383 0.526367 1310682047.998668
0.600586 0.192383 0.526367 1310682048.023648
0.600586 0.192383 0.526367 1310682048.068598
0.729492 0.040039 0.501953 1310682048.112643
0.677734 0.054688 0.662109 1310682048.139636
0.714844 0.000977 0.630859 1310682048.176684
0.640625 -0.035156 0.612305 1310682048.221641
0.575195 -0.035156 0.612305 1310682048.222595
0.644531 -0.293945 0.496094 1310682048.269646
0.759766 -0.364258 0.407227 1310682048.292656
0.753906 -0.305664 0.496094 1310682048.334661
0.748047 -0.478516 0.410156 1310682048.401684
0.788086 -0.430664 0.332031 1310682048.402651
0.885742 -0.404297 0.286133 1310682048.443628
0.791992 -0.509766 0.168945 1310682048.464659
0.811523 -0.640625 0.082031 1310682048.492608
0.840820 -0.464844 0.051758 1310682048.527619
0.803711 -0.715820 -0.078125 1310682048.548606
0.885742 -0.618164 -0.058594 1310682048.572692
0.855469 -0.722656 -0.102539 1310682048.614674
0.883789 -0.638672 -0.143555 1310682048.658628
0.855469 -0.701172 -0.239258 1310682048.681676
0.882812 -0.649414 -0.317383 1310682048.726691
0.931641 -0.656250 -0.433594 1310682048.748652
0.945312 -0.586914 -0.398438 1310682048.772695
0.847656 -0.501953 -0.281250 1310682048.824672
0.882812 -0.562500 -0.116211 1310682048.846617
0.997070 -0.588867 0.013672 1310682048.868615
0.891602 -0.455078 0.221680 1310682048.911664
0.959961 -0.417969 0.262695 1310682048.953685
0.820312 -0.484375 0.262695 1310682048.975701
0.874023 -0.575195 0.149414 1310682049.018679
0.744141 -0.430664 0.354492 1310682049.042616
0.678711 -0.287109 0.535156 1310682049.077629
0.658203 -0.382812 0.498047 1310682049.099673
0.850586 0.020508 0.497070 1310682049.124710
0.799805 0.049805 0.506836 1310682049.154676
0.702148 0.050781 0.568359 1310682049.198644
0.617188 -0.058594 0.568359 1310682049.222664
0.604492 -0.096680 0.670898 1310682049.269697
0.592773 0.038086 0.605469 1310682049.313709
0.560547 0.059570 0.703125 1310682049.338634
0.565430 0.058594 0.607422 1310682049.363707
0.612305 0.067383 0.573242 1310682049.387648
0.604492 0.075195 0.564453 1310682049.432705
0.604492 0.061523 0.552734 1310682049.453642
0.622070 0.064453 0.588867 1310682049.497673
0.613281 0.091797 0.595703 1310682049.519634
0.582031 0.025391 0.591797 1310682049.542708
0.604492 0.107422 0.591797 1310682049.586682
0.584961 0.093750 0.561523 1310682049.622668
0.613281 0.062500 0.546875 1310682049.692711
0.627930 0.097656 0.518555 1310682049.693711
0.612305 0.108398 0.567383 1310682049.713673
0.622070 0.118164 0.542969 1310682049.734711
0.600586 0.109375 0.593750 1310682049.779743
0.606445 0.109375 0.593750 1310682049.808690
0.569336 0.125977 0.562500 1310682049.851680
0.588867 0.119141 0.574219 1310682049.872717
0.594727 0.086914 0.557617 1310682049.894657
0.615234 0.145508 0.561523 1310682049.944706
0.630859 0.124023 0.552734 1310682049.968733
0.597656 0.156250 0.552734 1310682050.014718
0.607422 0.113281 0.541016 1310682050.047647
0.626953 0.075195 0.546875 1310682050.068719
0.611328 0.075195 0.546875 1310682050.113656
0.631836 0.098633 0.583984 1310682050.137667
0.641602 0.107422 0.530273 1310682050.161725
0.607422 0.072266 0.556641 1310682050.204693
0.663086 0.129883 0.531250 1310682050.226700
0.638672 0.086914 0.524414 1310682050.269715
0.609375 0.142578 0.524414 1310682050.291713
0.642578 0.115234 0.533203 1310682050.336734
