0.476562 0.223633 0.575195 1309563484.905161
0.512695 0.220703 0.596680 1309563484.947176
0.494141 0.178711 0.589844 1309563484.968186
0.514648 0.178711 0.600586 1309563485.013184
0.492188 0.205078 0.587891 1309563485.035149
0.533203 0.236328 0.596680 1309563485.080180
0.523438 0.216797 0.603516 1309563485.104163
0.509766 0.229492 0.547852 1309563485.147188
0.502930 0.239258 0.578125 1309563485.168181
0.534180 0.227539 0.580078 1309563485.190197
0.526367 0.224609 0.583008 1309563485.233183
0.498047 0.231445 0.572266 1309563485.257178
0.507812 0.275391 0.565430 1309563485.301179
0.514648 0.243164 0.580078 1309563485.320187
0.472656 0.205078 0.600586 1309563485.378199
0.513672 0.231445 0.541016 1309563485.387185
0.483398 0.267578 0.565430 1309563485.451197
0.493164 0.216797 0.555664 1309563485.452185
0.514648 0.221680 0.540039 1309563485.476165
0.502930 0.221680 0.540039 1309563485.521206
0.547852 0.212891 0.573242 1309563485.558171
0.479492 0.207031 0.587891 1309563485.605192
0.542969 0.167969 0.618164 1309563485.627206
0.514648 0.209961 0.606445 1309563485.648188
0.514648 0.209961 0.606445 1309563485.671204
0.500000 0.180664 0.588867 1309563485.715198
0.526367 0.174805 0.597656 1309563485.738219
0.502930 0.253906 0.585938 1309563485.770201
0.507812 0.241211 0.530273 1309563485.848202
0.532227 0.228516 0.561523 1309563485.850192
0.511719 0.223633 0.570312 1309563485.891196
0.508789 0.252930 0.589844 1309563485.912196
0.488281 0.265625 0.577148 1309563485.933178
0.503906 0.233398 0.600586 1309563485.979212
0.542969 0.274414 0.522461 1309563486.001197
0.546875 0.269531 0.552734 1309563486.031224
0.518555 0.202148 0.582031 1309563486.075207
0.539062 0.216797 0.585938 1309563486.140204
0.499023 0.207031 0.601562 1309563486.141198
0.525391 0.241211 0.591797 1309563486.193183
0.512695 0.257812 0.586914 1309563486.196210
0.500977 0.158203 0.623047 1309563486.220228
0.506836 0.191406 0.623047 1309563486.263207
0.518555 0.197266 0.554688 1309563486.348346
0.514648 0.183594 0.613281 1309563486.350212
0.512695 0.164062 0.574219 1309563486.408211
0.508789 0.171875 0.586914 1309563486.416200
0.513672 0.421875 0.586914 1309563486.431222
0.525391 0.315430 0.577148 1309563486.472210
0.436523 0.202148 0.606445 1309563486.506217
0.516602 0.125000 0.570312 1309563486.532209
0.547852 0.177734 0.550781 1309563486.571222
0.525391 0.255859 0.515625 1309563486.601212
0.488281 0.214844 0.515625 1309563486.603208
0.521484 0.163086 0.515625 1309563486.649221
0.502930 0.172852 0.603516 1309563486.693351
0.491211 0.156250 0.628906 1309563486.717224
0.475586 0.174805 0.621094 1309563486.761219
0.492188 0.191406 0.600586 1309563486.786231
0.496094 0.164062 0.596680 1309563486.818216
0.484375 0.161133 0.594727 1309563486.840236
0.517578 0.153320 0.606445 1309563486.875194
0.516602 0.147461 0.562500 1309563486.917229
0.500000 0.192383 0.600586 1309563486.962927
0.513672 0.184570 0.580078 1309563486.963250
0.494141 0.200195 0.580078 1309563487.008212
0.507812 0.162109 0.585938 1309563487.042199
0.526367 0.193359 0.619141 1309563487.136226
0.552734 0.173828 0.558594 1309563487.159209
0.492188 0.169922 0.570312 1309563487.160204
0.506836 0.202148 0.588867 1309563487.180224
0.553711 0.171875 0.583984 1309563487.202224
0.548828 0.230469 0.547852 1309563487.225225
0.515625 0.236328 0.607422 1309563487.268223
0.399414 0.295898 0.689453 1309563487.292235
0.566406 0.503906 0.491211 1309563487.337228
0.578125 0.321289 0.491211 1309563487.358222
0.527344 0.138672 0.537109 1309563487.385225
0.540039 0.169922 0.534180 1309563487.428232
0.492188 0.199219 0.572266 1309563487.498232
0.539062 0.191406 0.577148 1309563487.500201
0.483398 0.228516 0.573242 1309563487.521247
0.497070 0.228516 0.573242 1309563487.542224
0.513672 0.212891 0.575195 1309563487.590223
0.507812 0.201172 0.588867 1309563487.688238
0.510742 0.191406 0.561523 1309563487.708254
0.500977 0.190430 0.609375 1309563487.731233
0.500000 0.219727 0.559570 1309563487.732228
0.250000 0.219727 0.559570 1309563487.740236
0.495117 0.224609 0.559570 1309563487.774245
0.541016 0.221680 0.524414 1309563487.803219
0.472656 0.196289 0.649414 1309563487.851245
0.442383 0.329102 0.540039 1309563487.875206
0.574219 0.156250 0.551758 1309563487.898257
0.545898 0.076172 0.579102 1309563487.943237
0.550781 0.230469 0.555664 1309563487.968246
0.542969 0.250000 0.590820 1309563488.001256
0.499023 0.137695 0.612305 1309563488.045234
0.523438 0.217773 0.593750 1309563488.070243
0.491211 0.232422 0.594727 1309563488.145244
0.530273 0.246094 0.616211 1309563488.146238
0.523438 0.203125 0.560547 1309563488.168240
0.522461 0.216797 0.592773 1309563488.229253
0.491211 0.233398 0.587891 1309563488.251242
0.495117 0.194336 0.610352 1309563488.261231
0.555664 0.238281 0.592773 1309563488.297224
0.520508 0.217773 0.598633 1309563488.320264
0.550781 0.222656 0.579102 1309563488.426250
0.469727 0.184570 0.562500 1309563488.427241
0.524414 0.197266 0.577148 1309563488.447227
0.532227 0.164062 0.581055 1309563488.448221
0.535156 0.414062 0.581055 1309563488.472260
0.519531 0.146484 0.558594 1309563488.542267
0.563477 0.278320 0.528320 1309563488.543244
0.498047 0.253906 0.608398 1309563488.581248
0.505859 0.214844 0.561523 1309563488.606247
0.511719 0.300781 0.531250 1309563488.649252
0.496094 0.345703 0.501953 1309563488.671254
0.552734 0.251953 0.548828 1309563488.716253
0.531250 0.223633 0.548828 1309563488.738264
0.524414 0.201172 0.563477 1309563488.783273
0.513672 0.261719 0.564453 1309563488.807269
0.476562 0.277344 0.576172 1309563488.833250
0.476562 0.277344 0.576172 1309563488.876257
0.508789 0.192383 0.613281 1309563488.911257
0.529297 0.228516 0.542969 1309563488.934254
0.497070 0.240234 0.599609 1309563488.981259
0.531250 0.208008 0.583984 1309563489.002242
0.500977 0.227539 0.584961 1309563489.026271
0.551758 0.195312 0.539062 1309563489.077266
0.476562 0.379883 0.565430 1309563489.099238
0.513672 0.288086 0.569336 1309563489.123260
0.513672 0.213867 0.600586 1309563489.168257
0.491211 0.214844 0.605469 1309563489.191263
0.567383 0.225586 0.505859 1309563489.214267
0.528320 0.475586 0.505859 1309563489.257266
0.485352 0.236328 0.607422 1309563489.304246
0.461914 0.185547 0.639648 1309563489.326265
0.478516 0.218750 0.592773 1309563489.347262
0.474609 0.319336 0.555664 1309563489.391255
0.533203 0.291016 0.546875 1309563489.414266
0.512695 0.199219 0.591797 1309563489.467265
0.493164 0.238281 0.595703 1309563489.491261
0.522461 0.254883 0.562500 1309563489.513245
0.507812 0.213867 0.592773 1309563489.556267
0.477539 0.245117 0.563477 1309563489.581282
0.494141 0.245117 0.563477 1309563489.613275
0.531250 0.286133 0.537109 1309563489.708255
0.514648 0.262695 0.552734 1309563489.729272
0.478516 0.315430 0.539062 1309563489.751252
0.514648 0.229492 0.586914 1309563489.767254
0.546875 0.257812 0.573242 1309563489.769244
0.296875 0.257812 0.573242 1309563489.792269
0.547852 0.296875 0.514648 1309563489.837258
0.509766 0.171875 0.637695 1309563489.886235
0.538086 0.177734 0.579102 1309563489.908263
0.510742 0.312500 0.564453 1309563489.931275
0.495117 0.323242 0.548828 1309563490.001287
0.544922 0.264648 0.553711 1309563490.002265
0.503906 0.333008 0.541016 1309563490.026250
0.495117 0.350586 0.566406 1309563490.091254
0.542969 0.283203 0.533203 1309563490.092231
0.537109 0.224609 0.552734 1309563490.141431
0.522461 0.207031 0.578125 1309563490.173270
0.515625 0.250977 0.594727 1309563490.211282
0.533203 0.284180 0.539062 1309563490.233279
0.529297 0.193359 0.541992 1309563490.277301
0.505859 0.228516 0.581055 1309563490.299275
0.526367 0.253906 0.549805 1309563490.321269
0.475586 0.305664 0.558594 1309563490.343309
0.530273 0.255859 0.565430 1309563490.386261
0.518555 0.316406 0.528320 1309563490.409302
0.440430 0.394531 0.551758 1309563490.451288
0.520508 0.182617 0.565430 1309563490.501300
0.526367 0.198242 0.591797 1309563490.522266
0.448242 0.448242 0.591797 1309563490.543251
0.603516 0.144531 0.527344 1309563490.587250
0.466797 0.179688 0.583008 1309563490.609308
0.502930 0.203125 0.588867 1309563490.653288
0.501953 0.259766 0.597656 1309563490.672319
0.485352 0.234375 0.577148 1309563490.718289
0.529297 0.234375 0.577148 1309563490.740299
0.501953 0.271484 0.507812 1309563490.797266
0.524414 0.229492 0.551758 1309563490.818274
0.503906 0.250977 0.570312 1309563490.839282
0.557617 0.244141 0.571289 1309563490.863271
0.524414 0.218750 0.544922 1309563490.917308
0.524414 0.218750 0.544922 1309563490.921281
0.499023 0.269531 0.566406 1309563490.995258
0.515625 0.154297 0.574219 1309563491.012307
0.507812 0.232422 0.580078 1309563491.058251
0.546875 0.372070 0.537109 1309563491.059270
0.544922 0.243164 0.601562 1309563491.082287
0.563477 0.281250 0.568359 1309563491.129242
0.519531 0.192383 0.594727 1309563491.191248
0.470703 0.252930 0.569336 1309563491.193244
0.528320 0.267578 0.592773 1309563491.249253
0.524414 0.285156 0.596680 1309563491.251247
0.519531 0.292969 0.538086 1309563491.282271
0.524414 0.267578 0.539062 1309563491.322287
0.539062 0.308594 0.500977 1309563491.346303
0.493164 0.272461 0.544922 1309563491.389266
0.515625 0.253906 0.564453 1309563491.446299
0.492188 0.250977 0.581055 1309563491.468284
0.505859 0.236328 0.541016 1309563491.470263
0.556641 0.250000 0.563477 1309563491.518285
0.532227 0.173828 0.600586 1309563491.541284
0.503906 0.237305 0.564453 1309563491.586309
0.522461 0.256836 0.548828 1309563491.614318
0.546875 0.277344 0.540039 1309563491.664314
0.506836 0.277344 0.540039 1309563491.666304
0.539062 0.302734 0.560547 1309563491.722314
0.457031 0.294922 0.553711 1309563491.743309
0.537109 0.228516 0.577148 1309563491.767319
0.506836 0.295898 0.550781 1309563491.824324
0.563477 0.275391 0.540039 1309563491.826287
0.549805 0.275391 0.540039 1309563491.872287
0.511719 0.276367 0.592773 1309563491.916312
0.502930 0.185547 0.607422 1309563491.939331
0.483398 0.193359 0.577148 1309563491.969307
0.492188 0.253906 0.552734 1309563491.991309
0.511719 0.291016 0.580078 1309563492.034317
0.479492 0.257812 0.597656 1309563492.083327
0.482422 0.291016 0.541992 1309563492.097306
0.456055 0.244141 0.562500 1309563492.141358
0.516602 0.234375 0.560547 1309563492.164307
0.520508 0.261719 0.557617 1309563492.188319
0.541992 0.281250 0.564453 1309563492.211315
0.541992 0.281250 0.564453 1309563492.292327
0.461914 0.322266 0.576172 1309563492.313335
0.544922 0.249023 0.549805 1309563492.314322
0.567383 0.314453 0.526367 1309563492.361319
0.515625 0.208008 0.577148 1309563492.401324
0.541992 0.268555 0.523438 1309563492.402307
0.544922 0.306641 0.534180 1309563492.468343
0.547852 0.249023 0.565430 1309563492.491324
0.548828 0.246094 0.584961 1309563492.531332
0.516602 0.281250 0.530273 1309563492.553338
0.509766 0.213867 0.613281 1309563492.577333
0.524414 0.463867 0.613281 1309563492.604335
0.538086 0.273438 0.554688 1309563492.654349
0.491211 0.246094 0.576172 1309563492.676338
0.501953 0.222656 0.589844 1309563492.698331
0.501953 0.230469 0.574219 1309563492.741327
0.526367 0.248047 0.558594 1309563492.764333
0.436523 0.257812 0.575195 1309563492.792342
0.469727 0.237305 0.578125 1309563492.846313
0.499023 0.248047 0.592773 1309563492.871309
