0.514648 0.206055 0.595703 1309563264.268891
0.486328 0.173828 0.613281 1309563264.269885
0.534180 0.163086 0.617188 1309563264.289882
0.518555 0.156250 0.575195 1309563264.290880
0.523438 0.173828 0.604492 1309563264.415889
0.502930 0.141602 0.608398 1309563264.440863
0.493164 0.178711 0.605469 1309563264.484901
0.522461 0.171875 0.625977 1309563264.549896
0.490234 0.177734 0.625977 1309563264.551852
0.506836 0.190430 0.602539 1309563264.572885
0.506836 0.166992 0.603516 1309563264.573977
0.524414 0.148438 0.572266 1309563264.618903
0.509766 0.149414 0.583984 1309563264.705877
0.483398 0.181641 0.583984 1309563264.718897
0.500977 0.184570 0.599609 1309563264.764902
0.476562 0.170898 0.604492 1309563264.765864
0.485352 0.161133 0.593750 1309563264.807897
0.495117 0.185547 0.610352 1309563264.809897
0.491211 0.171875 0.611328 1309563264.830868
0.419922 0.196289 0.604492 1309563264.833887
0.511719 0.161133 0.595703 1309563264.874853
0.516602 0.175781 0.616211 1309563264.900894
0.506836 0.185547 0.574219 1309563264.958889
0.495117 0.180664 0.616211 1309563265.004915
0.502930 0.182617 0.593750 1309563265.025902
0.502930 0.182617 0.593750 1309563265.027903
0.511719 0.186523 0.575195 1309563265.069915
0.497070 0.187500 0.614258 1309563265.092909
0.515625 0.187500 0.594727 1309563265.113878
0.543945 0.174805 0.612305 1309563265.133906
0.524414 0.170898 0.603516 1309563265.154902
0.499023 0.179688 0.597656 1309563265.198897
0.489258 0.185547 0.585938 1309563265.242905
0.480469 0.136719 0.616211 1309563265.285924
0.537109 0.148438 0.628906 1309563265.288896
0.500977 0.152344 0.602539 1309563265.332910
0.508789 0.175781 0.607422 1309563265.353909
0.461914 0.166992 0.595703 1309563265.398909
0.505859 0.213867 0.599609 1309563265.422915
0.482422 0.203125 0.607422 1309563265.465912
0.494141 0.212891 0.603516 1309563265.507904
0.513672 0.178711 0.597656 1309563265.509123
0.494141 0.173828 0.623047 1309563265.550905
0.508789 0.171875 0.599609 1309563265.616893
0.506836 0.192383 0.576172 1309563265.704912
0.510742 0.179688 0.622070 1309563265.729906
0.488281 0.209961 0.631836 1309563265.730889
0.518555 0.148438 0.572266 1309563265.753918
0.515625 0.148438 0.572266 1309563265.773916
0.509766 0.140625 0.624023 1309563265.776912
0.519531 0.155273 0.629883 1309563265.817934
0.490234 0.167969 0.641602 1309563265.840893
0.497070 0.196289 0.609375 1309563265.883940
0.514648 0.194336 0.602539 1309563265.930934
0.518555 0.194336 0.602539 1309563265.932899
0.518555 0.139648 0.597656 1309563265.977923
0.548828 0.186523 0.548828 1309563265.999920
0.482422 0.183594 0.600586 1309563266.068924
0.522461 0.216797 0.603516 1309563266.069900
0.549805 0.236328 0.585938 1309563266.089918
0.536133 0.246094 0.552734 1309563266.158929
0.544922 0.254883 0.552734 1309563266.168919
0.510742 0.254883 0.561523 1309563266.189898
0.513672 0.309570 0.540039 1309563266.237925
0.452148 0.333984 0.509766 1309563266.257924
0.400391 0.317383 0.547852 1309563266.323928
0.576172 0.282227 0.534180 1309563266.345918
0.410156 0.354492 0.553711 1309563266.365940
0.490234 0.193359 0.573242 1309563266.388895
0.606445 0.295898 0.467773 1309563266.410929
0.410156 0.406250 0.541992 1309563266.478934
0.484375 0.269531 0.574219 1309563266.554926
0.544922 0.271484 0.574219 1309563266.600953
0.436523 0.376953 0.560547 1309563266.721042
0.483398 0.259766 0.549805 1309563266.748950
0.521484 0.199219 0.558594 1309563266.764932
0.466797 0.322266 0.575195 1309563266.784936
0.503906 0.273438 0.575195 1309563266.786931
0.518555 0.323242 0.533203 1309563266.834937
0.528320 0.290039 0.608398 1309563266.835932
0.507812 0.208984 0.558594 1309563266.988964
0.485352 0.288086 0.552734 1309563266.989939
0.512695 0.304688 0.575195 1309563267.009943
0.487305 0.317383 0.541016 1309563267.033949
0.480469 0.228516 0.623047 1309563267.077945
0.485352 0.262695 0.534180 1309563267.099944
0.519531 0.243164 0.566406 1309563267.147944
0.560547 0.237305 0.568359 1309563267.148937
0.515625 0.250000 0.567383 1309563267.168941
0.515625 0.250000 0.567383 1309563267.169940
0.491211 0.257812 0.568359 1309563267.207953
0.496094 0.210938 0.559570 1309563267.232949
0.505859 0.268555 0.524414 1309563267.252931
0.458008 0.339844 0.541016 1309563267.254947
0.482422 0.330078 0.542969 1309563267.274943
0.471680 0.330078 0.544922 1309563267.293927
0.490234 0.287109 0.573242 1309563267.294941
0.433594 0.366211 0.557617 1309563267.339953
0.491211 0.333008 0.544922 1309563267.349969
0.515625 0.277344 0.554688 1309563267.393949
0.517578 0.278320 0.554688 1309563267.417957
0.473633 0.304688 0.534180 1309563267.479951
0.481445 0.248047 0.566406 1309563267.502952
0.510742 0.270508 0.599609 1309563267.524949
0.456055 0.275391 0.542969 1309563267.548953
0.472656 0.306641 0.554688 1309563267.569955
0.445312 0.324219 0.566406 1309563267.634952
0.481445 0.238281 0.583984 1309563267.655952
0.520508 0.232422 0.551758 1309563267.678947
0.541992 0.173828 0.600586 1309563267.720955
0.541016 0.156250 0.604492 1309563267.744950
0.516602 0.199219 0.599609 1309563267.785955
0.497070 0.199219 0.599609 1309563267.787960
0.507812 0.158203 0.584961 1309563267.829954
0.517578 0.217773 0.547852 1309563267.875930
0.506836 0.197266 0.596680 1309563267.899958
0.514648 0.214844 0.593750 1309563267.923964
0.528320 0.201172 0.582031 1309563267.968925
0.499023 0.201172 0.582031 1309563267.988935
0.477539 0.177734 0.604492 1309563268.035947
0.507812 0.185547 0.611328 1309563268.057947
0.509766 0.191406 0.610352 1309563268.124972
0.498047 0.171875 0.611328 1309563268.145972
0.475586 0.141602 0.602539 1309563268.147959
0.504883 0.156250 0.602539 1309563268.188961
0.523438 0.175781 0.605469 1309563268.269964
0.506836 0.192383 0.644531 1309563268.272961
0.492188 0.111328 0.605469 1309563268.313970
0.494141 0.143555 0.590820 1309563268.317940
0.492188 0.140625 0.642578 1309563268.362966
0.742188 0.140625 0.642578 1309563268.384965
0.498047 0.146484 0.616211 1309563268.429969
0.486328 0.146484 0.612305 1309563268.475986
0.522461 0.138672 0.607422 1309563268.478927
0.517578 0.171875 0.616211 1309563268.524976
0.502930 0.150391 0.606445 1309563268.545971
0.493164 0.184570 0.592773 1309563268.589993
0.503906 0.174805 0.577148 1309563268.610950
0.538086 0.147461 0.612305 1309563268.633973
0.510742 0.190430 0.604492 1309563268.678978
0.517578 0.157227 0.607422 1309563268.717986
0.500977 0.164062 0.607422 1309563268.737972
0.509766 0.179688 0.605469 1309563268.809978
0.520508 0.194336 0.606445 1309563268.810969
0.538086 0.202148 0.578125 1309563268.830951
0.522461 0.239258 0.583984 1309563268.854980
0.500000 0.217773 0.564453 1309563268.900998
0.528320 0.228516 0.563477 1309563269.013983
0.481445 0.232422 0.624023 1309563269.035977
0.555664 0.224609 0.566406 1309563269.037975
0.489258 0.249023 0.560547 1309563269.075984
0.502930 0.280273 0.605469 1309563269.076977
0.564453 0.255859 0.580078 1309563269.099979
0.439453 0.255859 0.592773 1309563269.189984
0.437500 0.338867 0.592773 1309563269.191981
0.531250 0.377930 0.528320 1309563269.231992
0.490234 0.263672 0.576172 1309563269.233980
0.469727 0.284180 0.542969 1309563269.255982
0.533203 0.369141 0.478516 1309563269.301984
0.440430 0.259766 0.611328 1309563269.361988
0.445312 0.398438 0.504883 1309563269.363983
0.492188 0.316406 0.551758 1309563269.387006
0.476562 0.250000 0.568359 1309563269.617036
0.521484 0.333984 0.544922 1309563269.619995
0.460938 0.354492 0.525391 1309563269.620987
0.484375 0.286133 0.546875 1309563269.638988
0.493164 0.242188 0.566406 1309563269.640986
0.494141 0.341797 0.517578 1309563269.658992
0.536133 0.200195 0.583984 1309563269.661992
0.490234 0.211914 0.575195 1309563269.664989
0.487305 0.242188 0.558594 1309563269.681992
0.487305 0.242188 0.558594 1309563269.706014
0.523438 0.238281 0.583008 1309563269.746009
0.535156 0.240234 0.575195 1309563269.766992
0.490234 0.267578 0.592773 1309563269.813997
0.475586 0.250977 0.611328 1309563269.855972
0.575195 0.264648 0.611328 1309563269.878948
0.502930 0.262695 0.563477 1309563269.905008
0.498047 0.226562 0.563477 1309563269.927002
0.493164 0.289062 0.566406 1309563269.970982
0.496094 0.247070 0.520508 1309563270.008999
0.509766 0.194336 0.627930 1309563270.049996
0.511719 0.444336 0.627930 1309563270.051268
0.474609 0.308594 0.541016 1309563270.106989
0.556641 0.214844 0.557617 1309563270.130971
0.485352 0.274414 0.534180 1309563270.178989
0.499023 0.280273 0.544922 1309563270.269986
0.472656 0.236328 0.568359 1309563270.291011
0.490234 0.347656 0.555664 1309563270.312029
0.497070 0.279297 0.569336 1309563270.361037
0.455078 0.250000 0.633789 1309563270.380998
0.442383 0.414062 0.511719 1309563270.404979
0.506836 0.264648 0.578125 1309563270.405962
0.518555 0.170898 0.588867 1309563270.449007
0.494141 0.234375 0.580078 1309563270.515974
0.521484 0.232422 0.563477 1309563270.516974
0.525391 0.236328 0.573242 1309563270.559998
0.515625 0.229492 0.569336 1309563270.580989
0.543945 0.195312 0.587891 1309563270.581966
0.518555 0.181641 0.563477 1309563270.605003
0.515625 0.193359 0.577148 1309563270.627039
0.477539 0.207031 0.618164 1309563270.670996
0.523438 0.167969 0.641602 1309563270.735008
0.505859 0.221680 0.619141 1309563270.745010
0.518555 0.250000 0.552734 1309563270.767010
0.506836 0.213867 0.552734 1309563270.834029
0.535156 0.208984 0.572266 1309563270.890009
0.545898 0.201172 0.578125 1309563270.891004
0.537109 0.166992 0.630859 1309563270.911011
0.507812 0.162109 0.586914 1309563270.954014
0.525391 0.173828 0.602539 1309563270.955011
0.536133 0.164062 0.607422 1309563271.020026
0.474609 0.201172 0.588867 1309563271.021021
0.506836 0.151367 0.601562 1309563271.064994
0.531250 0.195312 0.612305 1309563271.116031
0.530273 0.184570 0.569336 1309563271.194017
0.529297 0.186523 0.605469 1309563271.215020
0.529297 0.186523 0.605469 1309563271.216022
0.503906 0.186523 0.598633 1309563271.260034
0.522461 0.189453 0.599609 1309563271.282020
0.537109 0.176758 0.614258 1309563271.284028
0.505859 0.194336 0.591797 1309563271.327023
0.514648 0.179688 0.604492 1309563271.371020
0.541992 0.180664 0.585938 1309563271.372018
0.498047 0.190430 0.579102 1309563271.416054
0.536133 0.198242 0.594727 1309563271.439025
0.518555 0.208008 0.599609 1309563271.486041
0.500977 0.182617 0.580078 1309563271.530031
0.507812 0.218750 0.576172 1309563271.551142
0.531250 0.208984 0.581055 1309563271.566051
0.550781 0.193359 0.541016 1309563271.605015
0.515625 0.201172 0.564453 1309563271.650045
0.497070 0.233398 0.590820 1309563271.664039
0.560547 0.180664 0.588867 1309563271.710007
0.559570 0.238281 0.554688 1309563271.754036
0.559570 0.238281 0.554688 1309563271.755027
0.503906 0.229492 0.607422 1309563271.797029
0.470703 0.275391 0.562500 1309563271.841009
0.509766 0.258789 0.591797 1309563271.863016
0.614258 0.236328 0.504883 1309563271.885083
0.379883 0.486328 0.504883 1309563271.929035
0.510742 0.284180 0.513672 1309563271.970042
0.662109 0.404297 0.402344 1309563272.014040
0.582031 0.322266 0.514648 1309563272.015029
0.603516 0.283203 0.542969 1309563272.161045
0.572266 0.324219 0.532227 1309563272.229057
0.527344 0.074219 0.532227 1309563272.254036
0.496094 0.254883 0.585938 1309563272.354045
0.499023 0.358398 0.547852 1309563272.381055
0.488281 0.305664 0.577148 1309563272.382042
0.483398 0.256836 0.565430 1309563272.405046
0.517578 0.304688 0.537109 1309563272.419049
0.506836 0.293945 0.569336 1309563272.585048
0.462891 0.358398 0.676758 1309563272.654027
0.442383 0.518555 0.473633 1309563272.672043
0.531250 0.210938 0.577148 1309563272.675051
0.561523 0.155273 0.576172 1309563272.699051
0.498047 0.186523 0.588867 1309563272.804054
0.491211 0.206055 0.587891 1309563272.805046
0.516602 0.316406 0.557617 1309563272.807028
0.497070 0.240234 0.565430 1309563272.824055
0.506836 0.199219 0.564453 1309563272.851057
0.525391 0.319336 0.551758 1309563272.874045
0.525391 0.256836 0.569336 1309563272.919064
0.501953 0.215820 0.546875 1309563272.920052
0.486328 0.308594 0.555664 1309563272.921052
0.410156 0.357422 0.556641 1309563272.937054
0.537109 0.270508 0.621094 1309563272.964065
0.466797 0.333984 0.485352 1309563272.965051
0.482422 0.292969 0.485352 1309563272.967049
0.497070 0.292969 0.485352 1309563273.009057
0.602539 0.240234 0.555664 1309563273.127058
0.569336 0.236328 0.578125 1309563273.149044
0.481445 0.333984 0.529297 1309563273.150062
0.497070 0.354492 0.498047 1309563273.236059
0.446289 0.244141 0.537109 1309563273.260050
0.526367 0.310547 0.564453 1309563273.280069
0.514648 0.278320 0.525391 1309563273.305063
0.505859 0.277344 0.584961 1309563273.326066
0.511719 0.292969 0.562500 1309563273.427071
0.482422 0.273438 0.565430 1309563273.429060
0.482422 0.273438 0.565430 1309563273.449081
0.575195 0.204102 0.565430 1309563273.472076
0.513672 0.240234 0.557617 1309563273.494069
0.478516 0.170898 0.565430 1309563273.537055
0.515625 0.176758 0.579102 1309563273.560047
0.520508 0.183594 0.584961 1309563273.581066
0.514648 0.183594 0.584961 1309563273.582064
0.496094 0.184570 0.613281 1309563273.625068
0.520508 0.243164 0.590820 1309563273.626065
0.509766 0.225586 0.587891 1309563273.647068
0.530273 0.191406 0.595703 1309563273.667073
0.498047 0.216797 0.601562 1309563273.689049
0.514648 0.175781 0.591797 1309563273.690066
0.507812 0.183594 0.611328 1309563273.755133
0.512695 0.153320 0.581055 1309563273.756060
0.526367 0.152344 0.605469 1309563273.801082
0.493164 0.164062 0.594727 1309563273.821079
0.501953 0.173828 0.577148 1309563273.824070
0.492188 0.178711 0.611328 1309563273.865084
0.499023 0.220703 0.585938 1309563273.890073
0.496094 0.160156 0.618164 1309563273.946062
0.498047 0.166016 0.584961 1309563273.969064
0.497070 0.137695 0.611328 1309563273.990082
0.510742 0.190430 0.607422 1309563273.991070
0.507812 0.177734 0.594727 1309563274.013095
0.471680 0.148438 0.616211 1309563274.060093
0.533203 0.167969 0.573242 1309563274.186096
0.474609 0.191406 0.596680 1309563274.187073
0.520508 0.170898 0.593750 1309563274.206087
0.509766 0.170898 0.593750 1309563274.207077
0.491211 0.150391 0.666016 1309563274.229076
0.512695 0.206055 0.644531 1309563274.279085
0.530273 0.206055 0.581055 1309563274.280074
0.516602 0.208984 0.584961 1309563274.301080
0.519531 0.208984 0.561523 1309563274.386082
0.484375 0.213867 0.562500 1309563274.407082
0.514648 0.199219 0.582031 1309563274.451086
0.536133 0.226562 0.571289 1309563274.454059
0.521484 0.258789 0.554688 1309563274.477091
0.541016 0.253906 0.549805 1309563274.500080
0.528320 0.175781 0.564453 1309563274.544079
0.500977 0.265625 0.548828 1309563274.565070
0.501953 0.273438 0.556641 1309563274.611092
0.466797 0.272461 0.601562 1309563274.647095
0.493164 0.337891 0.608398 1309563274.780093
0.542969 0.303711 0.551758 1309563274.781050
0.520508 0.280273 0.561523 1309563274.802094
0.411133 0.392578 0.514648 1309563274.824090
0.589844 0.289062 0.526367 1309563274.825060
0.544922 0.249023 0.557617 1309563274.887109
0.415039 0.333984 0.580078 1309563274.956079
0.535156 0.326172 0.555664 1309563274.957083
0.457031 0.251953 0.555664 1309563274.982093
0.517578 0.248047 0.555664 1309563275.007093
0.499023 0.383789 0.556641 1309563275.055111
0.504883 0.305664 0.562500 1309563275.199106
0.452148 0.249023 0.546875 1309563275.402111
0.481445 0.339844 0.539062 1309563275.447113
0.503906 0.296875 0.553711 1309563275.669105
0.523438 0.221680 0.543945 1309563275.737102
0.350586 0.367188 0.594727 1309563275.766112
0.530273 0.208984 0.562500 1309563275.786111
0.486328 0.265625 0.576172 1309563275.809114
0.563477 0.246094 0.511719 1309563275.829115
0.478516 0.309570 0.554688 1309563275.850104
0.531250 0.245117 0.569336 1309563275.851113
0.482422 0.267578 0.576172 1309563275.872084
0.528320 0.244141 0.572266 1309563275.874081
0.453125 0.257812 0.504883 1309563275.917112
0.491211 0.336914 0.552734 1309563275.918094
0.546875 0.343750 0.529297 1309563275.919102
0.607422 0.294922 0.524414 1309563275.995117
0.444336 0.291016 0.555664 1309563275.995130
0.414062 0.378906 0.586914 1309563275.995140
0.497070 0.218750 0.580078 1309563275.995151
0.544922 0.148438 0.582031 1309563275.995177
0.512695 0.246094 0.566406 1309563275.995188
0.490234 0.279297 0.608398 1309563275.995198
0.515625 0.201172 0.585938 1309563275.995209
0.490234 0.240234 0.607422 1309563275.995219
0.511719 0.250977 0.555664 1309563276.046119
0.505859 0.272461 0.526367 1309563276.067101
0.500977 0.230469 0.565430 1309563276.069102
0.502930 0.253906 0.557617 1309563276.070106
0.534180 0.191406 0.604492 1309563276.091130
0.515625 0.148438 0.608398 1309563276.155093
0.482422 0.221680 0.564453 1309563276.156077
0.489258 0.221680 0.564453 1309563276.176099
0.487305 0.208984 0.589844 1309563276.199107
0.523438 0.205078 0.589844 1309563276.242088
0.524414 0.172852 0.592773 1309563276.265082
0.500000 0.156250 0.622070 1309563276.266072
0.515625 0.193359 0.583008 1309563276.307101
0.523438 0.185547 0.583008 1309563276.309101
0.512695 0.158203 0.596680 1309563276.354132
0.482422 0.220703 0.559570 1309563276.375107
0.504883 0.210938 0.587891 1309563276.376102
0.523438 0.219727 0.586914 1309563276.377203
0.515625 0.191406 0.604492 1309563276.420087
0.508789 0.169922 0.637695 1309563276.441111
0.494141 0.149414 0.617188 1309563276.526121
0.510742 0.134766 0.608398 1309563276.527083
0.501953 0.067383 0.639648 1309563276.574125
0.508789 0.113281 0.644531 1309563276.575084
0.551758 0.127930 0.613281 1309563276.597123
0.514648 0.130859 0.625000 1309563276.707096
0.485352 0.162109 0.640625 1309563276.709090
0.513672 0.185547 0.578125 1309563276.750133
0.491211 0.156250 0.629883 1309563276.774098
0.508789 0.138672 0.625977 1309563276.782124
0.514648 0.156250 0.629883 1309563276.830140
0.502930 0.152344 0.617188 1309563276.850149
0.504883 0.097656 0.607422 1309563276.949132
0.514648 0.163086 0.602539 1309563276.951130
0.513672 0.174805 0.611328 1309563276.972135
0.500977 0.136719 0.587891 1309563276.992135
0.520508 0.155273 0.587891 1309563276.994131
0.553711 0.170898 0.608398 1309563277.126151
0.478516 0.169922 0.596680 1309563277.149139
0.484375 0.177734 0.637695 1309563277.167132
0.514648 0.177734 0.612305 1309563277.194142
0.510742 0.179688 0.573242 1309563277.270166
0.503906 0.183594 0.563477 1309563277.292133
0.495117 0.196289 0.600586 1309563277.312122
0.480469 0.192383 0.601562 1309563277.399145
0.503906 0.226562 0.583984 1309563277.442140
0.501953 0.182617 0.587891 1309563277.466152
0.513672 0.234375 0.539062 1309563277.467121
0.513672 0.234375 0.539062 1309563277.487156
0.502930 0.230469 0.548828 1309563277.531142
0.560547 0.196289 0.562500 1309563277.595150
0.515625 0.293945 0.538086 1309563277.596140
0.541016 0.248047 0.475586 1309563277.641150
0.562500 0.171875 0.585938 1309563277.662153
0.529297 0.371094 0.585938 1309563277.664140
0.511719 0.320312 0.510742 1309563277.774155
0.473633 0.276367 0.561523 1309563277.880127
0.441406 0.444336 0.554688 1309563277.995155
0.439453 0.302734 0.578125 1309563277.996147
0.541016 0.303711 0.526367 1309563278.009149
0.418945 0.425781 0.506836 1309563278.055151
0.477539 0.226562 0.569336 1309563278.100154
0.485352 0.349609 0.537109 1309563278.135157
0.503906 0.277344 0.550781 1309563278.139149
0.526367 0.321289 0.547852 1309563278.162159
0.491211 0.269531 0.564453 1309563278.185163
0.497070 0.318359 0.545898 1309563278.267162
0.402344 0.398438 0.604492 1309563278.296160
0.460938 0.306641 0.644531 1309563278.319159
0.456055 0.336914 0.541016 1309563278.371159
0.549805 0.257812 0.510742 1309563278.391147
0.508789 0.291016 0.510742 1309563278.414153
0.495117 0.242188 0.594727 1309563278.475169
0.519531 0.218750 0.584961 1309563278.510168
0.467773 0.327148 0.522461 1309563278.575203
0.500000 0.294922 0.555664 1309563278.576157
0.514648 0.285156 0.495117 1309563278.596149
0.482422 0.371094 0.745117 1309563278.598165
0.538086 0.230469 0.745117 1309563278.622163
0.461914 0.372070 0.482422 1309563278.707177
0.521484 0.302734 0.533203 1309563278.707189
0.480469 0.372070 0.531250 1309563278.729166
0.440430 0.378906 0.554688 1309563278.730162
0.480469 0.319336 0.519531 1309563278.751168
0.521484 0.368164 0.531250 1309563278.754163
0.476562 0.293945 0.545898 1309563278.774168
0.463867 0.322266 0.540039 1309563278.775165
0.477539 0.370117 0.562500 1309563278.777166
0.507812 0.322266 0.545898 1309563278.865172
0.482422 0.264648 0.591797 1309563278.891195
0.495117 0.291992 0.564453 1309563278.965185
0.479492 0.299805 0.549805 1309563278.989171
0.506836 0.255859 0.574219 1309563279.012184
0.488281 0.227539 0.567383 1309563279.055230
0.485352 0.326172 0.565430 1309563279.057178
0.735352 0.326172 0.565430 1309563279.079169
0.563477 0.183594 0.588867 1309563279.121174
0.566406 0.168945 0.601562 1309563279.144173
0.526367 0.205078 0.565430 1309563279.165176
0.501953 0.133789 0.568359 1309563279.187172
0.505859 0.154297 0.568359 1309563279.189179
0.525391 0.161133 0.585938 1309563279.255172
0.522461 0.212891 0.559570 1309563279.279190
0.510742 0.200195 0.579102 1309563279.299190
0.531250 0.144531 0.589844 1309563279.300168
0.545898 0.181641 0.582031 1309563279.320174
0.536133 0.216797 0.545898 1309563279.346184
0.542969 0.179688 0.565430 1309563279.366181
0.512695 0.197266 0.578125 1309563279.389148
0.540039 0.161133 0.586914 1309563279.431184
0.530273 0.173828 0.590820 1309563279.432177
0.466797 0.171875 0.604492 1309563279.470187
0.716797 0.171875 0.604492 1309563279.491191
0.488281 0.207031 0.604492 1309563279.494179
0.501953 0.173828 0.637695 1309563279.515182
0.548828 0.198242 0.586914 1309563279.541183
0.496094 0.179688 0.604492 1309563279.562180
0.530273 0.187500 0.586914 1309563279.585186
0.489258 0.181641 0.621094 1309563279.650159
0.517578 0.213867 0.571289 1309563279.670224
0.522461 0.207031 0.564453 1309563279.719210
0.491211 0.213867 0.592773 1309563279.865192
0.508789 0.207031 0.585938 1309563279.910207
0.498047 0.206055 0.603516 1309563279.951195
0.498047 0.206055 0.603516 1309563279.952195
0.524414 0.196289 0.582031 1309563279.975197
0.515625 0.181641 0.602539 1309563279.977192
0.531250 0.193359 0.587891 1309563280.021197
0.491211 0.199219 0.617188 1309563280.041193
0.537109 0.211914 0.602539 1309563280.042190
0.526367 0.195312 0.583008 1309563280.044169
0.493164 0.205078 0.600586 1309563280.087193
0.492188 0.184570 0.610352 1309563280.107194
0.509766 0.150391 0.596680 1309563280.130194
0.505859 0.184570 0.549805 1309563280.151201
0.500000 0.221680 0.549805 1309563280.175202
0.500000 0.222656 0.580078 1309563280.219209
0.485352 0.214844 0.583984 1309563280.239195
0.498047 0.225586 0.596680 1309563280.282198
0.494141 0.240234 0.550781 1309563280.326199
0.500000 0.219727 0.600586 1309563280.329195
0.541992 0.211914 0.600586 1309563280.375202
0.531250 0.181641 0.551758 1309563280.397197
