0.751953 0.241211 0.485352 1309547879.982621
0.815430 0.404297 0.441406 1309547880.002618
0.459961 0.333984 0.514648 1309547880.023614
0.413086 0.715820 0.218750 1309547880.067622
0.763672 0.208984 0.433594 1309547880.090636
0.698242 0.208984 0.433594 1309547880.114624
0.457031 -0.658203 0.827148 1309547880.159627
0.879883 0.351562 0.490234 1309547880.182664
0.674805 0.097656 0.345703 1309547880.227627
0.618164 0.210938 0.540039 1309547880.250625
0.648438 0.460938 0.540039 1309547880.272637
0.648438 0.460938 0.540039 1309547880.315628
0.661133 0.107422 0.562500 1309547880.342624
0.633789 0.152344 0.542969 1309547880.382628
0.632812 0.068359 0.531250 1309547880.433631
0.651367 0.096680 0.559570 1309547880.434626
0.616211 0.103516 0.559570 1309547880.494637
0.620117 0.082031 0.542969 1309547880.542631
0.605469 0.095703 0.545898 1309547880.562634
0.632812 0.112305 0.542969 1309547880.563634
0.602539 0.078125 0.569336 1309547880.599609
0.617188 0.136719 0.558594 1309547880.634632
0.617188 0.123047 0.549805 1309547880.679635
0.566406 0.062500 0.559570 1309547880.724641
0.608398 0.062500 0.599609 1309547880.742655
0.614258 0.145508 0.564453 1309547880.787643
0.549805 0.154297 0.569336 1309547880.789637
0.623047 0.029297 0.564453 1309547880.832642
0.629883 0.097656 0.575195 1309547880.868643
0.624023 0.065430 0.574219 1309547880.894638
0.596680 0.105469 0.541992 1309547880.939643
0.653320 0.162109 0.570312 1309547880.965632
0.572266 0.164062 0.532227 1309547880.987647
0.628906 0.137695 0.532227 1309547881.011645
0.654297 0.101562 0.565430 1309547881.073643
0.672852 0.136719 0.519531 1309547881.088643
0.674805 0.129883 0.521484 1309547881.127643
0.654297 0.083984 0.543945 1309547881.149647
0.643555 0.115234 0.526367 1309547881.193643
0.665039 0.106445 0.541016 1309547881.215640
0.654297 0.156250 0.525391 1309547881.259647
0.671875 0.175781 0.525391 1309547881.303652
0.648438 0.139648 0.525391 1309547881.325624
0.640625 0.107422 0.561523 1309547881.350652
0.602539 0.112305 0.518555 1309547881.374651
0.646484 0.035156 0.572266 1309547881.418648
0.635742 0.189453 0.489258 1309547881.440646
0.623047 0.144531 0.548828 1309547881.484651
0.647461 0.087891 0.551758 1309547881.509662
0.678711 0.123047 0.505859 1309547881.552653
0.635742 0.125977 0.518555 1309547881.575653
0.593750 0.125977 0.518555 1309547881.598652
0.640625 0.135742 0.490234 1309547881.640652
0.631836 0.172852 0.514648 1309547881.663649
0.627930 0.113281 0.539062 1309547881.707657
0.615234 0.150391 0.504883 1309547881.729655
0.635742 0.126953 0.545898 1309547881.758635
0.652344 0.128906 0.512695 1309547881.832689
0.643555 0.115234 0.516602 1309547881.833658
0.635742 0.078125 0.528320 1309547881.872664
0.683594 0.112305 0.541016 1309547881.892663
0.643555 0.128906 0.522461 1309547881.934656
0.656250 0.179688 0.500977 1309547881.956658
0.691406 0.148438 0.503906 1309547881.993658
0.625977 0.147461 0.530273 1309547882.039667
0.648438 0.111328 0.521484 1309547882.062655
0.675781 0.154297 0.508789 1309547882.105662
0.631836 0.113281 0.519531 1309547882.127649
0.640625 0.162109 0.531250 1309547882.153501
0.610352 0.193359 0.518555 1309547882.184658
0.658203 0.156250 0.525391 1309547882.228669
0.644531 0.161133 0.509766 1309547882.252671
0.659180 0.157227 0.495117 1309547882.274665
0.642578 0.108398 0.512695 1309547882.317673
0.645508 0.108398 0.512695 1309547882.338664
0.692383 0.129883 0.502930 1309547882.383670
0.666992 0.109375 0.499023 1309547882.404665
0.670898 0.125977 0.490234 1309547882.449671
0.648438 0.143555 0.535156 1309547882.472670
0.636719 0.173828 0.526367 1309547882.515657
0.636719 0.173828 0.526367 1309547882.538671
0.672852 0.129883 0.535156 1309547882.583670
0.643555 0.101562 0.530273 1309547882.605674
0.660156 0.128906 0.491211 1309547882.648808
0.671875 0.132812 0.515625 1309547882.673680
0.672852 0.140625 0.531250 1309547882.695669
0.653320 0.164062 0.536133 1309547882.739666
0.632812 0.111328 0.525391 1309547882.815680
0.640625 0.084961 0.540039 1309547882.835676
0.651367 0.143555 0.512695 1309547882.837668
0.625977 0.117188 0.502930 1309547882.867688
0.654297 0.146484 0.536133 1309547882.902655
0.667969 0.142578 0.484375 1309547882.925675
0.645508 0.113281 0.500000 1309547882.955696
0.646484 0.145508 0.542969 1309547882.998681
0.639648 0.175781 0.542969 1309547883.022680
0.659180 0.125000 0.506836 1309547883.118680
0.645508 0.119141 0.506836 1309547883.120658
0.663086 0.117188 0.522461 1309547883.164680
0.647461 0.082031 0.515625 1309547883.185671
0.633789 0.148438 0.520508 1309547883.187689
0.639648 0.125000 0.514648 1309547883.207682
0.638672 0.136719 0.528320 1309547883.249690
0.680664 0.105469 0.528320 1309547883.271692
0.668945 0.126953 0.531250 1309547883.314684
0.662109 0.130859 0.510742 1309547883.358689
0.658203 0.120117 0.528320 1309547883.380690
0.653320 0.124023 0.561523 1309547883.429696
0.677734 0.218750 0.509766 1309547883.449694
0.666016 0.144531 0.505859 1309547883.472689
0.685547 0.144531 0.505859 1309547883.493691
0.655273 0.110352 0.533203 1309547883.539686
0.663086 0.118164 0.505859 1309547883.582691
0.672852 0.138672 0.519531 1309547883.607704
0.669922 0.142578 0.519531 1309547883.650692
0.669922 0.142578 0.519531 1309547883.673693
0.652344 0.146484 0.559570 1309547883.692694
0.625977 0.150391 0.527344 1309547883.739690
0.666016 0.115234 0.529297 1309547883.765695
0.597656 0.120117 0.498047 1309547883.810683
0.646484 0.101562 0.539062 1309547883.832689
0.670898 0.148438 0.519531 1309547883.855695
0.633789 0.155273 0.506836 1309547883.892698
0.613281 0.164062 0.515625 1309547883.938705
0.642578 0.177734 0.520508 1309547883.968721
0.667969 0.178711 0.504883 1309547883.990697
0.666016 0.097656 0.506836 1309547884.013701
0.653320 0.125000 0.550781 1309547884.063698
0.621094 0.055664 0.569336 1309547884.095704
0.638672 0.086914 0.532227 1309547884.134706
0.626953 0.116211 0.522461 1309547884.158680
0.635742 0.164062 0.541992 1309547884.180708
0.647461 0.134766 0.563477 1309547884.205700
0.649414 0.134766 0.563477 1309547884.248703
0.642578 0.134766 0.514648 1309547884.290708
0.657227 0.151367 0.500977 1309547884.314703
0.621094 0.143555 0.548828 1309547884.337704
0.621094 0.122070 0.526367 1309547884.388705
0.605469 0.122070 0.526367 1309547884.414703
0.645508 0.119141 0.530273 1309547884.439708
0.624023 0.153320 0.557617 1309547884.483701
0.677734 0.174805 0.529297 1309547884.519710
0.635742 0.160156 0.522461 1309547884.542706
0.633789 0.073242 0.534180 1309547884.563705
0.639648 0.126953 0.534180 1309547884.587711
0.697266 0.163086 0.508789 1309547884.630718
0.661133 0.112305 0.509766 1309547884.675713
0.659180 0.126953 0.541016 1309547884.698712
0.669922 0.193359 0.538086 1309547884.746692
0.644531 0.139648 0.526367 1309547884.748702
0.683594 0.137695 0.547852 1309547884.795732
0.627930 0.131836 0.521484 1309547884.818714
0.653320 0.105469 0.536133 1309547884.885720
0.606445 0.117188 0.543945 1309547884.886679
0.642578 0.150391 0.500977 1309547884.930719
0.657227 0.129883 0.537109 1309547884.943712
0.666016 0.109375 0.515625 1309547885.003724
0.623047 0.126953 0.527344 1309547885.024717
0.639648 0.107422 0.527344 1309547885.048722
0.665039 0.102539 0.537109 1309547885.091721
0.657227 0.163086 0.529297 1309547885.120729
0.659180 0.141602 0.529297 1309547885.142723
0.666992 0.159180 0.521484 1309547885.189725
0.636719 0.120117 0.511719 1309547885.211717
0.663086 0.136719 0.522461 1309547885.255724
0.640625 0.125977 0.515625 1309547885.279726
0.633789 0.132812 0.532227 1309547885.302726
0.678711 0.109375 0.537109 1309547885.346706
0.649414 0.091797 0.549805 1309547885.381726
0.609375 0.062500 0.535156 1309547885.426705
0.647461 0.189453 0.483398 1309547885.449726
0.652344 0.173828 0.551758 1309547885.473731
0.622070 0.133789 0.518555 1309547885.494722
0.622070 0.133789 0.518555 1309547885.539730
0.650391 0.162109 0.523438 1309547885.581736
0.650391 0.138672 0.536133 1309547885.605733
0.622070 0.136719 0.521484 1309547885.696731
0.642578 0.156250 0.534180 1309547885.698729
0.617188 0.144531 0.541992 1309547885.740724
0.617188 0.144531 0.541992 1309547885.741724
0.617188 0.144531 0.541992 1309547885.764729
0.648438 0.123047 0.526367 1309547885.799738
0.673828 0.115234 0.522461 1309547885.851732
0.704102 0.169922 0.478516 1309547885.873500
0.663086 0.123047 0.536133 1309547885.875735
0.646484 0.144531 0.534180 1309547885.935733
0.648438 0.132812 0.534180 1309547885.956747
0.662109 0.134766 0.534180 1309547885.979712
0.672852 0.154297 0.522461 1309547886.011702
0.678711 0.140625 0.497070 1309547886.055715
0.634766 0.146484 0.508789 1309547886.078740
0.646484 0.091797 0.536133 1309547886.120736
0.666992 0.132812 0.569336 1309547886.164740
0.660156 0.102539 0.537109 1309547886.187741
0.635742 0.128906 0.534180 1309547886.209743
0.680664 0.170898 0.518555 1309547886.253747
0.690430 0.141602 0.518555 1309547886.281744
0.631836 0.107422 0.520508 1309547886.325718
0.639648 0.141602 0.520508 1309547886.355766
0.632812 0.129883 0.495117 1309547886.378745
0.638672 0.125977 0.516602 1309547886.418762
0.644531 0.193359 0.504883 1309547886.440749
0.670898 0.193359 0.504883 1309547886.454746
0.665039 0.137695 0.528320 1309547886.505748
0.662109 0.152344 0.508789 1309547886.528758
0.667969 0.134766 0.546875 1309547886.559753
0.666016 0.100586 0.525391 1309547886.606750
0.640625 0.091797 0.545898 1309547886.628753
0.614258 0.131836 0.545898 1309547886.673751
0.635742 0.149414 0.540039 1309547886.703761
0.636719 0.131836 0.548828 1309547886.724750
0.655273 0.155273 0.537109 1309547886.766751
0.654297 0.171875 0.522461 1309547886.814773
0.652344 0.094727 0.491211 1309547886.820749
0.652344 0.094727 0.491211 1309547886.843761
0.658203 0.113281 0.536133 1309547886.905752
0.631836 0.124023 0.520508 1309547887.001763
0.646484 0.169922 0.492188 1309547887.003757
0.638672 0.142578 0.500000 1309547887.039761
0.652344 0.166016 0.518555 1309547887.041757
0.657227 0.166016 0.518555 1309547887.043735
0.658203 0.136719 0.503906 1309547887.079766
0.635742 0.139648 0.504883 1309547887.121740
0.657227 0.140625 0.529297 1309547887.143761
0.663086 0.193359 0.483398 1309547887.190762
0.624023 0.203125 0.556641 1309547887.213754
0.649414 0.148438 0.485352 1309547887.231764
0.657227 0.162109 0.485352 1309547887.277744
0.662109 0.189453 0.514648 1309547887.309779
0.681641 0.199219 0.494141 1309547887.353791
0.672852 0.162109 0.497070 1309547887.374760
0.661133 0.134766 0.527344 1309547887.397765
0.621094 0.124023 0.550781 1309547887.460762
0.671875 0.160156 0.478516 1309547887.484766
0.666016 0.179688 0.489258 1309547887.505742
0.647461 0.175781 0.485352 1309547887.548771
0.659180 0.144531 0.487305 1309547887.569768
0.659180 0.144531 0.487305 1309547887.591767
0.647461 0.152344 0.488281 1309547887.636767
0.663086 0.167969 0.493164 1309547887.659767
0.689453 0.195312 0.502930 1309547887.724774
0.645508 0.167969 0.556641 1309547887.726766
0.690430 0.165039 0.481445 1309547887.768774
0.635742 0.191406 0.516602 1309547887.791762
0.624023 0.230469 0.488281 1309547887.828753
0.657227 0.167969 0.533203 1309547887.850773
0.661133 0.197266 0.504883 1309547887.895780
0.643555 0.192383 0.483398 1309547887.941770
0.650391 0.201172 0.481445 1309547887.943766
0.663086 0.167969 0.482422 1309547887.986753
0.673828 0.206055 0.500000 1309547888.030780
0.654297 0.196289 0.491211 1309547888.051772
0.650391 0.251953 0.472656 1309547888.074788
0.622070 0.311523 0.409180 1309547888.141782
0.603516 0.292969 0.452148 1309547888.143777
0.647461 0.285156 0.434570 1309547888.188771
