0.683594 0.195312 0.471680 1309550029.112432
0.671875 0.212891 0.473633 1309550029.137437
0.662109 0.177734 0.477539 1309550029.180429
0.686523 0.177734 0.568359 1309550029.202423
0.741211 0.177734 0.568359 1309550029.246426
0.690430 0.198242 0.457031 1309550029.286432
0.653320 0.206055 0.458984 1309550029.309430
0.663086 0.201172 0.487305 1309550029.351441
0.654297 0.162109 0.491211 1309550029.399444
0.666016 0.162109 0.491211 1309550029.440434
0.674805 0.210938 0.490234 1309550029.461423
0.640625 0.191406 0.468750 1309550029.481434
0.677734 0.201172 0.507812 1309550029.504433
0.667969 0.205078 0.467773 1309550029.525431
0.668945 0.175781 0.495117 1309550029.569434
0.668945 0.175781 0.495117 1309550029.591441
0.666016 0.182617 0.481445 1309550029.629440
0.702148 0.184570 0.532227 1309550029.673437
0.634766 0.223633 0.500977 1309550029.695436
0.644531 0.228516 0.471680 1309550029.717442
0.683594 0.169922 0.526367 1309550029.740445
0.483398 0.160156 0.500977 1309550029.784444
0.528320 0.458984 0.533203 1309550029.817438
0.741211 0.123047 0.461914 1309550029.860445
0.579102 0.155273 0.500000 1309550029.881442
0.606445 0.177734 0.527344 1309550029.925443
0.552734 0.153320 0.512695 1309550029.948463
0.606445 0.136719 0.557617 1309550029.985441
0.666016 0.144531 0.523438 1309550030.029451
0.647461 0.213867 0.526367 1309550030.051445
0.611328 0.138672 0.519531 1309550030.072447
0.581055 0.134766 0.521484 1309550030.119447
0.665039 0.171875 0.558594 1309550030.139446
0.659180 0.072266 0.560547 1309550030.162449
0.616211 0.163086 0.522461 1309550030.227462
0.555664 0.159180 0.557617 1309550030.230451
0.700195 0.125977 0.565430 1309550030.274449
0.640625 0.155273 0.531250 1309550030.296462
0.641602 0.148438 0.531250 1309550030.322454
0.632812 0.148438 0.531250 1309550030.365430
0.632812 0.148438 0.531250 1309550030.388453
0.625977 0.074219 0.538086 1309550030.442452
0.595703 0.079102 0.539062 1309550030.465453
0.614258 0.115234 0.565430 1309550030.510455
0.661133 0.146484 0.530273 1309550030.526455
0.661133 0.146484 0.530273 1309550030.547443
0.635742 0.101562 0.537109 1309550030.590458
0.639648 0.107422 0.521484 1309550030.632461
0.628906 0.093750 0.569336 1309550030.655458
0.650391 0.111328 0.511719 1309550030.721456
0.643555 0.132812 0.535156 1309550030.742455
0.622070 0.149414 0.546875 1309550030.765468
0.612305 0.101562 0.527344 1309550030.790462
0.672852 0.110352 0.507812 1309550030.812460
