0.488281 -0.161133 0.645508 1310512267.806511
0.506836 -0.161133 0.645508 1310512267.829535
0.506836 -0.161133 0.645508 1310512267.872518
0.520508 -0.177734 0.690430 1310512267.915490
0.514648 -0.166016 0.667969 1310512267.941489
0.514648 -0.166016 0.667969 1310512267.965497
0.501953 -0.141602 0.650391 1310512268.009454
0.493164 -0.153320 0.657227 1310512268.031438
0.513672 -0.172852 0.629883 1310512268.074502
0.511719 -0.154297 0.655273 1310512268.096441
0.531250 -0.162109 0.662109 1310512268.140607
0.516602 -0.174805 0.623047 1310512268.183469
0.500977 -0.155273 0.657227 1310512268.204578
0.496094 -0.205078 0.646484 1310512268.226475
0.550781 -0.169922 0.666992 1310512268.276525
0.505859 -0.121094 0.667969 1310512268.298506
0.531250 -0.177734 0.634766 1310512268.320536
0.526367 -0.184570 0.625000 1310512268.344475
0.513672 -0.140625 0.625000 1310512268.389492
0.481445 -0.183594 0.655273 1310512268.415533
0.482422 -0.272461 0.639648 1310512268.453441
0.541992 -0.103516 0.665039 1310512268.479470
0.489258 -0.126953 0.679688 1310512268.524524
0.464844 -0.294922 0.593750 1310512268.548460
0.534180 -0.054688 0.693359 1310512268.593503
0.499023 -0.088867 0.675781 1310512268.614519
0.537109 0.010742 0.653320 1310512268.639462
0.476562 -0.025391 0.653320 1310512268.673521
0.508789 -0.113281 0.657227 1310512268.701534
0.559570 -0.046875 0.666016 1310512268.748463
0.495117 -0.054688 0.624023 1310512268.770493
0.470703 -0.275391 0.632812 1310512268.815459
0.482422 -0.237305 0.685547 1310512268.836501
0.516602 -0.225586 0.631836 1310512268.879466
0.508789 -0.225586 0.631836 1310512268.915560
0.531250 -0.237305 0.615234 1310512268.978521
0.489258 -0.200195 0.663086 1310512268.979532
0.581055 -0.039062 0.668945 1310512269.001599
0.509766 -0.077148 0.677734 1310512269.045457
0.399414 -0.029297 0.770508 1310512269.066468
0.706055 -0.160156 0.564453 1310512269.089518
0.693359 -0.090820 0.528320 1310512269.123475
0.616211 -0.006836 0.494141 1310512269.155469
0.686523 -0.060547 0.551758 1310512269.188567
0.664062 0.000000 0.536133 1310512269.233452
0.626953 0.015625 0.553711 1310512269.255492
0.626953 0.015625 0.553711 1310512269.280554
0.738281 -0.121094 0.506836 1310512269.324520
0.738281 -0.145508 0.496094 1310512269.348467
0.686523 -0.058594 0.532227 1310512269.379560
0.722656 -0.076172 0.501953 1310512269.420470
0.731445 -0.037109 0.552734 1310512269.441483
0.806641 -0.093750 0.483398 1310512269.486576
0.797852 -0.162109 0.397461 1310512269.511544
0.844727 -0.165039 0.385742 1310512269.555514
0.795898 -0.201172 0.401367 1310512269.579560
0.802734 -0.187500 0.435547 1310512269.611516
0.803711 -0.187500 0.438477 1310512269.641477
0.814453 -0.175781 0.445312 1310512269.691509
0.990234 -0.250977 0.430664 1310512269.713516
1.072266 -0.262695 0.245117 1310512269.734524
1.051758 -0.267578 0.262695 1310512269.783514
0.915039 -0.254883 0.174805 1310512269.804493
0.860352 -0.238281 0.217773 1310512269.849477
0.907227 -0.299805 0.246094 1310512269.871513
0.766602 -0.213867 0.317383 1310512269.914524
0.674805 -0.117188 0.413086 1310512269.930486
-1.518555 1.652344 1.975586 1310512269.973494
1.976562 -1.163086 0.744141 1310512269.995519
0.226562 -1.163086 0.744141 1310512270.018567
1.516602 -0.342773 0.462891 1310512270.080483
1.225586 -0.395508 0.127930 1310512270.101497
1.219727 -0.391602 0.026367 1310512270.124487
1.118164 -0.478516 -0.083984 1310512270.168498
0.977539 -0.397461 -0.103516 1310512270.256500
1.038086 -0.361328 -0.039062 1310512270.258507
1.083984 -0.403320 0.090820 1310512270.279559
0.884766 -0.310547 0.156250 1310512270.299521
0.378906 -0.300781 0.081055 1310512270.320577
0.758789 -0.241211 0.306641 1310512270.345531
0.362305 -0.236328 0.206055 1310512270.376531
0.113281 0.048828 1.982422 1310512270.421491
1.187500 -0.254883 0.125000 1310512270.466504
0.654297 -0.659180 0.460938 1310512270.495485
0.857422 -0.828125 0.318359 1310512270.518544
0.669922 -0.259766 0.138672 1310512270.540553
0.782227 -0.240234 0.446289 1310512270.565501
0.826172 -0.425781 0.489258 1310512270.610578
0.761719 -0.675781 0.489258 1310512270.634553
0.779297 -0.500000 0.311523 1310512270.685520
1.000000 -0.412109 0.514648 1310512270.710574
1.054688 -0.177734 0.529297 1310512270.748528
0.828125 0.091797 0.690430 1310512270.769527
0.578125 0.091797 0.690430 1310512270.791573
-0.426758 -0.209961 0.329102 1310512270.834596
0.966797 -0.641602 0.517578 1310512270.884538
0.735352 0.287109 0.723633 1310512270.906520
0.426758 -0.691406 0.642578 1310512270.929511
0.667969 -0.441406 0.642578 1310512270.963547
0.831055 -0.356445 0.405273 1310512271.013550
0.689453 -0.175781 0.540039 1310512271.034505
0.613281 -0.394531 0.510742 1310512271.056499
0.575195 -0.294922 0.529297 1310512271.100583
0.561523 -0.296875 0.570312 1310512271.121512
1.003906 -0.590820 0.704102 1310512271.146659
