0.501953 0.044922 0.666016 1311114639.050965
0.564453 0.015625 0.664062 1311114639.093968
0.512695 -0.021484 0.642578 1311114639.115951
0.549805 -0.021484 0.642578 1311114639.138977
0.549805 -0.021484 0.642578 1311114639.181904
0.528320 0.037109 0.626953 1311114639.208910
0.503906 0.046875 0.654297 1311114639.251958
0.505859 0.043945 0.613281 1311114639.274969
0.518555 0.043945 0.613281 1311114639.298975
0.510742 0.023438 0.663086 1311114639.340973
0.494141 -0.009766 0.637695 1311114639.384968
0.508789 0.015625 0.650391 1311114639.409915
0.513672 0.010742 0.638672 1311114639.438966
0.495117 0.002930 0.652344 1311114639.461973
0.495117 -0.000977 0.693359 1311114639.507920
0.508789 -0.032227 0.673828 1311114639.553973
0.490234 -0.029297 0.695312 1311114639.575978
0.465820 -0.107422 0.661133 1311114639.596925
0.500000 -0.152344 0.672852 1311114639.639893
0.497070 -0.050781 0.688477 1311114639.661978
0.456055 -0.236328 0.638672 1311114639.699975
0.414062 -0.220703 0.679688 1311114639.723974
0.386719 -0.434570 0.651367 1311114639.774976
0.411133 -0.304688 0.693359 1311114639.796915
0.513672 -0.280273 0.675781 1311114639.819990
0.566406 -0.195312 0.583008 1311114639.863980
0.596680 -0.248047 0.557617 1311114639.906946
0.589844 -0.278320 0.576172 1311114639.928969
0.628906 -0.201172 0.668945 1311114639.950986
0.515625 -0.142578 0.659180 1311114639.994985
0.683594 0.717773 0.688477 1311114640.016978
0.438477 0.717773 0.688477 1311114640.068988
0.564453 0.224609 0.510742 1311114640.095977
1.119141 -1.070312 0.522461 1311114640.118991
0.827148 -1.356445 0.695312 1311114640.140990
0.710938 -0.760742 0.708008 1311114640.186924
0.629883 -0.649414 0.562500 1311114640.208937
0.690430 -0.131836 0.616211 1311114640.251987
0.387695 0.094727 0.787109 1311114640.274969
0.517578 -0.059570 0.724609 1311114640.318988
0.495117 -0.107422 0.667969 1311114640.340990
0.490234 -0.086914 0.693359 1311114640.366988
0.448242 -0.076172 0.666992 1311114640.403987
0.448242 -0.076172 0.666992 1311114640.425924
47.009766 47.248047 -2.000000 1311114640.447967
0.480469 -0.087891 0.678711 1311114640.508979
0.456055 -0.097656 0.684570 1311114640.529981
0.507812 -0.068359 0.668945 1311114640.575985
0.497070 -0.053711 0.664062 1311114640.596999
0.497070 -0.061523 0.664062 1311114640.621932
0.488281 -0.041992 0.672852 1311114640.669942
0.478516 -0.103516 0.663086 1311114640.708943
0.470703 -0.035156 0.674805 1311114640.730967
0.504883 -0.079102 0.685547 1311114640.764984
0.482422 -0.092773 0.648438 1311114640.786998
0.506836 -0.031250 0.657227 1311114640.830002
0.506836 -0.074219 0.666992 1311114640.874002
0.500977 -0.045898 0.631836 1311114640.894986
0.504883 -0.059570 0.652344 1311114640.940998
0.482422 -0.124023 0.672852 1311114640.965005
0.518555 -0.053711 0.672852 1311114640.988003
0.509766 -0.041016 0.664062 1311114641.014013
0.485352 -0.044922 0.675781 1311114641.059996
0.490234 -0.015625 0.686523 1311114641.082014
0.479492 -0.066406 0.699219 1311114641.124995
0.492188 -0.070312 0.677734 1311114641.150006
0.492188 -0.070312 0.677734 1311114641.169977
0.500000 -0.091797 0.648438 1311114641.216969
0.482422 -0.044922 0.672852 1311114641.248995
0.480469 -0.072266 0.687500 1311114641.272010
0.494141 -0.039062 0.692383 1311114641.340023
0.486328 -0.043945 0.659180 1311114641.378953
0.736328 -0.043945 0.659180 1311114641.379964
0.499023 -0.063477 0.663086 1311114641.400953
0.520508 -0.046875 0.667969 1311114641.437012
0.493164 -0.066406 0.663086 1311114641.462012
0.484375 -0.040039 0.666016 1311114641.506944
0.472656 -0.064453 0.662109 1311114641.528972
