0.516602 -0.109375 0.657227 1310511977.040790
0.519531 -0.132812 0.599609 1310511977.084787
0.510742 -0.096680 0.634766 1310511977.106864
0.505859 -0.113281 0.636719 1310511977.131818
0.508789 -0.097656 0.646484 1310511977.166814
0.503906 -0.090820 0.625977 1310511977.189792
0.513672 -0.099609 0.646484 1310511977.220799
0.497070 -0.104492 0.666992 1310511977.265833
0.517578 -0.089844 0.633789 1310511977.293822
0.499023 -0.101562 0.620117 1310511977.344842
0.532227 -0.080078 0.628906 1310511977.421826
0.528320 -0.088867 0.633789 1310511977.423789
0.501953 -0.096680 0.648438 1310511977.443875
0.547852 -0.041992 0.626953 1310511977.444863
0.522461 -0.018555 0.638672 1310511977.495791
0.500977 0.044922 0.659180 1310511977.523789
0.532227 0.089844 0.639648 1310511977.545840
0.534180 -0.024414 0.647461 1310511977.589846
0.512695 -0.022461 0.631836 1310511977.610812
0.557617 -0.042969 0.649414 1310511977.653890
0.558594 -0.095703 0.642578 1310511977.674791
0.593750 -0.006836 0.655273 1310511977.717844
0.479492 -0.062500 0.655273 1310511977.740878
0.494141 -0.163086 0.628906 1310511977.771854
0.616211 -0.072266 0.639648 1310511977.818816
0.569336 0.008789 0.604492 1310511977.840783
0.553711 -0.107422 0.594727 1310511977.861809
0.538086 0.049805 0.594727 1310511977.904794
0.549805 0.045898 0.589844 1310511977.936817
0.525391 -0.172852 0.615234 1310511977.980804
0.509766 -0.009766 0.633789 1310511978.001859
0.596680 -0.056641 0.622070 1310511978.024847
0.547852 -0.011719 0.621094 1310511978.068856
0.577148 -0.011719 0.621094 1310511978.089826
0.542969 0.009766 0.637695 1310511978.138874
0.592773 -0.024414 0.599609 1310511978.159842
0.513672 -0.035156 0.636719 1310511978.201894
0.547852 -0.029297 0.659180 1310511978.224822
0.555664 -0.044922 0.623047 1310511978.249860
0.525391 0.205078 0.623047 1310511978.293890
0.558594 -0.059570 0.631836 1310511978.318894
0.499023 0.009766 0.599609 1310511978.363896
0.580078 0.098633 0.564453 1310511978.384859
0.543945 0.134766 0.544922 1310511978.409854
0.505859 0.187500 0.568359 1310511978.451879
0.500000 0.148438 0.616211 1310511978.475890
0.534180 0.135742 0.597656 1310511978.521841
0.493164 0.064453 0.625977 1310511978.564889
0.651367 0.057617 0.565430 1310511978.585853
0.653320 0.124023 0.545898 1310511978.613899
0.663086 0.150391 0.675781 1310511978.639857
0.662109 -0.206055 0.715820 1310511978.681909
0.607422 -0.038086 0.679688 1310511978.719831
0.281250 0.135742 0.431641 1310511978.740898
0.521484 -0.005859 0.501953 1310511978.768869
0.654297 -0.001953 0.501953 1310511978.809905
0.842773 0.253906 0.584961 1310511978.830835
0.659180 0.253906 0.612305 1310511978.878894
0.542969 0.143555 0.611328 1310511978.900818
0.422852 0.138672 0.596680 1310511978.943832
0.418945 -0.185547 0.673828 1310511978.985908
0.682617 0.008789 0.546875 1310511979.006841
0.470703 -0.241211 0.546875 1310511979.029840
0.557617 -0.093750 0.674805 1310511979.073908
0.523438 -0.124023 0.660156 1310511979.098902
0.533203 -0.086914 0.625977 1310511979.121864
0.527344 -0.167969 0.657227 1310511979.165816
0.577148 -0.162109 0.635742 1310511979.190872
0.513672 -0.139648 0.675781 1310511979.220892
0.509766 -0.171875 0.665039 1310511979.251858
0.551758 -0.136719 0.687500 1310511979.295802
0.509766 -0.090820 0.675781 1310511979.319799
0.532227 -0.109375 0.658203 1310511979.364917
0.545898 -0.068359 0.646484 1310511979.386871
0.533203 -0.150391 0.606445 1310511979.411829
0.501953 -0.156250 0.637695 1310511979.450857
0.492188 -0.154297 0.663086 1310511979.488844
0.524414 -0.144531 0.644531 1310511979.511842
0.494141 -0.145508 0.643555 1310511979.555016
0.526367 -0.152344 0.657227 1310511979.579900
0.503906 -0.150391 0.616211 1310511979.601910
0.498047 -0.128906 0.643555 1310511979.660868
0.511719 -0.122070 0.625977 1310511979.683851
0.502930 -0.150391 0.643555 1310511979.730858
0.526367 -0.050781 0.665039 1310511979.738927
0.507812 -0.031250 0.674805 1310511979.764903
0.509766 -0.067383 0.656250 1310511979.825839
0.508789 -0.072266 0.646484 1310511979.849015
0.521484 -0.128906 0.657227 1310511979.871857
0.534180 -0.098633 0.650391 1310511979.921825
0.506836 -0.130859 0.639648 1310511979.955925
0.493164 -0.146484 0.669922 1310511980.020831
0.743164 -0.146484 0.669922 1310511980.023835
0.515625 -0.079102 0.649414 1310511980.037852
0.488281 -0.157227 0.663086 1310511980.076874
0.491211 -0.010742 0.714844 1310511980.098922
0.517578 -0.148438 0.661133 1310511980.120886
0.510742 -0.148438 0.661133 1310511980.144903
0.510742 -0.148438 0.661133 1310511980.189846
0.475586 -0.227539 0.630859 1310511980.219880
0.525391 -0.041016 0.694336 1310511980.260862
0.556641 -0.162109 0.694336 1310511980.284855
0.538086 -0.310547 0.562500 1310511980.339916
0.531250 0.189453 0.562500 1310511980.340841
0.508789 0.146484 0.641602 1310511980.385839
0.512695 -0.261719 0.646484 1310511980.428886
0.502930 -0.080078 0.656250 1310511980.454873
0.556641 0.014648 0.638672 1310511980.499940
0.541016 -0.043945 0.625977 1310511980.501839
0.572266 -0.041992 0.650391 1310511980.556834
0.530273 0.005859 0.642578 1310511980.578861
0.526367 -0.065430 0.646484 1310511980.603857
0.515625 -0.083008 0.659180 1310511980.651831
0.525391 -0.048828 0.606445 1310511980.674853
0.549805 0.035156 0.658203 1310511980.695877
0.557617 0.009766 0.613281 1310511980.738939
0.584961 0.168945 0.613281 1310511980.781844
0.555664 0.093750 0.602539 1310511980.802864
0.513672 0.134766 0.592773 1310511980.844860
0.562500 0.032227 0.624023 1310511980.866835
0.612305 0.070312 0.582031 1310511980.912144
0.585938 0.016602 0.655273 1310511980.935848
0.521484 0.059570 0.632812 1310511980.979846
0.470703 0.111328 0.559570 1310511981.000827
0.522461 0.045898 0.587891 1310511981.023893
0.541992 0.036133 0.626953 1310511981.069885
0.557617 0.035156 0.626953 1310511981.092888
0.475586 0.010742 0.628906 1310511981.136922
0.558594 -0.020508 0.625977 1310511981.158875
0.577148 -0.082031 0.625000 1310511981.203894
0.524414 -0.095703 0.615234 1310511981.221858
0.485352 0.053711 0.614258 1310511981.301865
0.669922 -0.228516 0.701172 1310511981.322859
0.546875 -0.132812 0.654297 1310511981.324856
0.525391 -0.075195 0.643555 1310511981.351882
0.520508 -0.183594 0.631836 1310511981.390874
0.565430 -0.172852 0.667969 1310511981.414885
0.447266 -0.164062 0.625000 1310511981.439852
0.485352 -0.187500 0.636719 1310511981.489864
0.517578 -0.197266 0.645508 1310511981.531908
0.500977 -0.025391 0.668945 1310511981.554870
0.556641 0.019531 0.666992 1310511981.576878
0.552734 -0.032227 0.652344 1310511981.600867
0.509766 -0.043945 0.642578 1310511981.634879
0.546875 0.050781 0.640625 1310511981.676886
0.504883 -0.017578 0.630859 1310511981.720875
0.539062 -0.057617 0.635742 1310511981.746874
0.554688 0.068359 0.652344 1310511981.769877
0.513672 0.013672 0.664062 1310511981.811921
0.503906 -0.111328 0.624023 1310511981.836877
0.528320 -0.063477 0.656250 1310511981.883846
0.543945 -0.037109 0.635742 1310511981.904915
0.510742 -0.050781 0.637695 1310511981.950909
0.516602 -0.044922 0.630859 1310511981.971876
0.558594 -0.027344 0.629883 1310511981.994881
0.529297 -0.054688 0.631836 1310511982.015893
0.525391 -0.074219 0.646484 1310511982.059888
0.531250 -0.038086 0.651367 1310511982.105880
0.480469 -0.020508 0.685547 1310511982.134886
0.537109 -0.042969 0.659180 1310511982.156915
0.503906 -0.093750 0.674805 1310511982.184882
0.522461 -0.093750 0.674805 1310511982.228899
0.591797 -0.244141 0.639648 1310511982.264876
0.502930 -0.162109 0.602539 1310511982.285888
0.531250 -0.098633 0.653320 1310511982.310909
0.537109 -0.181641 0.608398 1310511982.353897
0.544922 -0.154297 0.652344 1310511982.376892
0.567383 -0.160156 0.652344 1310511982.421888
0.497070 -0.106445 0.680664 1310511982.444889
0.573242 -0.051758 0.618164 1310511982.486904
0.448242 -0.142578 0.603516 1310511982.551908
0.614258 -0.164062 0.655273 1310511982.593892
0.428711 0.000000 0.644531 1310511982.594882
0.516602 -0.066406 0.677734 1310511982.614866
0.509766 -0.114258 0.638672 1310511982.636876
0.558594 -0.189453 0.640625 1310511982.681904
0.475586 -0.175781 0.670898 1310511982.703926
0.473633 -0.093750 0.667969 1310511982.746914
0.534180 -0.034180 0.659180 1310511982.768900
0.534180 -0.034180 0.659180 1310511982.790902
0.534180 -0.034180 0.659180 1310511982.833890
0.489258 -0.117188 0.631836 1310511982.876888
0.572266 -0.095703 0.625000 1310511982.900944
0.547852 -0.139648 0.679688 1310511982.924916
0.318359 -0.051758 0.929688 1310511982.950026
0.790039 -0.051758 0.929688 1310511982.993915
0.664062 0.041016 0.558594 1310511983.033872
0.674805 0.037109 0.370117 1310511983.055931
0.758789 0.067383 0.358398 1310511983.100917
0.731445 0.008789 0.413086 1310511983.123984
0.744141 0.004883 0.481445 1310511983.166913
0.647461 0.026367 0.731445 1310511983.189946
0.626953 -0.027344 0.587891 1310511983.233927
0.643555 -0.026367 0.552734 1310511983.255930
0.688477 -0.035156 0.596680 1310511983.276887
0.598633 -0.002930 0.621094 1310511983.319932
0.627930 0.015625 0.521484 1310511983.341904
0.707031 0.041016 0.477539 1310511983.386918
0.745117 0.053711 0.487305 1310511983.409921
0.707031 0.067383 0.493164 1310511983.454909
0.724609 0.048828 0.516602 1310511983.476938
0.679688 0.021484 0.493164 1310511983.520998
0.734375 0.035156 0.495117 1310511983.541973
0.717773 -0.007812 0.745117 1310511983.564996
0.690430 0.024414 0.500977 1310511983.630959
0.641602 0.033203 0.529297 1310511983.631992
0.624023 0.037109 0.541992 1310511983.673986
0.677734 0.014648 0.553711 1310511983.695959
0.696289 0.015625 0.537109 1310511983.738918
0.691406 0.018555 0.533203 1310511983.781924
0.692383 0.029297 0.521484 1310511983.805925
0.685547 0.010742 0.515625 1310511983.857960
0.701172 0.011719 0.524414 1310511983.884929
0.666016 0.039062 0.525391 1310511983.908022
0.703125 0.038086 0.524414 1310511983.929902
0.703125 0.038086 0.524414 1310511983.951952
0.701172 0.055664 0.482422 1310511984.001971
0.728516 0.015625 0.488281 1310511984.023925
0.643555 0.031250 0.515625 1310511984.065968
0.709961 0.015625 0.482422 1310511984.086965
0.602539 0.058594 0.521484 1310511984.130939
0.583984 0.034180 0.635742 1310511984.153966
0.300781 0.194336 0.745117 1310511984.211917
0.498047 -0.138672 0.713867 1310511984.213913
0.751953 -0.301758 0.581055 1310511984.251901
0.522461 -0.051758 0.581055 1310511984.273908
0.493164 -0.236328 0.616211 1310511984.319917
0.503906 -0.265625 0.643555 1310511984.343921
0.498047 -0.210938 0.638672 1310511984.373957
0.532227 -0.166016 0.599609 1310511984.425935
0.574219 -0.099609 0.644531 1310511984.448937
0.537109 -0.145508 0.644531 1310511984.470931
0.520508 -0.155273 0.671875 1310511984.515933
0.487305 -0.103516 0.649414 1310511984.538919
0.498047 -0.193359 0.630859 1310511984.581934
0.489258 -0.129883 0.682617 1310511984.625971
0.495117 -0.129883 0.668945 1310511984.626907
0.541992 -0.110352 0.639648 1310511984.671984
0.541992 -0.110352 0.639648 1310511984.698933
0.521484 -0.160156 0.648438 1310511984.741928
0.545898 -0.175781 0.652344 1310511984.789016
0.537109 -0.115234 0.667969 1310511984.799023
0.512695 -0.167969 0.660156 1310511984.842016
0.495117 -0.162109 0.668945 1310511984.870985
0.499023 -0.134766 0.646484 1310511984.891940
0.495117 -0.161133 0.667969 1310511984.936967
0.506836 -0.112305 0.635742 1310511984.960983
0.499023 -0.110352 0.678711 1310511984.984962
0.540039 -0.184570 0.678711 1310511985.014019
0.525391 -0.111328 0.635742 1310511985.077943
0.561523 -0.076172 0.619141 1310511985.100956
0.594727 -0.132812 0.596680 1310511985.166933
0.545898 -0.110352 0.616211 1310511985.168970
0.540039 -0.146484 0.654297 1310511985.188958
0.496094 -0.093750 0.654297 1310511985.229989
0.532227 -0.107422 0.627930 1310511985.257955
0.569336 -0.085938 0.656250 1310511985.304956
0.545898 -0.127930 0.639648 1310511985.326976
0.548828 -0.085938 0.660156 1310511985.349961
0.529297 -0.076172 0.677734 1310511985.381950
0.467773 -0.113281 0.620117 1310511985.405966
0.523438 -0.049805 0.650391 1310511985.450035
0.548828 -0.024414 0.639648 1310511985.492953
0.448242 -0.090820 0.666016 1310511985.516034
0.514648 -0.140625 0.609375 1310511985.538031
0.489258 -0.191406 0.677734 1310511985.561981
0.551758 0.043945 0.673828 1310511985.602941
0.479492 -0.248047 0.661133 1310511985.646985
0.502930 -0.157227 0.658203 1310511985.668041
0.520508 -0.113281 0.635742 1310511985.711998
0.549805 -0.042969 0.642578 1310511985.735035
0.501953 -0.179688 0.666992 1310511985.779948
0.532227 -0.187500 0.652344 1310511985.800921
0.497070 -0.185547 0.621094 1310511985.844948
0.510742 -0.173828 0.678711 1310511985.865970
0.531250 -0.230469 0.635742 1310511985.890042
0.512695 -0.207031 0.645508 1310511985.933038
0.521484 -0.224609 0.649414 1310511985.956045
0.462891 -0.153320 0.679688 1310511986.000044
0.360352 0.076172 0.604492 1310511986.021969
0.507812 -0.131836 0.704102 1310511986.059969
0.757812 -0.036133 0.605469 1310511986.103042
0.791992 -0.105469 0.543945 1310511986.128048
0.522461 -0.000977 0.671875 1310511986.151010
0.632812 0.067383 0.574219 1310511986.192997
0.770508 -0.029297 0.463867 1310511986.236038
0.751953 -0.038086 0.467773 1310511986.256976
0.706055 -0.034180 0.495117 1310511986.279962
0.681641 -0.070312 0.569336 1310511986.323049
0.666016 -0.086914 0.597656 1310511986.345977
0.658203 -0.049805 0.528320 1310511986.369166
0.715820 -0.089844 0.540039 1310511986.458043
0.745117 -0.071289 0.528320 1310511986.460041
0.901367 -0.114258 0.596680 1310511986.481005
0.683594 -0.040039 0.391602 1310511986.503018
0.761719 -0.107422 0.391602 1310511986.524968
0.807617 -0.001953 0.346680 1310511986.591000
0.582031 -0.111328 0.219727 1310511986.612049
0.760742 0.109375 1.251953 1310511986.633028
-0.056641 -0.102539 0.868164 1310511986.678059
0.439453 0.045898 0.900391 1310511986.701049
0.541016 0.005859 0.495117 1310511986.722983
0.896484 0.005859 0.495117 1310511986.768972
0.097656 -0.071289 0.766602 1310511986.798012
0.682617 0.026367 0.670898 1310511986.840007
0.617188 -0.180664 0.650391 1310511986.861043
0.509766 -0.184570 0.656250 1310511986.884964
0.514648 -0.184570 0.656250 1310511986.918994
0.494141 -0.158203 0.644531 1310511986.963064
0.519531 -0.156250 0.657227 1310511986.987005
0.505859 -0.101562 0.644531 1310511987.029997
0.477539 -0.119141 0.649414 1310511987.051991
0.519531 -0.104492 0.649414 1310511987.079984
0.496094 -0.100586 0.652344 1310511987.122997
0.545898 -0.046875 0.626953 1310511987.150051
0.562500 -0.110352 0.667969 1310511987.191993
0.500000 -0.242188 0.643555 1310511987.215007
0.530273 -0.056641 0.653320 1310511987.258007
0.546875 -0.058594 0.653320 1310511987.280012
0.489258 -0.177734 0.677734 1310511987.329991
0.505859 -0.114258 0.677734 1310511987.351001
0.504883 -0.196289 0.645508 1310511987.373065
0.546875 -0.145508 0.643555 1310511987.417004
0.506836 0.033203 0.698242 1310511987.441028
0.506836 0.033203 0.698242 1310511987.462982
0.513672 -0.184570 0.611328 1310511987.507061
0.492188 -0.146484 0.611328 1310511987.530024
0.552734 -0.154297 0.640625 1310511987.572083
0.493164 -0.107422 0.666992 1310511987.617067
0.557617 -0.082031 0.668945 1310511987.639989
0.557617 -0.082031 0.668945 1310511987.660076
0.530273 -0.130859 0.650391 1310511987.748983
0.506836 -0.132812 0.631836 1310511987.749989
0.504883 -0.111328 0.665039 1310511987.770036
0.531250 -0.167969 0.588867 1310511987.791066
0.489258 -0.132812 0.672852 1310511987.835015
0.515625 -0.113281 0.625977 1310511987.857079
0.481445 -0.197266 0.644531 1310511987.899998
0.490234 -0.183594 0.647461 1310511987.922224
0.598633 -0.042969 0.673828 1310511987.966020
0.519531 0.013672 0.695312 1310511987.988000
0.499023 -0.311523 0.604492 1310511988.011063
0.528320 0.021484 0.604492 1310511988.055039
0.528320 0.021484 0.604492 1310511988.098080
0.502930 -0.220703 0.615234 1310511988.115073
0.541992 -0.194336 0.636719 1310511988.157078
0.547852 -0.149414 0.641602 1310511988.178080
0.524414 -0.141602 0.659180 1310511988.202098
0.541016 -0.080078 0.644531 1310511988.255034
0.497070 -0.093750 0.663086 1310511988.276037
0.522461 -0.197266 0.666016 1310511988.322096
0.490234 -0.236328 0.642578 1310511988.345030
0.499023 -0.125977 0.627930 1310511988.387992
0.489258 -0.035156 0.671875 1310511988.412024
0.480469 0.054688 0.720703 1310511988.437026
0.543945 0.047852 0.684570 1310511988.481999
0.858398 -0.068359 0.489258 1310511988.503011
0.723633 -0.150391 0.500000 1310511988.546030
0.678711 -0.030273 0.526367 1310511988.566094
0.716797 0.109375 0.276367 1310511988.613016
0.696289 0.081055 0.545898 1310511988.635089
0.696289 0.081055 0.545898 1310511988.657047
0.668945 -0.070312 0.556641 1310511988.701093
0.632812 -0.128906 0.529297 1310511988.725104
0.656250 -0.136719 0.519531 1310511988.777075
0.713867 -0.062500 0.526367 1310511988.798031
0.755859 -0.013672 0.489258 1310511988.825016
0.728516 0.009766 0.492188 1310511988.870475
0.730469 0.010742 0.508789 1310511988.892027
0.738281 0.023438 0.504883 1310511988.915101
0.702148 -0.038086 0.503906 1310511988.959070
0.727539 -0.026367 0.488281 1310511989.002071
0.712891 -0.068359 0.489258 1310511989.041101
0.717773 -0.063477 0.502930 1310511989.062101
0.658203 -0.080078 0.497070 1310511989.083093
0.667969 -0.029297 0.523438 1310511989.127021
0.679688 -0.043945 0.523438 1310511989.149033
0.599609 -0.002930 0.588867 1310511989.193059
0.582031 0.005859 0.591797 1310511989.217070
0.461914 0.140625 0.917969 1310511989.260103
0.517578 -0.249023 0.504883 1310511989.282106
0.437500 -0.143555 0.625000 1310511989.325038
0.545898 -0.125977 0.677734 1310511989.348155
0.502930 -0.203125 0.621094 1310511989.378036
0.497070 -0.128906 0.620117 1310511989.402068
0.519531 -0.099609 0.658203 1310511989.435047
0.547852 -0.147461 0.623047 1310511989.478107
0.553711 -0.130859 0.637695 1310511989.500102
0.553711 -0.130859 0.637695 1310511989.545073
0.503906 -0.165039 0.635742 1310511989.568028
0.500977 -0.126953 0.641602 1310511989.612047
0.509766 -0.146484 0.643555 1310511989.633036
0.520508 -0.126953 0.630859 1310511989.658058
0.500977 -0.104492 0.662109 1310511989.708152
0.546875 -0.126953 0.635742 1310511989.731031
0.510742 -0.062500 0.674805 1310511989.775107
0.509766 -0.156250 0.666992 1310511989.796117
0.518555 -0.116211 0.635742 1310511989.838086
0.507812 -0.191406 0.621094 1310511989.860055
0.552734 -0.154297 0.650391 1310511989.908109
0.492188 -0.179688 0.669922 1310511989.931077
0.518555 -0.181641 0.656250 1310511989.967113
0.505859 -0.180664 0.681641 1310511989.991064
0.507812 -0.154297 0.666016 1310511990.016059
0.508789 -0.144531 0.643555 1310511990.062051
0.533203 -0.183594 0.621094 1310511990.074042
0.522461 -0.119141 0.641602 1310511990.118040
0.522461 -0.119141 0.641602 1310511990.155042
0.499023 -0.120117 0.648438 1310511990.198064
0.541992 -0.138672 0.646484 1310511990.220080
0.502930 -0.125000 0.632812 1310511990.242117
0.512695 -0.107422 0.624023 1310511990.277104
0.539062 -0.121094 0.653320 1310511990.326048
0.509766 -0.137695 0.656250 1310511990.345048
0.502930 -0.124023 0.639648 1310511990.378212
0.512695 -0.128906 0.602539 1310511990.403090
0.512695 -0.150391 0.656250 1310511990.438067
0.526367 -0.150391 0.656250 1310511990.460077
0.515625 -0.150391 0.656250 1310511990.504046
0.519531 -0.145508 0.626953 1310511990.548053
0.502930 -0.125000 0.659180 1310511990.572058
