0.426758 -0.006836 0.670898 1309542493.472786
0.388672 -0.013672 0.697266 1309542493.494785
0.403320 -0.004883 0.708008 1309542493.537856
0.422852 0.035156 0.697266 1309542493.561821
0.399414 0.018555 0.679688 1309542493.598838
0.394531 -0.058594 0.720703 1309542493.643844
0.386719 0.019531 0.652344 1309542493.666843
0.401367 0.017578 0.689453 1309542493.688842
0.423828 0.002930 0.693359 1309542493.733790
0.412109 -0.012695 0.713867 1309542493.756835
0.386719 0.014648 0.698242 1309542493.799794
0.409180 0.025391 0.666016 1309542493.819791
0.426758 0.006836 0.674805 1309542493.863841
0.396484 -0.039062 0.700195 1309542493.896792
0.379883 -0.006836 0.678711 1309542493.918792
0.420898 0.021484 0.732422 1309542493.969869
0.447266 0.087891 0.641602 1309542494.007848
0.437500 -0.033203 0.704102 1309542494.029846
0.427734 0.015625 0.718750 1309542494.051849
0.433594 0.037109 0.698242 1309542494.072850
0.417969 0.059570 0.675781 1309542494.101852
0.399414 0.005859 0.684570 1309542494.137848
0.390625 -0.009766 0.680664 1309542494.165857
0.403320 0.037109 0.680664 1309542494.209856
0.450195 0.070312 0.688477 1309542494.253852
0.416016 0.067383 0.697266 1309542494.276873
0.416992 0.078125 0.662109 1309542494.318854
0.456055 0.064453 0.692383 1309542494.339853
0.418945 0.093750 0.660156 1309542494.361819
0.420898 0.041992 0.675781 1309542494.406800
0.394531 0.034180 0.689453 1309542494.428842
0.431641 -0.001953 0.701172 1309542494.472804
0.426758 0.039062 0.692383 1309542494.494802
0.417969 0.038086 0.685547 1309542494.538863
0.417969 0.038086 0.685547 1309542494.561837
0.003906 -0.060547 0.932617 1309542494.606860
0.675781 -0.075195 0.716797 1309542494.628861
0.547852 0.017578 0.583984 1309542494.651862
0.563477 0.148438 0.538086 1309542494.696810
0.634766 0.293945 0.434570 1309542494.717824
0.659180 0.303711 0.425781 1309542494.763815
0.692383 0.222656 0.476562 1309542494.786813
0.630859 0.218750 0.540039 1309542494.831843
0.626953 0.170898 0.586914 1309542494.854811
0.652344 0.109375 0.529297 1309542494.877810
0.670898 0.205078 0.446289 1309542494.900857
0.714844 0.235352 0.464844 1309542494.944869
0.674805 0.240234 0.434570 1309542494.987867
0.705078 0.222656 0.456055 1309542495.009872
0.698242 0.208984 0.461914 1309542495.053869
0.681641 0.217773 0.499023 1309542495.077868
0.694336 0.176758 0.467773 1309542495.099867
0.709961 0.186523 0.437500 1309542495.144874
0.713867 0.199219 0.421875 1309542495.166871
0.709961 0.201172 0.414062 1309542495.208874
0.717773 0.205078 0.442383 1309542495.242872
0.680664 0.236328 0.425781 1309542495.302870
0.718750 0.236328 0.425781 1309542495.303876
0.713867 0.230469 0.424805 1309542495.327829
0.723633 0.181641 0.413086 1309542495.369820
0.687500 0.196289 0.410156 1309542495.392851
0.709961 0.205078 0.383789 1309542495.436824
0.676758 0.194336 0.431641 1309542495.458821
0.680664 0.138672 0.431641 1309542495.486873
0.646484 0.185547 0.487305 1309542495.537882
0.553711 0.183594 0.494141 1309542495.569877
0.597656 0.221680 0.564453 1309542495.591880
0.461914 0.178711 0.594727 1309542495.616854
0.491211 0.245117 0.625977 1309542495.659826
0.662109 0.246094 0.555664 1309542495.683858
-0.148438 -0.075195 1.034180 1309542495.732829
0.809570 0.218750 0.604492 1309542495.753828
0.491211 0.141602 0.686523 1309542495.797854
0.432617 0.019531 0.694336 1309542495.818829
0.405273 0.041016 0.676758 1309542495.841840
0.436523 0.017578 0.666016 1309542495.886873
0.419922 0.077148 0.659180 1309542495.909885
0.407227 0.007812 0.690430 1309542495.954888
0.419922 0.044922 0.690430 1309542495.979887
0.395508 0.027344 0.661133 1309542496.004889
0.423828 -0.032227 0.691406 1309542496.029888
0.413086 -0.029297 0.700195 1309542496.087892
0.378906 0.014648 0.721680 1309542496.108886
0.404297 0.029297 0.665039 1309542496.151890
0.387695 0.013672 0.702148 1309542496.172892
0.428711 0.029297 0.682617 1309542496.194890
0.369141 0.021484 0.717773 1309542496.237890
0.390625 -0.041016 0.663086 1309542496.282896
0.389648 0.035156 0.705078 1309542496.304863
0.416016 0.041016 0.679688 1309542496.327844
0.371094 0.003906 0.715820 1309542496.373899
0.394531 0.037109 0.705078 1309542496.398853
0.426758 0.037109 0.705078 1309542496.422848
0.415039 -0.019531 0.670898 1309542496.467894
0.411133 -0.007812 0.678711 1309542496.491899
0.403320 -0.026367 0.710938 1309542496.578899
0.386719 -0.001953 0.709961 1309542496.599899
0.399414 0.035156 0.701172 1309542496.601897
0.399414 0.035156 0.701172 1309542496.616422
0.385742 -0.011719 0.694336 1309542496.662843
0.380859 0.019531 0.671875 1309542496.684880
0.414062 0.008789 0.664062 1309542496.727848
0.402344 -0.005859 0.679688 1309542496.749848
0.427734 -0.009766 0.697266 1309542496.793870
0.387695 0.030273 0.708008 1309542496.816852
0.395508 -0.005859 0.681641 1309542496.838849
0.411133 -0.000977 0.682617 1309542496.884894
0.392578 -0.025391 0.719727 1309542496.928907
0.416992 0.009766 0.697266 1309542496.949907
0.384766 0.019531 0.734375 1309542496.971903
0.386719 0.028320 0.691406 1309542497.014910
0.383789 0.011719 0.705078 1309542497.037908
0.391602 0.005859 0.680664 1309542497.082911
0.386719 0.011719 0.691406 1309542497.103912
0.386719 -0.030273 0.710938 1309542497.132915
0.420898 -0.005859 0.673828 1309542497.176912
0.391602 -0.000977 0.690430 1309542497.219909
0.430664 -0.036133 0.674805 1309542497.242913
0.394531 -0.130859 0.690430 1309542497.263905
0.330078 -0.017578 0.724609 1309542497.307862
0.388672 0.046875 0.671875 1309542497.329890
0.397461 0.046875 0.671875 1309542497.351860
0.385742 0.175781 0.671875 1309542497.394860
0.388672 0.070312 0.684570 1309542497.424928
0.396484 0.034180 0.681641 1309542497.467918
0.432617 -0.010742 0.683594 1309542497.488917
0.419922 0.003906 0.707031 1309542497.531922
0.411133 0.047852 0.688477 1309542497.554887
0.406250 -0.009766 0.688477 1309542497.597863
0.429688 0.093750 0.670898 1309542497.619879
0.382812 0.130859 0.640625 1309542497.663866
0.421875 0.064453 0.677734 1309542497.686866
0.405273 0.072266 0.692383 1309542497.709897
0.405273 0.072266 0.692383 1309542497.753869
0.397461 0.064453 0.731445 1309542497.783904
0.624023 0.192383 0.700195 1309542497.866930
0.435547 -0.054688 0.635742 1309542497.886919
0.610352 0.074219 0.512695 1309542497.887924
0.583984 0.205078 0.505859 1309542497.902926
0.608398 0.255859 0.513672 1309542497.946911
0.564453 0.263672 0.572266 1309542497.969923
0.600586 0.210938 0.525391 1309542498.016923
0.607422 0.212891 0.541992 1309542498.041930
0.671875 0.192383 0.486328 1309542498.063932
0.668945 0.178711 0.475586 1309542498.092929
0.685547 0.178711 0.475586 1309542498.138929
0.663086 0.211914 0.447266 1309542498.179929
0.653320 0.214844 0.458008 1309542498.202941
0.655273 0.189453 0.520508 1309542498.246876
0.631836 0.195312 0.525391 1309542498.267876
0.667969 0.181641 0.477539 1309542498.292894
0.666992 0.178711 0.462891 1309542498.343884
0.690430 0.181641 0.487305 1309542498.365912
0.653320 0.180664 0.482422 1309542498.408918
0.664062 0.197266 0.485352 1309542498.429918
0.643555 0.193359 0.472656 1309542498.452916
0.671875 0.193359 0.472656 1309542498.478915
0.677734 0.210938 0.463867 1309542498.522910
0.656250 0.143555 0.495117 1309542498.567883
0.654297 0.187500 0.490234 1309542498.589921
0.638672 0.189453 0.500000 1309542498.633883
0.658203 0.195312 0.484375 1309542498.656916
0.668945 0.152344 0.734375 1309542498.699942
0.651367 0.169922 0.430664 1309542498.722946
0.633789 0.170898 0.479492 1309542498.744942
0.597656 0.167969 0.531250 1309542498.787953
0.550781 0.171875 0.566406 1309542498.809943
0.494141 0.179688 0.578125 1309542498.832942
0.514648 0.193359 0.627930 1309542498.876921
0.491211 0.113281 0.610352 1309542498.920919
0.539062 0.236328 0.736328 1309542498.942952
0.100586 0.011719 0.749023 1309542498.987952
0.451172 0.075195 0.685547 1309542499.009945
0.417969 0.064453 0.671875 1309542499.032946
0.389648 0.003906 0.700195 1309542499.082948
0.406250 0.081055 0.667969 1309542499.134956
0.384766 0.037109 0.693359 1309542499.161951
0.390625 -0.002930 0.689453 1309542499.162947
0.391602 -0.017578 0.703125 1309542499.207898
0.423828 0.015625 0.688477 1309542499.229896
0.406250 -0.027344 0.688477 1309542499.252926
0.375000 0.222656 0.688477 1309542499.294900
0.375977 0.005859 0.690430 1309542499.338956
0.367188 0.008789 0.721680 1309542499.361956
0.366211 0.011719 0.708008 1309542499.404953
0.378906 -0.013672 0.693359 1309542499.426957
0.382812 0.000000 0.708008 1309542499.469901
0.380859 0.010742 0.712891 1309542499.492902
0.384766 0.031250 0.692383 1309542499.534936
0.416016 0.058594 0.681641 1309542499.558902
0.382812 0.058594 0.690430 1309542499.579904
0.385742 -0.008789 0.677734 1309542499.622940
0.399414 -0.005859 0.720703 1309542499.644907
0.412109 0.022461 0.680664 1309542499.703971
0.364258 0.067383 0.676758 1309542499.728962
0.408203 0.045898 0.686523 1309542499.751962
0.361328 -0.015625 0.686523 1309542499.772963
0.361328 -0.015625 0.686523 1309542499.816965
0.404297 0.039062 0.697266 1309542499.861968
0.405273 0.018555 0.685547 1309542499.883967
0.391602 0.016602 0.711914 1309542499.904968
0.412109 0.034180 0.673828 1309542499.948966
0.403320 0.030273 0.687500 1309542499.972965
0.412109 0.009766 0.679688 1309542500.019966
0.404297 0.016602 0.677734 1309542500.043970
0.392578 0.021484 0.680664 1309542500.066972
0.408203 0.055664 0.698242 1309542500.096967
0.418945 0.028320 0.687500 1309542500.142971
0.395508 0.022461 0.706055 1309542500.165921
0.406250 0.019531 0.706055 1309542500.197916
0.381836 -0.016602 0.700195 1309542500.246918
0.380859 0.035156 0.681641 1309542500.268917
0.381836 0.018555 0.684570 1309542500.291944
0.407227 0.009766 0.666992 1309542500.332986
0.389648 0.058594 0.718750 1309542500.356974
0.384766 0.009766 0.664062 1309542500.392923
0.407227 0.012695 0.695312 1309542500.441954
0.418945 0.011719 0.704102 1309542500.458969
0.399414 0.020508 0.686523 1309542500.481980
0.348633 -0.027344 0.659180 1309542500.527922
0.309570 -0.027344 0.659180 1309542500.551934
0.420898 -0.042969 0.676758 1309542500.599926
0.386719 0.071289 0.682617 1309542500.621924
0.454102 0.055664 0.664062 1309542500.664955
0.439453 0.069336 0.657227 1309542500.687987
0.425781 0.124023 0.670898 1309542500.712980
0.451172 0.124023 0.670898 1309542500.734979
0.416992 0.124023 0.670898 1309542500.778961
0.406250 0.061523 0.682617 1309542500.813987
0.416992 0.088867 0.663086 1309542500.857982
0.442383 0.088867 0.658203 1309542500.877983
0.427734 0.148438 0.698242 1309542500.899981
0.436523 0.119141 0.672852 1309542500.947984
0.465820 0.054688 0.674805 1309542500.973990
0.432617 0.056641 0.690430 1309542501.017986
0.402344 0.080078 0.715820 1309542501.038987
0.350586 0.064453 0.798828 1309542501.059985
0.605469 -0.182617 0.642578 1309542501.104986
0.435547 0.096680 0.555664 1309542501.128960
0.705078 0.119141 0.448242 1309542501.171937
0.625977 0.214844 0.410156 1309542501.193963
0.640625 0.214844 0.524414 1309542501.237934
0.572266 0.225586 0.584961 1309542501.258962
0.566406 0.161133 0.600586 1309542501.281982
0.571289 0.214844 0.581055 1309542501.344992
0.634766 0.179688 0.487305 1309542501.367941
0.665039 0.191406 0.519531 1309542501.411995
0.666992 0.160156 0.488281 1309542501.426997
0.653320 0.176758 0.486328 1309542501.457965
0.635742 0.176758 0.486328 1309542501.479939
0.625000 0.154297 0.516602 1309542501.526947
0.648438 0.143555 0.522461 1309542501.547946
0.579102 0.179688 0.512695 1309542501.592974
0.659180 0.189453 0.520508 1309542501.614977
0.640625 0.228516 0.504883 1309542501.657998
0.637695 0.191406 0.469727 1309542501.711008
0.635742 0.194336 0.455078 1309542501.736997
0.663086 0.180664 0.494141 1309542501.758997
0.648438 0.170898 0.502930 1309542501.781993
0.652344 0.218750 0.504883 1309542501.805008
0.654297 0.186523 0.507812 1309542501.848999
0.646484 0.197266 0.538086 1309542501.872996
0.643555 0.194336 0.512695 1309542501.915001
0.632812 0.182617 0.538086 1309542501.937049
0.631836 0.201172 0.494141 1309542501.983010
0.666016 0.182617 0.526367 1309542502.008010
0.643555 0.175781 0.528320 1309542502.030003
0.647461 0.183594 0.499023 1309542502.073002
0.655273 0.200195 0.500000 1309542502.097976
0.643555 0.191406 0.522461 1309542502.134955
0.652344 0.191406 0.523438 1309542502.163986
0.657227 0.184570 0.471680 1309542502.188954
0.634766 0.144531 0.511719 1309542502.233003
0.636719 0.119141 0.538086 1309542502.280010
0.663086 0.125000 0.508789 1309542502.303006
0.563477 0.135742 0.515625 1309542502.325017
0.535156 0.198242 0.524414 1309542502.367957
0.538086 0.114258 0.570312 1309542502.389002
0.502930 0.188477 0.579102 1309542502.411007
0.541992 0.189453 0.565430 1309542502.455987
0.721680 0.439453 0.565430 1309542502.489960
-0.208008 -0.041016 0.854492 1309542502.514959
0.633789 0.208008 0.604492 1309542502.565963
0.501953 0.135742 0.701172 1309542502.588965
0.423828 0.135742 0.701172 1309542502.613008
0.403320 0.113281 0.670898 1309542502.663020
0.385742 0.111328 0.648438 1309542502.684015
0.407227 0.090820 0.666992 1309542502.728021
0.416016 0.059570 0.666016 1309542502.749018
0.419922 0.028320 0.688477 1309542502.773018
0.403320 0.028320 0.688477 1309542502.795016
0.398438 -0.021484 0.717773 1309542502.838016
0.375000 0.035156 0.703125 1309542502.883019
0.397461 -0.011719 0.720703 1309542502.904022
0.369141 -0.007812 0.716797 1309542502.948024
0.378906 0.025391 0.681641 1309542503.028025
0.396484 0.026367 0.703125 1309542503.029020
0.376953 0.025391 0.659180 1309542503.030021
0.407227 0.021484 0.704102 1309542503.074972
0.388672 0.058594 0.668945 1309542503.097971
0.432617 0.011719 0.693359 1309542503.123983
0.373047 0.041016 0.692383 1309542503.165973
0.429688 0.009766 0.690430 1309542503.191003
0.382812 0.045898 0.706055 1309542503.236031
0.385742 0.026367 0.674805 1309542503.259029
0.383789 -0.019531 0.710938 1309542503.303015
0.419922 0.030273 0.712891 1309542503.327978
0.415039 0.004883 0.709961 1309542503.349975
0.402344 0.002930 0.687500 1309542503.395979
0.414062 0.041016 0.674805 1309542503.418977
0.414062 0.040039 0.662109 1309542503.464028
0.404297 0.028320 0.685547 1309542503.485983
0.389648 0.042969 0.681641 1309542503.535012
0.375000 0.062500 0.684570 1309542503.558052
0.417969 0.039062 0.678711 1309542503.580033
0.387695 0.065430 0.717773 1309542503.614036
0.388672 0.040039 0.682617 1309542503.639037
0.399414 0.045898 0.663086 1309542503.690035
0.395508 0.031250 0.674805 1309542503.711037
0.416016 0.022461 0.704102 1309542503.735036
0.428711 -0.003906 0.655273 1309542503.778045
0.407227 0.014648 0.700195 1309542503.822020
0.410156 0.013672 0.703125 1309542503.843044
0.375977 0.009766 0.692383 1309542503.865043
0.421875 0.005859 0.702148 1309542503.909041
0.354492 0.035156 0.677734 1309542503.938034
0.412109 0.037109 0.692383 1309542503.994042
0.448242 -0.049805 0.623047 1309542504.019035
0.334961 0.000000 0.715820 1309542504.040013
0.364258 0.026367 0.713867 1309542504.060992
0.397461 -0.017578 0.663086 1309542504.105022
0.358398 0.016602 0.732422 1309542504.127996
0.408203 -0.059570 0.663086 1309542504.175061
0.414062 -0.015625 0.704102 1309542504.196049
0.365234 0.046875 0.688477 1309542504.220050
0.397461 0.017578 0.702148 1309542504.255000
0.418945 0.056641 0.656250 1309542504.302010
0.418945 -0.075195 0.686523 1309542504.339052
0.424805 0.067383 0.719727 1309542504.359997
0.425781 0.041016 0.666016 1309542504.382998
0.413086 0.058594 0.704102 1309542504.426003
0.409180 0.076172 0.744141 1309542504.447998
0.378906 -0.009766 0.748047 1309542504.475061
0.398438 -0.009766 0.748047 1309542504.530028
0.573242 0.280273 0.831055 1309542504.554031
0.591797 0.030273 0.599609 1309542504.576057
0.566406 0.132812 0.438477 1309542504.615054
0.674805 0.173828 0.428711 1309542504.638052
0.699219 0.173828 0.428711 1309542504.682038
0.656250 0.182617 0.510742 1309542504.706059
0.612305 0.209961 0.602539 1309542504.743061
0.556641 0.160156 0.612305 1309542504.786111
0.631836 0.185547 0.559570 1309542504.809062
0.695312 0.165039 0.461914 1309542504.853059
0.709961 0.165039 0.461914 1309542504.875061
0.702148 0.155273 0.417969 1309542504.899060
0.703125 0.194336 0.435547 1309542504.948062
0.708984 0.212891 0.439453 1309542504.970064
0.692383 0.194336 0.487305 1309542504.993029
0.673828 0.208984 0.483398 1309542505.036009
0.702148 0.164062 0.465820 1309542505.086011
0.730469 0.164062 0.433594 1309542505.108010
0.734375 0.214844 0.430664 1309542505.130042
0.705078 0.184570 0.421875 1309542505.173044
0.727539 0.198242 0.468750 1309542505.199043
0.713867 0.193359 0.443359 1309542505.221039
0.688477 0.204102 0.469727 1309542505.265015
0.705078 0.185547 0.469727 1309542505.308072
0.734375 0.166016 0.445312 1309542505.330037
0.715820 0.183594 0.439453 1309542505.373015
0.723633 0.191406 0.420898 1309542505.395028
0.701172 0.183594 0.462891 1309542505.416017
0.687500 0.186523 0.462891 1309542505.441020
0.670898 0.186523 0.462891 1309542505.485079
0.722656 0.190430 0.422852 1309542505.543071
0.712891 0.207031 0.459961 1309542505.603078
0.693359 0.194336 0.442383 1309542505.604075
0.701172 0.194336 0.442383 1309542505.606072
0.701172 0.133789 0.466797 1309542505.651072
0.655273 0.123047 0.464844 1309542505.674076
0.662109 0.152344 0.504883 1309542505.718075
0.564453 0.144531 0.490234 1309542505.761053
0.565430 0.132812 0.574219 1309542505.783082
0.538086 0.205078 0.638672 1309542505.805086
0.538086 0.205078 0.638672 1309542505.829079
0.482422 0.197266 0.610352 1309542505.873079
0.489258 0.123047 0.811523 1309542505.915078
0.391602 -0.161133 0.582031 1309542505.936131
0.287109 -0.000977 0.714844 1309542505.980032
0.431641 0.048828 0.665039 1309542506.004026
0.406250 0.027344 0.686523 1309542506.046034
0.432617 -0.007812 0.691406 1309542506.069029
0.400391 0.013672 0.676758 1309542506.091053
0.400391 0.037109 0.654297 1309542506.133089
0.426758 -0.026367 0.692383 1309542506.154083
0.422852 -0.004883 0.689453 1309542506.196061
0.402344 -0.047852 0.725586 1309542506.239031
0.380859 -0.041992 0.716797 1309542506.261082
0.383789 -0.062500 0.689453 1309542506.284088
0.377930 -0.011719 0.694336 1309542506.326035
0.388672 0.001953 0.697266 1309542506.351036
0.422852 0.009766 0.671875 1309542506.395038
0.412109 -0.037109 0.666992 1309542506.438063
0.409180 0.045898 0.667969 1309542506.451090
0.418945 -0.001953 0.678711 1309542506.494089
0.396484 -0.009766 0.714844 1309542506.515088
0.375000 -0.013672 0.682617 1309542506.559091
0.438477 -0.013672 0.686523 1309542506.583096
0.392578 0.006836 0.706055 1309542506.626094
0.388672 -0.021484 0.667969 1309542506.649097
0.409180 0.016602 0.674805 1309542506.670093
0.389648 -0.068359 0.718750 1309542506.713099
0.388672 -0.068359 0.718750 1309542506.734095
0.397461 -0.012695 0.708984 1309542506.779099
0.439453 -0.009766 0.703125 1309542506.801061
0.375977 0.046875 0.693359 1309542506.845104
0.363281 0.028320 0.710938 1309542506.884103
0.391602 0.017578 0.696289 1309542506.904098
0.407227 -0.037109 0.685547 1309542506.927074
0.408203 0.031250 0.691406 1309542506.968049
0.385742 -0.011719 0.714844 1309542507.011071
0.391602 0.022461 0.697266 1309542507.032386
0.398438 -0.010742 0.709961 1309542507.056049
0.355469 0.041016 0.692383 1309542507.099114
0.398438 -0.003906 0.686523 1309542507.143110
0.408203 0.039062 0.713867 1309542507.165053
0.391602 0.027344 0.703125 1309542507.188052
0.404297 0.000977 0.702148 1309542507.235103
0.387695 -0.019531 0.698242 1309542507.258085
0.414062 0.017578 0.677734 1309542507.284073
0.413086 0.017578 0.677734 1309542507.323079
0.405273 0.008789 0.685547 1309542507.360054
0.389648 -0.008789 0.711914 1309542507.383106
0.380859 0.001953 0.698242 1309542507.425103
0.380859 0.000000 0.685547 1309542507.468098
0.399414 -0.036133 0.685547 1309542507.469097
0.443359 -0.036133 0.685547 1309542507.513100
0.443359 -0.036133 0.685547 1309542507.546109
0.335938 0.102539 0.684570 1309542507.590110
0.378906 -0.004883 0.698242 1309542507.613114
0.452148 0.088867 0.706055 1309542507.638111
0.442383 0.083984 0.706055 1309542507.681091
0.398438 0.136719 0.728516 1309542507.711113
0.424805 -0.004883 0.685547 1309542507.754168
0.414062 0.073242 0.682617 1309542507.776114
0.407227 0.009766 0.688477 1309542507.798112
0.399414 0.020508 0.708984 1309542507.841098
0.411133 -0.025391 0.688477 1309542507.865120
0.414062 0.072266 0.690430 1309542507.908066
0.428711 0.030273 0.698242 1309542507.930063
0.413086 0.026367 0.659180 1309542507.974074
0.434570 0.014648 0.685547 1309542507.998066
0.404297 -0.035156 0.725586 1309542508.041086
0.458008 0.016602 0.699219 1309542508.063128
0.389648 0.031250 0.699219 1309542508.086127
0.398438 -0.016602 0.739258 1309542508.134074
0.582031 0.248047 0.791016 1309542508.173101
0.499023 0.055664 0.605469 1309542508.194116
0.620117 0.093750 0.457031 1309542508.215128
0.662109 0.163086 0.425781 1309542508.259094
0.604492 0.170898 0.492188 1309542508.303073
0.574219 0.195312 0.615234 1309542508.324107
0.589844 0.142578 0.647461 1309542508.366073
0.562500 0.129883 0.633789 1309542508.388073
0.634766 0.112305 0.541016 1309542508.411134
0.659180 0.089844 0.487305 1309542508.458118
0.673828 0.164062 0.444336 1309542508.501132
0.668945 0.154297 0.470703 1309542508.523128
0.667969 0.208984 0.474609 1309542508.544135
0.655273 0.184570 0.500977 1309542508.569132
0.658203 0.186523 0.510742 1309542508.603132
0.667969 0.130859 0.515625 1309542508.646130
0.666992 0.184570 0.498047 1309542508.669139
0.678711 0.181641 0.474609 1309542508.713137
0.663086 0.135742 0.497070 1309542508.735135
0.692383 0.172852 0.487305 1309542508.778137
0.686523 0.172852 0.487305 1309542508.800147
0.653320 0.172852 0.518555 1309542508.844139
0.683594 0.185547 0.509766 1309542508.866103
0.670898 0.166016 0.493164 1309542508.914084
0.627930 0.190430 0.473633 1309542508.936173
0.679688 0.162109 0.475586 1309542508.959096
0.679688 0.162109 0.475586 1309542508.996092
0.696289 0.121094 0.502930 1309542509.025144
0.674805 0.169922 0.466797 1309542509.068142
0.708984 0.160156 0.466797 1309542509.089133
0.681641 0.166016 0.477539 1309542509.133089
0.671875 0.105469 0.472656 1309542509.155088
0.722656 0.135742 0.463867 1309542509.199092
0.664062 0.178711 0.466797 1309542509.241100
0.604492 0.139648 0.508789 1309542509.264143
0.599609 0.126953 0.526367 1309542509.285094
0.547852 0.100586 0.608398 1309542509.330095
0.520508 0.187500 0.606445 1309542509.353137
0.476562 0.187500 0.606445 1309542509.375135
0.507812 0.211914 0.625977 1309542509.458148
0.525391 0.210938 0.643555 1309542509.459145
0.093750 -0.139648 0.859375 1309542509.479147
0.561523 0.142578 0.640625 1309542509.523155
0.436523 0.016602 0.694336 1309542509.545153
0.456055 0.000977 0.686523 1309542509.589151
0.407227 0.054688 0.691406 1309542509.603154
0.386719 0.042969 0.704102 1309542509.655153
0.395508 0.063477 0.651367 1309542509.676154
0.406250 0.044922 0.657227 1309542509.699150
0.428711 0.052734 0.657227 1309542509.724155
0.377930 0.050781 0.686523 1309542509.770160
0.446289 -0.001953 0.694336 1309542509.804159
0.456055 -0.015625 0.703125 1309542509.829159
0.434570 -0.005859 0.692383 1309542509.873102
0.395508 0.000000 0.699219 1309542509.895135
0.391602 -0.019531 0.681641 1309542509.918104
0.361328 -0.052734 0.713867 1309542509.965113
0.408203 0.027344 0.687500 1309542509.994157
0.379883 0.038086 0.689453 1309542510.036130
0.443359 0.048828 0.690430 1309542510.059173
0.414062 0.039062 0.678711 1309542510.101145
0.393555 0.044922 0.666992 1309542510.124108
0.426758 0.016602 0.700195 1309542510.171126
0.393555 0.000000 0.700195 1309542510.195172
0.413086 -0.028320 0.712891 1309542510.218176
0.378906 0.030273 0.688477 1309542510.263147
0.412109 -0.022461 0.715820 1309542510.285130
0.395508 -0.018555 0.696289 1309542510.328192
0.406250 0.019531 0.696289 1309542510.351203
0.413086 -0.004883 0.684570 1309542510.395155
0.409180 0.015625 0.683594 1309542510.428159
0.405273 0.031250 0.698242 1309542510.450122
0.386719 0.028320 0.688477 1309542510.472178
0.379883 0.013672 0.696289 1309542510.526154
0.386719 0.013672 0.697266 1309542510.549170
