0.467773 -0.197266 0.588867 1311188926.520968
0.406250 0.104492 0.795898 1311188926.546990
0.577148 0.113281 0.604492 1311188926.588000
0.558594 0.019531 0.631836 1311188926.611997
0.544922 0.027344 0.631836 1311188926.635979
0.537109 0.066406 0.622070 1311188926.689003
0.504883 0.103516 0.635742 1311188926.713998
0.553711 0.103516 0.623047 1311188926.738998
0.534180 0.095703 0.650391 1311188926.786994
0.519531 0.081055 0.633789 1311188926.831002
0.544922 0.064453 0.655273 1311188926.831991
0.554688 0.053711 0.600586 1311188926.883977
0.544922 0.092773 0.592773 1311188926.908010
0.531250 0.148438 0.580078 1311188926.936004
0.580078 0.080078 0.586914 1311188927.009009
0.554688 0.085938 0.579102 1311188927.034001
0.584961 0.095703 0.596680 1311188927.036003
0.584961 0.095703 0.596680 1311188927.053004
0.556641 0.108398 0.634766 1311188927.097986
0.565430 0.138672 0.609375 1311188927.143006
0.535156 0.008789 0.629883 1311188927.172985
0.555664 0.070312 0.571289 1311188927.195002
0.555664 0.070312 0.571289 1311188927.218020
0.555664 0.044922 0.643555 1311188927.263007
0.531250 0.017578 0.671875 1311188927.298004
0.551758 -0.013672 0.651367 1311188927.319999
0.512695 -0.108398 0.652344 1311188927.362009
0.537109 -0.064453 0.625977 1311188927.384987
0.523438 -0.102539 0.650391 1311188927.434015
0.499023 -0.099609 0.678711 1311188927.455007
0.503906 -0.115234 0.656250 1311188927.499081
0.520508 -0.175781 0.699219 1311188927.524015
0.474609 -0.196289 0.687500 1311188927.569010
0.514648 -0.127930 0.687500 1311188927.571007
0.480469 -0.139648 0.816406 1311188927.615009
0.420898 -0.500000 0.809570 1311188927.660025
0.337891 -0.474609 0.713867 1311188927.682015
0.388672 -0.489258 0.827148 1311188927.728022
0.543945 -0.395508 0.737305 1311188927.750012
0.606445 0.017578 0.737305 1311188927.777047
0.606445 0.017578 0.737305 1311188927.793015
0.690430 -0.037109 0.234375 1311188927.837024
0.958984 0.207031 0.113281 1311188927.882005
0.821289 -0.127930 -0.100586 1311188927.903037
0.891602 -0.208008 -0.453125 1311188927.957048
0.882812 -0.208008 -0.453125 1311188927.958016
0.889648 -0.424805 -0.451172 1311188928.028038
0.898438 0.299805 -0.333008 1311188928.029022
1.143555 0.030273 -0.610352 1311188928.075014
1.338867 0.371094 -0.435547 1311188928.098013
0.875000 0.424805 -0.503906 1311188928.122018
0.897461 -0.075195 -0.503906 1311188928.149033
0.867188 0.066406 -0.607422 1311188928.192028
0.857422 0.408203 -0.712891 1311188928.235028
1.019531 0.228516 -0.635742 1311188928.280053
0.791016 0.260742 -0.518555 1311188928.317019
0.784180 0.432617 -0.581055 1311188928.318023
0.798828 0.493164 -0.599609 1311188928.357030
0.838867 0.382812 -0.586914 1311188928.400036
0.876953 0.260742 -0.447266 1311188928.422039
0.911133 0.226562 -0.433594 1311188928.449039
0.839844 0.234375 -0.375000 1311188928.493034
0.866211 0.224609 -0.438477 1311188928.514010
0.839844 0.332031 -0.485352 1311188928.559029
0.937500 0.270508 -0.439453 1311188928.580033
0.875000 0.313477 -0.426758 1311188928.624027
0.886719 0.335938 -0.422852 1311188928.649026
0.691406 0.308594 -0.505859 1311188928.677054
0.833984 0.312500 -0.417969 1311188928.712040
0.834961 0.417969 -0.406250 1311188928.740065
0.855469 0.355469 -0.481445 1311188928.772039
0.758789 0.457031 -0.537109 1311188928.814047
0.750977 0.550781 -0.484375 1311188928.838060
0.846680 0.406250 -0.348633 1311188928.884044
0.830078 0.406250 -0.348633 1311188928.908051
0.838867 0.363281 -0.339844 1311188928.952034
0.858398 0.325195 -0.378906 1311188928.974031
0.858398 0.339844 -0.367188 1311188928.995040
0.878906 0.349609 -0.413086 1311188929.040041
0.868164 0.332031 -0.437500 1311188929.064045
0.884766 0.313477 -0.488281 1311188929.108019
0.841797 0.322266 -0.458008 1311188929.133049
0.844727 0.319336 -0.466797 1311188929.158042
0.909180 0.286133 -0.485352 1311188929.192060
0.815430 0.295898 -0.421875 1311188929.239039
0.834961 0.330078 -0.470703 1311188929.262040
0.840820 0.328125 -0.474609 1311188929.307067
0.870117 0.303711 -0.435547 1311188929.328039
