0.524414 -0.115234 0.630859 1310582324.913949
0.528320 -0.091797 0.623047 1310582324.959037
0.538086 -0.086914 0.614258 1310582324.983043
0.561523 -0.085938 0.614258 1310582325.004976
0.496094 -0.089844 0.640625 1310582325.068994
0.561523 -0.119141 0.637695 1310582325.093913
0.562500 -0.105469 0.663086 1310582325.116909
0.552734 -0.099609 0.628906 1310582325.137941
0.560547 -0.118164 0.638672 1310582325.181992
0.561523 -0.107422 0.616211 1310582325.203980
0.545898 -0.101562 0.655273 1310582325.247963
0.549805 -0.099609 0.640625 1310582325.291027
0.557617 -0.087891 0.619141 1310582325.313000
0.570312 -0.109375 0.634766 1310582325.334025
0.549805 -0.089844 0.612305 1310582325.378037
0.536133 -0.078125 0.660156 1310582325.401993
0.562500 -0.126953 0.608398 1310582325.445918
0.562500 -0.085938 0.631836 1310582325.467918
0.548828 -0.085938 0.631836 1310582325.510939
0.563477 -0.119141 0.616211 1310582325.532918
0.535156 -0.104492 0.614258 1310582325.555917
0.547852 -0.087891 0.609375 1310582325.599032
0.583008 -0.099609 0.613281 1310582325.642927
0.550781 -0.111328 0.645508 1310582325.664921
0.546875 -0.084961 0.637695 1310582325.687949
0.549805 -0.083984 0.642578 1310582325.731924
0.531250 -0.080078 0.623047 1310582325.752946
0.567383 -0.103516 0.596680 1310582325.797963
0.534180 -0.053711 0.634766 1310582325.818999
0.515625 -0.062500 0.599609 1310582325.863046
0.567383 -0.094727 0.650391 1310582325.886003
0.559570 -0.112305 0.632812 1310582325.931016
0.541992 -0.113281 0.632812 1310582325.952996
0.546875 -0.110352 0.624023 1310582326.027059
0.526367 -0.103516 0.657227 1310582326.053069
0.563477 -0.107422 0.630859 1310582326.054047
0.551758 -0.108398 0.635742 1310582326.075979
0.548828 -0.095703 0.608398 1310582326.122933
0.533203 -0.095703 0.608398 1310582326.148929
0.543945 -0.116211 0.668945 1310582326.192989
0.557617 -0.104492 0.624023 1310582326.214047
0.529297 -0.103516 0.622070 1310582326.256020
0.517578 -0.094727 0.616211 1310582326.280056
0.525391 -0.115234 0.647461 1310582326.324977
0.535156 -0.115234 0.647461 1310582326.326969
0.550781 -0.131836 0.642578 1310582326.374059
0.561523 -0.125000 0.646484 1310582326.417964
0.534180 -0.115234 0.643555 1310582326.439938
0.556641 -0.099609 0.624023 1310582326.460935
0.527344 -0.075195 0.624023 1310582326.489966
0.520508 -0.086914 0.648438 1310582326.543962
0.548828 -0.116211 0.640625 1310582326.564960
0.534180 -0.092773 0.621094 1310582326.609970
0.544922 -0.135742 0.643555 1310582326.633948
0.551758 -0.100586 0.632812 1310582326.655947
0.568359 -0.109375 0.619141 1310582326.678973
0.551758 -0.081055 0.646484 1310582326.722946
0.549805 -0.088867 0.639648 1310582326.764962
0.520508 -0.099609 0.616211 1310582326.812992
0.556641 -0.036133 0.622070 1310582326.813973
0.544922 -0.109375 0.667969 1310582326.855067
0.534180 -0.078125 0.667969 1310582326.878082
0.530273 -0.082031 0.625000 1310582326.923045
0.546875 -0.101562 0.664062 1310582326.968028
0.555664 -0.091797 0.631836 1310582326.993041
0.531250 -0.089844 0.630859 1310582327.014972
0.534180 -0.085938 0.629883 1310582327.058952
0.528320 -0.085938 0.629883 1310582327.083975
0.573242 -0.093750 0.658203 1310582327.107986
0.546875 -0.094727 0.621094 1310582327.144017
0.571289 -0.098633 0.647461 1310582327.186065
0.538086 -0.108398 0.618164 1310582327.208075
0.524414 -0.097656 0.662109 1310582327.251077
0.526367 -0.103516 0.662109 1310582327.298093
0.577148 -0.083984 0.637695 1310582327.359960
0.552734 -0.106445 0.649414 1310582327.379955
0.575195 -0.128906 0.629883 1310582327.382953
0.549805 -0.101562 0.640625 1310582327.404955
0.541016 -0.101562 0.654297 1310582327.429977
0.541016 -0.101562 0.654297 1310582327.472962
0.541992 -0.086914 0.632812 1310582327.498173
0.538086 -0.086914 0.648438 1310582327.540050
0.506836 -0.095703 0.614258 1310582327.565961
0.529297 -0.075195 0.624023 1310582327.588957
0.550781 -0.096680 0.668945 1310582327.631033
0.534180 -0.097656 0.636719 1310582327.655007
0.536133 -0.072266 0.637695 1310582327.700069
0.567383 -0.115234 0.652344 1310582327.719990
0.560547 -0.097656 0.663086 1310582327.765088
0.531250 -0.075195 0.648438 1310582327.786019
0.531250 -0.071289 0.632812 1310582327.812099
0.509766 -0.095703 0.629883 1310582327.856087
0.543945 -0.115234 0.663086 1310582327.899089
0.562500 -0.089844 0.619141 1310582327.919993
0.526367 -0.061523 0.643555 1310582327.943096
0.535156 -0.089844 0.683594 1310582327.986389
0.575195 -0.086914 0.647461 1310582328.012967
0.575195 -0.086914 0.647461 1310582328.038967
0.536133 -0.095703 0.632812 1310582328.084004
0.565430 -0.097656 0.621094 1310582328.109029
0.554688 -0.062500 0.632812 1310582328.154033
0.548828 -0.093750 0.639648 1310582328.175107
0.536133 -0.093750 0.639648 1310582328.218063
0.536133 -0.093750 0.639648 1310582328.241046
0.553711 -0.083008 0.627930 1310582328.266053
0.542969 -0.119141 0.645508 1310582328.309105
0.546875 -0.079102 0.646484 1310582328.330975
0.567383 -0.111328 0.625000 1310582328.384003
0.527344 -0.064453 0.622070 1310582328.406021
0.562500 -0.113281 0.604492 1310582328.428991
0.522461 -0.088867 0.638672 1310582328.466001
0.533203 -0.104492 0.627930 1310582328.492982
0.524414 -0.103516 0.636719 1310582328.535104
0.520508 -0.091797 0.647461 1310582328.569982
0.524414 -0.105469 0.630859 1310582328.619016
0.530273 -0.089844 0.650391 1310582328.638004
0.541992 -0.097656 0.589844 1310582328.659973
0.525391 -0.096680 0.624023 1310582328.683017
0.455078 -0.099609 0.636719 1310582328.716013
0.528320 -0.092773 0.644531 1310582328.757037
0.538086 -0.092773 0.634766 1310582328.801074
0.539062 -0.083984 0.638672 1310582328.824114
0.539062 -0.087891 0.639648 1310582328.869072
0.542969 -0.111328 0.647461 1310582328.891113
0.576172 -0.069336 0.652344 1310582328.914009
0.550781 -0.105469 0.652344 1310582328.937111
0.522461 -0.094727 0.632812 1310582328.980981
0.536133 -0.086914 0.640625 1310582329.025039
0.546875 -0.134766 0.658203 1310582329.048122
0.563477 -0.092773 0.601562 1310582329.093102
0.541016 -0.097656 0.641602 1310582329.114028
0.509766 -0.082031 0.641602 1310582329.139116
0.528320 -0.087891 0.637695 1310582329.170100
0.551758 -0.101562 0.643555 1310582329.214116
0.547852 -0.080078 0.621094 1310582329.238079
0.570312 -0.103516 0.628906 1310582329.263100
0.565430 -0.103516 0.638672 1310582329.305994
0.518555 -0.064453 0.617188 1310582329.328992
0.537109 -0.113281 0.651367 1310582329.373019
0.541992 -0.115234 0.634766 1310582329.394005
0.534180 -0.091797 0.661133 1310582329.438027
0.518555 -0.128906 0.690430 1310582329.459993
0.528320 -0.113281 0.619141 1310582329.504021
0.543945 -0.106445 0.663086 1310582329.529006
0.545898 -0.115234 0.667969 1310582329.558027
0.536133 -0.088867 0.660156 1310582329.606003
0.535156 -0.102539 0.642578 1310582329.634033
0.500000 -0.098633 0.624023 1310582329.656019
0.560547 -0.086914 0.647461 1310582329.690112
0.550781 -0.134766 0.636719 1310582329.734119
0.569336 -0.097656 0.625000 1310582329.758095
0.534180 -0.101562 0.585938 1310582329.801087
0.537109 -0.092773 0.636719 1310582329.824100
0.526367 -0.104492 0.659180 1310582329.904090
0.529297 -0.073242 0.616211 1310582329.921108
0.519531 -0.077148 0.633789 1310582329.923129
0.519531 -0.156250 0.640625 1310582329.966007
0.541992 -0.109375 0.645508 1310582329.990046
0.543945 -0.083008 0.639648 1310582330.020053
0.546875 -0.124023 0.663086 1310582330.041084
0.573242 -0.087891 0.651367 1310582330.065139
0.545898 -0.083984 0.635742 1310582330.110124
0.549805 -0.089844 0.634766 1310582330.156132
0.528320 -0.083008 0.623047 1310582330.185139
0.553711 -0.086914 0.611328 1310582330.216132
0.567383 -0.088867 0.639648 1310582330.239043
0.544922 -0.088867 0.639648 1310582330.259998
0.503906 -0.069336 0.630859 1310582330.304042
0.543945 -0.056641 0.621094 1310582330.346014
0.541992 -0.072266 0.645508 1310582330.369036
0.575195 -0.083984 0.637695 1310582330.389857
0.547852 -0.084961 0.637695 1310582330.431043
0.550781 -0.061523 0.637695 1310582330.454060
0.473633 -0.083008 0.631836 1310582330.498039
0.533203 -0.109375 0.637695 1310582330.540039
0.557617 -0.088867 0.604492 1310582330.563019
0.554688 -0.102539 0.658203 1310582330.585016
0.552734 -0.116211 0.610352 1310582330.616066
0.567383 -0.091797 0.625977 1310582330.663154
0.520508 -0.095703 0.625000 1310582330.686152
0.550781 -0.115234 0.658203 1310582330.733144
0.567383 -0.088867 0.609375 1310582330.759165
0.563477 -0.106445 0.581055 1310582330.781105
0.542969 -0.080078 0.596680 1310582330.825059
0.523438 -0.080078 0.596680 1310582330.846150
0.522461 -0.095703 0.640625 1310582330.894094
0.548828 -0.113281 0.624023 1310582330.919031
0.552734 -0.091797 0.615234 1310582330.940026
0.539062 -0.083008 0.622070 1310582330.989089
0.515625 -0.102539 0.640625 1310582331.018075
0.526367 -0.114258 0.616211 1310582331.043161
0.548828 -0.116211 0.594727 1310582331.074090
0.544922 -0.093750 0.634766 1310582331.118473
0.537109 -0.107422 0.640625 1310582331.160108
0.543945 -0.108398 0.650391 1310582331.239031
0.538086 -0.100586 0.650391 1310582331.241030
0.567383 -0.096680 0.618164 1310582331.243027
0.522461 -0.098633 0.633789 1310582331.264030
0.527344 -0.093750 0.636719 1310582331.306035
0.539062 -0.115234 0.644531 1310582331.328032
