0.475586 -0.125977 0.707031 1309980448.827191
0.475586 -0.104492 0.688477 1309980448.849217
0.467773 -0.121094 0.665039 1309980448.896232
0.483398 -0.143555 0.644531 1309980448.972229
0.471680 -0.132812 0.654297 1309980448.973215
0.472656 -0.096680 0.670898 1309980448.988218
0.485352 -0.134766 0.692383 1309980449.011227
0.500977 -0.111328 0.674805 1309980449.054224
0.497070 -0.136719 0.657227 1309980449.076224
0.494141 -0.144531 0.662109 1309980449.127224
0.481445 -0.152344 0.663086 1309980449.149218
0.498047 -0.101562 0.663086 1309980449.172220
0.471680 -0.159180 0.670898 1309980449.216231
0.511719 -0.134766 0.686523 1309980449.239221
0.523438 -0.111328 0.634766 1309980449.288226
0.500977 -0.122070 0.677734 1309980449.297217
0.483398 -0.139648 0.654297 1309980449.338227
0.484375 -0.115234 0.654297 1309980449.361246
0.492188 -0.093750 0.663086 1309980449.404228
0.479492 -0.111328 0.656250 1309980449.428217
0.483398 -0.103516 0.664062 1309980449.476225
0.480469 -0.117188 0.657227 1309980449.518234
0.460938 -0.121094 0.681641 1309980449.539197
0.460938 -0.121094 0.681641 1309980449.561230
0.485352 -0.118164 0.673828 1309980449.604233
0.477539 -0.095703 0.668945 1309980449.631231
0.518555 -0.098633 0.635742 1309980449.673235
0.479492 -0.116211 0.676758 1309980449.696233
0.518555 -0.104492 0.650391 1309980449.717233
0.491211 -0.141602 0.689453 1309980449.761241
0.471680 -0.101562 0.660156 1309980449.787233
0.487305 -0.158203 0.667969 1309980449.829230
0.450195 -0.113281 0.663086 1309980449.872232
0.512695 -0.122070 0.681641 1309980449.894224
0.506836 -0.102539 0.661133 1309980449.916241
0.508789 -0.124023 0.656250 1309980449.965239
0.483398 -0.107422 0.645508 1309980449.987234
0.504883 -0.146484 0.674805 1309980450.008241
0.484375 -0.120117 0.669922 1309980450.049242
0.488281 -0.107422 0.668945 1309980450.072242
0.479492 -0.135742 0.689453 1309980450.105245
0.453125 -0.108398 0.665039 1309980450.147241
0.506836 -0.107422 0.594727 1309980450.189234
0.485352 -0.132812 0.679688 1309980450.243246
0.475586 -0.125000 0.651367 1309980450.268241
0.462891 -0.089844 0.651367 1309980450.269218
0.447266 -0.101562 0.666016 1309980450.291243
0.477539 -0.111328 0.691406 1309980450.336207
0.495117 -0.130859 0.676758 1309980450.379245
0.488281 -0.118164 0.680664 1309980450.402243
0.495117 -0.145508 0.651367 1309980450.427243
0.507812 -0.130859 0.643555 1309980450.458253
0.507812 -0.130859 0.643555 1309980450.501251
0.510742 -0.142578 0.664062 1309980450.532221
0.491211 -0.109375 0.666992 1309980450.576228
0.493164 -0.119141 0.668945 1309980450.598252
0.475586 -0.106445 0.682617 1309980450.621248
0.464844 -0.105469 0.676758 1309980450.664246
0.473633 -0.159180 0.676758 1309980450.686251
0.459961 -0.093750 0.677734 1309980450.731249
0.488281 -0.122070 0.679688 1309980450.773254
0.503906 -0.152344 0.690430 1309980450.796260
0.491211 -0.132812 0.659180 1309980450.821253
0.472656 -0.171875 0.693359 1309980450.847248
0.459961 -0.131836 0.646484 1309980450.888267
0.507812 -0.134766 0.658203 1309980450.912254
0.483398 -0.128906 0.671875 1309980450.956263
0.496094 -0.138672 0.658203 1309980450.977259
0.498047 -0.131836 0.646484 1309980451.021253
0.497070 -0.125977 0.681641 1309980451.042250
0.489258 -0.133789 0.663086 1309980451.084259
0.477539 -0.120117 0.686523 1309980451.131261
0.494141 -0.136719 0.696289 1309980451.152259
0.482422 -0.110352 0.679688 1309980451.174261
0.486328 -0.127930 0.673828 1309980451.198261
0.473633 -0.121094 0.665039 1309980451.239262
0.475586 -0.107422 0.659180 1309980451.262262
0.489258 -0.108398 0.680664 1309980451.306266
0.495117 -0.130859 0.655273 1309980451.351263
0.476562 -0.122070 0.664062 1309980451.373266
0.482422 -0.133789 0.671875 1309980451.398265
0.483398 -0.119141 0.687500 1309980451.424258
0.482422 -0.117188 0.707031 1309980451.469326
0.455078 -0.121094 0.690430 1309980451.531275
0.487305 -0.106445 0.685547 1309980451.532254
0.487305 -0.115234 0.675781 1309980451.578270
0.547852 -0.099609 0.674805 1309980451.601267
0.547852 -0.099609 0.674805 1309980451.622272
0.497070 -0.126953 0.681641 1309980451.666271
0.482422 -0.125977 0.669922 1309980451.709272
0.509766 -0.105469 0.652344 1309980451.732271
0.500000 -0.133789 0.669922 1309980451.754275
0.493164 -0.125977 0.685547 1309980451.777266
0.497070 -0.111328 0.659180 1309980451.821274
0.484375 -0.144531 0.656250 1309980451.864271
0.462891 -0.118164 0.659180 1309980451.888277
0.482422 -0.112305 0.647461 1309980451.933279
0.489258 -0.121094 0.667969 1309980451.956274
0.506836 -0.133789 0.661133 1309980451.979284
0.514648 -0.111328 0.668945 1309980452.002276
0.521484 -0.127930 0.644531 1309980452.047272
0.488281 -0.121094 0.697266 1309980452.087235
0.498047 -0.104492 0.635742 1309980452.109252
0.504883 -0.120117 0.638672 1309980452.134256
0.522461 -0.112305 0.666992 1309980452.179278
0.501953 -0.123047 0.649414 1309980452.209247
0.487305 -0.118164 0.664062 1309980452.244259
0.510742 -0.134766 0.666992 1309980452.267275
0.505859 -0.083984 0.637695 1309980452.297287
0.497070 -0.112305 0.676758 1309980452.339286
0.492188 -0.128906 0.626953 1309980452.386287
0.511719 -0.127930 0.638672 1309980452.407287
0.489258 -0.145508 0.645508 1309980452.429282
0.465820 -0.122070 0.657227 1309980452.472285
0.503906 -0.117188 0.638672 1309980452.493286
0.475586 -0.104492 0.702148 1309980452.537288
0.479492 -0.090820 0.684570 1309980452.561289
0.478516 -0.106445 0.643555 1309980452.582294
0.528320 -0.117188 0.643555 1309980452.625289
0.528320 -0.117188 0.643555 1309980452.648291
0.487305 -0.122070 0.679688 1309980452.693292
0.458008 -0.117188 0.649414 1309980452.718295
0.494141 -0.139648 0.682617 1309980452.741290
0.494141 -0.124023 0.686523 1309980452.803315
0.523438 -0.137695 0.611328 1309980452.842296
0.503906 -0.144531 0.686523 1309980452.863269
0.452148 -0.120117 0.660156 1309980452.886288
0.492188 -0.121094 0.687500 1309980452.908294
0.460938 -0.120117 0.663086 1309980452.942296
0.495117 -0.139648 0.672852 1309980452.986302
0.488281 -0.153320 0.678711 1309980453.008303
0.513672 -0.150391 0.649414 1309980453.033295
0.500000 -0.117188 0.670898 1309980453.078299
0.483398 -0.150391 0.682617 1309980453.104270
0.477539 -0.144531 0.688477 1309980453.146297
0.462891 -0.112305 0.667969 1309980453.167302
0.490234 -0.137695 0.683594 1309980453.212307
0.480469 -0.157227 0.697266 1309980453.234314
0.514648 -0.140625 0.663086 1309980453.278309
0.502930 -0.136719 0.665039 1309980453.301305
0.496094 -0.122070 0.638672 1309980453.322302
0.501953 -0.130859 0.698242 1309980453.367297
0.504883 -0.135742 0.601562 1309980453.411305
0.490234 -0.116211 0.670898 1309980453.432308
0.516602 -0.134766 0.651367 1309980453.476309
0.475586 -0.154297 0.651367 1309980453.498306
0.512695 -0.103516 0.660156 1309980453.523310
0.507812 -0.116211 0.631836 1309980453.571309
0.466797 -0.112305 0.683594 1309980453.592306
0.487305 -0.121094 0.694336 1309980453.618307
0.490234 -0.125977 0.681641 1309980453.662363
0.490234 -0.125977 0.681641 1309980453.683322
0.490234 -0.123047 0.666016 1309980453.729318
0.479492 -0.129883 0.650391 1309980453.753307
0.488281 -0.098633 0.644531 1309980453.796317
0.496094 -0.109375 0.666016 1309980453.818311
0.501953 -0.132812 0.639648 1309980453.862313
0.251953 -0.132812 0.639648 1309980453.884330
0.489258 -0.113281 0.653320 1309980453.908317
0.498047 -0.121094 0.642578 1309980453.958310
0.494141 -0.103516 0.667969 1309980453.981318
0.489258 -0.119141 0.661133 1309980454.002313
0.495117 -0.113281 0.681641 1309980454.045314
0.507812 -0.113281 0.643555 1309980454.091322
0.462891 -0.105469 0.679688 1309980454.129319
0.520508 -0.123047 0.664062 1309980454.152315
0.506836 -0.142578 0.673828 1309980454.175319
0.503906 -0.125977 0.639648 1309980454.195317
0.492188 -0.109375 0.583008 1309980454.239324
0.477539 -0.091797 0.667969 1309980454.262319
0.477539 -0.115234 0.663086 1309980454.305306
0.508789 -0.104492 0.654297 1309980454.327326
0.501953 -0.109375 0.667969 1309980454.372292
0.497070 -0.121094 0.699219 1309980454.415302
0.490234 -0.121094 0.699219 1309980454.417308
0.508789 -0.111328 0.658203 1309980454.460318
0.492188 -0.093750 0.647461 1309980454.484336
0.514648 -0.095703 0.647461 1309980454.528321
0.529297 -0.115234 0.635742 1309980454.553339
0.495117 -0.109375 0.649414 1309980454.603325
0.497070 -0.109375 0.649414 1309980454.624328
0.491211 -0.122070 0.670898 1309980454.652331
0.496094 -0.080078 0.643555 1309980454.694331
0.523438 -0.126953 0.647461 1309980454.730330
0.454102 -0.103516 0.646484 1309980454.752305
0.512695 -0.104492 0.654297 1309980454.778330
0.481445 -0.126953 0.674805 1309980454.821350
0.490234 -0.103516 0.665039 1309980454.865332
0.486328 -0.130859 0.663086 1309980454.887329
0.484375 -0.128906 0.669922 1309980454.930349
0.468750 -0.125000 0.666992 1309980454.953371
0.488281 -0.113281 0.669922 1309980454.977338
0.488281 -0.113281 0.669922 1309980454.999336
0.484375 -0.138672 0.684570 1309980455.047335
0.487305 -0.124023 0.695312 1309980455.089336
0.448242 -0.129883 0.649414 1309980455.112335
0.487305 -0.145508 0.680664 1309980455.155343
0.491211 -0.138672 0.684570 1309980455.157335
0.483398 -0.132812 0.681641 1309980455.202315
0.478516 -0.125000 0.673828 1309980455.245345
0.465820 -0.142578 0.673828 1309980455.268337
0.485352 -0.131836 0.671875 1309980455.295342
0.495117 -0.114258 0.665039 1309980455.339339
0.459961 -0.102539 0.665039 1309980455.393355
0.481445 -0.123047 0.681641 1309980455.419332
0.457031 -0.096680 0.666016 1309980455.439348
0.439453 -0.114258 0.655273 1309980455.460341
0.483398 -0.133789 0.662109 1309980455.487327
0.474609 -0.099609 0.660156 1309980455.530364
0.510742 -0.129883 0.652344 1309980455.555353
0.466797 -0.135742 0.670898 1309980455.610348
0.490234 -0.108398 0.651367 1309980455.632343
0.517578 -0.129883 0.682617 1309980455.654349
0.509766 -0.130859 0.644531 1309980455.677341
0.503906 -0.133789 0.623047 1309980455.720347
0.503906 -0.133789 0.623047 1309980455.744349
0.478516 -0.129883 0.648438 1309980455.782353
0.502930 -0.137695 0.676758 1309980455.827354
0.495117 -0.103516 0.638672 1309980455.852349
0.448242 -0.110352 0.644531 1309980455.873360
0.476562 -0.106445 0.666992 1309980455.915348
0.490234 -0.132812 0.661133 1309980455.948335
0.493164 -0.095703 0.658203 1309980455.970318
0.500000 -0.128906 0.678711 1309980456.003360
0.478516 -0.154297 0.679688 1309980456.049365
0.504883 -0.129883 0.668945 1309980456.070346
0.484375 -0.118164 0.652344 1309980456.092325
0.496094 -0.118164 0.652344 1309980456.137359
0.509766 -0.136719 0.626953 1309980456.180363
0.493164 -0.109375 0.674805 1309980456.202358
0.468750 -0.125000 0.676758 1309980456.245351
0.477539 -0.148438 0.667969 1309980456.268362
0.498047 -0.105469 0.655273 1309980456.289359
0.504883 -0.115234 0.689453 1309980456.334359
0.484375 -0.135742 0.651367 1309980456.370353
0.485352 -0.109375 0.673828 1309980456.393356
0.492188 -0.114258 0.692383 1309980456.437362
0.484375 -0.107422 0.645508 1309980456.459357
0.495117 -0.107422 0.645508 1309980456.482432
0.482422 -0.094727 0.665039 1309980456.528365
0.458984 -0.117188 0.669922 1309980456.550366
0.490234 -0.123047 0.681641 1309980456.594380
0.505859 -0.138672 0.617188 1309980456.617374
0.509766 -0.123047 0.662109 1309980456.652388
0.259766 -0.123047 0.662109 1309980456.718371
0.468750 -0.109375 0.687500 1309980456.721367
0.503906 -0.141602 0.665039 1309980456.764363
0.515625 -0.130859 0.666992 1309980456.785398
0.475586 -0.100586 0.647461 1309980456.809384
0.495117 -0.109375 0.666992 1309980456.853373
0.500977 -0.130859 0.643555 1309980456.875371
0.477539 -0.125000 0.684570 1309980456.932372
0.498047 -0.118164 0.651367 1309980456.954378
0.495117 -0.131836 0.668945 1309980456.975373
0.489258 -0.136719 0.683594 1309980456.998372
0.496094 -0.111328 0.697266 1309980457.045375
0.482422 -0.142578 0.668945 1309980457.070378
0.505859 -0.128906 0.654297 1309980457.112364
0.494141 -0.130859 0.670898 1309980457.155378
0.498047 -0.121094 0.655273 1309980457.177381
0.454102 -0.121094 0.651367 1309980457.208380
0.480469 -0.120117 0.673828 1309980457.230375
0.464844 -0.094727 0.671875 1309980457.275379
0.475586 -0.106445 0.662109 1309980457.298388
0.478516 -0.115234 0.698242 1309980457.342390
0.488281 -0.108398 0.702148 1309980457.367381
0.489258 -0.126953 0.666992 1309980457.389383
0.498047 -0.129883 0.666992 1309980457.412385
0.505859 -0.111328 0.642578 1309980457.454385
0.446289 -0.103516 0.683594 1309980457.499381
0.526367 -0.113281 0.665039 1309980457.520380
0.484375 -0.104492 0.653320 1309980457.564390
0.463867 -0.106445 0.688477 1309980457.588390
0.499023 -0.130859 0.649414 1309980457.615366
0.476562 -0.107422 0.673828 1309980457.659368
0.462891 -0.145508 0.644531 1309980457.683388
0.482422 -0.115234 0.661133 1309980457.727393
0.483398 -0.078125 0.674805 1309980457.747390
0.456055 -0.101562 0.687500 1309980457.790399
0.501953 -0.150391 0.667969 1309980457.812393
0.482422 -0.126953 0.667969 1309980457.833393
0.471680 -0.126953 0.667969 1309980457.875387
0.500977 -0.165039 0.655273 1309980457.919389
0.495117 -0.142578 0.660156 1309980457.971391
0.502930 -0.119141 0.675781 1309980457.972390
0.476562 -0.112305 0.667969 1309980458.018393
0.476562 -0.127930 0.674805 1309980458.044403
0.516602 -0.103516 0.583008 1309980458.082419
0.505859 -0.109375 0.660156 1309980458.104399
0.488281 -0.136719 0.661133 1309980458.127395
0.488281 -0.123047 0.663086 1309980458.173401
0.478516 -0.109375 0.646484 1309980458.197395
0.474609 -0.107422 0.651367 1309980458.240412
0.487305 -0.139648 0.670898 1309980458.262401
0.500977 -0.125000 0.657227 1309980458.289387
0.497070 -0.105469 0.639648 1309980458.320398
0.471680 -0.121094 0.639648 1309980458.362426
0.527344 -0.131836 0.648438 1309980458.394407
0.489258 -0.127930 0.675781 1309980458.437398
0.531250 -0.111328 0.613281 1309980458.462415
0.489258 -0.125000 0.713867 1309980458.505580
0.462891 -0.075195 0.657227 1309980458.527404
0.524414 -0.075195 0.657227 1309980458.550413
0.511719 -0.105469 0.657227 1309980458.576404
0.488281 -0.103516 0.659180 1309980458.622405
0.491211 -0.063477 0.662109 1309980458.645429
0.494141 -0.100586 0.639648 1309980458.689459
0.506836 -0.130859 0.681641 1309980458.714443
0.499023 -0.130859 0.681641 1309980458.735412
0.495117 -0.135742 0.681641 1309980458.783413
0.498047 -0.094727 0.684570 1309980458.817437
0.490234 -0.125000 0.660156 1309980458.838412
0.479492 -0.119141 0.666992 1309980458.889416
0.492188 -0.109375 0.670898 1309980458.912418
0.531250 -0.145508 0.667969 1309980458.933415
0.509766 -0.123047 0.641602 1309980458.979415
0.503906 -0.118164 0.676758 1309980459.000410
0.483398 -0.125977 0.672852 1309980459.045427
0.477539 -0.122070 0.670898 1309980459.068409
0.514648 -0.107422 0.683594 1309980459.112426
0.489258 -0.113281 0.648438 1309980459.120412
0.493164 -0.111328 0.648438 1309980459.168416
0.496094 -0.102539 0.662109 1309980459.240432
0.504883 -0.114258 0.683594 1309980459.242414
0.474609 -0.121094 0.676758 1309980459.278415
0.497070 -0.136719 0.669922 1309980459.299415
0.510742 -0.132812 0.667969 1309980459.343416
0.515625 -0.135742 0.675781 1309980459.364413
0.517578 -0.109375 0.642578 1309980459.409422
0.479492 -0.126953 0.677734 1309980459.434421
0.455078 -0.121094 0.676758 1309980459.459428
0.511719 -0.141602 0.676758 1309980459.485421
0.481445 -0.120117 0.677734 1309980459.515423
0.477539 -0.138672 0.680664 1309980459.568406
0.499023 -0.118164 0.666016 1309980459.589433
0.497070 -0.105469 0.664062 1309980459.612421
0.464844 -0.130859 0.678711 1309980459.649445
0.513672 -0.115234 0.666992 1309980459.692407
0.488281 -0.136719 0.700195 1309980459.715425
0.491211 -0.136719 0.700195 1309980459.734428
0.501953 -0.130859 0.660156 1309980459.782431
