0.487305 -0.123047 0.666016 1309979902.947597
0.494141 -0.146484 0.661133 1309979903.006600
0.494141 -0.146484 0.661133 1309979903.057600
0.502930 -0.110352 0.584961 1309979903.084604
0.486328 -0.147461 0.650391 1309979903.111610
0.495117 -0.133789 0.651367 1309979903.112599
0.510742 -0.142578 0.674805 1309979903.136603
0.501953 -0.129883 0.681641 1309979903.158577
0.494141 -0.115234 0.681641 1309979903.203591
0.492188 -0.134766 0.670898 1309979903.248600
0.484375 -0.220703 0.677734 1309979903.278614
0.492188 -0.115234 0.652344 1309979903.294609
0.465820 -0.113281 0.668945 1309979903.337606
0.505859 -0.156250 0.670898 1309979903.361607
0.492188 -0.155273 0.685547 1309979903.411609
0.503906 -0.137695 0.691406 1309979903.433609
0.477539 -0.113281 0.690430 1309979903.481608
0.483398 -0.146484 0.658203 1309979903.534605
0.460938 -0.142578 0.654297 1309979903.547633
0.475586 -0.150391 0.661133 1309979903.576611
0.523438 -0.139648 0.661133 1309979903.591608
0.523438 -0.139648 0.661133 1309979903.623683
0.494141 -0.119141 0.654297 1309979903.669621
0.470703 -0.128906 0.684570 1309979903.681607
0.519531 -0.139648 0.659180 1309979903.742621
0.482422 -0.076172 0.648438 1309979903.748611
0.489258 -0.076172 0.648438 1309979903.772613
0.487305 -0.136719 0.680664 1309979903.848612
0.528320 -0.143555 0.662109 1309979903.886616
0.486328 -0.119141 0.657227 1309979903.887613
0.515625 -0.121094 0.659180 1309979903.908616
0.265625 -0.121094 0.659180 1309979903.931615
0.480469 -0.091797 0.673828 1309979903.978616
0.494141 -0.089844 0.671875 1309979904.028618
0.490234 -0.140625 0.668945 1309979904.056619
0.498047 -0.124023 0.639648 1309979904.074594
0.524414 -0.127930 0.663086 1309979904.122620
0.524414 -0.127930 0.663086 1309979904.132619
0.510742 -0.108398 0.637695 1309979904.184622
0.511719 -0.142578 0.636719 1309979904.207613
0.513672 -0.110352 0.635742 1309979904.273622
0.512695 -0.117188 0.664062 1309979904.287618
0.493164 -0.101562 0.657227 1309979904.381625
0.512695 -0.114258 0.643555 1309979904.382619
0.516602 -0.117188 0.650391 1309979904.404625
0.478516 -0.128906 0.666992 1309979904.406623
0.456055 -0.102539 0.666016 1309979904.434622
0.453125 -0.100586 0.642578 1309979904.461626
0.467773 -0.112305 0.663086 1309979904.506740
0.500977 -0.150391 0.668945 1309979904.531633
0.491211 -0.130859 0.659180 1309979904.554630
0.487305 -0.104492 0.675781 1309979904.597629
0.492188 -0.067383 0.672852 1309979904.621631
0.478516 -0.092773 0.648438 1309979904.666649
0.514648 -0.109375 0.664062 1309979904.689654
0.488281 -0.098633 0.649414 1309979904.756640
0.482422 -0.119141 0.581055 1309979904.774638
0.512695 -0.135742 0.664062 1309979904.798608
0.478516 -0.101562 0.680664 1309979904.819590
0.514648 -0.130859 0.666992 1309979904.841627
0.510742 -0.132812 0.666992 1309979904.884629
0.500977 -0.121094 0.712891 1309979904.921629
0.503906 -0.113281 0.709961 1309979904.963604
0.499023 -0.135742 0.656250 1309979904.986614
0.480469 -0.121094 0.689453 1309979905.009638
0.478516 -0.114258 0.675781 1309979905.053642
0.478516 -0.114258 0.675781 1309979905.076632
0.506836 -0.109375 0.653320 1309979905.114640
0.514648 -0.115234 0.654297 1309979905.139644
0.490234 -0.097656 0.658203 1309979905.183650
0.488281 -0.156250 0.676758 1309979905.199638
0.485352 -0.187500 0.657227 1309979905.234641
0.517578 -0.187500 0.657227 1309979905.268642
0.501953 -0.091797 0.664062 1309979905.312648
0.500000 -0.164062 0.646484 1309979905.334647
0.522461 -0.129883 0.618164 1309979905.356625
0.496094 -0.126953 0.637695 1309979905.443660
0.488281 -0.133789 0.649414 1309979905.445645
0.506836 -0.115234 0.660156 1309979905.481672
0.487305 -0.150391 0.649414 1309979905.504649
0.462891 -0.130859 0.658203 1309979905.526656
0.488281 -0.140625 0.650391 1309979905.568653
0.504883 -0.153320 0.666992 1309979905.648676
0.495117 -0.147461 0.681641 1309979905.669649
0.499023 -0.159180 0.688477 1309979905.689643
0.500000 -0.143555 0.672852 1309979905.734656
0.501953 -0.115234 0.678711 1309979905.756652
0.483398 -0.135742 0.678711 1309979905.768659
0.478516 -0.155273 0.690430 1309979905.777648
0.485352 -0.142578 0.672852 1309979905.816655
0.503906 -0.162109 0.677734 1309979905.861677
0.500977 -0.126953 0.682617 1309979905.884662
0.493164 -0.131836 0.656250 1309979905.907658
0.455078 -0.108398 0.655273 1309979905.951638
0.477539 -0.125977 0.620117 1309979905.996660
0.727539 -0.125977 0.620117 1309979906.011656
0.517578 -0.119141 0.653320 1309979906.038639
0.516602 -0.132812 0.657227 1309979906.083667
0.518555 -0.100586 0.670898 1309979906.104675
0.524414 -0.093750 0.651367 1309979906.151644
0.483398 -0.090820 0.637695 1309979906.174679
0.549805 -0.099609 0.637695 1309979906.197662
0.500977 -0.086914 0.658203 1309979906.246649
0.487305 -0.079102 0.631836 1309979906.288669
0.507812 -0.096680 0.666992 1309979906.298651
0.527344 -0.125977 0.633789 1309979906.354667
0.477539 -0.118164 0.685547 1309979906.357661
0.505859 -0.104492 0.665039 1309979906.403699
0.491211 -0.117188 0.680664 1309979906.447661
0.515625 -0.108398 0.672852 1309979906.471669
0.495117 -0.096680 0.648438 1309979906.506698
0.495117 -0.127930 0.695312 1309979906.528640
0.490234 -0.150391 0.658203 1309979906.559687
0.461914 -0.115234 0.670898 1309979906.647675
0.496094 -0.140625 0.663086 1309979906.671688
0.505859 -0.117188 0.639648 1309979906.692681
0.512695 -0.125000 0.650391 1309979906.713677
0.515625 -0.122070 0.625000 1309979906.736674
0.490234 -0.108398 0.625000 1309979906.737668
0.463867 -0.136719 0.648438 1309979906.806674
0.468750 -0.109375 0.638672 1309979906.813670
0.488281 -0.136719 0.666016 1309979906.857683
0.504883 -0.121094 0.667969 1309979906.984674
0.517578 -0.097656 0.645508 1309979906.987672
0.498047 -0.075195 0.645508 1309979906.992676
0.477539 -0.124023 0.668945 1309979907.029678
0.494141 -0.137695 0.676758 1309979907.073674
0.493164 -0.136719 0.669922 1309979907.162683
0.511719 -0.146484 0.670898 1309979907.184667
0.496094 -0.136719 0.596680 1309979907.187685
0.496094 -0.136719 0.596680 1309979907.208681
0.475586 -0.126953 0.665039 1309979907.241688
0.516602 -0.136719 0.644531 1309979907.252688
0.505859 -0.122070 0.655273 1309979907.272676
0.530273 -0.108398 0.642578 1309979907.274681
0.473633 -0.125000 0.642578 1309979907.334684
0.486328 -0.122070 0.648438 1309979907.356688
0.498047 -0.098633 0.666992 1309979907.377679
0.494141 -0.081055 0.653320 1309979907.421694
0.528320 -0.125977 0.660156 1309979907.428683
0.502930 -0.125000 0.679688 1309979907.464684
0.487305 -0.130859 0.663086 1309979907.486688
0.465820 -0.096680 0.674805 1309979907.533682
0.480469 -0.132812 0.652344 1309979907.554691
0.461914 -0.102539 0.642578 1309979907.599691
0.494141 -0.125977 0.662109 1309979907.621702
0.493164 -0.132812 0.683594 1309979907.643691
0.503906 -0.138672 0.668945 1309979907.691689
0.469727 -0.085938 0.663086 1309979907.731688
0.488281 -0.117188 0.651367 1309979907.753689
0.515625 -0.099609 0.653320 1309979907.777683
0.521484 -0.127930 0.655273 1309979907.821707
0.487305 -0.136719 0.662109 1309979907.846701
0.490234 -0.109375 0.654297 1309979907.866690
0.492188 -0.099609 0.646484 1309979907.932700
0.505859 -0.092773 0.655273 1309979907.934697
0.516602 -0.158203 0.632812 1309979907.999695
0.496094 -0.107422 0.633789 1309979908.001689
0.490234 -0.093750 0.653320 1309979908.042693
0.740234 -0.093750 0.653320 1309979908.064699
0.516602 -0.152344 0.668945 1309979908.108699
0.498047 -0.131836 0.643555 1309979908.144700
0.496094 -0.135742 0.672852 1309979908.253701
0.524414 -0.133789 0.659180 1309979908.290609
0.500977 -0.115234 0.665039 1309979908.290685
0.502930 -0.179688 0.693359 1309979908.292676
0.495117 -0.098633 0.658203 1309979908.314679
0.507812 -0.120117 0.666016 1309979908.336698
0.496094 -0.130859 0.676758 1309979908.358699
0.503906 -0.162109 0.671875 1309979908.402699
0.492188 -0.114258 0.685547 1309979908.424705
0.512695 -0.112305 0.654297 1309979908.447713
0.519531 -0.112305 0.654297 1309979908.491719
0.505859 -0.118164 0.663086 1309979908.530710
0.465820 -0.055664 0.666016 1309979908.568707
0.496094 -0.117188 0.644531 1309979908.589710
0.485352 -0.116211 0.643555 1309979908.612710
0.506836 -0.103516 0.645508 1309979908.657713
0.513672 -0.167969 0.661133 1309979908.677704
0.505859 -0.113281 0.674805 1309979908.720703
0.494141 -0.125000 0.669922 1309979908.754713
0.516602 -0.112305 0.689453 1309979908.807688
0.482422 -0.125977 0.689453 1309979908.808698
0.498047 -0.162109 0.678711 1309979908.872709
0.514648 -0.118164 0.660156 1309979908.873703
0.527344 -0.127930 0.667969 1309979908.942710
0.473633 -0.129883 0.678711 1309979908.944709
0.482422 -0.109375 0.667969 1309979909.000713
0.520508 -0.109375 0.667969 1309979909.013718
0.500977 -0.105469 0.645508 1309979909.039692
0.507812 -0.136719 0.679688 1309979909.073712
0.508789 -0.125000 0.664062 1309979909.097730
0.510742 -0.138672 0.636719 1309979909.162720
0.508789 -0.139648 0.633789 1309979909.168704
0.508789 -0.139648 0.633789 1309979909.211723
0.497070 -0.132812 0.666992 1309979909.238719
0.483398 -0.115234 0.678711 1309979909.259718
0.463867 -0.095703 0.670898 1309979909.303698
0.437500 -0.101562 0.662109 1309979909.325719
0.481445 -0.136719 0.677734 1309979909.369721
0.522461 -0.123047 0.670898 1309979909.392715
0.463867 -0.090820 0.703125 1309979909.414725
0.486328 -0.111328 0.674805 1309979909.534729
0.515625 -0.093750 0.647461 1309979909.548729
0.500977 -0.104492 0.668945 1309979909.549720
0.490234 -0.134766 0.675781 1309979909.551888
0.490234 -0.115234 0.651367 1309979909.574721
0.510742 -0.114258 0.650391 1309979909.620728
0.513672 -0.101562 0.595703 1309979909.644708
0.495117 -0.123047 0.684570 1309979909.680729
0.505859 -0.115234 0.645508 1309979909.734737
0.512695 -0.106445 0.665039 1309979909.744728
0.492188 -0.113281 0.725586 1309979909.789727
0.486328 -0.109375 0.678711 1309979909.832732
0.510742 -0.115234 0.654297 1309979909.845733
0.518555 -0.116211 0.624023 1309979909.868729
0.499023 -0.105469 0.629883 1309979909.940733
0.486328 -0.097656 0.700195 1309979909.942733
0.503906 -0.135742 0.687500 1309979909.968733
0.505859 -0.142578 0.675781 1309979910.020736
0.486328 -0.123047 0.657227 1309979910.043737
0.477539 -0.130859 0.662109 1309979910.068737
0.527344 -0.125000 0.666016 1309979910.132732
0.277344 -0.125000 0.666016 1309979910.139729
0.496094 -0.099609 0.646484 1309979910.182738
0.458984 -0.105469 0.666016 1309979910.204723
0.541992 -0.141602 0.657227 1309979910.274739
0.520508 -0.140625 0.652344 1309979910.317744
0.491211 -0.138672 0.663086 1309979910.318737
0.518555 -0.132812 0.661133 1309979910.336742
0.503906 -0.125977 0.663086 1309979910.360736
0.501953 -0.101562 0.637695 1309979910.404720
0.518555 -0.119141 0.674805 1309979910.428743
0.510742 -0.141602 0.681641 1309979910.465745
0.498047 -0.116211 0.671875 1309979910.487737
0.519531 -0.131836 0.632812 1309979910.528746
0.494141 -0.131836 0.606445 1309979910.550726
0.496094 -0.115234 0.606445 1309979910.573744
0.506836 -0.115234 0.606445 1309979910.617754
0.485352 -0.126953 0.687500 1309979910.645744
0.515625 -0.132812 0.645508 1309979910.667744
0.498047 -0.147461 0.639648 1309979910.713750
0.502930 -0.128906 0.641602 1309979910.749758
0.511719 -0.143555 0.664062 1309979910.802750
0.515625 -0.117188 0.690430 1309979910.823747
0.500000 -0.127930 0.698242 1309979910.865755
0.474609 -0.118164 0.698242 1309979910.867748
0.486328 -0.119141 0.658203 1309979910.918751
0.529297 -0.141602 0.666016 1309979910.953755
0.515625 -0.099609 0.669922 1309979910.975753
0.504883 -0.107422 0.687500 1309979911.003756
0.474609 -0.082031 0.672852 1309979911.060754
0.506836 -0.140625 0.651367 1309979911.071755
0.502930 -0.120117 0.619141 1309979911.095749
0.504883 -0.103516 0.649414 1309979911.138756
0.475586 -0.107422 0.699219 1309979911.182756
0.507812 -0.093750 0.671875 1309979911.203733
0.506836 -0.118164 0.679688 1309979911.227755
0.506836 -0.118164 0.679688 1309979911.248758
0.495117 -0.105469 0.662109 1309979911.295764
0.497070 -0.107422 0.655273 1309979911.342761
0.502930 -0.119141 0.674805 1309979911.403768
0.494141 -0.143555 0.669922 1309979911.404757
0.458984 -0.106445 0.651367 1309979911.425765
0.507812 -0.093750 0.625000 1309979911.472766
0.488281 -0.126953 0.643555 1309979911.495765
0.491211 -0.120117 0.663086 1309979911.519782
0.489258 -0.115234 0.658203 1309979911.549778
0.533203 -0.125000 0.666992 1309979911.592762
0.480469 -0.111328 0.680664 1309979911.614768
0.501953 -0.177734 0.682617 1309979911.642475
0.492188 -0.139648 0.684570 1309979911.688774
0.501953 -0.139648 0.646484 1309979911.710769
0.511719 -0.137695 0.685547 1309979911.753772
