0.500977 0.233398 0.600586 1309565383.141174
0.511719 0.187500 0.596680 1309565383.171257
0.532227 0.212891 0.575195 1309565383.213107
0.534180 0.191406 0.618164 1309565383.258113
0.514648 0.222656 0.591797 1309565383.319106
0.487305 0.207031 0.625000 1309565383.367104
0.543945 0.179688 0.594727 1309565383.372108
0.507812 0.227539 0.587891 1309565383.384109
0.531250 0.186523 0.600586 1309565383.421109
0.523438 0.205078 0.590820 1309565383.441108
0.504883 0.224609 0.570312 1309565383.463111
0.510742 0.219727 0.588867 1309565383.487107
0.530273 0.208008 0.613281 1309565383.532112
0.511719 0.270508 0.610352 1309565383.577115
0.456055 0.221680 0.583008 1309565383.627121
0.583008 0.214844 0.604492 1309565383.653117
0.594727 0.281250 0.521484 1309565383.656108
0.488281 0.265625 0.578125 1309565383.681111
0.340820 0.303711 0.563477 1309565383.724113
0.575195 0.223633 0.534180 1309565383.761116
0.490234 0.254883 0.573242 1309565383.806124
0.315430 0.466797 0.646484 1309565383.832116
0.528320 0.190430 0.545898 1309565383.853104
0.725586 0.190430 0.545898 1309565383.876128
0.534180 0.233398 0.619141 1309565383.919113
0.505859 0.233398 0.565430 1309565383.963124
0.497070 0.246094 0.541016 1309565383.987118
0.590820 0.020508 0.594727 1309565384.022114
0.500977 0.360352 0.590820 1309565384.044127
0.518555 0.166016 0.575195 1309565384.067122
0.555664 0.126953 0.625977 1309565384.112130
0.580078 0.185547 0.606445 1309565384.154135
0.349609 0.376953 0.594727 1309565384.176129
0.496094 0.210938 0.559570 1309565384.198128
0.576172 0.294922 0.641602 1309565384.242199
0.576172 0.294922 0.641602 1309565384.259128
0.529297 0.296875 0.561523 1309565384.329118
0.420898 0.267578 0.572266 1309565384.331126
0.568359 0.305664 0.538086 1309565384.417128
0.537109 0.265625 0.484375 1309565384.458137
0.501953 0.284180 0.588867 1309565384.508122
0.578125 0.267578 0.499023 1309565384.511120
0.476562 0.228516 0.528320 1309565384.529121
0.531250 0.243164 0.566406 1309565384.532130
0.459961 0.310547 0.573242 1309565384.553125
0.488281 0.231445 0.521484 1309565384.597131
0.484375 0.302734 0.562500 1309565384.620137
0.445312 0.268555 0.575195 1309565384.663139
0.621094 0.215820 0.590820 1309565384.684129
0.497070 0.195312 0.609375 1309565384.727132
0.450195 0.245117 0.553711 1309565384.784132
0.470703 0.238281 0.640625 1309565384.801137
0.538086 0.220703 0.640625 1309565384.812139
0.524414 0.223633 0.594727 1309565384.853139
0.587891 0.306641 0.551758 1309565384.939140
0.447266 0.214844 0.624023 1309565384.983136
0.475586 0.181641 0.534180 1309565384.987131
0.472656 0.211914 0.545898 1309565384.999126
0.517578 0.211914 0.545898 1309565385.001134
0.517578 0.209961 0.592773 1309565385.066120
0.494141 0.212891 0.549805 1309565385.088153
0.457031 0.283203 0.542969 1309565385.112143
0.522461 0.293945 0.503906 1309565385.151137
0.532227 0.260742 0.599609 1309565385.174163
0.522461 0.260742 0.599609 1309565385.208137
0.493164 0.291016 0.566406 1309565385.254146
0.562500 0.348633 0.607422 1309565385.276140
0.567383 0.310547 0.521484 1309565385.301143
0.849609 0.105469 0.467773 1309565385.337143
0.760742 0.132812 0.537109 1309565385.358137
0.547852 0.166016 0.480469 1309565385.402153
0.374023 0.166016 0.462891 1309565385.447142
0.286133 0.222656 0.396484 1309565385.468154
0.361328 0.169922 0.440430 1309565385.492146
0.540039 0.146484 0.828125 1309565385.537149
0.932617 1.046875 0.930664 1309565385.574149
0.932617 1.046875 0.930664 1309565385.597147
0.724609 0.393555 0.457031 1309565385.641134
0.461914 0.335938 0.601562 1309565385.684159
0.502930 0.226562 0.592773 1309565385.686150
-0.004883 0.441406 0.874023 1309565385.728153
1.393555 -0.242188 0.075195 1309565385.792152
0.236328 0.365234 0.861328 1309565385.794155
0.537109 0.121094 0.530273 1309565385.819144
0.385742 0.179688 0.587891 1309565385.862179
0.481445 0.157227 0.571289 1309565385.874162
0.467773 0.163086 0.555664 1309565385.917155
0.497070 0.163086 0.555664 1309565385.939158
0.430664 0.217773 0.589844 1309565385.983160
0.564453 0.158203 0.579102 1309565386.006159
0.480469 0.104492 0.599609 1309565386.051161
0.794922 0.300781 0.568359 1309565386.073133
0.502930 0.148438 0.625000 1309565386.117159
0.525391 0.165039 0.605469 1309565386.141178
0.480469 0.190430 0.619141 1309565386.223154
0.528320 0.179688 0.604492 1309565386.244168
0.513672 0.131836 0.595703 1309565386.266172
0.506836 0.265625 0.571289 1309565386.267151
0.475586 0.249023 0.599609 1309565386.309151
0.513672 0.180664 0.561523 1309565386.333160
0.393555 0.323242 0.485352 1309565386.373158
0.411133 0.124023 0.403320 1309565386.396142
0.858398 -0.076172 0.571289 1309565386.438169
0.378906 0.310547 0.535156 1309565386.461167
0.563477 0.288086 0.525391 1309565386.497170
0.505859 0.362305 0.533203 1309565386.539171
0.463867 0.347656 0.553711 1309565386.563175
0.385742 0.246094 0.565430 1309565386.584170
0.406250 0.277344 0.566406 1309565386.629162
0.545898 0.123047 0.591797 1309565386.673170
0.577148 0.125000 0.617188 1309565386.675171
0.406250 0.214844 0.614258 1309565386.733171
0.478516 0.236328 0.601562 1309565386.757173
0.549805 0.222656 0.556641 1309565386.804149
0.541016 0.195312 0.583984 1309565386.848179
0.497070 0.206055 0.588867 1309565386.849170
0.510742 0.230469 0.590820 1309565386.873190
0.510742 0.230469 0.590820 1309565386.908175
0.523438 0.228516 0.594727 1309565386.949192
0.495117 0.204102 0.574219 1309565386.993181
0.497070 0.222656 0.600586 1309565387.002177
0.548828 0.201172 0.595703 1309565387.044182
0.516602 0.201172 0.595703 1309565387.067180
0.525391 0.208008 0.588867 1309565387.107317
0.487305 0.241211 0.591797 1309565387.144175
0.509766 0.205078 0.556641 1309565387.169161
0.506836 0.167969 0.582031 1309565387.206134
0.508789 0.241211 0.578125 1309565387.227145
0.508789 0.241211 0.578125 1309565387.269189
0.524414 0.140625 0.609375 1309565387.319187
0.545898 0.132812 0.618164 1309565387.341167
0.508789 0.273438 0.611328 1309565387.386188
0.541992 0.199219 0.616211 1309565387.388177
0.525391 0.142578 0.563477 1309565387.428213
0.434570 0.385742 0.536133 1309565387.458208
0.549805 0.124023 0.659180 1309565387.519146
0.525391 0.123047 0.594727 1309565387.521166
0.541016 0.285156 0.611328 1309565387.552190
0.556641 0.075195 0.596680 1309565387.596185
0.511719 0.138672 0.611328 1309565387.618172
0.582031 0.213867 0.545898 1309565387.663156
0.503906 0.166016 0.604492 1309565387.686162
0.501953 0.237305 0.587891 1309565387.731204
0.563477 0.124023 0.606445 1309565387.753194
0.606445 0.039062 0.566406 1309565387.806208
0.473633 0.113281 0.608398 1309565387.826167
0.494141 0.194336 0.608398 1309565387.847193
0.509766 0.166016 0.607422 1309565387.892202
0.541016 0.119141 0.620117 1309565387.926187
0.555664 0.172852 0.570312 1309565387.947172
0.526367 0.179688 0.587891 1309565387.972153
0.515625 0.179688 0.587891 1309565388.037190
0.611328 0.070312 0.593750 1309565388.079191
0.524414 0.197266 0.585938 1309565388.081178
0.430664 0.240234 0.601562 1309565388.116155
0.494141 0.236328 0.568359 1309565388.141157
0.534180 0.121094 0.598633 1309565388.178218
0.528320 0.265625 0.607422 1309565388.202170
0.528320 0.265625 0.607422 1309565388.239146
0.549805 0.221680 0.537109 1309565388.283175
0.547852 0.152344 0.599609 1309565388.306192
0.544922 0.167969 0.605469 1309565388.329169
0.510742 0.198242 0.607422 1309565388.372158
0.566406 0.168945 0.592773 1309565388.395185
0.526367 0.202148 0.596680 1309565388.439224
0.539062 0.218750 0.564453 1309565388.462211
0.528320 0.210938 0.580078 1309565388.483222
0.476562 0.203125 0.589844 1309565388.527206
0.484375 0.210938 0.602539 1309565388.549214
0.522461 0.233398 0.583008 1309565388.594222
0.492188 0.222656 0.590820 1309565388.634213
0.506836 0.224609 0.580078 1309565388.657213
0.513672 0.184570 0.605469 1309565388.700205
0.541992 0.236328 0.561523 1309565388.722216
0.528320 0.210938 0.576172 1309565388.801219
0.538086 0.210938 0.608398 1309565388.822213
0.566406 0.202148 0.584961 1309565388.845225
0.494141 0.216797 0.582031 1309565388.864231
0.538086 0.193359 0.576172 1309565388.887224
0.557617 0.201172 0.575195 1309565388.910224
0.495117 0.226562 0.580078 1309565388.954219
0.525391 0.201172 0.581055 1309565388.975209
0.525391 0.201172 0.581055 1309565388.997223
0.516602 0.217773 0.601562 1309565389.057216
0.511719 0.187500 0.591797 1309565389.099229
0.551758 0.183594 0.570312 1309565389.113218
0.503906 0.183594 0.570312 1309565389.134281
0.488281 0.222656 0.578125 1309565389.178223
0.565430 0.189453 0.555664 1309565389.222226
0.568359 0.165039 0.502930 1309565389.244230
0.341797 0.316406 0.561523 1309565389.267213
0.281250 0.205078 0.723633 1309565389.287200
1.038086 -0.044922 0.723633 1309565389.334242
0.344727 0.015625 0.750977 1309565389.379205
0.582031 0.314453 0.566406 1309565389.400229
0.515625 0.235352 0.609375 1309565389.422233
0.531250 0.110352 0.611328 1309565389.465199
0.536133 0.155273 0.618164 1309565389.487245
0.513672 0.079102 0.615234 1309565389.532242
0.545898 0.082031 0.619141 1309565389.554247
0.528320 0.100586 0.598633 1309565389.608215
0.473633 0.085938 0.659180 1309565389.629232
0.532227 0.065430 0.620117 1309565389.672233
0.533203 0.142578 0.605469 1309565389.673390
0.560547 0.152344 0.611328 1309565389.717236
0.530273 0.106445 0.624023 1309565389.759208
0.539062 0.097656 0.634766 1309565389.780230
0.528320 0.134766 0.583008 1309565389.825235
0.524414 0.139648 0.608398 1309565389.849212
0.487305 0.208984 0.624023 1309565389.864234
0.527344 0.124023 0.611328 1309565389.908229
0.542969 0.147461 0.604492 1309565389.952234
0.499023 0.151367 0.597656 1309565389.975233
0.499023 0.126953 0.586914 1309565390.085239
0.518555 0.154297 0.600586 1309565390.087238
0.493164 0.154297 0.600586 1309565390.102236
0.561523 0.045898 0.602539 1309565390.104227
0.515625 0.179688 0.573242 1309565390.147210
0.529297 0.158203 0.614258 1309565390.169231
0.488281 0.187500 0.596680 1309565390.193231
0.506836 0.205078 0.564453 1309565390.235331
0.505859 0.174805 0.568359 1309565390.254245
0.493164 0.210938 0.578125 1309565390.300259
0.524414 0.201172 0.585938 1309565390.347248
0.525391 0.232422 0.570312 1309565390.369239
0.509766 0.201172 0.560547 1309565390.393217
0.476562 0.209961 0.581055 1309565390.437240
0.520508 0.150391 0.586914 1309565390.459250
0.525391 0.204102 0.586914 1309565390.482250
0.495117 0.232422 0.602539 1309565390.528252
0.535156 0.181641 0.563477 1309565390.549267
0.480469 0.207031 0.608398 1309565390.593263
0.500977 0.206055 0.599609 1309565390.614244
0.494141 0.199219 0.601562 1309565390.660247
0.508789 0.161133 0.599609 1309565390.703246
0.524414 0.199219 0.544922 1309565390.727255
0.500000 0.175781 0.587891 1309565390.758250
0.512695 0.198242 0.589844 1309565390.780258
0.502930 0.156250 0.607422 1309565390.806257
0.507812 0.202148 0.567383 1309565390.879252
0.453125 0.258789 0.610352 1309565390.894257
0.552734 0.136719 0.600586 1309565390.909236
0.521484 0.027344 0.600586 1309565390.933301
0.547852 0.117188 0.569336 1309565390.970259
0.531250 0.174805 0.581055 1309565390.994244
0.506836 0.041016 0.562500 1309565391.040257
0.552734 0.284180 0.562500 1309565391.062271
0.581055 0.118164 0.586914 1309565391.105265
0.541992 0.310547 0.573242 1309565391.150252
0.389648 0.162109 0.625000 1309565391.173261
0.487305 0.162109 0.625000 1309565391.195261
0.499023 -0.031250 0.616211 1309565391.238266
0.539062 0.101562 0.639648 1309565391.263241
0.462891 0.039062 0.671875 1309565391.295233
0.551758 0.166992 0.539062 1309565391.380261
0.524414 0.003906 0.590820 1309565391.382244
0.544922 0.003906 0.590820 1309565391.383233
0.528320 0.213867 0.630859 1309565391.435248
0.527344 0.187500 0.570312 1309565391.458231
0.540039 0.088867 0.622070 1309565391.502239
0.550781 0.181641 0.572266 1309565391.524246
0.503906 0.202148 0.610352 1309565391.548412
0.545898 0.208984 0.573242 1309565391.594288
0.560547 0.192383 0.598633 1309565391.614290
0.599609 0.078125 0.571289 1309565391.657260
0.499023 0.179688 0.603516 1309565391.679252
0.520508 0.217773 0.589844 1309565391.723353
0.466797 0.303711 0.595703 1309565391.745265
0.466797 0.303711 0.595703 1309565391.768273
0.716797 0.303711 0.595703 1309565391.810243
0.537109 0.146484 0.584961 1309565391.833240
0.500000 0.182617 0.584961 1309565391.877253
0.500000 0.182617 0.584961 1309565391.899265
0.528320 0.188477 0.584961 1309565391.943270
0.526367 0.168945 0.608398 1309565391.967266
0.604492 0.162109 0.554688 1309565392.012284
0.552734 0.250977 0.564453 1309565392.032270
0.513672 0.200195 0.586914 1309565392.075255
0.550781 0.204102 0.596680 1309565392.098298
0.501953 0.181641 0.596680 1309565392.121257
0.539062 0.209961 0.605469 1309565392.193268
0.515625 0.189453 0.602539 1309565392.213293
0.544922 0.213867 0.573242 1309565392.235333
0.528320 0.195312 0.561523 1309565392.279261
0.514648 0.194336 0.597656 1309565392.300273
0.557617 0.200195 0.568359 1309565392.322264
0.536133 0.202148 0.579102 1309565392.368288
0.538086 0.190430 0.585938 1309565392.404284
0.541992 0.211914 0.578125 1309565392.427284
0.542969 0.216797 0.565430 1309565392.471291
0.561523 0.214844 0.562500 1309565392.493262
0.558594 0.214844 0.562500 1309565392.514310
0.529297 0.233398 0.562500 1309565392.557284
0.554688 0.169922 0.605469 1309565392.657306
0.539062 0.214844 0.532227 1309565392.678288
0.500000 0.226562 0.574219 1309565392.698285
0.558594 0.228516 0.580078 1309565392.699282
0.512695 0.210938 0.602539 1309565392.738274
0.517578 0.166992 0.601562 1309565392.762302
0.559570 0.186523 0.530273 1309565392.783307
0.433594 0.300781 0.522461 1309565392.827306
0.313477 0.337891 0.720703 1309565392.849307
0.811523 -0.169922 0.416992 1309565392.881280
0.344727 0.225586 0.666992 1309565392.918290
0.582031 0.068359 0.649414 1309565392.962298
0.513672 0.210938 0.609375 1309565392.963269
0.544922 0.130859 0.616211 1309565393.005271
0.555664 0.085938 0.608398 1309565393.028296
0.531250 0.133789 0.608398 1309565393.072270
0.549805 0.135742 0.637695 1309565393.125306
0.547852 0.113281 0.609375 1309565393.127292
0.529297 0.100586 0.616211 1309565393.170289
0.533203 0.112305 0.598633 1309565393.208299
0.505859 0.100586 0.616211 1309565393.250306
0.546875 0.100586 0.616211 1309565393.252277
0.526367 0.103516 0.628906 1309565393.295282
0.527344 0.138672 0.631836 1309565393.339304
0.535156 0.086914 0.619141 1309565393.364303
0.573242 0.113281 0.634766 1309565393.398275
0.511719 0.112305 0.635742 1309565393.420264
0.534180 0.112305 0.635742 1309565393.464288
0.533203 0.099609 0.625000 1309565393.488281
0.530273 0.124023 0.637695 1309565393.532294
0.517578 0.179688 0.616211 1309565393.554282
0.483398 0.262695 0.589844 1309565393.598323
0.551758 0.267578 0.546875 1309565393.622281
0.577148 0.225586 0.612305 1309565393.658303
0.572266 0.182617 0.591797 1309565393.692294
0.541016 0.046875 0.632812 1309565393.709283
0.438477 0.168945 0.608398 1309565393.753277
0.498047 0.377930 0.557617 1309565393.775299
0.509766 0.265625 0.564453 1309565393.819302
0.506836 0.218750 0.605469 1309565393.842312
0.533203 0.193359 0.571289 1309565393.910304
0.529297 0.214844 0.589844 1309565393.949300
0.458984 0.246094 0.562500 1309565393.950265
0.513672 0.253906 0.579102 1309565393.997318
0.484375 0.254883 0.579102 1309565393.998278
0.512695 0.216797 0.580078 1309565394.035310
0.509766 0.226562 0.594727 1309565394.080335
0.508789 0.250977 0.563477 1309565394.104320
0.517578 0.232422 0.561523 1309565394.147312
0.525391 0.200195 0.587891 1309565394.169294
0.473633 0.205078 0.587891 1309565394.191302
0.490234 0.177734 0.596680 1309565394.233313
0.538086 0.195312 0.578125 1309565394.255287
0.500977 0.233398 0.555664 1309565394.299273
0.500977 0.197266 0.606445 1309565394.343324
0.548828 0.157227 0.550781 1309565394.368104
0.468750 0.201172 0.605469 1309565394.389327
0.718750 0.201172 0.605469 1309565394.410325
0.511719 0.192383 0.593750 1309565394.455315
0.485352 0.244141 0.598633 1309565394.500340
0.506836 0.216797 0.625000 1309565394.522322
0.483398 0.228516 0.601562 1309565394.542329
0.537109 0.140625 0.596680 1309565394.599329
0.487305 0.208984 0.568359 1309565394.620324
0.560547 0.230469 0.601562 1309565394.664304
0.506836 0.193359 0.598633 1309565394.686328
0.497070 0.056641 0.556641 1309565394.708306
0.512695 0.194336 0.585938 1309565394.732329
0.610352 0.444336 0.585938 1309565394.775337
0.526367 0.069336 0.551758 1309565394.819329
0.463867 0.136719 0.582031 1309565394.843338
0.565430 0.230469 0.544922 1309565394.877321
0.568359 0.043945 0.659180 1309565394.907333
0.451172 0.139648 0.598633 1309565394.931338
0.613281 0.240234 0.571289 1309565394.977299
0.585938 0.105469 0.601562 1309565395.023332
0.516602 0.447266 0.585938 1309565395.044337
0.473633 0.206055 0.580078 1309565395.094350
0.594727 0.269531 0.558594 1309565395.115337
0.488281 0.338867 0.528320 1309565395.119330
0.578125 0.100586 0.586914 1309565395.159333
0.512695 0.248047 0.596680 1309565395.229310
0.505859 0.245117 0.556641 1309565395.249373
0.626953 0.151367 0.580078 1309565395.253328
0.635742 0.103516 0.564453 1309565395.294355
0.471680 0.353516 0.564453 1309565395.317346
0.485352 0.284180 0.613281 1309565395.362352
0.402344 0.235352 0.584961 1309565395.395348
0.456055 0.228516 0.551758 1309565395.418360
0.573242 0.267578 0.594727 1309565395.462354
0.513672 0.159180 0.582031 1309565395.483337
0.570312 0.215820 0.582031 1309565395.506353
0.534180 0.257812 0.578125 1309565395.550357
0.534180 0.257812 0.578125 1309565395.594369
0.508789 0.272461 0.584961 1309565395.610349
0.512695 0.199219 0.577148 1309565395.654353
0.517578 0.258789 0.526367 1309565395.675359
0.539062 0.196289 0.631836 1309565395.719344
0.467773 0.242188 0.555664 1309565395.749347
0.530273 0.220703 0.579102 1309565395.782364
0.525391 0.234375 0.564453 1309565395.810348
0.529297 0.198242 0.572266 1309565395.833349
0.538086 0.205078 0.527344 1309565395.877344
0.523438 0.200195 0.586914 1309565395.900358
0.518555 0.207031 0.585938 1309565395.943357
0.564453 0.220703 0.561523 1309565395.964354
0.510742 0.190430 0.618164 1309565396.009353
0.500977 0.209961 0.588867 1309565396.030361
0.534180 0.201172 0.588867 1309565396.053352
0.506836 0.236328 0.556641 1309565396.103362
0.518555 0.212891 0.599609 1309565396.137362
0.565430 0.195312 0.566406 1309565396.180357
0.525391 0.216797 0.596680 1309565396.207362
0.522461 0.175781 0.582031 1309565396.228370
0.531250 0.207031 0.582031 1309565396.250358
0.510742 0.214844 0.597656 1309565396.293357
0.530273 0.186523 0.589844 1309565396.318360
0.526367 0.174805 0.607422 1309565396.364362
0.530273 0.192383 0.565430 1309565396.387349
0.563477 0.195312 0.541992 1309565396.413390
0.557617 0.220703 0.602539 1309565396.455349
0.533203 0.199219 0.600586 1309565396.522383
0.521484 0.226562 0.584961 1309565396.523348
0.404297 0.286133 0.543945 1309565396.543355
0.483398 0.203125 0.654297 1309565396.585367
0.270508 0.222656 0.587891 1309565396.609359
0.791992 0.222656 0.587891 1309565396.653356
0.333984 0.226562 0.712891 1309565396.674377
0.569336 0.134766 0.527344 1309565396.717363
0.494141 0.259766 0.565430 1309565396.739384
0.521484 0.139648 0.645508 1309565396.770388
0.510742 0.167969 0.564453 1309565396.817364
0.473633 0.167969 0.564453 1309565396.839372
0.398438 0.117188 0.586914 1309565396.902362
0.398438 0.117188 0.586914 1309565396.903369
0.529297 0.103516 0.576172 1309565396.938372
0.550781 0.223633 0.561523 1309565396.982371
0.529297 0.101562 0.591797 1309565397.006385
0.573242 0.163086 0.620117 1309565397.050383
0.539062 0.128906 0.612305 1309565397.072356
0.541016 0.217773 0.573242 1309565397.115367
0.550781 0.204102 0.590820 1309565397.138379
0.598633 0.178711 0.571289 1309565397.180376
0.548828 0.242188 0.575195 1309565397.203369
0.573242 0.299805 0.579102 1309565397.227377
0.576172 0.119141 0.588867 1309565397.270384
0.501953 0.196289 0.588867 1309565397.292382
0.541016 0.259766 0.569336 1309565397.335382
0.546875 0.082031 0.596680 1309565397.358380
0.503906 0.082031 0.596680 1309565397.383361
0.474609 0.207031 0.619141 1309565397.417381
0.471680 0.296875 0.594727 1309565397.464397
0.520508 0.209961 0.586914 1309565397.487373
0.475586 0.267578 0.611328 1309565397.530382
0.514648 0.207031 0.554688 1309565397.592394
0.485352 0.213867 0.554688 1309565397.593384
0.531250 0.241211 0.554688 1309565397.626391
0.474609 0.254883 0.583008 1309565397.649416
0.518555 0.230469 0.579102 1309565397.694387
0.504883 0.219727 0.561523 1309565397.717388
0.456055 0.236328 0.613281 1309565397.740372
0.506836 0.236328 0.557617 1309565397.805400
0.519531 0.191406 0.574219 1309565397.807385
0.487305 0.234375 0.575195 1309565397.862377
0.514648 0.205078 0.576172 1309565397.885403
0.478516 0.251953 0.570312 1309565397.905394
0.463867 0.213867 0.579102 1309565397.927392
0.500977 0.211914 0.587891 1309565397.972403
0.463867 0.245117 0.600586 1309565398.013464
0.498047 0.165039 0.599609 1309565398.035391
0.523438 0.199219 0.538086 1309565398.059394
0.520508 0.268555 0.600586 1309565398.102413
0.559570 0.270508 0.600586 1309565398.123388
0.458984 0.032227 0.619141 1309565398.170395
0.525391 0.188477 0.609375 1309565398.193397
0.560547 0.130859 0.596680 1309565398.237397
0.484375 0.194336 0.607422 1309565398.262404
0.518555 0.203125 0.582031 1309565398.290409
0.561523 0.142578 0.582031 1309565398.315412
0.510742 0.212891 0.605469 1309565398.357409
0.523438 0.173828 0.608398 1309565398.394401
0.589844 0.036133 0.592773 1309565398.422399
0.519531 0.153320 0.591797 1309565398.444390
0.506836 0.119141 0.650391 1309565398.488402
0.506836 0.119141 0.650391 1309565398.509404
0.399414 0.253906 0.611328 1309565398.553411
0.499023 0.120117 0.537109 1309565398.575398
0.402344 0.250977 0.556641 1309565398.621431
0.549805 0.291016 0.510742 1309565398.643403
0.622070 0.203125 0.574219 1309565398.668412
0.622070 0.203125 0.574219 1309565398.703412
0.483398 0.230469 0.569336 1309565398.748405
0.594727 0.147461 0.558594 1309565398.769408
0.481445 0.177734 0.569336 1309565398.813431
0.567383 0.250977 0.583008 1309565398.835404
0.628906 0.208984 0.521484 1309565398.880403
0.628906 0.208984 0.521484 1309565398.903401
0.478516 0.213867 0.583008 1309565398.948418
0.492188 0.316406 0.551758 1309565398.970428
0.498047 0.260742 0.574219 1309565398.993413
0.506836 0.148438 0.578125 1309565399.094418
0.517578 0.177734 0.612305 1309565399.096409
0.553711 0.209961 0.585938 1309565399.112419
0.502930 0.266602 0.571289 1309565399.134414
0.532227 0.244141 0.567383 1309565399.157420
0.521484 0.197266 0.584961 1309565399.200391
0.552734 0.230469 0.560547 1309565399.223401
0.527344 0.239258 0.521484 1309565399.244418
0.526367 0.249023 0.534180 1309565399.288418
0.506836 0.195312 0.534180 1309565399.311424
0.475586 0.173828 0.623047 1309565399.355398
0.522461 0.286133 0.552734 1309565399.398418
0.522461 0.261719 0.551758 1309565399.422439
0.527344 0.261719 0.551758 1309565399.444422
0.521484 0.238281 0.551758 1309565399.489424
0.500000 0.238281 0.572266 1309565399.512409
0.469727 0.257812 0.583008 1309565399.562423
0.539062 0.214844 0.557617 1309565399.583420
0.471680 0.262695 0.554688 1309565399.604420
0.517578 0.215820 0.554688 1309565399.630512
0.535156 0.240234 0.531250 1309565399.679413
0.500000 0.268555 0.578125 1309565399.702448
0.531250 0.238281 0.560547 1309565399.746425
0.516602 0.246094 0.576172 1309565399.768423
0.476562 0.235352 0.583984 1309565399.810427
0.499023 0.246094 0.569336 1309565399.855434
0.533203 0.238281 0.597656 1309565399.877466
0.554688 0.260742 0.583008 1309565399.920427
0.535156 0.232422 0.576172 1309565399.945443
0.469727 0.230469 0.534180 1309565399.988413
0.500000 0.222656 0.599609 1309565399.989433
0.569336 0.222656 0.599609 1309565400.023425
0.504883 0.189453 0.540039 1309565400.069433
0.511719 0.246094 0.614258 1309565400.090427
0.560547 0.213867 0.612305 1309565400.134432
0.505859 0.224609 0.585938 1309565400.157462
0.620117 0.283203 0.585938 1309565400.201439
0.263672 0.283203 0.585938 1309565400.223411
0.072266 0.425781 0.670898 1309565400.267417
0.512695 -0.215820 0.443359 1309565400.289431
0.480469 0.174805 0.588867 1309565400.364439
0.714844 0.095703 0.700195 1309565400.394425
0.464844 0.095703 0.700195 1309565400.395443
0.584961 0.134766 0.549805 1309565400.419424
0.500000 0.080078 0.580078 1309565400.462445
0.583008 0.071289 0.593750 1309565400.484438
0.538086 0.218750 0.612305 1309565400.507439
0.568359 0.145508 0.604492 1309565400.550429
0.568359 0.145508 0.604492 1309565400.573435
0.536133 0.109375 0.638672 1309565400.630429
0.538086 0.148438 0.611328 1309565400.648447
0.482422 0.154297 0.603516 1309565400.670446
0.540039 0.103516 0.614258 1309565400.713444
0.567383 0.142578 0.565430 1309565400.738446
0.567383 0.142578 0.565430 1309565400.763455
0.547852 0.122070 0.616211 1309565400.805443
0.534180 0.035156 0.603516 1309565400.848437
0.509766 0.195312 0.542969 1309565400.883460
0.521484 0.164062 0.571289 1309565400.905441
0.527344 0.184570 0.583008 1309565400.927444
0.553711 0.126953 0.605469 1309565400.970450
0.565430 0.137695 0.615234 1309565400.993449
0.501953 0.152344 0.610352 1309565401.036444
0.508789 0.175781 0.611328 1309565401.059456
0.530273 0.218750 0.549805 1309565401.102444
0.549805 0.212891 0.557617 1309565401.125460
0.463867 0.189453 0.587891 1309565401.169457
0.503906 0.146484 0.568359 1309565401.205458
0.495117 0.208008 0.625000 1309565401.228471
0.518555 0.229492 0.591797 1309565401.250451
0.515625 0.203125 0.597656 1309565401.298453
0.523438 0.214844 0.590820 1309565401.321463
0.530273 0.212891 0.589844 1309565401.365463
0.520508 0.231445 0.559570 1309565401.405464
0.510742 0.226562 0.592773 1309565401.426460
0.541992 0.212891 0.606445 1309565401.446424
0.510742 0.224609 0.591797 1309565401.493470
0.514648 0.208984 0.584961 1309565401.515461
0.485352 0.199219 0.599609 1309565401.604447
0.505859 0.178711 0.596680 1309565401.670469
0.522461 0.202148 0.549805 1309565401.693461
0.481445 0.207031 0.607422 1309565401.714465
0.508789 0.226562 0.584961 1309565401.715546
0.496094 0.202148 0.584961 1309565401.736472
0.503906 0.191406 0.586914 1309565401.738436
0.535156 0.192383 0.635742 1309565401.780443
0.530273 0.212891 0.572266 1309565401.803469
0.505859 0.154297 0.604492 1309565401.826438
0.510742 0.174805 0.602539 1309565401.890463
0.510742 0.174805 0.602539 1309565401.892636
0.506836 0.167969 0.618164 1309565401.925443
0.510742 0.183594 0.597656 1309565401.966468
0.492188 0.187500 0.618164 1309565401.990474
