0.555664 -0.072266 0.642578 1310508600.422174
0.540039 -0.068359 0.636719 1310508600.443103
0.561523 -0.085938 0.650391 1310508600.464097
0.527344 -0.066406 0.624023 1310508600.508181
0.520508 -0.074219 0.624023 1310508600.531177
0.539062 -0.068359 0.625977 1310508600.564116
0.507812 -0.069336 0.651367 1310508600.587187
0.539062 -0.027344 0.623047 1310508600.630182
0.521484 -0.064453 0.620117 1310508600.652157
0.521484 -0.062500 0.642578 1310508600.698122
0.538086 -0.080078 0.651367 1310508600.720122
0.544922 -0.089844 0.633789 1310508600.765210
0.524414 -0.089844 0.633789 1310508600.791187
0.516602 -0.066406 0.628906 1310508600.814130
0.531250 -0.061523 0.607422 1310508600.858128
0.496094 -0.039062 0.671875 1310508600.885185
0.571289 0.210938 0.671875 1310508600.913191
0.576172 0.003906 0.641602 1310508600.945188
0.607422 -0.064453 0.565430 1310508600.989186
0.517578 -0.022461 0.639648 1310508601.010148
0.575195 -0.040039 0.556641 1310508601.035159
0.659180 0.053711 0.679688 1310508601.084190
0.661133 -0.074219 0.546875 1310508601.107121
0.659180 -0.210938 0.525391 1310508601.149190
0.551758 0.030273 0.672852 1310508601.172206
0.552734 -0.203125 0.725586 1310508601.215264
0.496094 -0.165039 0.791016 1310508601.237079
0.458984 -0.109375 0.933594 1310508601.259123
0.418945 -0.002930 1.249023 1310508601.303165
1.459961 -0.158203 1.594727 1310508601.329147
1.979492 -0.339844 -1.973633 1310508601.374183
0.847656 -0.134766 -1.526367 1310508601.397135
1.452148 0.685547 0.490234 1310508601.479142
-0.266602 0.787109 1.367188 1310508601.480115
-1.961914 0.464844 1.306641 1310508601.500104
-1.197266 0.070312 0.352539 1310508601.522202
0.243164 -0.055664 -0.194336 1310508601.565287
0.733398 -0.250000 -0.798828 1310508601.588154
0.757812 -1.168945 -1.186523 1310508601.630130
1.969727 -1.983398 -1.186523 1310508601.653196
0.389648 -0.918945 -1.064453 1310508601.698130
-1.977539 0.854492 0.916016 1310508601.722210
0.458984 0.291992 0.332031 1310508601.769210
0.164062 -0.602539 0.708984 1310508601.790184
0.580078 -0.067383 0.792969 1310508601.813197
0.595703 0.220703 0.906250 1310508601.839133
0.595703 0.220703 0.906250 1310508601.884137
0.862305 0.121094 0.783203 1310508601.930212
0.239258 -0.111328 0.276367 1310508601.954217
0.369141 -0.417969 0.011719 1310508601.992206
0.340820 -0.297852 -0.260742 1310508602.014148
1.976562 -0.297852 -0.260742 1310508602.038220
-0.769531 0.833984 0.579102 1310508602.073190
0.762695 0.093750 0.784180 1310508602.117131
0.884766 -0.453125 -0.168945 1310508602.139216
0.412109 -0.933594 0.366211 1310508602.182210
0.817383 0.155273 0.875977 1310508602.204144
0.500000 -0.396484 0.933594 1310508602.226154
0.474609 -0.396484 0.933594 1310508602.269211
0.722656 -0.080078 1.305664 1310508602.314218
1.969727 -1.484375 1.318359 1310508602.337150
-1.384766 -0.478516 -1.986328 1310508602.359172
1.988281 1.615234 0.318359 1310508602.385185
0.756836 -0.119141 0.916016 1310508602.452211
-0.668945 -0.933594 1.422852 1310508602.473139
-1.738281 0.275391 0.756836 1310508602.495168
-1.160156 0.565430 0.056641 1310508602.525139
0.390625 0.343750 -0.404297 1310508602.548167
0.889648 0.309570 -0.654297 1310508602.592231
0.972656 -0.583008 -1.121094 1310508602.638232
0.161133 0.403320 -1.981445 1310508602.665217
-1.972656 1.980469 1.916992 1310508602.688235
1.989258 1.979492 1.911133 1310508602.785145
0.543945 -1.142578 -0.301758 1310508602.803215
0.540039 -0.247070 0.629883 1310508602.805158
0.983398 -0.318359 0.629883 1310508602.807150
0.628906 -0.179688 0.629883 1310508602.847224
0.894531 -0.247070 0.581055 1310508602.884126
0.866211 -0.175781 0.565430 1310508602.926543
0.112305 0.183594 0.708008 1310508602.948175
0.426758 0.433594 0.708008 1310508602.969166
0.202148 0.203125 0.544922 1310508603.012181
0.430664 -0.204102 0.620117 1310508603.035243
0.495117 0.708984 0.623047 1310508603.093307
0.416016 0.074219 0.665039 1310508603.094155
0.426758 -0.287109 0.694336 1310508603.137155
0.339844 -0.576172 0.578125 1310508603.185240
0.483398 -0.390625 0.720703 1310508603.214191
0.366211 -0.244141 0.752930 1310508603.235186
0.357422 -0.588867 1.388672 1310508603.260166
0.002930 -0.378906 1.567383 1310508603.302185
1.972656 -1.982422 -0.284180 1310508603.334178
-1.978516 1.017578 -1.254883 1310508603.377159
1.992188 1.977539 1.381836 1310508603.398200
0.202148 0.732422 0.535156 1310508603.442237
-1.831055 -0.539062 1.350586 1310508603.464189
-1.137695 -0.199219 1.175781 1310508603.509170
-0.414062 -0.373047 -0.449219 1310508603.510144
0.419922 0.176758 -1.063477 1310508603.562183
1.088867 -0.017578 -0.993164 1310508603.584241
0.906250 -0.783203 -1.471680 1310508603.628191
1.974609 -1.382812 -1.973633 1310508603.673172
-1.946289 -1.875000 0.803711 1310508603.674205
1.894531 1.982422 -0.797852 1310508603.719250
1.975586 -0.583984 0.181641 1310508603.748249
0.379883 -0.170898 0.667969 1310508603.792250
0.744141 0.054688 0.616211 1310508603.814188
0.570312 -0.171875 0.606445 1310508603.858191
0.720703 0.021484 0.541992 1310508603.879170
0.561523 0.025391 0.594727 1310508603.901232
0.249023 -0.196289 0.691406 1310508603.945255
0.713867 -0.227539 0.794922 1310508603.988253
0.249023 -0.070312 0.737305 1310508604.055253
0.609375 0.253906 0.702148 1310508604.057190
0.749023 0.222656 0.602539 1310508604.077240
0.749023 0.222656 0.602539 1310508604.098255
0.725586 -0.408203 0.450195 1310508604.142190
0.072266 -0.106445 0.712891 1310508604.170262
0.208984 0.161133 0.818359 1310508604.194240
0.580078 -0.349609 0.309570 1310508604.237255
0.631836 0.418945 0.728516 1310508604.258206
0.353516 -0.392578 0.655273 1310508604.304166
0.673828 0.075195 0.661133 1310508604.332173
0.460938 -0.454102 0.689453 1310508604.377264
0.236328 -0.087891 1.399414 1310508604.400188
0.039062 -0.129883 1.402344 1310508604.424214
1.827148 -1.097656 1.861328 1310508604.474258
1.971680 -1.965820 -1.973633 1310508604.497265
1.066406 0.151367 -1.441406 1310508604.543253
1.728516 1.755859 1.290039 1310508604.565271
-1.559570 0.144531 1.023438 1310508604.587211
-1.404297 0.548828 1.471680 1310508604.630270
-0.988281 0.032227 0.721680 1310508604.653266
0.011719 0.032227 0.721680 1310508604.683244
1.470703 -0.416016 -1.119141 1310508604.729247
0.875000 -1.267578 -1.665039 1310508604.750272
1.970703 -1.982422 -1.825195 1310508604.774221
-1.985352 -0.943359 1.969727 1310508604.817180
1.981445 -0.193359 1.969727 1310508604.839267
1.976562 -0.486328 0.525391 1310508604.885275
0.620117 -0.011719 0.671875 1310508604.918188
0.711914 0.121094 0.699219 1310508604.940236
0.578125 -0.341797 0.565430 1310508604.983186
0.698242 -0.275391 0.439453 1310508605.005281
0.707031 -0.003906 0.439453 1310508605.027203
0.398438 0.094727 0.734375 1310508605.072275
0.590820 -0.041992 0.658203 1310508605.118216
0.541016 -0.023438 0.637695 1310508605.144185
0.540039 -0.106445 0.606445 1310508605.165271
0.606445 -0.148438 0.614258 1310508605.212226
0.535156 -0.028320 0.614258 1310508605.235253
0.506836 0.089844 0.619141 1310508605.263399
0.537109 0.005859 0.591797 1310508605.345196
0.638672 0.055664 0.591797 1310508605.367194
0.517578 -0.069336 0.664062 1310508605.368211
0.549805 -0.246094 0.685547 1310508605.397208
0.566406 -0.149414 0.692383 1310508605.422275
0.473633 -0.141602 0.608398 1310508605.458285
0.728516 -0.148438 0.484375 1310508605.504282
0.631836 -0.170898 0.588867 1310508605.525264
0.641602 -0.192383 0.760742 1310508605.569216
0.540039 -0.408203 0.866211 1310508605.592289
0.660156 -0.133789 0.889648 1310508605.615191
0.313477 -0.035156 1.208984 1310508605.657232
1.978516 -0.982422 0.608398 1310508605.700280
-1.708008 -0.251953 -1.988281 1310508605.723240
1.639648 1.141602 -0.497070 1310508605.745213
0.288086 0.394531 -0.497070 1310508605.767286
-0.690430 0.156250 0.729492 1310508605.810259
-0.720703 -0.318359 0.879883 1310508605.855203
-0.492188 -0.552734 -0.156250 1310508605.879232
0.026367 -0.540039 -0.546875 1310508605.922233
0.306641 -0.557617 -0.792969 1310508605.945280
1.974609 -1.805664 1.986328 1310508605.989209
-1.972656 -1.805664 1.986328 1310508606.010223
-1.972656 1.964844 1.973633 1310508606.062295
1.386719 -0.898438 0.015625 1310508606.084236
0.375000 0.214844 0.763672 1310508606.110289
0.435547 -0.129883 0.719727 1310508606.135296
0.435547 -0.129883 0.719727 1310508606.172254
0.615234 0.004883 0.600586 1310508606.200283
0.680664 -0.021484 0.528320 1310508606.243225
0.559570 -0.222656 0.478516 1310508606.265199
0.676758 0.007812 0.567383 1310508606.288296
0.410156 -0.157227 0.769531 1310508606.332380
0.391602 -0.496094 0.639648 1310508606.380293
0.574219 -0.097656 0.660156 1310508606.403258
0.526367 -0.033203 0.625977 1310508606.428294
0.572266 -0.156250 0.606445 1310508606.472303
0.536133 -0.246094 0.607422 1310508606.493298
0.540039 -0.228516 0.627930 1310508606.515234
0.539062 -0.123047 0.627930 1310508606.563299
0.527344 -0.133789 0.653320 1310508606.616221
0.552734 -0.085938 0.673828 1310508606.643210
0.544922 -0.124023 0.632812 1310508606.665217
0.511719 -0.152344 0.628906 1310508606.688265
0.552734 -0.189453 0.618164 1310508606.710295
0.535156 -0.174805 0.627930 1310508606.755221
0.576172 -0.160156 0.641602 1310508606.777207
0.563477 -0.083008 0.616211 1310508606.823258
0.558594 -0.148438 0.599609 1310508606.845303
