0.500977 0.025391 0.649414 1311189470.056558
0.500977 0.021484 0.608398 1311189470.078580
0.500000 0.011719 0.634766 1311189470.122580
0.467773 0.023438 0.659180 1311189470.144570
0.448242 0.011719 0.645508 1311189470.187567
0.494141 0.005859 0.646484 1311189470.209556
0.511719 0.067383 0.652344 1311189470.257563
0.514648 0.027344 0.611328 1311189470.278553
0.526367 0.048828 0.640625 1311189470.299567
0.537109 0.055664 0.611328 1311189470.343568
0.534180 0.094727 0.611328 1311189470.364567
0.534180 0.094727 0.611328 1311189470.421583
0.526367 0.129883 0.585938 1311189470.446566
0.518555 0.144531 0.598633 1311189470.467569
0.557617 0.132812 0.608398 1311189470.508571
0.580078 0.108398 0.612305 1311189470.529573
0.557617 0.124023 0.593750 1311189470.551560
0.573242 0.130859 0.593750 1311189470.597569
0.605469 0.130859 0.580078 1311189470.643577
0.475586 0.294922 0.580078 1311189470.666579
0.638672 0.167969 0.543945 1311189470.693579
0.451172 0.249023 0.560547 1311189470.723583
0.448242 0.275391 0.540039 1311189470.753573
0.448242 0.275391 0.540039 1311189470.776595
0.484375 0.308594 0.505859 1311189470.819588
0.557617 0.244141 0.575195 1311189470.842600
0.566406 0.257812 0.541992 1311189470.886583
0.524414 0.209961 0.589844 1311189470.907590
0.555664 0.251953 0.608398 1311189470.949577
0.596680 0.196289 0.541992 1311189470.993586
0.503906 0.280273 0.510742 1311189471.016566
0.509766 0.216797 0.565430 1311189471.037590
0.527344 0.195312 0.576172 1311189471.081591
0.456055 0.222656 0.545898 1311189471.106586
0.487305 0.221680 0.545898 1311189471.129593
0.429688 0.252930 0.535156 1311189471.188590
0.430664 0.339844 0.497070 1311189471.209594
0.613281 0.008789 0.576172 1311189471.232587
0.527344 0.328125 0.543945 1311189471.276587
0.586914 0.249023 0.551758 1311189471.297572
0.560547 0.238281 0.551758 1311189471.322587
0.672852 0.300781 0.386719 1311189471.364582
0.626953 0.296875 0.420898 1311189471.409592
0.658203 0.315430 0.411133 1311189471.433595
0.756836 0.269531 0.365234 1311189471.456621
0.686523 0.180664 0.416016 1311189471.502595
0.695312 0.264648 0.422852 1311189471.523572
0.695312 0.264648 0.422852 1311189471.546589
0.703125 0.214844 0.445312 1311189471.596591
0.640625 0.238281 0.471680 1311189471.617601
0.645508 0.237305 0.500000 1311189471.691604
0.775391 0.101562 0.518555 1311189471.692682
0.639648 0.131836 0.494141 1311189471.728604
0.821289 0.121094 0.459961 1311189471.749603
0.633789 0.254883 0.418945 1311189471.793696
0.641602 0.280273 0.464844 1311189471.817597
0.546875 0.295898 0.459961 1311189471.864582
0.572266 0.255859 0.447266 1311189471.866605
0.505859 0.343750 0.443359 1311189471.918602
0.500000 0.384766 0.490234 1311189471.946601
0.564453 0.452148 0.524414 1311189471.989608
0.435547 0.515625 0.541992 1311189472.018607
0.369141 -0.211914 0.992188 1311189472.041608
0.303711 0.490234 0.355469 1311189472.057608
0.307617 -0.021484 0.583008 1311189472.108593
0.500000 0.433594 0.595703 1311189472.156611
0.547852 0.169922 0.634766 1311189472.177599
0.495117 0.210938 0.583984 1311189472.198603
0.481445 0.279297 0.588867 1311189472.241616
0.612305 0.273438 0.612305 1311189472.263609
0.541992 0.023438 0.612305 1311189472.289610
0.458008 0.206055 0.529297 1311189472.332608
0.591797 0.202148 0.616211 1311189472.378609
0.613281 0.189453 0.571289 1311189472.401615
0.599609 0.177734 0.573242 1311189472.443600
0.649414 0.127930 0.573242 1311189472.466618
0.620117 0.011719 0.608398 1311189472.492615
0.563477 0.056641 0.612305 1311189472.534623
0.550781 0.084961 0.585938 1311189472.556638
0.546875 0.099609 0.595703 1311189472.578615
0.547852 0.064453 0.612305 1311189472.623638
0.527344 0.040039 0.612305 1311189472.649619
0.513672 0.063477 0.641602 1311189472.692612
0.530273 -0.017578 0.626953 1311189472.714614
0.541992 0.054688 0.615234 1311189472.759610
0.541992 0.085938 0.626953 1311189472.781612
0.545898 0.089844 0.600586 1311189472.803619
0.543945 0.121094 0.583008 1311189472.846624
0.538086 0.068359 0.647461 1311189472.879619
0.545898 0.088867 0.647461 1311189472.900645
0.543945 0.088867 0.647461 1311189472.944668
0.524414 0.062500 0.583008 1311189473.023619
0.505859 0.113281 0.611328 1311189473.024639
0.536133 0.099609 0.611328 1311189473.044646
0.524414 0.082031 0.630859 1311189473.067627
0.527344 0.069336 0.619141 1311189473.116615
0.538086 0.055664 0.600586 1311189473.137616
0.561523 0.078125 0.602539 1311189473.183631
0.539062 0.109375 0.602539 1311189473.185627
0.536133 0.054688 0.627930 1311189473.229606
0.524414 0.076172 0.599609 1311189473.258633
0.531250 0.079102 0.612305 1311189473.289638
0.536133 0.035156 0.616211 1311189473.319628
0.552734 0.067383 0.615234 1311189473.362621
0.523438 0.090820 0.613281 1311189473.384633
0.557617 0.054688 0.620117 1311189473.433639
0.535156 0.061523 0.617188 1311189473.462633
0.533203 0.066406 0.626953 1311189473.483631
0.534180 0.084961 0.618164 1311189473.531638
0.529297 0.136719 0.627930 1311189473.553657
0.529297 0.136719 0.627930 1311189473.574629
0.532227 0.074219 0.642578 1311189473.621619
0.544922 0.044922 0.608398 1311189473.663647
0.628906 0.060547 0.600586 1311189473.706620
0.596680 0.148438 0.583984 1311189473.714635
0.530273 0.161133 0.621094 1311189473.756641
0.512695 0.153320 0.591797 1311189473.778634
0.484375 0.256836 0.549805 1311189473.824672
0.549805 0.184570 0.544922 1311189473.851636
0.582031 0.112305 0.553711 1311189473.877644
0.622070 0.154297 0.547852 1311189473.923649
0.560547 0.167969 0.585938 1311189473.933639
0.536133 0.269531 0.558594 1311189473.968645
0.511719 0.219727 0.541016 1311189474.002634
0.608398 0.130859 0.595703 1311189474.047640
0.604492 0.208984 0.538086 1311189474.071651
0.517578 0.255859 0.575195 1311189474.096655
0.519531 0.210938 0.576172 1311189474.140643
0.561523 0.206055 0.564453 1311189474.163693
0.486328 0.301758 0.536133 1311189474.211648
0.460938 0.271484 0.576172 1311189474.229655
0.517578 0.313477 0.585938 1311189474.283649
0.405273 0.437500 0.521484 1311189474.309645
0.406250 0.412109 0.464844 1311189474.323633
0.413086 0.289062 0.487305 1311189474.364642
0.470703 0.263672 0.520508 1311189474.387651
0.532227 0.285156 0.515625 1311189474.432657
0.447266 0.311523 0.499023 1311189474.454645
0.528320 0.277344 0.540039 1311189474.499655
0.521484 0.277344 0.546875 1311189474.522648
0.566406 0.236328 0.557617 1311189474.549662
0.546875 0.248047 0.540039 1311189474.588656
0.466797 0.343750 0.497070 1311189474.632652
0.635742 0.206055 0.620117 1311189474.656760
0.604492 0.143555 0.565430 1311189474.677660
0.587891 0.207031 0.557617 1311189474.701657
0.588867 0.187500 0.541016 1311189474.747623
0.588867 0.187500 0.541016 1311189474.777654
0.536133 0.253906 0.549805 1311189474.810636
0.600586 0.199219 0.508789 1311189474.838658
0.671875 0.242188 0.439453 1311189474.862658
0.616211 0.243164 0.462891 1311189474.912667
0.663086 0.241211 0.478516 1311189474.934666
0.688477 0.212891 0.461914 1311189474.981670
0.651367 0.134766 0.496094 1311189475.003664
0.694336 0.105469 0.498047 1311189475.047660
0.682617 0.189453 0.486328 1311189475.068669
0.669922 0.216797 0.486328 1311189475.091666
0.669922 0.216797 0.486328 1311189475.134650
0.687500 0.190430 0.451172 1311189475.182684
0.703125 0.217773 0.454102 1311189475.203643
0.708008 0.189453 0.483398 1311189475.224666
0.665039 0.191406 0.483398 1311189475.269674
0.654297 0.159180 0.492188 1311189475.299660
0.681641 0.152344 0.513672 1311189475.322661
0.662109 0.169922 0.506836 1311189475.367654
0.721680 0.202148 0.446289 1311189475.391658
0.722656 0.173828 0.428711 1311189475.434668
0.707031 0.173828 0.428711 1311189475.457672
0.694336 0.186523 0.407227 1311189475.491674
0.719727 0.197266 0.421875 1311189475.514673
0.717773 0.217773 0.424805 1311189475.554655
0.709961 0.205078 0.453125 1311189475.591673
0.704102 0.154297 0.459961 1311189475.612679
0.704102 0.154297 0.459961 1311189475.656680
0.697266 0.160156 0.467773 1311189475.692683
0.690430 0.153320 0.466797 1311189475.713684
0.711914 0.177734 0.468750 1311189475.756673
0.721680 0.174805 0.460938 1311189475.778684
0.725586 0.184570 0.466797 1311189475.801676
0.697266 0.166992 0.458008 1311189475.849675
0.750977 0.138672 0.473633 1311189475.871680
0.683594 0.155273 0.465820 1311189475.919690
0.689453 0.138672 0.460938 1311189475.941675
0.722656 0.165039 0.453125 1311189475.966661
0.685547 0.162109 0.472656 1311189476.009699
0.615234 0.177734 0.483398 1311189476.032676
0.671875 0.156250 0.553711 1311189476.079689
0.626953 0.185547 0.460938 1311189476.102693
0.608398 0.170898 0.516602 1311189476.131689
0.624023 0.206055 0.570312 1311189476.159682
0.570312 0.159180 0.580078 1311189476.184687
0.629883 0.289062 0.521484 1311189476.237674
0.639648 0.426758 0.608398 1311189476.258871
0.585938 0.055664 0.527344 1311189476.304690
0.592773 0.114258 0.603516 1311189476.327698
0.497070 0.196289 0.572266 1311189476.349762
0.526367 0.196289 0.572266 1311189476.378686
0.597656 0.208008 0.531250 1311189476.434698
0.596680 0.225586 0.553711 1311189476.458684
0.619141 0.218750 0.532227 1311189476.502696
0.581055 0.128906 0.548828 1311189476.526694
0.599609 0.101562 0.565430 1311189476.547696
0.607422 0.101562 0.565430 1311189476.569692
0.583984 0.095703 0.573242 1311189476.634680
0.587891 0.058594 0.606445 1311189476.656707
0.574219 0.064453 0.576172 1311189476.679696
0.538086 0.098633 0.605469 1311189476.712706
0.580078 0.072266 0.608398 1311189476.759708
0.518555 0.009766 0.643555 1311189476.781700
0.541992 0.050781 0.627930 1311189476.843695
0.539062 0.002930 0.644531 1311189476.881696
0.546875 0.035156 0.616211 1311189476.882696
0.519531 0.056641 0.627930 1311189476.897704
0.538086 0.094727 0.640625 1311189476.941699
0.538086 0.094727 0.640625 1311189476.962702
0.534180 0.041016 0.619141 1311189477.006689
0.535156 0.102539 0.621094 1311189477.029701
0.554688 0.044922 0.645508 1311189477.074704
0.534180 0.085938 0.630859 1311189477.096702
0.515625 0.067383 0.646484 1311189477.118705
0.511719 0.021484 0.628906 1311189477.161702
0.520508 0.054688 0.615234 1311189477.205759
0.522461 0.068359 0.615234 1311189477.249703
0.502930 0.075195 0.585938 1311189477.273710
0.519531 0.110352 0.637695 1311189477.294703
0.516602 0.073242 0.637695 1311189477.319710
0.558594 0.062500 0.613281 1311189477.364711
0.517578 0.044922 0.607422 1311189477.386709
0.543945 0.076172 0.658203 1311189477.434706
0.526367 0.033203 0.627930 1311189477.456706
0.532227 0.050781 0.599609 1311189477.499713
0.532227 0.010742 0.605469 1311189477.521712
0.523438 0.061523 0.619141 1311189477.549719
0.508789 0.046875 0.598633 1311189477.596715
0.522461 0.061523 0.642578 1311189477.617714
0.530273 0.057617 0.652344 1311189477.661717
0.533203 0.045898 0.650391 1311189477.684706
0.533203 0.045898 0.650391 1311189477.706714
0.582031 0.038086 0.602539 1311189477.738715
0.574219 0.121094 0.608398 1311189477.792725
0.545898 0.099609 0.617188 1311189477.817708
0.525391 0.117188 0.575195 1311189477.839713
0.569336 0.115234 0.583008 1311189477.861715
0.569336 0.115234 0.583008 1311189477.904549
0.512695 0.166016 0.577148 1311189477.946719
0.579102 0.166016 0.543945 1311189477.967713
0.507812 0.205078 0.567383 1311189478.014723
0.556641 0.214844 0.558594 1311189478.039721
0.596680 0.067383 0.556641 1311189478.064734
0.517578 0.265625 0.568359 1311189478.147712
0.572266 0.249023 0.534180 1311189478.173718
0.548828 0.157227 0.618164 1311189478.174712
0.610352 0.158203 0.541016 1311189478.196710
0.596680 0.203125 0.549805 1311189478.219723
0.607422 0.166992 0.572266 1311189478.265718
0.716797 0.113281 0.568359 1311189478.309733
0.553711 0.227539 0.568359 1311189478.334731
0.510742 0.264648 0.519531 1311189478.378732
0.538086 0.140625 0.544922 1311189478.379920
0.521484 0.243164 0.566406 1311189478.433731
0.541992 0.258789 0.549805 1311189478.456738
0.481445 0.300781 0.515625 1311189478.501741
0.460938 0.268555 0.524414 1311189478.523743
0.591797 0.206055 0.551758 1311189478.544735
0.590820 0.176758 0.549805 1311189478.588735
0.601562 0.144531 0.542969 1311189478.611741
0.601562 0.144531 0.542969 1311189478.658748
0.589844 0.144531 0.542969 1311189478.669747
0.583984 0.159180 0.563477 1311189478.713749
0.572266 0.141602 0.576172 1311189478.737741
0.588867 0.203125 0.543945 1311189478.786738
0.565430 0.222656 0.531250 1311189478.809747
0.593750 0.234375 0.564453 1311189478.832739
0.626953 0.125000 0.558594 1311189478.887739
0.553711 0.156250 0.579102 1311189478.908737
0.558594 0.166992 0.606445 1311189478.933748
0.649414 0.089844 0.528320 1311189478.958738
0.589844 0.181641 0.479492 1311189479.002729
0.651367 0.154297 0.490234 1311189479.028744
0.675781 0.150391 0.536133 1311189479.072742
0.631836 0.132812 0.498047 1311189479.093722
0.640625 0.185547 0.499023 1311189479.141744
0.632812 0.181641 0.505859 1311189479.163747
0.621094 0.189453 0.505859 1311189479.184739
0.650391 0.145508 0.505859 1311189479.228744
0.658203 0.117188 0.536133 1311189479.273782
0.615234 0.144531 0.542969 1311189479.294736
0.620117 0.158203 0.553711 1311189479.317750
0.651367 0.139648 0.564453 1311189479.359743
0.630859 0.162109 0.536133 1311189479.399750
0.647461 0.157227 0.541016 1311189479.436744
0.623047 0.151367 0.529297 1311189479.461759
0.643555 0.168945 0.515625 1311189479.483747
0.630859 0.166016 0.522461 1311189479.528760
0.654297 0.154297 0.526367 1311189479.550749
0.650391 0.166016 0.488281 1311189479.574754
0.680664 0.132812 0.462891 1311189479.618778
0.629883 0.144531 0.484375 1311189479.643746
0.668945 0.167969 0.525391 1311189479.685756
0.695312 0.162109 0.532227 1311189479.708744
0.675781 0.158203 0.523438 1311189479.745754
0.675781 0.158203 0.523438 1311189479.769759
0.656250 0.156250 0.488281 1311189479.808761
0.692383 0.146484 0.512695 1311189479.832767
0.673828 0.154297 0.494141 1311189479.869759
0.675781 0.179688 0.481445 1311189479.894767
0.699219 0.166016 0.473633 1311189479.938757
0.687500 0.160156 0.455078 1311189479.968774
0.667969 0.145508 0.430664 1311189480.010755
0.708008 0.138672 0.398438 1311189480.034759
0.730469 0.161133 0.485352 1311189480.055761
0.644531 0.127930 0.444336 1311189480.100764
0.670898 0.111328 0.512695 1311189480.122763
0.721680 0.025391 0.517578 1311189480.165767
0.593750 0.140625 0.483398 1311189480.212766
0.658203 0.190430 0.564453 1311189480.233772
0.686523 0.205078 0.478516 1311189480.255756
0.683594 0.110352 0.325195 1311189480.282747
0.451172 0.181641 0.444336 1311189480.327769
0.592773 1.503906 1.486328 1311189480.360768
1.289062 0.186523 0.429688 1311189480.403768
0.371094 -0.007812 0.570312 1311189480.424761
0.574219 0.155273 0.650391 1311189480.458765
0.554688 0.246094 0.563477 1311189480.489764
0.474609 0.249023 0.557617 1311189480.510760
0.509766 0.283203 0.594727 1311189480.558767
0.709961 0.056641 0.581055 1311189480.580774
0.627930 0.147461 0.587891 1311189480.625775
0.590820 0.081055 0.589844 1311189480.649748
0.561523 0.115234 0.566406 1311189480.685776
0.571289 0.115234 0.566406 1311189480.723771
0.563477 0.081055 0.564453 1311189480.752774
0.570312 0.132812 0.600586 1311189480.774776
0.570312 0.117188 0.623047 1311189480.798784
0.549805 0.138672 0.610352 1311189480.834770
0.517578 0.109375 0.595703 1311189480.878776
0.551758 0.093750 0.583008 1311189480.900778
0.551758 0.093750 0.583008 1311189480.944781
0.542969 0.123047 0.611328 1311189480.989781
0.536133 0.074219 0.630859 1311189480.992775
0.568359 0.095703 0.604492 1311189481.035782
0.545898 0.160156 0.599609 1311189481.057783
0.540039 0.188477 0.602539 1311189481.100784
0.558594 0.101562 0.625000 1311189481.123774
0.562500 0.062500 0.595703 1311189481.169755
0.539062 0.041992 0.617188 1311189481.190786
0.522461 0.025391 0.615234 1311189481.234763
0.509766 0.087891 0.620117 1311189481.257787
0.541992 0.035156 0.620117 1311189481.281787
0.519531 0.083008 0.600586 1311189481.324785
0.565430 0.053711 0.618164 1311189481.347781
0.528320 0.083984 0.616211 1311189481.393747
0.531250 0.084961 0.600586 1311189481.415822
0.516602 0.098633 0.600586 1311189481.440781
0.526367 0.050781 0.648438 1311189481.483809
0.540039 0.079102 0.587891 1311189481.508779
0.508789 0.049805 0.604492 1311189481.552789
0.538086 0.021484 0.626953 1311189481.574807
0.535156 0.116211 0.605469 1311189481.617788
0.520508 0.179688 0.562500 1311189481.639800
0.612305 -0.013672 0.586914 1311189481.684763
0.592773 0.164062 0.590820 1311189481.730805
0.541016 0.159180 0.609375 1311189481.732784
0.515625 0.196289 0.613281 1311189481.783837
0.598633 0.074219 0.570312 1311189481.804806
0.598633 0.074219 0.570312 1311189481.825792
0.583984 0.083984 0.617188 1311189481.870797
0.596680 0.080078 0.588867 1311189481.914780
0.589844 0.037109 0.567383 1311189481.937791
0.545898 0.158203 0.582031 1311189481.973817
0.582031 0.163086 0.546875 1311189482.037802
0.536133 0.214844 0.574219 1311189482.038793
0.591797 0.143555 0.554688 1311189482.060807
0.573242 0.141602 0.557617 1311189482.105802
0.581055 0.216797 0.495117 1311189482.128804
0.607422 0.183594 0.522461 1311189482.173805
0.564453 0.199219 0.555664 1311189482.183811
0.578125 0.192383 0.573242 1311189482.237800
0.592773 0.226562 0.550781 1311189482.258801
0.633789 0.195312 0.534180 1311189482.292800
0.575195 0.212891 0.530273 1311189482.315808
0.527344 0.280273 0.509766 1311189482.352784
0.579102 0.233398 0.621094 1311189482.375811
0.579102 0.233398 0.621094 1311189482.413811
0.671875 0.208008 0.521484 1311189482.457801
0.603516 0.179688 0.567383 1311189482.482806
0.584961 0.125000 0.538086 1311189482.525813
0.669922 0.152344 0.504883 1311189482.547810
0.694336 0.152344 0.504883 1311189482.569812
0.725586 0.150391 0.391602 1311189482.615813
0.730469 0.126953 0.397461 1311189482.659802
0.696289 0.142578 0.534180 1311189482.682805
0.682617 0.201172 0.527344 1311189482.703799
0.655273 0.217773 0.529297 1311189482.752818
0.680664 0.217773 0.529297 1311189482.773815
0.688477 0.150391 0.454102 1311189482.808820
0.687500 0.164062 0.482422 1311189482.829807
0.663086 0.185547 0.481445 1311189482.878819
0.645508 0.166016 0.497070 1311189482.902799
0.666992 0.171875 0.487305 1311189482.923819
0.647461 0.167969 0.488281 1311189482.968815
0.685547 0.161133 0.446289 1311189482.995812
0.616211 0.198242 0.535156 1311189483.040817
0.616211 0.172852 0.604492 1311189483.065816
0.625000 0.083984 0.588867 1311189483.104817
0.641602 0.124023 0.543945 1311189483.128821
0.669922 0.084961 0.580078 1311189483.153789
0.666992 0.166016 0.592773 1311189483.185820
0.544922 0.222656 0.606445 1311189483.235823
0.510742 0.223633 0.544922 1311189483.281857
0.604492 0.204102 0.558594 1311189483.318828
0.575195 0.157227 0.570312 1311189483.319820
0.482422 0.213867 0.516602 1311189483.338831
0.487305 0.102539 0.516602 1311189483.382825
0.439453 0.115234 0.617188 1311189483.427815
0.473633 0.083984 0.610352 1311189483.453842
0.561523 0.114258 0.583008 1311189483.495825
0.531250 0.119141 0.583008 1311189483.497820
0.537109 0.087891 0.620117 1311189483.540830
0.555664 0.000000 0.596680 1311189483.584834
0.460938 0.064453 0.634766 1311189483.607826
0.548828 0.046875 0.633789 1311189483.650826
0.535156 0.121094 0.638672 1311189483.672838
0.467773 0.202148 0.605469 1311189483.694829
0.610352 0.166992 0.615234 1311189483.742837
0.493164 0.131836 0.527344 1311189483.772840
0.377930 0.228516 0.530273 1311189483.805813
0.605469 0.201172 0.701172 1311189483.829830
0.487305 0.242188 0.577148 1311189483.873841
0.351562 0.399414 0.458984 1311189483.898837
0.983398 -0.170898 0.708984 1311189483.921833
0.588867 0.079102 0.557617 1311189483.967831
0.543945 0.166016 0.546875 1311189483.994841
0.592773 0.177734 0.552734 1311189484.037839
0.623047 0.007812 0.554688 1311189484.058840
0.579102 0.224609 0.546875 1311189484.083831
0.557617 0.226562 0.544922 1311189484.128839
0.649414 0.087891 0.584961 1311189484.159824
0.576172 0.138672 0.549805 1311189484.203847
0.497070 0.245117 0.605469 1311189484.223840
0.518555 0.187500 0.549805 1311189484.246845
0.565430 0.158203 0.560547 1311189484.289842
0.555664 0.146484 0.612305 1311189484.333856
0.558594 0.145508 0.580078 1311189484.357844
0.544922 0.164062 0.592773 1311189484.380847
0.588867 0.149414 0.564453 1311189484.405845
0.558594 0.151367 0.541016 1311189484.454847
0.601562 0.175781 0.568359 1311189484.495843
0.577148 0.117188 0.563477 1311189484.517852
0.557617 0.154297 0.594727 1311189484.600853
0.575195 0.128906 0.597656 1311189484.602848
0.590820 0.119141 0.594727 1311189484.618850
0.546875 0.110352 0.579102 1311189484.640856
0.565430 0.084961 0.579102 1311189484.662848
0.575195 0.113281 0.575195 1311189484.712856
0.534180 0.128906 0.578125 1311189484.735849
0.568359 0.119141 0.573242 1311189484.779849
0.563477 0.109375 0.615234 1311189484.800853
0.611328 0.109375 0.615234 1311189484.824857
0.626953 0.077148 0.577148 1311189484.870857
0.556641 0.043945 0.593750 1311189484.915867
0.567383 0.123047 0.585938 1311189484.938856
0.541992 0.126953 0.573242 1311189484.960858
0.544922 0.125977 0.562500 1311189484.987858
0.555664 0.128906 0.584961 1311189485.038854
0.586914 0.133789 0.554688 1311189485.060839
0.555664 0.074219 0.564453 1311189485.105863
0.565430 0.125977 0.589844 1311189485.128837
0.551758 0.132812 0.571289 1311189485.150854
0.565430 0.119141 0.572266 1311189485.193861
0.580078 0.116211 0.624023 1311189485.216903
0.585938 0.108398 0.547852 1311189485.260862
0.561523 0.148438 0.568359 1311189485.283857
0.563477 0.150391 0.548828 1311189485.329860
0.578125 0.149414 0.556641 1311189485.342866
0.591797 0.140625 0.574219 1311189485.384872
0.591797 0.125977 0.579102 1311189485.410872
0.608398 0.062500 0.592773 1311189485.454852
0.610352 0.103516 0.571289 1311189485.475856
0.578125 0.132812 0.586914 1311189485.520867
0.628906 0.117188 0.551758 1311189485.543863
0.591797 0.142578 0.551758 1311189485.565871
0.536133 0.208008 0.540039 1311189485.610870
0.593750 0.165039 0.542969 1311189485.638868
0.595703 0.110352 0.554688 1311189485.685878
0.587891 0.128906 0.552734 1311189485.708856
0.473633 0.292969 0.557617 1311189485.752871
0.569336 0.208984 0.591797 1311189485.753866
0.608398 0.122070 0.550781 1311189485.802876
0.607422 0.169922 0.537109 1311189485.835883
0.612305 0.160156 0.514648 1311189485.873856
0.680664 0.145508 0.507812 1311189485.900875
0.647461 0.091797 0.490234 1311189485.923875
0.647461 0.091797 0.490234 1311189485.966878
0.615234 0.156250 0.577148 1311189485.988850
0.673828 0.175781 0.511719 1311189486.033877
0.653320 0.161133 0.475586 1311189486.054886
0.650391 0.167969 0.461914 1311189486.100883
0.698242 0.172852 0.498047 1311189486.122876
0.647461 0.177734 0.461914 1311189486.167876
0.661133 0.170898 0.462891 1311189486.188880
0.676758 0.121094 0.489258 1311189486.213883
0.671875 0.158203 0.488281 1311189486.257890
0.686523 0.135742 0.499023 1311189486.279885
0.709961 0.139648 0.494141 1311189486.327889
0.706055 0.146484 0.494141 1311189486.338882
0.704102 0.158203 0.500977 1311189486.382882
0.747070 0.128906 0.474609 1311189486.417868
0.701172 0.156250 0.462891 1311189486.438882
0.665039 0.183594 0.472656 1311189486.485891
0.690430 0.122070 0.472656 1311189486.511884
0.683594 0.138672 0.469727 1311189486.539894
0.711914 0.148438 0.457031 1311189486.574885
0.739258 0.132812 0.432617 1311189486.598892
0.698242 0.132812 0.423828 1311189486.644890
0.718750 0.140625 0.448242 1311189486.667892
0.688477 0.140625 0.448242 1311189486.689869
0.704102 0.134766 0.478516 1311189486.735895
0.708984 0.134766 0.428711 1311189486.783882
0.644531 0.155273 0.432617 1311189486.804890
0.711914 0.139648 0.530273 1311189486.827875
0.604492 0.195312 0.500977 1311189486.869899
0.666992 0.148438 0.500977 1311189486.891890
0.624023 0.102539 0.551758 1311189486.939896
0.601562 0.241211 0.625977 1311189486.964909
0.617188 0.279297 0.722656 1311189486.995895
0.615234 0.239258 0.318359 1311189487.017894
0.419922 0.283203 0.657227 1311189487.062899
0.559570 0.178711 0.526367 1311189487.085872
0.511719 0.158203 0.584961 1311189487.125895
0.561523 0.111328 0.608398 1311189487.189907
0.592773 0.136719 0.609375 1311189487.190896
0.526367 0.158203 0.564453 1311189487.214018
0.627930 0.109375 0.614258 1311189487.252902
0.652344 0.054688 0.592773 1311189487.288973
0.604492 0.080078 0.579102 1311189487.324902
0.550781 0.133789 0.585938 1311189487.347896
0.561523 0.044922 0.596680 1311189487.370918
0.553711 0.155273 0.595703 1311189487.418900
0.557617 0.083984 0.607422 1311189487.440906
0.561523 -0.013672 0.599609 1311189487.485906
0.529297 0.005859 0.629883 1311189487.519905
0.516602 0.050781 0.626953 1311189487.542909
0.535156 0.069336 0.638672 1311189487.584906
0.530273 0.041016 0.611328 1311189487.607903
0.517578 0.021484 0.611328 1311189487.628908
0.521484 0.077148 0.673828 1311189487.673906
0.529297 0.058594 0.644531 1311189487.716902
0.543945 0.054688 0.640625 1311189487.738903
0.502930 0.018555 0.647461 1311189487.759908
0.553711 0.055664 0.605469 1311189487.809917
0.513672 0.083008 0.613281 1311189487.824913
0.539062 0.039062 0.651367 1311189487.867902
0.552734 0.039062 0.621094 1311189487.889911
0.527344 0.042969 0.643555 1311189487.930915
0.537109 0.046875 0.622070 1311189487.952917
0.549805 0.035156 0.617188 1311189487.994921
0.549805 0.035156 0.617188 1311189488.015913
