0.101562 0.290039 0.641602 1311188976.372937
0.087891 0.194336 0.683594 1311188976.415946
0.217773 0.148438 0.775391 1311188976.438131
0.289062 0.093750 0.710938 1311188976.480952
0.543945 0.067383 0.734375 1311188976.502960
0.622070 0.125977 0.516602 1311188976.543963
0.605469 0.153320 0.266602 1311188976.566974
0.605469 0.153320 0.266602 1311188976.591966
0.895508 -0.045898 0.025391 1311188976.634970
0.152344 0.672852 0.683594 1311188976.656978
1.148438 0.753906 0.652344 1311188976.699966
0.330078 0.203125 0.605469 1311188976.722975
1.128906 0.014648 0.651367 1311188976.773973
0.666992 0.360352 0.613281 1311188976.796976
0.610352 0.103516 0.604492 1311188976.817962
0.590820 0.094727 0.600586 1311188976.861980
0.555664 0.074219 0.577148 1311188976.884978
0.575195 0.144531 0.592773 1311188976.932982
0.620117 0.076172 0.623047 1311188976.976968
0.546875 0.133789 0.568359 1311188976.977965
0.546875 0.215820 0.541992 1311188977.021986
0.520508 0.265625 0.516602 1311188977.045084
0.532227 0.286133 0.266602 1311188977.069957
0.550781 0.289062 0.537109 1311188977.116972
0.457031 0.349609 0.491211 1311188977.158979
0.544922 0.251953 0.600586 1311188977.234989
0.583008 0.302734 0.567383 1311188977.261976
0.474609 0.367188 0.537109 1311188977.262978
0.497070 0.319336 0.287109 1311188977.279979
0.526367 0.333008 0.510742 1311188977.317983
0.474609 0.384766 0.495117 1311188977.342983
0.470703 0.421875 0.477539 1311188977.364990
0.467773 0.443359 0.466797 1311188977.407976
0.436523 0.369141 0.474609 1311188977.429990
0.465820 0.322266 0.537109 1311188977.473972
0.514648 0.359375 0.465820 1311188977.518001
0.566406 0.288086 0.541992 1311188977.538988
0.545898 0.276367 0.527344 1311188977.583007
0.491211 0.308594 0.516602 1311188977.605002
0.523438 0.265625 0.544922 1311188977.626986
0.365234 0.427734 0.442383 1311188977.669988
0.568359 0.248047 0.626953 1311188977.691981
0.528320 0.314453 0.557617 1311188977.739988
0.527344 0.287109 0.578125 1311188977.761996
0.615234 0.045898 0.657227 1311188977.787992
0.416016 0.276367 0.907227 1311188977.832010
0.724609 -0.409180 0.713867 1311188977.856992
0.409180 0.008789 0.801758 1311188977.882014
0.590820 0.033203 0.721680 1311188977.924976
0.525391 0.232422 0.612305 1311188977.946985
0.550781 0.263672 0.408203 1311188977.988976
0.770508 0.053711 0.016602 1311188978.011989
1.035156 0.071289 -0.031250 1311188978.057996
1.000000 -0.351562 -0.238281 1311188978.100006
0.920898 -0.428711 -0.254883 1311188978.122998
1.071289 -0.003906 -0.103516 1311188978.160001
1.116211 -0.320312 -0.332031 1311188978.172997
1.022461 -0.291016 -0.208984 1311188978.216999
0.788086 -0.071289 -0.433594 1311188978.238993
1.125000 -0.176758 -0.552734 1311188978.288106
1.001953 0.064453 -0.382812 1311188978.309996
0.937500 0.446289 -0.658203 1311188978.334028
1.047852 0.406250 -0.719727 1311188978.387998
0.898438 0.406250 -0.719727 1311188978.388995
1.031250 -0.215820 -0.407227 1311188978.435006
0.970703 -0.471680 -0.309570 1311188978.489013
1.166992 -0.548828 -0.355469 1311188978.538996
0.970703 -0.424805 -0.200195 1311188978.557006
0.949219 -0.226562 -0.083984 1311188978.557998
1.150391 0.006836 -0.333984 1311188978.582997
1.065430 0.003906 -0.489258 1311188978.628007
1.089844 0.140625 -0.383789 1311188978.672003
1.034180 -0.023438 -0.285156 1311188978.693011
1.007812 -0.222656 -0.268555 1311188978.715009
0.994141 -0.188477 -0.230469 1311188978.752016
1.006836 -0.127930 -0.286133 1311188978.798009
0.981445 -0.273438 -0.250000 1311188978.844015
0.988281 -0.258789 -0.243164 1311188978.867017
1.045898 0.000000 -0.375000 1311188978.889001
1.047852 -0.066406 -0.385742 1311188978.912006
1.057617 -0.175781 -0.302734 1311188978.939034
1.020508 -0.159180 -0.331055 1311188978.983006
1.031250 -0.191406 -0.274414 1311188979.022010
1.033203 -0.302734 -0.229492 1311188979.047028
1.004883 -0.204102 -0.232422 1311188979.092991
1.017578 -0.160156 -0.226562 1311188979.115017
1.033203 -0.125000 -0.476562 1311188979.160024
1.016602 -0.142578 -0.304688 1311188979.183018
1.031250 -0.154297 -0.321289 1311188979.205023
1.027344 -0.105469 -0.292969 1311188979.250016
1.030273 -0.123047 -0.329102 1311188979.272015
1.030273 -0.111328 -0.302734 1311188979.317031
1.030273 -0.111328 -0.302734 1311188979.338159
1.030273 -0.111328 -0.302734 1311188979.369003
1.030273 -0.111328 -0.302734 1311188979.392003
1.018555 -0.140625 -0.249023 1311188979.435032
1.022461 -0.146484 -0.256836 1311188979.462018
1.010742 -0.146484 -0.304688 1311188979.507025
1.010742 -0.146484 -0.304688 1311188979.528015
