0.667969 0.176758 0.493164 1309548053.375997
0.704102 0.166992 0.514648 1309548053.397993
0.643555 0.186523 0.480469 1309548053.442994
0.658203 0.184570 0.501953 1309548053.486001
0.664062 0.188477 0.489258 1309548053.507987
0.650391 0.188477 0.489258 1309548053.531000
0.659180 0.188477 0.489258 1309548053.578010
0.647461 0.195312 0.511719 1309548053.601004
0.650391 0.166016 0.528320 1309548053.622997
0.660156 0.168945 0.489258 1309548053.666999
0.663086 0.185547 0.483398 1309548053.688001
0.663086 0.185547 0.483398 1309548053.711003
0.671875 0.195312 0.500977 1309548053.775997
0.636719 0.209961 0.467773 1309548053.798964
0.672852 0.193359 0.480469 1309548053.821005
0.621094 0.208984 0.491211 1309548053.863987
0.648438 0.166016 0.540039 1309548053.887004
0.655273 0.181641 0.480469 1309548053.931007
0.670898 0.152344 0.511719 1309548053.952998
0.643555 0.158203 0.521484 1309548053.997006
0.657227 0.177734 0.502930 1309548054.019014
0.655273 0.183594 0.495117 1309548054.041010
0.655273 0.189453 0.491211 1309548054.064030
0.684570 0.172852 0.479492 1309548054.106008
0.676758 0.188477 0.476562 1309548054.149009
0.636719 0.179688 0.490234 1309548054.172009
0.657227 0.179688 0.514648 1309548054.218012
0.667969 0.128906 0.508789 1309548054.241012
0.684570 0.165039 0.497070 1309548054.264014
0.677734 0.194336 0.495117 1309548054.338016
0.666992 0.180664 0.488281 1309548054.363006
0.668945 0.172852 0.493164 1309548054.364003
0.623047 0.178711 0.502930 1309548054.408007
0.623047 0.201172 0.523438 1309548054.452015
0.616211 0.200195 0.482422 1309548054.473016
0.659180 0.182617 0.521484 1309548054.514017
0.647461 0.154297 0.489258 1309548054.537017
0.627930 0.185547 0.495117 1309548054.583020
0.635742 0.241211 0.521484 1309548054.604018
0.642578 0.187500 0.472656 1309548054.627020
0.642578 0.187500 0.472656 1309548054.649019
0.641602 0.189453 0.497070 1309548054.692018
0.632812 0.189453 0.518555 1309548054.736018
0.624023 0.172852 0.487305 1309548054.761019
0.643555 0.194336 0.509766 1309548054.786026
0.656250 0.174805 0.528320 1309548054.807049
0.656250 0.174805 0.528320 1309548054.851023
0.645508 0.216797 0.489258 1309548054.878995
0.664062 0.199219 0.444336 1309548054.919024
0.651367 0.182617 0.500977 1309548054.964031
0.632812 0.194336 0.506836 1309548055.007030
0.618164 0.182617 0.540039 1309548055.008020
0.615234 0.201172 0.503906 1309548055.052029
0.662109 0.184570 0.545898 1309548055.074029
0.661133 0.148438 0.510742 1309548055.106026
0.666016 0.152344 0.496094 1309548055.149029
0.647461 0.184570 0.517578 1309548055.172054
0.645508 0.166016 0.524414 1309548055.194025
0.632812 0.178711 0.516602 1309548055.238026
0.653320 0.186523 0.516602 1309548055.256035
0.651367 0.196289 0.520508 1309548055.301034
0.614258 0.207031 0.510742 1309548055.344036
0.639648 0.196289 0.494141 1309548055.366044
0.663086 0.172852 0.494141 1309548055.410035
0.636719 0.172852 0.494141 1309548055.436037
0.665039 0.162109 0.491211 1309548055.481060
0.647461 0.166016 0.516602 1309548055.502034
0.666992 0.165039 0.478516 1309548055.526041
0.672852 0.152344 0.501953 1309548055.568037
0.661133 0.156250 0.501953 1309548055.641037
0.652344 0.160156 0.500977 1309548055.663036
0.649414 0.154297 0.523438 1309548055.684042
0.632812 0.182617 0.505859 1309548055.706017
0.594727 0.184570 0.530273 1309548055.726045
0.664062 0.236328 0.526367 1309548055.772036
0.664062 0.236328 0.526367 1309548055.773041
0.648438 0.179688 0.514648 1309548055.821039
0.669922 0.198242 0.497070 1309548055.862046
0.660156 0.184570 0.478516 1309548055.889044
0.678711 0.177734 0.487305 1309548055.907039
0.666016 0.199219 0.460938 1309548055.964045
0.662109 0.189453 0.496094 1309548055.986051
0.643555 0.185547 0.494141 1309548056.008043
0.718750 0.174805 0.487305 1309548056.055042
0.666992 0.187500 0.491211 1309548056.077045
0.657227 0.187500 0.506836 1309548056.121042
0.685547 0.142578 0.482422 1309548056.146050
0.666016 0.138672 0.504883 1309548056.168051
0.672852 0.191406 0.506836 1309548056.214066
0.666992 0.203125 0.518555 1309548056.229047
0.665039 0.187500 0.482422 1309548056.264056
0.656250 0.183594 0.501953 1309548056.308050
0.666992 0.202148 0.479492 1309548056.330054
0.625977 0.179688 0.524414 1309548056.376054
0.643555 0.172852 0.508789 1309548056.403056
0.655273 0.169922 0.498047 1309548056.447115
0.632812 0.201172 0.477539 1309548056.469049
0.652344 0.158203 0.506836 1309548056.493405
0.704102 0.168945 0.506836 1309548056.516057
0.633789 0.161133 0.524414 1309548056.559344
0.653320 0.155273 0.274414 1309548056.582073
0.678711 0.140625 0.506836 1309548056.624055
0.658203 0.208008 0.509766 1309548056.667062
0.651367 0.179688 0.545898 1309548056.689063
0.651367 0.179688 0.545898 1309548056.711057
0.669922 0.185547 0.504883 1309548056.757059
0.662109 0.165039 0.436523 1309548056.801062
0.689453 0.179688 0.505859 1309548056.822060
0.656250 0.178711 0.501953 1309548056.846069
0.651367 0.154297 0.511719 1309548056.929073
0.632812 0.164062 0.511719 1309548056.950064
0.660156 0.206055 0.519531 1309548056.964070
0.645508 0.163086 0.532227 1309548056.986066
0.629883 0.175781 0.488281 1309548057.008063
0.638672 0.189453 0.503906 1309548057.068063
0.654297 0.208984 0.510742 1309548057.072057
0.654297 0.208984 0.510742 1309548057.117069
0.641602 0.194336 0.514648 1309548057.148067
0.636719 0.162109 0.478516 1309548057.172086
0.636719 0.198242 0.485352 1309548057.212064
0.612305 0.191406 0.491211 1309548057.233067
0.660156 0.193359 0.488281 1309548057.254071
0.649414 0.163086 0.484375 1309548057.299068
0.660156 0.187500 0.506836 1309548057.343077
0.659180 0.178711 0.510742 1309548057.367075
0.683594 0.201172 0.505859 1309548057.389079
0.662109 0.206055 0.519531 1309548057.421072
0.661133 0.165039 0.519531 1309548057.464080
0.659180 0.190430 0.493164 1309548057.524077
0.652344 0.204102 0.505859 1309548057.539059
0.655273 0.181641 0.500000 1309548057.561092
0.668945 0.202148 0.500977 1309548057.583084
0.651367 0.205078 0.518555 1309548057.622077
0.645508 0.185547 0.268555 1309548057.645079
0.643555 0.180664 0.499023 1309548057.687077
0.670898 0.193359 0.484375 1309548057.733081
0.660156 0.190430 0.489258 1309548057.754078
0.627930 0.207031 0.495117 1309548057.801061
0.666992 0.167969 0.497070 1309548057.824084
0.666992 0.167969 0.497070 1309548057.846081
0.673828 0.169922 0.510742 1309548057.891079
0.663086 0.166992 0.515625 1309548057.922093
0.656250 0.186523 0.505859 1309548057.944075
0.658203 0.207031 0.497070 1309548057.988081
0.666992 0.181641 0.492188 1309548058.011083
0.639648 0.177734 0.513672 1309548058.056087
0.669922 0.216797 0.487305 1309548058.102095
0.656250 0.191406 0.500000 1309548058.103083
0.662109 0.130859 0.508789 1309548058.147071
0.699219 0.177734 0.505859 1309548058.199071
0.648438 0.184570 0.486328 1309548058.226089
0.659180 0.167969 0.485352 1309548058.247088
0.639648 0.181641 0.495117 1309548058.270083
0.649414 0.169922 0.517578 1309548058.292092
0.660156 0.183594 0.501953 1309548058.328084
0.637695 0.191406 0.529297 1309548058.373091
0.656250 0.155273 0.495117 1309548058.396089
0.683594 0.186523 0.502930 1309548058.418089
0.653320 0.186523 0.502930 1309548058.463094
0.666016 0.150391 0.482422 1309548058.496095
0.682617 0.189453 0.481445 1309548058.541102
0.649414 0.206055 0.506836 1309548058.582102
0.665039 0.167969 0.497070 1309548058.583093
0.644531 0.179688 0.515625 1309548058.629089
0.659180 0.185547 0.485352 1309548058.652104
0.663086 0.175781 0.487305 1309548058.699106
0.636719 0.156250 0.517578 1309548058.723104
0.659180 0.188477 0.500977 1309548058.766093
0.659180 0.188477 0.500977 1309548058.767090
0.655273 0.181641 0.534180 1309548058.824097
0.670898 0.161133 0.509766 1309548058.869110
0.670898 0.164062 0.540039 1309548058.891102
0.643555 0.175781 0.512695 1309548058.913098
0.668945 0.167969 0.472656 1309548058.936107
0.680664 0.199219 0.472656 1309548058.966108
0.666992 0.205078 0.489258 1309548059.011101
0.654297 0.175781 0.495117 1309548059.053108
0.647461 0.178711 0.502930 1309548059.076102
0.659180 0.189453 0.488281 1309548059.108111
0.661133 0.150391 0.540039 1309548059.132112
0.721680 0.165039 0.502930 1309548059.182111
0.633789 0.154297 0.527344 1309548059.209106
0.666992 0.148438 0.510742 1309548059.253109
0.645508 0.159180 0.513672 1309548059.269108
0.670898 0.183594 0.489258 1309548059.308110
0.658203 0.149414 0.477539 1309548059.319102
0.674805 0.186523 0.477539 1309548059.350111
0.651367 0.154297 0.514648 1309548059.433114
0.659180 0.177734 0.466797 1309548059.436110
0.660156 0.148438 0.466797 1309548059.487118
0.656250 0.159180 0.475586 1309548059.512114
0.660156 0.194336 0.725586 1309548059.514111
0.660156 0.194336 0.725586 1309548059.556114
0.649414 0.166016 0.515625 1309548059.602120
0.708008 0.149414 0.494141 1309548059.646119
0.652344 0.180664 0.498047 1309548059.647112
0.646484 0.148438 0.499023 1309548059.691114
0.690430 0.171875 0.502930 1309548059.714117
0.663086 0.204102 0.482422 1309548059.748115
0.630859 0.171875 0.475586 1309548059.802122
0.655273 0.191406 0.482422 1309548059.826119
0.657227 0.208008 0.486328 1309548059.848120
0.628906 0.167969 0.482422 1309548059.892119
0.628906 0.167969 0.482422 1309548059.914151
0.672852 0.177734 0.479492 1309548059.938114
0.659180 0.186523 0.499023 1309548059.987124
0.628906 0.183594 0.500977 1309548060.009125
0.616211 0.185547 0.505859 1309548060.053123
0.645508 0.145508 0.517578 1309548060.076128
0.665039 0.177734 0.484375 1309548060.121133
0.639648 0.193359 0.496094 1309548060.143131
0.653320 0.201172 0.537109 1309548060.182123
0.686523 0.191406 0.515625 1309548060.211138
0.651367 0.162109 0.502930 1309548060.233131
0.641602 0.189453 0.512695 1309548060.262133
0.658203 0.177734 0.510742 1309548060.306149
0.656250 0.174805 0.495117 1309548060.327135
0.640625 0.192383 0.506836 1309548060.372129
0.677734 0.164062 0.517578 1309548060.394130
0.665039 0.189453 0.491211 1309548060.437123
0.654297 0.211914 0.491211 1309548060.460136
0.653320 0.182617 0.514648 1309548060.504126
0.660156 0.177734 0.515625 1309548060.528133
0.655273 0.205078 0.501953 1309548060.552132
0.670898 0.154297 0.506836 1309548060.596139
0.665039 0.182617 0.487305 1309548060.618158
0.631836 0.156250 0.519531 1309548060.662141
0.617188 0.166016 0.534180 1309548060.683143
0.649414 0.164062 0.503906 1309548060.706139
0.650391 0.161133 0.479492 1309548060.794141
0.646484 0.152344 0.505859 1309548060.796134
0.680664 0.178711 0.517578 1309548060.816139
0.680664 0.178711 0.517578 1309548060.839115
0.631836 0.175781 0.508789 1309548060.878137
0.639648 0.161133 0.523438 1309548060.922150
0.663086 0.177734 0.472656 1309548060.944141
