0.436523 -0.166016 0.699219 1310162318.122092
0.441406 -0.142578 0.699219 1310162318.144081
0.461914 -0.162109 0.656250 1310162318.171045
0.477539 -0.167969 0.690430 1310162318.217113
0.470703 -0.148438 0.686523 1310162318.239088
0.471680 -0.162109 0.683594 1310162318.283018
0.442383 -0.174805 0.701172 1310162318.308033
0.411133 -0.149414 0.688477 1310162318.352077
0.438477 -0.151367 0.679688 1310162318.353042
0.458008 -0.157227 0.712891 1310162318.393118
0.459961 -0.152344 0.702148 1310162318.434059
0.454102 -0.108398 0.666992 1310162318.457116
0.445312 -0.234375 0.682617 1310162318.503056
0.473633 -0.178711 0.702148 1310162318.524008
0.415039 -0.300781 0.702148 1310162318.547021
0.502930 -0.074219 0.655273 1310162318.601116
0.486328 -0.107422 0.659180 1310162318.623125
0.515625 -0.119141 0.663086 1310162318.666125
0.439453 -0.087891 0.657227 1310162318.689130
0.511719 -0.019531 0.633789 1310162318.712127
0.484375 -0.064453 0.633789 1310162318.740135
0.531250 -0.099609 0.674805 1310162318.798010
0.470703 -0.029297 0.708008 1310162318.822017
0.494141 -0.144531 0.667969 1310162318.869056
0.469727 -0.010742 0.647461 1310162318.892118
0.463867 -0.132812 0.676758 1310162318.917141
0.463867 -0.132812 0.676758 1310162318.932148
0.531250 -0.240234 0.669922 1310162318.997121
0.472656 0.012695 0.681641 1310162319.028126
0.456055 -0.071289 0.670898 1310162319.049052
0.507812 -0.304688 0.638672 1310162319.072081
0.480469 -0.165039 0.671875 1310162319.106130
0.515625 -0.226562 0.657227 1310162319.148050
0.470703 -0.229492 0.657227 1310162319.171103
0.454102 -0.189453 0.633789 1310162319.209026
0.498047 -0.158203 0.630859 1310162319.254145
0.496094 -0.097656 0.662109 1310162319.278145
0.511719 -0.177734 0.690430 1310162319.301067
0.476562 -0.140625 0.640625 1310162319.324107
0.625000 -0.148438 0.701172 1310162319.373091
0.554688 -0.171875 0.652344 1310162319.404149
0.294922 -0.154297 0.598633 1310162319.426145
0.482422 -0.054688 0.733398 1310162319.476134
0.448242 -0.301758 0.579102 1310162319.499169
0.372070 0.084961 0.626953 1310162319.543130
0.916992 -0.011719 0.732422 1310162319.566133
0.430664 -0.028320 0.661133 1310162319.588144
0.215820 0.014648 0.578125 1310162319.623148
0.862305 -0.023438 0.776367 1310162319.684135
0.497070 -0.060547 0.618164 1310162319.687130
0.381836 -0.060547 0.618164 1310162319.708151
0.381836 -0.060547 0.618164 1310162319.752136
0.586914 -0.234375 0.623047 1310162319.792110
0.530273 -0.151367 0.647461 1310162319.837140
0.447266 -0.020508 0.662109 1310162319.858109
0.502930 -0.125977 0.677734 1310162319.881077
0.549805 -0.095703 0.648438 1310162319.902075
0.521484 -0.074219 0.648438 1310162319.947068
0.491211 -0.094727 0.688477 1310162319.973095
0.525391 -0.143555 0.679688 1310162320.004108
0.514648 -0.163086 0.664062 1310162320.058119
0.511719 -0.118164 0.664062 1310162320.060082
0.536133 -0.130859 0.647461 1310162320.122066
0.539062 -0.142578 0.684570 1310162320.144041
0.475586 -0.111328 0.650391 1310162320.167061
0.482422 -0.055664 0.661133 1310162320.213315
0.519531 -0.048828 0.623047 1310162320.233068
0.513672 -0.062500 0.615234 1310162320.276039
0.510742 -0.117188 0.652344 1310162320.299089
0.493164 -0.074219 0.614258 1310162320.341048
0.561523 -0.091797 0.660156 1310162320.362045
0.522461 -0.091797 0.687500 1310162320.419061
0.472656 -0.093750 0.712891 1310162320.421064
0.493164 -0.065430 0.662109 1310162320.465057
0.434570 -0.104492 0.658203 1310162320.503091
0.506836 -0.102539 0.627930 1310162320.527060
0.452148 -0.120117 0.747070 1310162320.570090
0.567383 -0.208984 0.641602 1310162320.593060
0.456055 0.035156 0.641602 1310162320.615083
0.405273 0.000000 0.592773 1310162320.658071
0.502930 -0.086914 0.628906 1310162320.702074
0.413086 -0.063477 0.638672 1310162320.725057
0.505859 -0.101562 0.662109 1310162320.748083
0.522461 -0.091797 0.677734 1310162320.792057
0.541016 -0.099609 0.677734 1310162320.818074
0.538086 -0.123047 0.651367 1310162320.863062
0.524414 -0.185547 0.673828 1310162320.884060
0.510742 -0.172852 0.625977 1310162320.928134
0.526367 -0.194336 0.669922 1310162320.967084
0.494141 -0.093750 0.673828 1310162320.987072
0.521484 -0.082031 0.724609 1310162321.075085
0.271484 -0.082031 0.724609 1310162321.077090
0.447266 0.025391 0.661133 1310162321.098097
0.433594 0.069336 0.619141 1310162321.118129
0.413086 0.104492 0.565430 1310162321.140127
0.545898 -0.273438 0.638672 1310162321.182182
0.516602 -0.120117 0.636719 1310162321.203255
0.549805 -0.166016 0.679688 1310162321.247147
0.609375 -0.198242 0.632812 1310162321.270157
0.500977 -0.175781 0.668945 1310162321.293183
0.507812 -0.083008 0.610352 1310162321.337109
0.490234 -0.083008 0.656250 1310162321.358296
0.477539 -0.211914 0.660156 1310162321.403115
0.448242 -0.177734 0.700195 1310162321.439190
0.458984 -0.100586 0.689453 1310162321.462119
0.476562 -0.078125 0.686523 1310162321.505122
0.492188 -0.164062 0.658203 1310162321.528127
0.459961 -0.074219 0.669922 1310162321.551107
0.408203 -0.008789 0.678711 1310162321.595107
0.463867 -0.131836 0.677734 1310162321.620191
0.432617 -0.111328 0.693359 1310162321.647153
0.463867 -0.154297 0.691406 1310162321.689104
0.469727 -0.187500 0.662109 1310162321.715148
0.473633 -0.157227 0.679688 1310162321.759185
0.419922 -0.157227 0.679688 1310162321.781159
0.451172 -0.146484 0.674805 1310162321.828178
0.468750 -0.160156 0.677734 1310162321.859131
0.467773 -0.168945 0.649414 1310162321.883131
0.471680 -0.150391 0.671875 1310162321.910321
0.471680 -0.150391 0.671875 1310162321.933143
0.445312 -0.175781 0.680664 1310162321.977187
0.444336 -0.148438 0.664062 1310162322.020140
0.452148 -0.171875 0.648438 1310162322.045133
0.447266 -0.163086 0.666992 1310162322.087203
0.452148 -0.132812 0.673828 1310162322.110190
0.439453 -0.162109 0.673828 1310162322.136118
0.476562 -0.128906 0.658203 1310162322.182133
0.457031 -0.138672 0.682617 1310162322.233194
0.476562 -0.134766 0.708984 1310162322.259120
0.449219 -0.111328 0.679688 1310162322.260129
0.414062 -0.083008 0.689453 1310162322.302197
0.469727 -0.106445 0.677734 1310162322.344162
0.463867 -0.101562 0.691406 1310162322.367191
0.460938 -0.089844 0.697266 1310162322.389193
0.481445 -0.141602 0.672852 1310162322.433132
0.427734 -0.088867 0.659180 1310162322.454178
0.453125 -0.089844 0.681641 1310162322.498127
0.479492 -0.118164 0.683594 1310162322.519143
0.464844 -0.095703 0.672852 1310162322.565132
0.453125 -0.103516 0.686523 1310162322.590216
0.484375 -0.095703 0.692383 1310162322.632188
0.438477 -0.115234 0.665039 1310162322.655202
0.486328 -0.113281 0.665039 1310162322.678205
0.428711 -0.089844 0.682617 1310162322.722141
0.486328 -0.123047 0.663086 1310162322.744215
0.480469 -0.139648 0.679688 1310162322.788199
0.413086 -0.136719 0.651367 1310162322.813174
0.454102 -0.134766 0.682617 1310162322.857105
0.458008 -0.134766 0.682617 1310162322.879095
0.464844 -0.126953 0.665039 1310162322.917202
0.458008 -0.106445 0.693359 1310162322.944211
0.440430 -0.136719 0.692383 1310162322.988148
0.409180 -0.195312 0.688477 1310162323.010207
0.470703 -0.177734 0.679688 1310162323.034222
0.470703 -0.177734 0.679688 1310162323.079137
0.439453 -0.157227 0.686523 1310162323.118159
0.468750 -0.165039 0.699219 1310162323.142170
0.483398 -0.179688 0.691406 1310162323.187146
0.423828 -0.140625 0.675781 1310162323.209122
0.473633 -0.146484 0.685547 1310162323.232150
0.455078 -0.146484 0.685547 1310162323.254133
0.458008 -0.166992 0.678711 1310162323.300148
0.460938 -0.134766 0.651367 1310162323.325143
0.463867 -0.165039 0.697266 1310162323.368120
0.468750 -0.180664 0.697266 1310162323.410163
0.447266 -0.180664 0.684570 1310162323.432137
0.453125 -0.148438 0.674805 1310162323.453172
0.454102 -0.184570 0.703125 1310162323.527167
0.475586 -0.154297 0.713867 1310162323.552112
0.444336 -0.144531 0.696289 1310162323.553103
0.446289 -0.190430 0.701172 1310162323.590138
0.448242 -0.162109 0.704102 1310162323.617170
0.484375 -0.158203 0.689453 1310162323.665123
0.444336 -0.158203 0.684570 1310162323.688148
0.476562 -0.160156 0.666992 1310162323.709163
0.448242 -0.162109 0.709961 1310162323.753116
0.454102 -0.208984 0.694336 1310162323.775185
0.442383 -0.154297 0.696289 1310162323.819141
0.474609 -0.161133 0.702148 1310162323.844159
0.478516 -0.180664 0.686523 1310162323.890134
0.475586 -0.159180 0.667969 1310162323.912152
0.432617 -0.140625 0.666992 1310162323.935155
0.437500 -0.154297 0.672852 1310162323.979123
0.437500 -0.154297 0.672852 1310162324.002185
0.481445 -0.167969 0.688477 1310162324.035157
0.450195 -0.147461 0.674805 1310162324.079199
0.455078 -0.161133 0.688477 1310162324.100158
0.467773 -0.158203 0.671875 1310162324.144168
0.471680 -0.144531 0.679688 1310162324.169130
0.471680 -0.162109 0.679688 1310162324.191132
0.458008 -0.173828 0.666992 1310162324.235141
0.443359 -0.161133 0.659180 1310162324.284161
0.468750 -0.172852 0.669922 1310162324.305186
0.445312 -0.166016 0.677734 1310162324.327207
0.456055 -0.167969 0.679688 1310162324.349813
0.457031 -0.154297 0.668945 1310162324.388228
0.456055 -0.177734 0.679688 1310162324.432177
0.471680 -0.176758 0.708984 1310162324.457209
0.475586 -0.171875 0.686523 1310162324.504152
0.457031 -0.157227 0.670898 1310162324.527141
0.427734 -0.146484 0.702148 1310162324.549136
0.449219 -0.158203 0.682617 1310162324.593150
0.464844 -0.166016 0.686523 1310162324.615142
0.455078 -0.167969 0.689453 1310162324.659175
0.447266 -0.211914 0.683594 1310162324.680130
0.482422 -0.164062 0.681641 1310162324.724166
0.469727 -0.140625 0.685547 1310162324.747178
0.489258 -0.167969 0.674805 1310162324.845130
0.466797 -0.139648 0.694336 1310162324.868124
0.454102 -0.147461 0.686523 1310162324.869125
0.463867 -0.138672 0.694336 1310162324.882136
0.463867 -0.170898 0.666016 1310162324.904189
0.486328 -0.171875 0.649414 1310162324.927183
0.472656 -0.161133 0.631836 1310162324.969178
0.458984 -0.148438 0.631836 1310162325.018457
0.437500 -0.156250 0.666016 1310162325.040187
0.414062 -0.126953 0.677734 1310162325.084183
0.444336 -0.155273 0.678711 1310162325.107192
0.444336 -0.155273 0.678711 1310162325.129185
0.469727 -0.154297 0.638672 1310162325.182184
0.472656 -0.154297 0.666016 1310162325.207159
0.477539 -0.150391 0.661133 1310162325.229166
0.468750 -0.118164 0.668945 1310162325.257161
0.456055 -0.163086 0.680664 1310162325.299182
0.443359 -0.196289 0.688477 1310162325.323200
0.455078 -0.192383 0.676758 1310162325.372165
0.477539 -0.204102 0.650391 1310162325.393198
0.448242 -0.154297 0.683594 1310162325.415185
0.473633 -0.159180 0.696289 1310162325.460202
0.458008 -0.220703 0.682617 1310162325.482324
0.510742 -0.204102 0.675781 1310162325.528199
0.468750 -0.098633 0.663086 1310162325.550177
0.520508 -0.202148 0.652344 1310162325.594169
0.478516 -0.095703 0.647461 1310162325.617175
0.513672 -0.111328 0.655273 1310162325.659191
0.479492 -0.152344 0.655273 1310162325.682241
0.533203 -0.200195 0.645508 1310162325.719213
0.422852 -0.037109 0.664062 1310162325.743181
0.475586 -0.058594 0.673828 1310162325.787198
0.523438 -0.201172 0.625977 1310162325.832304
0.442383 -0.039062 0.690430 1310162325.833181
0.542969 -0.114258 0.687500 1310162325.878182
0.483398 -0.160156 0.672852 1310162325.923165
0.558594 -0.166992 0.631836 1310162325.947190
0.495117 -0.196289 0.691406 1310162325.975179
0.482422 -0.070312 0.678711 1310162325.997207
0.442383 -0.103516 0.702148 1310162326.040228
0.474609 -0.103516 0.702148 1310162326.074185
0.498047 -0.047852 0.694336 1310162326.141168
0.485352 -0.148438 0.681641 1310162326.160182
0.497070 -0.136719 0.693359 1310162326.182170
0.550781 -0.080078 0.632812 1310162326.204163
0.501953 -0.048828 0.708984 1310162326.246805
0.479492 -0.117188 0.662109 1310162326.248192
0.458984 -0.061523 0.666992 1310162326.314162
0.416992 -0.121094 0.637695 1310162326.340262
0.452148 -0.133789 0.713867 1310162326.363177
0.412109 -0.121094 0.608398 1310162326.385183
0.504883 -0.006836 0.704102 1310162326.428248
0.496094 -0.101562 0.660156 1310162326.474246
0.376953 0.070312 0.608398 1310162326.495199
0.537109 0.026367 0.772461 1310162326.520192
0.485352 -0.040039 0.599609 1310162326.564189
0.438477 -0.052734 0.684570 1310162326.590191
0.430664 -0.032227 0.637695 1310162326.612187
0.463867 -0.045898 0.660156 1310162326.654193
0.417969 -0.079102 0.600586 1310162326.675172
0.402344 -0.064453 0.616211 1310162326.718191
0.506836 -0.074219 0.674805 1310162326.740189
0.489258 -0.138672 0.647461 1310162326.785257
0.495117 -0.112305 0.647461 1310162326.807191
0.573242 -0.083984 0.653320 1310162326.849204
0.523438 -0.104492 0.699219 1310162326.870179
0.518555 -0.132812 0.663086 1310162326.903228
0.492188 -0.096680 0.668945 1310162326.947191
0.495117 -0.069336 0.670898 1310162326.970372
0.490234 -0.038086 0.652344 1310162326.995203
0.502930 -0.040039 0.635742 1310162327.037218
0.503906 -0.094727 0.664062 1310162327.082193
0.532227 -0.101562 0.625977 1310162327.107210
0.500977 -0.087891 0.680664 1310162327.128211
0.512695 -0.066406 0.668945 1310162327.153199
0.544922 -0.073242 0.656250 1310162327.195227
0.528320 -0.073242 0.656250 1310162327.219222
0.501953 -0.082031 0.643555 1310162327.265204
0.461914 -0.082031 0.626953 1310162327.302213
0.489258 -0.136719 0.625977 1310162327.325241
0.472656 -0.083984 0.670898 1310162327.360208
0.432617 -0.076172 0.676758 1310162327.425230
0.537109 -0.218750 0.725586 1310162327.427189
0.315430 0.012695 0.757812 1310162327.470213
0.387695 0.049805 0.620117 1310162327.493222
0.459961 -0.141602 0.603516 1310162327.515320
0.443359 -0.174805 0.645508 1310162327.538270
0.555664 -0.174805 0.645508 1310162327.583223
0.501953 -0.107422 0.625000 1310162327.630245
0.507812 -0.111328 0.639648 1310162327.647410
0.489258 -0.056641 0.646484 1310162327.683210
0.492188 -0.055664 0.648438 1310162327.705247
0.544922 -0.125000 0.671875 1310162327.731230
0.493164 0.000000 0.667969 1310162327.774305
0.470703 0.024414 0.628906 1310162327.818245
0.524414 -0.279297 0.660156 1310162327.843313
0.506836 -0.043945 0.681641 1310162327.887236
0.510742 -0.036133 0.655273 1310162327.909628
0.530273 -0.071289 0.652344 1310162327.932197
0.544922 -0.125977 0.674805 1310162327.982193
0.490234 -0.106445 0.669922 1310162327.998195
0.461914 0.028320 0.659180 1310162328.052213
0.514648 -0.154297 0.686523 1310162328.073218
0.541016 -0.139648 0.606445 1310162328.102318
0.511719 -0.139648 0.606445 1310162328.122229
0.563477 -0.052734 0.647461 1310162328.165299
0.504883 0.061523 0.674805 1310162328.190354
0.460938 -0.097656 0.666992 1310162328.235248
0.518555 -0.089844 0.672852 1310162328.287305
0.503906 -0.037109 0.683594 1310162328.297241
0.514648 -0.056641 0.691406 1310162328.320259
0.501953 -0.020508 0.615234 1310162328.363231
0.528320 -0.067383 0.674805 1310162328.407240
0.481445 -0.039062 0.670898 1310162328.430275
0.511719 -0.045898 0.628906 1310162328.455264
0.469727 -0.025391 0.698242 1310162328.482242
0.456055 -0.030273 0.649414 1310162328.523233
0.502930 -0.062500 0.667969 1310162328.544201
0.480469 -0.039062 0.651367 1310162328.592213
0.518555 -0.107422 0.666992 1310162328.617228
0.532227 -0.092773 0.646484 1310162328.648254
0.432617 0.015625 0.681641 1310162328.684234
0.518555 -0.171875 0.626953 1310162328.713256
0.452148 -0.087891 0.675781 1310162328.757260
0.568359 -0.171875 0.663086 1310162328.778253
0.480469 -0.047852 0.687500 1310162328.820266
0.498047 0.077148 0.694336 1310162328.840345
0.499023 -0.228516 0.694336 1310162328.863245
0.498047 -0.242188 0.644531 1310162328.907228
0.428711 -0.124023 0.684570 1310162328.930272
0.500977 -0.109375 0.672852 1310162328.973230
0.484375 -0.215820 0.679688 1310162328.997237
0.465820 -0.228516 0.651367 1310162329.040257
0.538086 -0.228516 0.651367 1310162329.068262
0.498047 -0.181641 0.645508 1310162329.097242
0.469727 -0.097656 0.694336 1310162329.139224
0.526367 -0.169922 0.664062 1310162329.160227
0.511719 -0.099609 0.679688 1310162329.205246
0.515625 -0.118164 0.701172 1310162329.230277
0.515625 -0.118164 0.701172 1310162329.257249
0.578125 -0.128906 0.656250 1310162329.286212
0.456055 -0.131836 0.583984 1310162329.334236
0.523438 -0.198242 0.644531 1310162329.357257
0.467773 0.012695 0.602539 1310162329.379235
0.529297 -0.047852 0.716797 1310162329.423240
0.496094 -0.041992 0.685547 1310162329.468293
0.510742 -0.034180 0.642578 1310162329.483259
0.511719 -0.083984 0.663086 1310162329.510248
0.514648 -0.108398 0.659180 1310162329.550286
0.529297 -0.040039 0.680664 1310162329.572275
0.528320 -0.052734 0.652344 1310162329.621288
0.551758 -0.122070 0.644531 1310162329.664235
0.509766 -0.216797 0.699219 1310162329.685259
0.449219 -0.038086 0.712891 1310162329.708290
0.510742 -0.060547 0.646484 1310162329.754269
0.475586 -0.109375 0.640625 1310162329.775274
0.485352 -0.056641 0.645508 1310162329.797264
0.477539 -0.061523 0.632812 1310162329.842257
0.473633 -0.051758 0.665039 1310162329.884272
0.464844 -0.038086 0.663086 1310162329.907262
0.530273 -0.105469 0.648438 1310162329.937248
0.584961 -0.097656 0.684570 1310162329.987357
0.543945 -0.089844 0.642578 1310162330.009320
0.520508 -0.152344 0.681641 1310162330.030269
0.513672 -0.064453 0.646484 1310162330.083280
0.531250 -0.115234 0.650391 1310162330.093280
0.541992 -0.097656 0.655273 1310162330.138243
0.532227 -0.107422 0.638672 1310162330.160263
0.516602 -0.107422 0.638672 1310162330.182256
0.512695 -0.107422 0.638672 1310162330.228353
0.501953 -0.089844 0.652344 1310162330.273326
0.530273 -0.083008 0.663086 1310162330.295274
0.541992 -0.086914 0.657227 1310162330.334255
0.544922 -0.047852 0.643555 1310162330.355290
0.529297 -0.098633 0.660156 1310162330.377272
0.536133 -0.105469 0.579102 1310162330.420270
0.520508 -0.117188 0.614258 1310162330.465253
0.474609 -0.041016 0.580078 1310162330.487271
0.478516 -0.132812 0.738281 1310162330.533276
0.460938 -0.094727 0.706055 1310162330.534253
0.520508 -0.155273 0.593750 1310162330.584272
0.515625 -0.160156 0.692383 1310162330.615274
0.469727 -0.143555 0.678711 1310162330.657248
0.495117 -0.035156 0.671875 1310162330.679295
0.490234 0.068359 0.682617 1310162330.723274
0.504883 -0.036133 0.629883 1310162330.747293
0.413086 -0.142578 0.708008 1310162330.772284
0.554688 -0.205078 0.695312 1310162330.815276
0.538086 -0.152344 0.681641 1310162330.837278
0.532227 -0.129883 0.657227 1310162330.880278
0.471680 -0.027344 0.713867 1310162330.900268
0.533203 -0.136719 0.656250 1310162330.929460
0.513672 -0.157227 0.661133 1310162330.973281
0.514648 -0.147461 0.706055 1310162331.005287
0.463867 0.000977 0.666016 1310162331.028285
0.479492 -0.082031 0.621094 1310162331.073286
0.541992 -0.124023 0.656250 1310162331.095314
0.471680 0.072266 0.608398 1310162331.127288
0.438477 0.094727 0.640625 1310162331.155323
0.583008 -0.196289 0.695312 1310162331.198275
0.504883 -0.087891 0.675781 1310162331.240301
0.453125 -0.034180 0.636719 1310162331.278258
0.529297 -0.153320 0.672852 1310162331.298280
0.506836 -0.128906 0.632812 1310162331.319252
0.486328 -0.016602 0.632812 1310162331.342543
0.736328 -0.016602 0.632812 1310162331.387262
0.575195 -0.097656 0.621094 1310162331.432269
0.478516 -0.151367 0.686523 1310162331.453315
0.510742 -0.055664 0.658203 1310162331.475281
0.508789 0.015625 0.645508 1310162331.522297
0.483398 -0.017578 0.647461 1310162331.545382
0.518555 -0.033203 0.670898 1310162331.574287
0.496094 -0.054688 0.652344 1310162331.642285
0.514648 -0.023438 0.645508 1310162331.652303
0.479492 0.029297 0.655273 1310162331.685367
0.511719 -0.031250 0.652344 1310162331.707374
0.494141 -0.074219 0.666992 1310162331.752308
0.523438 -0.075195 0.687500 1310162331.772316
0.494141 -0.117188 0.688477 1310162331.815389
0.547852 -0.110352 0.675781 1310162331.858308
0.514648 -0.233398 0.659180 1310162331.879308
0.381836 0.281250 0.648438 1310162331.900298
0.573242 -0.468750 0.648438 1310162331.922320
0.488281 0.000000 0.647461 1310162331.953312
0.514648 -0.063477 0.647461 1310162331.997408
0.494141 -0.101562 0.664062 1310162332.042318
0.478516 0.092773 0.650391 1310162332.065332
0.530273 -0.277344 0.608398 1310162332.090383
0.505859 -0.135742 0.651367 1310162332.134395
0.497070 -0.209961 0.662109 1310162332.157315
0.488281 -0.168945 0.671875 1310162332.200328
0.499023 -0.186523 0.698242 1310162332.222366
0.516602 -0.186523 0.698242 1310162332.265353
0.503906 -0.181641 0.659180 1310162332.280312
0.500000 -0.202148 0.677734 1310162332.323319
0.503906 -0.147461 0.661133 1310162332.347407
0.556641 -0.174805 0.659180 1310162332.394310
0.568359 -0.236328 0.644531 1310162332.417325
0.444336 -0.225586 0.631836 1310162332.440343
0.507812 0.057617 0.659180 1310162332.483314
0.468750 0.003906 0.685547 1310162332.564408
0.437500 0.030273 0.629883 1310162332.584414
0.459961 -0.001953 0.771484 1310162332.585356
0.534180 -0.057617 0.611328 1310162332.634322
0.534180 -0.057617 0.611328 1310162332.647407
0.507812 -0.102539 0.696289 1310162332.678362
0.535156 -0.095703 0.639648 1310162332.722405
0.443359 -0.109375 0.703125 1310162332.750325
0.505859 -0.093750 0.660156 1310162332.773408
0.496094 -0.103516 0.610352 1310162332.799362
0.447266 -0.064453 0.678711 1310162332.844336
0.474609 -0.088867 0.694336 1310162332.866323
0.500000 -0.090820 0.683594 1310162332.911429
0.502930 -0.089844 0.678711 1310162332.934360
0.446289 -0.072266 0.619141 1310162332.957386
0.338867 -0.044922 0.619141 1310162333.000338
0.662109 -0.041016 0.627930 1310162333.029332
0.788086 -0.056641 0.667969 1310162333.074413
0.498047 -0.159180 0.872070 1310162333.106373
0.477539 -0.091797 0.711914 1310162333.119316
0.594727 -0.094727 0.602539 1310162333.165295
0.577148 -0.085938 0.553711 1310162333.190305
0.577148 -0.085938 0.553711 1310162333.225331
0.487305 -0.087891 0.690430 1310162333.268360
0.541992 -0.076172 0.658203 1310162333.289371
0.561523 -0.066406 0.663086 1310162333.311385
0.499023 -0.057617 0.673828 1310162333.356410
0.749023 -0.057617 0.673828 1310162333.379335
0.520508 -0.037109 0.655273 1310162333.444326
0.523438 -0.047852 0.642578 1310162333.465411
0.510742 -0.045898 0.620117 1310162333.476382
0.513672 -0.069336 0.549805 1310162333.528316
0.516602 -0.125977 0.469727 1310162333.549429
0.486328 -0.127930 0.607422 1310162333.592330
0.506836 0.012695 0.874023 1310162333.615428
0.488281 -0.145508 0.692383 1310162333.666426
0.530273 -0.166992 0.589844 1310162333.668418
0.502930 -0.150391 0.693359 1310162333.711338
0.471680 -0.138672 0.671875 1310162333.733338
0.446289 -0.086914 0.716797 1310162333.777394
0.506836 0.064453 0.549805 1310162333.831352
0.373047 -0.068359 0.677734 1310162333.857346
0.455078 -0.200195 0.636719 1310162333.858408
0.550781 -0.218750 0.671875 1310162333.899396
0.541016 -0.153320 0.704102 1310162333.923350
0.556641 -0.174805 0.650391 1310162333.971360
0.517578 -0.111328 0.665039 1310162333.994355
0.463867 -0.172852 0.654297 1310162334.036421
0.529297 -0.156250 0.656250 1310162334.058429
0.524414 -0.125000 0.648438 1310162334.101384
0.483398 -0.125000 0.648438 1310162334.123367
0.591797 -0.198242 0.648438 1310162334.147331
0.503906 -0.155273 0.632812 1310162334.194375
0.479492 -0.038086 0.663086 1310162334.234347
0.431641 0.114258 0.669922 1310162334.258362
0.544922 -0.158203 0.678711 1310162334.281364
0.536133 -0.158203 0.678711 1310162334.325380
0.533203 -0.015625 0.661133 1310162334.348336
0.514648 0.016602 0.643555 1310162334.376331
0.565430 -0.148438 0.625977 1310162334.433334
0.549805 -0.063477 0.638672 1310162334.455365
0.518555 -0.159180 0.645508 1310162334.476376
0.522461 -0.042969 0.622070 1310162334.499362
0.533203 -0.050781 0.651367 1310162334.564350
0.500977 -0.013672 0.660156 1310162334.586372
0.504883 -0.039062 0.610352 1310162334.609374
0.500000 -0.058594 0.652344 1310162334.651343
0.487305 -0.083008 0.637695 1310162334.674370
0.519531 -0.073242 0.661133 1310162334.698392
0.513672 -0.041016 0.667969 1310162334.741354
0.500000 -0.032227 0.644531 1310162334.787345
0.503906 -0.172852 0.662109 1310162334.804360
0.429688 -0.172852 0.683594 1310162334.848374
0.456055 -0.066406 0.689453 1310162334.873371
0.507812 -0.066406 0.689453 1310162334.894569
0.517578 -0.178711 0.651367 1310162334.940350
0.476562 -0.163086 0.698242 1310162334.969501
0.452148 -0.036133 0.698242 1310162334.993383
0.468750 -0.166016 0.678711 1310162335.033360
0.451172 -0.273438 0.678711 1310162335.054345
0.438477 -0.068359 0.675781 1310162335.087327
0.499023 -0.089844 0.677734 1310162335.150329
0.481445 -0.185547 0.660156 1310162335.151398
0.480469 -0.153320 0.640625 1310162335.200456
0.452148 -0.259766 0.688477 1310162335.221398
0.469727 -0.258789 0.672852 1310162335.244457
0.428711 -0.189453 0.690430 1310162335.288376
0.472656 -0.280273 0.648438 1310162335.311450
0.502930 -0.194336 0.648438 1310162335.363446
0.474609 -0.245117 0.692383 1310162335.385464
0.464844 -0.206055 0.670898 1310162335.428437
0.464844 -0.206055 0.670898 1310162335.430433
0.431641 -0.103516 0.647461 1310162335.473392
0.508789 -0.372070 0.690430 1310162335.520458
0.526367 -0.021484 0.651367 1310162335.564426
0.479492 -0.075195 0.664062 1310162335.565454
0.447266 -0.078125 0.757812 1310162335.596398
0.537109 -0.025391 0.640625 1310162335.644380
0.526367 -0.059570 0.647461 1310162335.668377
0.527344 -0.144531 0.672852 1310162335.706379
0.500977 -0.087891 0.635742 1310162335.743465
0.494141 -0.063477 0.655273 1310162335.765458
0.451172 -0.090820 0.672852 1310162335.789477
0.493164 -0.065430 0.623047 1310162335.834411
0.488281 -0.083984 0.711914 1310162335.878462
0.486328 -0.080078 0.666016 1310162335.905453
0.531250 -0.062500 0.612305 1310162335.950428
0.599609 -0.056641 0.631836 1310162335.973782
0.458008 -0.109375 0.631836 1310162335.994471
0.458008 -0.109375 0.631836 1310162336.018421
0.544922 -0.086914 0.789062 1310162336.064425
0.552734 -0.097656 0.667969 1310162336.104473
0.544922 -0.125977 0.627930 1310162336.125477
0.526367 -0.150391 0.647461 1310162336.149405
0.563477 -0.150391 0.647461 1310162336.191375
0.565430 -0.133789 0.660156 1310162336.216388
0.515625 -0.111328 0.675781 1310162336.261411
0.538086 -0.130859 0.656250 1310162336.284473
0.545898 -0.137695 0.672852 1310162336.309457
0.508789 -0.090820 0.644531 1310162336.355457
0.518555 -0.090820 0.644531 1310162336.408471
0.548828 -0.094727 0.659180 1310162336.458439
0.535156 -0.092773 0.669922 1310162336.478489
0.523438 -0.140625 0.664062 1310162336.484457
0.523438 -0.092773 0.632812 1310162336.506386
0.535156 -0.103516 0.639648 1310162336.549514
0.570312 -0.122070 0.634766 1310162336.594444
0.570312 -0.122070 0.634766 1310162336.595379
0.510742 -0.079102 0.613281 1310162336.639434
0.479492 -0.116211 0.621094 1310162336.664473
0.453125 -0.087891 0.664062 1310162336.706437
0.451172 -0.105469 0.717773 1310162336.729411
0.494141 -0.058594 0.642578 1310162336.774475
0.508789 -0.084961 0.573242 1310162336.818433
0.535156 -0.131836 0.604492 1310162336.840491
0.469727 -0.062500 0.760742 1310162336.873491
0.574219 -0.054688 0.615234 1310162336.908480
0.466797 -0.013672 0.738281 1310162336.918407
0.565430 -0.155273 0.607422 1310162336.949390
0.519531 -0.214844 0.715820 1310162336.998413
0.502930 -0.176758 0.694336 1310162337.043481
0.505859 -0.257812 0.689453 1310162337.064484
0.517578 -0.214844 0.672852 1310162337.088484
0.491211 -0.101562 0.672852 1310162337.109416
0.486328 -0.087891 0.663086 1310162337.154401
0.501953 -0.185547 0.656250 1310162337.199410
0.480469 -0.162109 0.690430 1310162337.220439
0.469727 -0.117188 0.686523 1310162337.265498
0.492188 -0.147461 0.612305 1310162337.289411
0.472656 -0.153320 0.685547 1310162337.311489
0.476562 -0.097656 0.637695 1310162337.356485
0.479492 -0.100586 0.686523 1310162337.400494
0.486328 -0.123047 0.672852 1310162337.424489
0.502930 -0.112305 0.644531 1310162337.449436
0.458008 -0.115234 0.674805 1310162337.471410
0.458008 -0.115234 0.674805 1310162337.499451
0.483398 -0.156250 0.683594 1310162337.548461
0.467773 -0.108398 0.685547 1310162337.569522
0.498047 -0.102539 0.682617 1310162337.613503
0.457031 -0.187500 0.678711 1310162337.663503
0.487305 -0.145508 0.671875 1310162337.713500
0.477539 -0.041016 0.680664 1310162337.714432
0.430664 -0.085938 0.694336 1310162337.733440
0.418945 -0.074219 0.692383 1310162337.769424
0.474609 -0.083008 0.674805 1310162337.791505
0.484375 -0.167969 0.684570 1310162337.838420
0.496094 -0.124023 0.639648 1310162337.860445
