0.471680 -0.002930 0.641602 1310161947.820837
0.423828 -0.007812 0.697266 1310161947.821838
0.479492 -0.020508 0.677734 1310161947.865844
0.451172 0.002930 0.685547 1310161947.888844
0.451172 -0.053711 0.659180 1310161947.958846
0.450195 -0.004883 0.668945 1310161947.961855
0.476562 -0.056641 0.667969 1310161948.003906
0.449219 0.001953 0.673828 1310161948.024912
0.477539 -0.013672 0.704102 1310161948.050871
0.435547 -0.085938 0.677734 1310161948.090848
0.449219 -0.121094 0.692383 1310161948.112846
0.447266 -0.121094 0.692383 1310161948.154851
0.434570 -0.102539 0.692383 1310161948.196849
0.454102 -0.077148 0.678711 1310161948.224845
0.436523 -0.162109 0.678711 1310161948.247841
0.434570 -0.123047 0.671875 1310161948.290848
0.417969 -0.116211 0.644531 1310161948.313853
0.438477 -0.162109 0.678711 1310161948.360879
0.416016 -0.058594 0.750000 1310161948.381848
0.440430 -0.054688 0.764648 1310161948.408833
0.393555 -0.239258 0.764648 1310161948.431871
0.428711 -0.351562 0.825195 1310161948.481850
0.377930 -0.467773 0.708008 1310161948.504850
0.510742 -0.247070 0.642578 1310161948.546854
0.658203 -0.095703 0.631836 1310161948.569873
0.686523 -0.142578 0.476562 1310161948.614866
0.738281 -0.194336 0.537109 1310161948.636863
0.739258 -0.194336 0.537109 1310161948.658865
0.739258 -0.194336 0.537109 1310161948.703859
0.817383 -0.559570 0.360352 1310161948.733864
0.799805 -0.437500 0.386719 1310161948.777876
0.583008 0.014648 0.491211 1310161948.814913
0.896484 -0.050781 0.167969 1310161948.836807
1.039062 -0.564453 0.154297 1310161948.859827
0.880859 -0.372070 0.089844 1310161948.903855
1.046875 -0.188477 0.048828 1310161948.946873
1.143555 -0.163086 -0.055664 1310161948.969844
0.933594 -0.232422 -0.154297 1310161948.990867
0.967773 -0.005859 -0.078125 1310161949.025861
1.075195 -0.125000 -0.166992 1310161949.048870
1.033203 -0.143555 -0.209961 1310161949.093870
0.979492 -0.119141 -0.191406 1310161949.115870
1.044922 -0.233398 -0.272461 1310161949.160867
1.054688 -0.191406 -0.290039 1310161949.183871
0.987305 -0.261719 -0.267578 1310161949.231856
1.034180 -0.235352 -0.250977 1310161949.254835
1.016602 -0.212891 -0.230469 1310161949.275956
1.087891 -0.195312 -0.216797 1310161949.323858
1.056641 -0.148438 -0.207031 1310161949.365838
1.025391 -0.186523 -0.201172 1310161949.366831
1.035156 -0.221680 -0.147461 1310161949.421846
1.018555 -0.107422 -0.110352 1310161949.445845
1.063477 -0.136719 -0.155273 1310161949.471877
