0.517578 0.177734 0.590820 1309565649.852301
0.458984 0.199219 0.588867 1309565649.894280
0.537109 0.191406 0.577148 1309565649.920289
0.487305 0.231445 0.610352 1309565649.943294
0.513672 0.199219 0.604492 1309565649.966292
0.523438 0.204102 0.611328 1309565650.009296
0.503906 0.197266 0.597656 1309565650.048288
0.502930 0.202148 0.609375 1309565650.069285
0.500000 0.220703 0.573242 1309565650.159292
0.506836 0.191406 0.573242 1309565650.182301
0.493164 0.203125 0.614258 1309565650.194293
0.528320 0.203125 0.601562 1309565650.215317
0.500977 0.177734 0.600586 1309565650.238294
0.475586 0.173828 0.611328 1309565650.256287
0.530273 0.164062 0.591797 1309565650.300285
0.554688 0.127930 0.593750 1309565650.346299
0.508789 0.138672 0.588867 1309565650.369299
0.496094 0.207031 0.583984 1309565650.390309
0.538086 0.146484 0.570312 1309565650.436293
0.522461 0.219727 0.585938 1309565650.459290
0.466797 0.263672 0.587891 1309565650.480307
0.555664 0.166992 0.587891 1309565650.524276
0.549805 0.125977 0.579102 1309565650.554307
0.437500 0.322266 0.628906 1309565650.598306
0.516602 0.207031 0.570312 1309565650.620313
0.533203 0.119141 0.573242 1309565650.646307
0.474609 0.166016 0.602539 1309565650.671314
0.440430 0.166016 0.602539 1309565650.716308
0.594727 0.058594 0.593750 1309565650.740303
0.505859 0.261719 0.628906 1309565650.805318
0.502930 0.180664 0.599609 1309565650.806312
0.436523 0.071289 0.617188 1309565650.844310
0.518555 0.270508 0.554688 1309565650.866315
0.527344 0.064453 0.554688 1309565650.909321
0.527344 0.064453 0.554688 1309565650.925318
0.477539 0.158203 0.629883 1309565650.979305
0.515625 0.218750 0.651367 1309565651.034327
0.541016 0.085938 0.661133 1309565651.035308
0.552734 0.085938 0.661133 1309565651.064340
0.494141 0.035156 0.615234 1309565651.108320
0.469727 0.150391 0.625000 1309565651.130311
0.577148 0.082031 0.607422 1309565651.174331
0.568359 0.079102 0.600586 1309565651.196316
0.448242 0.213867 0.639648 1309565651.223333
0.448242 0.213867 0.639648 1309565651.268342
0.469727 0.114258 0.596680 1309565651.305319
0.491211 0.156250 0.619141 1309565651.328317
0.514648 0.163086 0.625000 1309565651.371313
0.494141 0.170898 0.615234 1309565651.425329
0.521484 0.169922 0.614258 1309565651.453295
0.537109 0.185547 0.588867 1309565651.454300
0.480469 0.139648 0.626953 1309565651.495317
0.462891 0.154297 0.653320 1309565651.519333
0.521484 0.166992 0.578125 1309565651.555334
0.439453 0.189453 0.609375 1309565651.598329
0.498047 0.134766 0.630859 1309565651.609328
0.505859 0.161133 0.635742 1309565651.654296
0.505859 0.174805 0.585938 1309565651.676330
0.493164 0.128906 0.598633 1309565651.709329
0.524414 0.171875 0.615234 1309565651.753330
0.527344 0.157227 0.596680 1309565651.775332
0.515625 0.163086 0.605469 1309565651.820339
0.509766 0.155273 0.553711 1309565651.843331
0.522461 0.156250 0.591797 1309565651.864332
0.538086 0.184570 0.591797 1309565651.909327
0.510742 0.205078 0.587891 1309565651.953334
0.506836 0.180664 0.599609 1309565651.975342
0.526367 0.180664 0.599609 1309565651.998360
0.541016 0.197266 0.584961 1309565652.040332
0.553711 0.082031 0.547852 1309565652.084332
0.536133 0.134766 0.599609 1309565652.106360
0.545898 0.140625 0.598633 1309565652.129317
0.560547 0.105469 0.593750 1309565652.171337
0.493164 0.158203 0.578125 1309565652.193339
0.547852 0.126953 0.595703 1309565652.238353
0.531250 0.136719 0.628906 1309565652.260366
0.552734 0.133789 0.578125 1309565652.305340
0.524414 0.159180 0.592773 1309565652.326334
0.561523 0.125000 0.587891 1309565652.350361
0.526367 0.172852 0.578125 1309565652.398359
0.534180 0.114258 0.618164 1309565652.418320
0.560547 0.145508 0.600586 1309565652.462360
0.518555 0.133789 0.628906 1309565652.484330
0.580078 0.134766 0.608398 1309565652.529346
0.538086 0.111328 0.605469 1309565652.551346
0.550781 0.150391 0.605469 1309565652.574354
0.531250 0.103516 0.618164 1309565652.619352
0.538086 0.146484 0.587891 1309565652.661327
0.493164 0.150391 0.594727 1309565652.733364
0.537109 0.140625 0.622070 1309565652.753337
0.534180 0.140625 0.604492 1309565652.754360
0.526367 0.142578 0.616211 1309565652.773358
