0.550781 0.306641 0.516602 1310078211.007947
0.580078 0.276367 0.576172 1310078211.032938
0.559570 0.343750 0.626953 1310078211.065947
0.626953 0.251953 0.574219 1310078211.107946
0.615234 0.421875 0.389648 1310078211.109945
0.296875 0.298828 0.267578 1310078211.152949
0.391602 0.067383 0.350586 1310078211.201948
0.869141 0.155273 0.538086 1310078211.276948
0.748047 0.353516 0.290039 1310078211.277946
0.620117 0.519531 0.577148 1310078211.298951
0.532227 0.039062 0.666016 1310078211.319951
0.553711 0.039062 0.666016 1310078211.343951
0.583984 0.372070 0.509766 1310078211.387956
0.560547 0.286133 0.525391 1310078211.430957
0.554688 0.268555 0.585938 1310078211.457950
0.547852 0.274414 0.530273 1310078211.481957
0.573242 0.283203 0.530273 1310078211.504946
0.540039 0.260742 0.528320 1310078211.549957
0.560547 0.279297 0.509766 1310078211.572949
0.557617 0.253906 0.533203 1310078211.617959
0.556641 0.281250 0.554688 1310078211.645937
0.553711 0.278320 0.554688 1310078211.667959
0.557617 0.314453 0.493164 1310078211.715959
0.548828 0.282227 0.555664 1310078211.749955
0.556641 0.285156 0.480469 1310078211.770962
0.587891 0.295898 0.485352 1310078211.817944
0.531250 0.318359 0.521484 1310078211.844959
0.537109 0.304688 0.501953 1310078211.865971
0.534180 0.259766 0.521484 1310078211.912961
0.565430 0.255859 0.533203 1310078211.935949
0.538086 0.279297 0.528320 1310078211.977942
0.543945 0.184570 0.555664 1310078211.999964
0.506836 0.194336 0.585938 1310078212.021960
0.506836 0.194336 0.585938 1310078212.064983
0.544922 0.316406 0.642578 1310078212.087969
0.525391 0.245117 0.773438 1310078212.130976
0.583008 0.114258 0.676758 1310078212.151960
0.539062 0.239258 0.624023 1310078212.195967
0.573242 0.170898 0.587891 1310078212.220966
0.687500 0.095703 0.587891 1310078212.272995
0.676758 0.095703 0.587891 1310078212.289010
0.693359 0.074219 0.473633 1310078212.327967
0.820312 -0.059570 0.425781 1310078212.349954
0.924805 0.016602 0.386719 1310078212.389982
0.865234 0.052734 0.348633 1310078212.419497
0.879883 0.030273 0.348633 1310078212.449972
0.948242 -0.170898 0.099609 1310078212.494982
0.878906 -0.202148 0.077148 1310078212.561974
0.916992 -0.203125 0.052734 1310078212.563064
0.927734 -0.113281 0.110352 1310078212.582977
0.926758 -0.323242 -0.126953 1310078212.605954
0.958984 -0.209961 -0.176758 1310078212.665964
1.009766 -0.058594 -0.208008 1310078212.687983
1.139648 -0.127930 -0.239258 1310078212.695979
1.056641 -0.100586 -0.112305 1310078212.737980
1.127930 -0.083008 -0.004883 1310078212.759978
0.957031 -0.165039 -0.005859 1310078212.802979
0.983398 -0.239258 0.061523 1310078212.834981
0.991211 -0.179688 0.139648 1310078212.876958
0.945312 -0.185547 0.120117 1310078212.897981
1.011719 -0.224609 0.054688 1310078212.921978
1.010742 -0.164062 0.078125 1310078212.967989
0.999023 -0.164062 0.078125 1310078212.990990
1.012695 -0.168945 0.017578 1310078213.035984
1.022461 -0.180664 0.056641 1310078213.057983
1.026367 -0.172852 0.037109 1310078213.101979
1.014648 -0.187500 0.083984 1310078213.124986
0.979492 -0.226562 0.057617 1310078213.167961
0.964844 -0.226562 0.057617 1310078213.192988
0.994141 -0.188477 0.068359 1310078213.219981
0.964844 -0.234375 0.035156 1310078213.254994
1.012695 -0.232422 0.049805 1310078213.302995
0.977539 -0.274414 0.068359 1310078213.324990
1.009766 -0.152344 0.102539 1310078213.347010
0.950195 -0.169922 0.036133 1310078213.390001
1.020508 -0.215820 0.040039 1310078213.410994
1.011719 -0.204102 0.033203 1310078213.454992
0.992188 -0.221680 0.002930 1310078213.484987
1.007812 -0.212891 0.045898 1310078213.527988
1.020508 -0.247070 0.046875 1310078213.531002
0.980469 -0.234375 0.046875 1310078213.595995
0.960938 -0.240234 0.057617 1310078213.617005
0.952148 -0.250000 0.052734 1310078213.637996
0.987305 -0.211914 0.052734 1310078213.683004
0.986328 -0.216797 0.060547 1310078213.704999
1.002930 -0.217773 0.060547 1310078213.727989
0.983398 -0.243164 0.088867 1310078213.770999
