0.546875 0.201172 0.554688 1310683742.986663
0.594727 0.140625 0.552734 1310683743.028629
0.620117 0.158203 0.551758 1310683743.077632
0.569336 0.167969 0.583008 1310683743.098598
0.591797 0.158203 0.573242 1310683743.122825
0.596680 0.134766 0.579102 1310683743.146600
0.580078 0.164062 0.557617 1310683743.193658
0.593750 0.098633 0.570312 1310683743.231672
0.583984 0.146484 0.561523 1310683743.256589
0.584961 0.147461 0.581055 1310683743.291593
0.607422 0.162109 0.536133 1310683743.312586
0.559570 0.170898 0.551758 1310683743.350650
0.613281 0.134766 0.500000 1310683743.380593
0.582031 0.134766 0.500000 1310683743.415620
0.605469 0.186523 0.517578 1310683743.447656
0.599609 0.141602 0.569336 1310683743.493625
0.592773 0.183594 0.547852 1310683743.517624
0.604492 0.157227 0.567383 1310683743.541606
0.569336 0.163086 0.556641 1310683743.572670
0.611328 0.152344 0.549805 1310683743.596671
0.589844 0.193359 0.561523 1310683743.643625
0.601562 0.173828 0.519531 1310683743.666670
0.583008 0.190430 0.547852 1310683743.710745
0.590820 0.162109 0.526367 1310683743.752612
0.584961 0.218750 0.551758 1310683743.775618
0.578125 0.150391 0.616211 1310683743.798625
0.564453 0.164062 0.555664 1310683743.841674
0.628906 0.134766 0.585938 1310683743.862617
0.562500 0.161133 0.544922 1310683743.906617
0.570312 0.088867 0.583984 1310683743.938630
0.600586 0.138672 0.543945 1310683743.963619
0.589844 0.136719 0.572266 1310683743.998609
0.608398 0.107422 0.561523 1310683744.071683
0.601562 0.129883 0.545898 1310683744.086631
0.577148 0.148438 0.560547 1310683744.087671
0.570312 0.113281 0.560547 1310683744.125598
0.609375 0.146484 0.543945 1310683744.150602
0.583984 0.139648 0.557617 1310683744.181684
0.574219 0.119141 0.574219 1310683744.225628
0.595703 0.089844 0.555664 1310683744.258641
0.589844 0.072266 0.563477 1310683744.300648
0.608398 0.096680 0.563477 1310683744.301632
0.571289 0.119141 0.574219 1310683744.355623
0.584961 0.041016 0.595703 1310683744.378685
0.525391 0.101562 0.616211 1310683744.408609
0.595703 0.038086 0.619141 1310683744.452623
0.545898 0.058594 0.678711 1310683744.475634
0.571289 -0.069336 0.642578 1310683744.498689
0.643555 -0.015625 0.656250 1310683744.543601
0.666016 -0.074219 0.677734 1310683744.573651
0.695312 -0.162109 0.569336 1310683744.616621
0.777344 -0.167969 0.514648 1310683744.637626
0.808594 -0.122070 0.495117 1310683744.681618
0.808594 -0.122070 0.495117 1310683744.703652
0.779297 -0.373047 0.342773 1310683744.732664
0.764648 -0.611328 0.318359 1310683744.758641
0.842773 -0.416992 0.274414 1310683744.805638
0.799805 -0.509766 0.113281 1310683744.827701
0.845703 -0.522461 0.085938 1310683744.850625
0.851562 -0.550781 0.036133 1310683744.893749
0.940430 -0.482422 0.038086 1310683744.917644
0.907227 -0.370117 -0.045898 1310683744.967651
1.012695 -0.404297 -0.102539 1310683744.988699
0.986328 -0.369141 -0.071289 1310683745.031708
0.963867 -0.423828 -0.056641 1310683745.054708
0.958984 -0.422852 -0.040039 1310683745.101640
0.954102 -0.452148 0.000000 1310683745.122644
0.927734 -0.513672 -0.027344 1310683745.156634
0.943359 -0.505859 0.006836 1310683745.201802
0.954102 -0.493164 -0.011719 1310683745.223627
0.899414 -0.505859 0.026367 1310683745.246655
0.920898 -0.433594 0.036133 1310683745.278684
0.958008 -0.490234 0.019531 1310683745.310656
0.895508 -0.503906 0.055664 1310683745.376619
0.899414 -0.534180 0.066406 1310683745.377613
0.952148 -0.503906 0.078125 1310683745.421650
0.908203 -0.508789 0.088867 1310683745.443608
0.944336 -0.512695 0.049805 1310683745.486631
0.887695 -0.492188 0.112305 1310683745.513606
0.919922 -0.482422 0.180664 1310683745.535619
0.889648 -0.500000 0.125977 1310683745.577748
0.888672 -0.521484 0.122070 1310683745.601629
0.879883 -0.521484 0.122070 1310683745.623633
0.889648 -0.271484 0.122070 1310683745.668613
0.904297 -0.495117 0.147461 1310683745.703615
0.896484 -0.514648 0.163086 1310683745.737609
0.890625 -0.524414 0.175781 1310683745.780636
0.860352 -0.504883 0.139648 1310683745.802600
0.873047 -0.536133 0.209961 1310683745.824704
0.866211 -0.528320 0.209961 1310683745.867694
0.834961 -0.513672 0.187500 1310683745.888684
0.857422 -0.576172 0.171875 1310683745.932713
0.870117 -0.563477 0.213867 1310683745.953715
0.834961 -0.548828 0.213867 1310683745.980711
0.871094 -0.512695 0.210938 1310683746.022667
0.871094 -0.512695 0.210938 1310683746.055675
0.865234 -0.489258 0.217773 1310683746.098628
0.873047 -0.532227 0.175781 1310683746.122723
0.820312 -0.500977 0.208984 1310683746.150652
0.861328 -0.553711 0.223633 1310683746.193676
0.869141 -0.534180 0.177734 1310683746.216678
0.838867 -0.518555 0.167969 1310683746.237643
0.833008 -0.470703 0.199219 1310683746.285638
0.832031 -0.507812 0.206055 1310683746.310620
0.846680 -0.517578 0.270508 1310683746.360652
0.840820 -0.520508 0.270508 1310683746.361641
0.776367 -0.479492 0.302734 1310683746.420688
0.825195 -0.484375 0.313477 1310683746.441733
0.707031 -0.510742 0.348633 1310683746.488680
0.659180 -0.634766 0.294922 1310683746.510681
0.695312 -0.462891 0.383789 1310683746.535703
0.854492 -0.229492 0.445312 1310683746.558655
0.680664 -0.551758 0.358398 1310683746.631686
0.685547 -0.123047 0.592773 1310683746.632688
0.633789 -0.314453 0.565430 1310683746.658670
0.552734 -0.217773 0.535156 1310683746.700676
0.628906 -0.212891 0.597656 1310683746.725730
0.606445 -0.138672 0.610352 1310683746.763680
0.544922 -0.155273 0.610352 1310683746.789705
0.531250 -0.336914 0.445312 1310683746.832729
0.716797 0.070312 0.661133 1310683746.876693
0.666992 0.271484 0.600586 1310683746.900801
0.537109 -0.004883 0.595703 1310683746.930700
0.550781 -0.007812 0.609375 1310683746.956737
0.581055 0.096680 0.605469 1310683746.992676
0.579102 0.061523 0.609375 1310683747.015689
0.542969 0.200195 0.583008 1310683747.057738
0.575195 0.099609 0.589844 1310683747.100664
0.584961 0.100586 0.592773 1310683747.121678
0.566406 0.161133 0.575195 1310683747.156710
0.599609 0.115234 0.575195 1310683747.180699
