0.517578 0.086914 0.599609 1311115433.422331
0.544922 0.100586 0.622070 1311115433.465420
0.537109 0.117188 0.599609 1311115433.488387
0.540039 0.142578 0.588867 1311115433.513363
0.526367 0.125977 0.606445 1311115433.556417
0.536133 0.101562 0.596680 1311115433.577405
0.556641 0.104492 0.608398 1311115433.618425
0.542969 0.102539 0.609375 1311115433.642424
0.522461 0.109375 0.615234 1311115433.687420
0.547852 0.183594 0.584961 1311115433.710428
0.547852 0.046875 0.595703 1311115433.755424
0.562500 0.080078 0.612305 1311115433.782332
0.582031 0.123047 0.582031 1311115433.826425
0.544922 0.097656 0.615234 1311115433.847421
0.539062 0.105469 0.579102 1311115433.871424
0.549805 0.148438 0.579102 1311115433.894368
0.522461 0.213867 0.608398 1311115433.938349
0.474609 0.185547 0.598633 1311115433.982430
0.505859 0.144531 0.581055 1311115434.006374
0.561523 0.169922 0.562500 1311115434.028427
0.558594 0.182617 0.576172 1311115434.057433
0.507812 0.140625 0.576172 1311115434.103426
0.559570 0.107422 0.584961 1311115434.126429
0.590820 0.172852 0.576172 1311115434.168430
0.567383 0.125977 0.576172 1311115434.191402
0.538086 0.163086 0.582031 1311115434.235431
0.563477 0.180664 0.555664 1311115434.257441
0.563477 0.180664 0.555664 1311115434.300382
0.550781 0.169922 0.556641 1311115434.323433
0.551758 0.210938 0.558594 1311115434.366372
0.498047 0.252930 0.569336 1311115434.388434
0.555664 0.238281 0.553711 1311115434.431435
0.579102 0.180664 0.581055 1311115434.498362
0.564453 0.172852 0.581055 1311115434.500354
0.543945 0.185547 0.592773 1311115434.521426
0.556641 0.239258 0.540039 1311115434.542444
0.496094 0.249023 0.533203 1311115434.575441
0.442383 0.310547 0.538086 1311115434.618444
0.592773 0.210938 0.581055 1311115434.641446
0.524414 0.269531 0.550781 1311115434.683445
0.509766 0.235352 0.532227 1311115434.726443
0.579102 0.316406 0.541992 1311115434.748458
0.552734 0.244141 0.584961 1311115434.770438
0.452148 0.361328 0.484375 1311115434.815370
0.456055 0.395508 0.507812 1311115434.838473
0.574219 0.297852 0.521484 1311115434.886399
0.536133 0.314453 0.536133 1311115434.910434
0.509766 0.350586 0.505859 1311115434.932437
0.534180 0.330078 0.497070 1311115434.976448
0.530273 0.323242 0.531250 1311115435.000407
0.511719 0.312500 0.508789 1311115435.022445
0.418945 0.366211 0.495117 1311115435.066452
0.382812 0.513672 0.495117 1311115435.089446
0.633789 0.236328 0.587891 1311115435.133388
0.478516 0.189453 0.577148 1311115435.175453
0.763672 0.179688 0.518555 1311115435.197383
0.513672 0.179688 0.518555 1311115435.221450
0.622070 0.359375 0.287109 1311115435.266453
0.592773 0.402344 0.222656 1311115435.288454
0.588867 0.726562 0.313477 1311115435.331441
0.433594 0.824219 0.752930 1311115435.353457
0.671875 0.072266 0.719727 1311115435.398397
0.921875 0.072266 0.719727 1311115435.420385
0.125977 0.333984 0.314453 1311115435.462399
0.205078 0.417969 0.374023 1311115435.485462
-0.219727 0.212891 0.171875 1311115435.528426
-0.430664 0.124023 0.130859 1311115435.550456
1.985352 0.739258 0.944336 1311115435.572445
-0.656250 0.253906 0.642578 1311115435.617460
0.546875 0.190430 0.719727 1311115435.640465
0.647461 0.226562 0.622070 1311115435.683460
0.659180 0.032227 0.536133 1311115435.706457
0.657227 0.218750 0.437500 1311115435.782571
0.694336 0.314453 0.386719 1311115435.783467
0.654297 0.436523 0.413086 1311115435.803396
0.622070 0.246094 0.539062 1311115435.846413
0.590820 -0.202148 0.744141 1311115435.867457
0.479492 0.284180 0.568359 1311115435.915462
0.569336 0.250000 0.519531 1311115435.936475
0.561523 0.132812 0.519531 1311115435.959466
0.545898 0.196289 0.559570 1311115436.002409
0.551758 0.175781 0.572266 1311115436.026434
0.565430 0.171875 0.579102 1311115436.076468
0.566406 0.186523 0.589844 1311115436.098391
0.543945 0.200195 0.565430 1311115436.142471
0.566406 0.167969 0.565430 1311115436.164474
0.580078 0.185547 0.580078 1311115436.188408
0.561523 0.195312 0.563477 1311115436.233477
0.571289 0.191406 0.541016 1311115436.256436
0.568359 0.163086 0.574219 1311115436.300421
0.560547 0.199219 0.545898 1311115436.322472
0.560547 0.199219 0.545898 1311115436.346487
0.558594 0.177734 0.578125 1311115436.391477
0.572266 0.201172 0.562500 1311115436.413518
0.574219 0.195312 0.545898 1311115436.462428
