0.649414 0.092773 0.564453 1310680537.739253
0.652344 0.052734 0.545898 1310680537.765292
0.615234 0.091797 0.534180 1310680537.814245
0.644531 0.075195 0.536133 1310680537.837259
0.607422 0.078125 0.568359 1310680537.863253
0.598633 0.077148 0.583008 1310680537.907271
0.601562 0.094727 0.588867 1310680537.928300
0.614258 -0.004883 0.622070 1310680537.975299
0.609375 0.217773 0.522461 1310680538.020256
0.622070 0.058594 0.589844 1310680538.032299
0.643555 0.040039 0.560547 1310680538.053306
0.657227 -0.080078 0.488281 1310680538.090273
0.461914 -0.338867 0.670898 1310680538.152276
0.554688 0.263672 0.646484 1310680538.155277
0.722656 -0.285156 0.614258 1310680538.198321
0.569336 -0.095703 0.744141 1310680538.223267
0.593750 -0.064453 0.777344 1310680538.247321
0.399414 -0.111328 0.989258 1310680538.292326
0.485352 -0.184570 0.989258 1310680538.321286
0.734375 -0.330078 0.592773 1310680538.354317
1.153320 -0.493164 0.429688 1310680538.397272
0.414062 0.426758 -0.543945 1310680538.419228
1.589844 -1.291016 0.040039 1310680538.442343
0.566406 -0.342773 -0.330078 1310680538.485327
-0.262695 0.407227 -0.330078 1310680538.507275
-0.235352 -0.380859 -0.756836 1310680538.550310
1.977539 -1.377930 -0.167969 1310680538.573276
0.287109 0.125977 0.244141 1310680538.619257
1.988281 1.091797 1.126953 1310680538.640340
0.496094 0.078125 1.084961 1310680538.663321
0.092773 -0.773438 1.429688 1310680538.691327
0.560547 -0.084961 0.656250 1310680538.739256
0.626953 -0.479492 0.532227 1310680538.788319
0.460938 -0.019531 0.861328 1310680538.810297
0.495117 0.026367 1.160156 1310680538.839243
0.522461 0.057617 1.025391 1310680538.855307
1.356445 0.057617 1.025391 1310680538.899236
1.510742 0.383789 -0.445312 1310680538.924280
1.750000 0.386719 -0.801758 1310680538.972265
0.754883 0.457031 -0.515625 1310680538.993233
-0.149414 -0.458008 -0.540039 1310680539.037291
-0.714844 -0.960938 -0.588867 1310680539.060268
0.140625 -1.189453 -0.141602 1310680539.087338
1.971680 -1.980469 1.988281 1310680539.137340
-0.592773 -0.770508 -0.280273 1310680539.162330
-0.651367 -0.201172 0.837891 1310680539.183276
0.105469 0.592773 1.982422 1310680539.228331
0.632812 -0.652344 1.018555 1310680539.251334
0.525391 -0.706055 0.610352 1310680539.295313
0.427734 0.175781 0.814453 1310680539.319343
0.402344 -0.103516 0.853516 1310680539.378342
0.428711 -0.060547 0.885742 1310680539.379334
0.382812 -0.155273 1.091797 1310680539.442265
0.790039 -0.426758 0.645508 1310680539.443268
0.790039 -0.426758 0.645508 1310680539.468349
0.859375 -0.052734 -0.763672 1310680539.512340
1.009766 -0.976562 0.217773 1310680539.557341
0.357422 -0.451172 0.004883 1310680539.578260
0.238281 0.067383 -0.463867 1310680539.600230
0.238281 0.067383 -0.463867 1310680539.643314
1.992188 1.982422 -0.263672 1310680539.667314
-1.362305 0.327148 1.045898 1310680539.712293
0.163086 1.599609 1.254883 1310680539.734283
0.663086 0.336914 0.917969 1310680539.758339
0.898438 0.830078 0.680664 1310680539.788282
0.530273 -0.421875 0.713867 1310680539.832335
0.666016 -0.200195 0.548828 1310680539.854260
0.537109 0.103516 0.792969 1310680539.908290
0.406250 -0.115234 1.133789 1310680539.932271
0.455078 0.105469 1.176758 1310680539.962273
1.196289 0.410156 0.396484 1310680539.986283
1.342773 -0.006836 0.168945 1310680540.029279
1.926758 0.218750 -0.458008 1310680540.053314
0.779297 0.670898 -0.286133 1310680540.083317
0.138672 0.087891 -0.396484 1310680540.127282
-0.157227 -0.442383 -0.485352 1310680540.175357
-0.546875 -0.775391 -0.726562 1310680540.194306
0.573242 -1.467773 -0.245117 1310680540.215307
0.914062 1.804688 -1.505859 1310680540.259286
1.978516 -0.188477 1.989258 1310680540.303305
0.783203 1.172852 1.233398 1310680540.325300
-0.394531 -0.165039 1.034180 1310680540.347358
0.608398 -0.415039 1.034180 1310680540.369319
0.608398 -0.415039 1.034180 1310680540.414283
0.530273 0.050781 0.737305 1310680540.439292
0.297852 -0.048828 1.100586 1310680540.487361
0.436523 -0.179688 0.907227 1310680540.509284
0.791016 -0.548828 0.739258 1310680540.532299
1.978516 -0.638672 0.694336 1310680540.590392
1.030273 0.660156 -0.537109 1310680540.619265
1.130859 -1.147461 0.105469 1310680540.640278
0.432617 -0.436523 -0.306641 1310680540.715336
0.279297 0.205078 -0.387695 1310680540.717246
0.056641 -0.147461 -0.588867 1310680540.745260
-0.089844 0.152344 -0.588867 1310680540.768288
1.981445 0.365234 -1.967773 1310680540.802355
0.948242 -0.519531 1.953125 1310680540.844363
1.233398 -0.439453 1.990234 1310680540.868307
0.481445 -0.276367 0.630859 1310680540.890364
0.398438 -0.705078 0.608398 1310680540.934367
0.493164 -0.425781 0.647461 1310680540.958325
0.591797 0.005859 0.751953 1310680541.009374
0.314453 -0.072266 0.637695 1310680541.019365
0.423828 -0.166016 0.998047 1310680541.062366
0.417969 0.013672 1.222656 1310680541.084319
1.164062 0.611328 0.325195 1310680541.128325
1.854492 0.331055 -0.014648 1310680541.173369
1.791992 -0.394531 -0.851562 1310680541.194372
0.632812 0.550781 -0.480469 1310680541.217367
-0.011719 -0.230469 -0.331055 1310680541.263372
-0.040039 -0.425781 -0.279297 1310680541.285331
-0.229492 -1.034180 -0.139648 1310680541.322342
1.980469 0.081055 -0.509766 1310680541.352371
-0.103516 0.774414 -0.687500 1310680541.379345
1.983398 0.104492 1.554688 1310680541.408368
0.338867 0.280273 1.898438 1310680541.452336
1.251953 -0.252930 0.395508 1310680541.475374
0.673828 0.299805 0.626953 1310680541.503340
0.422852 -0.073242 0.666992 1310680541.547318
0.282227 -0.123047 1.116211 1310680541.570375
0.318359 0.051758 1.174805 1310680541.613389
1.124023 -0.617188 0.923828 1310680541.657388
1.029297 -0.351562 0.378906 1310680541.679339
1.455078 -0.214844 0.056641 1310680541.700380
0.749023 -1.086914 -0.193359 1310680541.725343
0.202148 -0.067383 -0.220703 1310680541.769382
0.114258 0.167969 -0.340820 1310680541.812342
0.239258 0.046875 -0.347656 1310680541.834330
-0.265625 0.257812 -0.866211 1310680541.863354
1.979492 0.353516 -0.301758 1310680541.895334
1.985352 0.496094 1.144531 1310680541.955395
0.702148 0.683594 0.896484 1310680542.017380
0.707031 0.511719 0.772461 1310680542.018342
0.597656 -0.483398 0.539062 1310680542.040350
0.570312 -0.586914 0.535156 1310680542.042371
0.587891 -0.146484 0.849609 1310680542.084349
0.575195 -0.135742 0.844727 1310680542.129366
0.515625 -0.098633 1.000977 1310680542.152387
0.506836 0.157227 0.958984 1310680542.194355
1.951172 -0.031250 0.426758 1310680542.218400
1.284180 1.204102 -0.338867 1310680542.264361
1.208984 -0.068359 -0.212891 1310680542.285407
0.231445 0.298828 -0.271484 1310680542.329337
-0.355469 -0.332031 -0.185547 1310680542.353354
0.316406 -0.343750 -0.126953 1310680542.397397
-0.048828 -0.845703 -0.165039 1310680542.418392
0.238281 -1.860352 -0.168945 1310680542.442398
-1.113281 -0.378906 0.331055 1310680542.465395
1.980469 0.289062 1.989258 1310680542.510391
-0.204102 -0.481445 1.657227 1310680542.534334
0.583008 -0.310547 0.365234 1310680542.564395
0.766602 0.165039 0.564453 1310680542.608395
0.544922 -0.037109 0.564453 1310680542.631428
0.465820 0.093750 0.763672 1310680542.675375
0.410156 -0.130859 0.940430 1310680542.718323
0.483398 0.074219 0.956055 1310680542.730370
1.229492 -0.753906 0.790039 1310680542.760396
1.975586 -1.089844 0.755859 1310680542.805367
1.979492 -0.080078 0.244141 1310680542.828315
0.627930 -1.213867 -0.120117 1310680542.870397
0.370117 -0.040039 -0.288086 1310680542.890361
0.270508 -0.015625 -0.422852 1310680542.935416
-0.171875 0.136719 -0.568359 1310680542.959387
-0.139648 0.117188 -0.577148 1310680542.984399
1.982422 0.332031 -0.475586 1310680543.037407
0.353516 0.338867 0.642578 1310680543.063407
1.981445 0.365234 0.368164 1310680543.099399
0.785156 1.128906 1.148438 1310680543.122354
0.472656 -0.601562 0.639648 1310680543.144379
0.467773 -0.031250 0.673828 1310680543.189415
0.588867 -0.143555 0.734375 1310680543.213413
0.530273 -0.164062 0.687500 1310680543.290407
0.393555 -0.130859 1.182617 1310680543.292409
0.343750 -0.044922 1.289062 1310680543.312413
1.030273 0.457031 0.397461 1310680543.354389
1.980469 0.477539 0.397461 1310680543.376372
1.982422 0.453125 -0.473633 1310680543.422411
0.527344 0.250000 -0.375000 1310680543.443421
0.537109 0.245117 -0.177734 1310680543.487380
-0.231445 -0.480469 -0.159180 1310680543.510410
-0.336914 -0.778320 -0.283203 1310680543.538373
0.114258 -1.983398 -0.208984 1310680543.567348
1.560547 -0.484375 -0.282227 1310680543.609411
0.401367 0.044922 -0.192383 1310680543.634423
0.337891 0.871094 0.963867 1310680543.679364
0.449219 -0.728516 0.667969 1310680543.700418
0.601562 -0.135742 0.616211 1310680543.723419
0.601562 -0.135742 0.616211 1310680543.767421
0.528320 0.133789 0.794922 1310680543.803427
0.559570 -0.066406 0.705078 1310680543.825391
0.699219 -0.104492 0.544922 1310680543.868402
0.728516 0.082031 0.432617 1310680543.889416
0.789062 0.057617 0.291016 1310680543.912336
0.791016 -0.039062 0.333008 1310680543.958415
0.787109 -0.080078 0.251953 1310680544.002426
0.784180 -0.054688 0.343750 1310680544.024435
0.783203 0.041016 0.417969 1310680544.047385
0.737305 0.156250 0.513672 1310680544.089399
0.717773 0.001953 0.598633 1310680544.113438
0.643555 0.003906 0.613281 1310680544.152372
0.660156 0.043945 0.602539 1310680544.198460
0.677734 0.083008 0.548828 1310680544.219425
0.680664 0.092773 0.504883 1310680544.240428
0.739258 0.099609 0.420898 1310680544.285384
0.744141 0.121094 0.431641 1310680544.307393
0.733398 0.095703 0.403320 1310680544.353439
0.703125 0.089844 0.452148 1310680544.389377
0.750000 0.059570 0.463867 1310680544.410435
0.741211 0.053711 0.391602 1310680544.434376
0.696289 0.193359 0.530273 1310680544.478441
0.691406 0.009766 0.548828 1310680544.510407
0.630859 0.028320 0.552734 1310680544.579388
0.649414 0.152344 0.538086 1310680544.600384
0.667969 0.080078 0.555664 1310680544.615396
0.646484 0.119141 0.509766 1310680544.637425
