0.520508 0.076172 0.621094 1311115482.903322
0.512695 0.092773 0.620117 1311115482.927352
0.517578 0.096680 0.634766 1311115482.961383
0.532227 0.076172 0.631836 1311115483.003313
0.513672 0.069336 0.635742 1311115483.005336
0.516602 0.081055 0.628906 1311115483.049377
0.511719 0.103516 0.615234 1311115483.096383
0.506836 0.090820 0.596680 1311115483.118318
0.503906 0.107422 0.621094 1311115483.160387
0.548828 0.096680 0.616211 1311115483.182351
0.546875 0.097656 0.583008 1311115483.205344
0.540039 0.084961 0.613281 1311115483.250391
0.492188 0.110352 0.597656 1311115483.293393
0.517578 0.125977 0.614258 1311115483.316384
0.537109 0.114258 0.595703 1311115483.343390
0.535156 0.127930 0.565430 1311115483.421399
0.508789 0.158203 0.583984 1311115483.442390
0.519531 0.091797 0.613281 1311115483.458392
0.545898 0.105469 0.601562 1311115483.481391
0.507812 0.096680 0.585938 1311115483.502358
0.467773 0.308594 0.577148 1311115483.528413
0.557617 0.014648 0.659180 1311115483.576394
0.511719 0.062500 0.625000 1311115483.597355
0.590820 0.058594 0.607422 1311115483.620383
0.552734 0.033203 0.639648 1311115483.663394
0.541992 0.242188 0.559570 1311115483.706320
0.567383 0.116211 0.572266 1311115483.728378
0.527344 0.126953 0.576172 1311115483.770400
0.527344 0.126953 0.576172 1311115483.792396
0.589844 0.118164 0.585938 1311115483.838396
0.558594 0.135742 0.582031 1311115483.873404
0.554688 0.134766 0.583008 1311115483.882394
0.561523 0.078125 0.608398 1311115483.916332
0.555664 0.085938 0.597656 1311115483.960400
0.538086 0.128906 0.581055 1311115483.981401
0.588867 0.158203 0.586914 1311115484.025388
0.564453 0.168945 0.583984 1311115484.047404
0.573242 0.146484 0.571289 1311115484.092401
0.554688 0.185547 0.586914 1311115484.113313
0.611328 0.160156 0.558594 1311115484.181391
0.565430 0.100586 0.585938 1311115484.183391
0.543945 0.197266 0.549805 1311115484.207399
0.539062 0.224609 0.596680 1311115484.265410
0.581055 0.195312 0.567383 1311115484.266334
0.565430 0.124023 0.571289 1311115484.312317
0.541992 0.128906 0.571289 1311115484.335358
0.559570 0.140625 0.578125 1311115484.373410
0.555664 0.162109 0.602539 1311115484.397415
0.608398 0.132812 0.613281 1311115484.447412
0.570312 0.211914 0.553711 1311115484.470412
0.537109 0.212891 0.651367 1311115484.491413
0.400391 0.167969 0.651367 1311115484.535412
0.482422 0.232422 0.555664 1311115484.581349
0.576172 0.219727 0.587891 1311115484.602410
0.442383 0.184570 0.554688 1311115484.632369
0.436523 0.262695 0.543945 1311115484.707424
0.535156 0.241211 0.565430 1311115484.708418
0.521484 0.201172 0.571289 1311115484.727413
0.535156 0.201172 0.571289 1311115484.750420
0.560547 0.183594 0.590820 1311115484.792420
0.520508 0.189453 0.572266 1311115484.835417
0.524414 0.189453 0.573242 1311115484.856409
0.521484 0.144531 0.594727 1311115484.878419
0.530273 0.201172 0.594727 1311115484.926372
0.515625 0.208008 0.556641 1311115484.962422
0.491211 0.212891 0.596680 1311115484.985413
0.505859 0.145508 0.592773 1311115485.028353
0.447266 0.208984 0.546875 1311115485.050420
0.549805 0.185547 0.590820 1311115485.072419
0.515625 0.193359 0.582031 1311115485.116422
0.500000 0.205078 0.601562 1311115485.140421
0.513672 0.250977 0.618164 1311115485.193426
0.523438 0.228516 0.563477 1311115485.216364
0.516602 0.209961 0.593750 1311115485.240422
0.496094 0.232422 0.579102 1311115485.274445
0.490234 0.203125 0.587891 1311115485.303358
0.481445 0.210938 0.518555 1311115485.350426
0.294922 0.330078 0.608398 1311115485.395339
0.718750 0.224609 0.648438 1311115485.396329
0.564453 0.156250 0.629883 1311115485.441425
0.710938 0.069336 0.524414 1311115485.462370
0.708984 0.150391 0.416992 1311115485.506372
0.666016 0.261719 0.389648 1311115485.551432
0.597656 0.335938 0.356445 1311115485.575377
0.624023 0.594727 0.443359 1311115485.598351
0.387695 0.304688 0.828125 1311115485.621372
0.664062 0.304688 0.828125 1311115485.647445
0.567383 0.203125 0.470703 1311115485.711436
0.543945 0.235352 0.507812 1311115485.732430
0.549805 0.243164 0.546875 1311115485.755378
0.529297 0.213867 0.552734 1311115485.800380
