0.497070 -0.121094 0.662109 1309980375.584800
0.488281 -0.110352 0.684570 1309980375.605798
0.500977 -0.126953 0.662109 1309980375.606786
0.450195 -0.123047 0.655273 1309980375.628790
0.499023 -0.175781 0.680664 1309980375.669792
0.481445 -0.102539 0.661133 1309980375.692813
0.482422 -0.153320 0.669922 1309980375.734789
0.512695 -0.106445 0.656250 1309980375.778797
0.485352 -0.140625 0.666016 1309980375.799796
0.487305 -0.128906 0.650391 1309980375.845807
0.508789 -0.131836 0.650391 1309980375.847777
0.480469 -0.151367 0.671875 1309980375.890790
0.467773 -0.140625 0.679688 1309980375.924801
0.484375 -0.113281 0.664062 1309980375.967808
0.500000 -0.149414 0.666016 1309980375.989799
0.466797 -0.132812 0.634766 1309980376.015800
0.498047 -0.109375 0.676758 1309980376.064810
0.476562 -0.109375 0.676758 1309980376.098797
0.476562 -0.109375 0.676758 1309980376.106801
0.476562 -0.147461 0.667969 1309980376.153804
0.488281 -0.119141 0.665039 1309980376.198804
0.500000 -0.103516 0.594727 1309980376.220799
0.500000 -0.103516 0.594727 1309980376.241824
0.509766 -0.163086 0.665039 1309980376.286805
0.506836 -0.128906 0.671875 1309980376.315789
0.484375 -0.121094 0.671875 1309980376.338801
0.486328 -0.125977 0.668945 1309980376.381818
0.464844 -0.109375 0.646484 1309980376.406808
0.491211 -0.107422 0.646484 1309980376.428807
0.489258 -0.111328 0.646484 1309980376.476806
0.514648 -0.145508 0.610352 1309980376.520810
0.508789 -0.143555 0.687500 1309980376.541826
0.480469 -0.127930 0.654297 1309980376.565811
0.512695 -0.122070 0.637695 1309980376.609817
0.479492 -0.123047 0.676758 1309980376.654811
0.495117 -0.104492 0.690430 1309980376.675810
0.490234 -0.134766 0.670898 1309980376.698813
0.483398 -0.111328 0.652344 1309980376.741816
0.506836 -0.134766 0.650391 1309980376.763813
0.476562 -0.128906 0.661133 1309980376.786813
0.518555 -0.128906 0.661133 1309980376.875817
0.488281 -0.117188 0.660156 1309980376.896814
0.489258 -0.113281 0.658203 1309980376.899815
0.468750 -0.110352 0.650391 1309980376.940815
0.486328 -0.123047 0.654297 1309980376.965816
0.505859 -0.096680 0.654297 1309980376.988819
0.469727 -0.135742 0.653320 1309980377.023828
0.535156 -0.134766 0.673828 1309980377.046817
0.499023 -0.115234 0.668945 1309980377.094798
0.501953 -0.133789 0.647461 1309980377.116824
0.496094 -0.146484 0.672852 1309980377.141821
0.485352 -0.117188 0.672852 1309980377.187818
0.500977 -0.151367 0.669922 1309980377.217825
0.466797 -0.125000 0.670898 1309980377.251819
0.501953 -0.125977 0.666016 1309980377.296822
0.490234 -0.128906 0.682617 1309980377.318822
0.500000 -0.138672 0.666016 1309980377.343878
0.500000 -0.138672 0.666016 1309980377.364819
0.501953 -0.122070 0.672852 1309980377.408827
0.497070 -0.160156 0.645508 1309980377.450831
0.473633 -0.105469 0.678711 1309980377.471828
0.506836 -0.109375 0.635742 1309980377.515826
0.488281 -0.150391 0.665039 1309980377.536827
0.476562 -0.150391 0.665039 1309980377.564837
0.488281 -0.122070 0.653320 1309980377.611842
0.504883 -0.147461 0.675781 1309980377.634492
0.497070 -0.115234 0.658203 1309980377.675829
0.449219 -0.124023 0.647461 1309980377.698833
0.479492 -0.150391 0.671875 1309980377.730837
0.488281 -0.102539 0.652344 1309980377.752825
0.490234 -0.162109 0.680664 1309980377.820838
0.502930 -0.143555 0.683594 1309980377.821833
0.495117 -0.113281 0.663086 1309980377.864849
0.487305 -0.125000 0.670898 1309980377.885842
0.492188 -0.145508 0.670898 1309980377.929835
0.500977 -0.121094 0.666992 1309980377.973837
0.513672 -0.142578 0.634766 1309980377.995835
0.482422 -0.130859 0.663086 1309980378.038840
0.498047 -0.135742 0.651367 1309980378.061837
0.489258 -0.120117 0.648438 1309980378.084837
0.486328 -0.140625 0.666992 1309980378.159843
0.490234 -0.110352 0.664062 1309980378.160835
0.483398 -0.135742 0.676758 1309980378.201836
0.489258 -0.132812 0.633789 1309980378.224843
0.487305 -0.109375 0.667969 1309980378.246843
0.494141 -0.125000 0.669922 1309980378.269841
0.494141 -0.125000 0.669922 1309980378.313848
0.485352 -0.110352 0.686523 1309980378.356845
0.518555 -0.125977 0.668945 1309980378.379824
0.512695 -0.136719 0.612305 1309980378.401840
0.517578 -0.151367 0.673828 1309980378.451847
0.492188 -0.115234 0.663086 1309980378.473847
0.509766 -0.138672 0.663086 1309980378.496858
0.486328 -0.130859 0.668945 1309980378.559856
0.482422 -0.134766 0.658203 1309980378.583836
0.514648 -0.139648 0.671875 1309980378.605853
0.515625 -0.129883 0.656250 1309980378.628850
0.488281 -0.124023 0.671875 1309980378.670851
0.478516 -0.134766 0.673828 1309980378.693860
0.497070 -0.121094 0.654297 1309980378.724853
0.486328 -0.119141 0.654297 1309980378.775853
0.502930 -0.133789 0.655273 1309980378.798856
0.457031 -0.093750 0.665039 1309980378.842848
0.499023 -0.131836 0.667969 1309980378.863859
0.499023 -0.125000 0.656250 1309980378.905852
0.483398 -0.132812 0.671875 1309980378.926851
0.491211 -0.105469 0.648438 1309980378.949862
0.545898 -0.117188 0.661133 1309980379.014865
0.485352 -0.119141 0.692383 1309980379.035858
0.478516 -0.119141 0.692383 1309980379.037855
0.511719 -0.150391 0.669922 1309980379.090856
0.479492 -0.105469 0.653320 1309980379.115865
0.505859 -0.136719 0.608398 1309980379.143865
0.489258 -0.135742 0.655273 1309980379.185862
0.512695 -0.111328 0.658203 1309980379.215859
0.514648 -0.132812 0.658203 1309980379.239841
0.486328 -0.095703 0.650391 1309980379.285873
0.493164 -0.150391 0.670898 1309980379.308863
0.505859 -0.129883 0.669922 1309980379.354854
0.455078 -0.115234 0.690430 1309980379.376860
0.494141 -0.115234 0.695312 1309980379.430882
0.494141 -0.115234 0.695312 1309980379.455866
0.523438 -0.131836 0.658203 1309980379.476862
0.483398 -0.142578 0.681641 1309980379.499882
0.476562 -0.115234 0.650391 1309980379.541865
0.488281 -0.124023 0.670898 1309980379.564869
0.484375 -0.173828 0.706055 1309980379.586872
0.501953 -0.125977 0.672852 1309980379.652868
0.466797 -0.136719 0.682617 1309980379.676869
0.494141 -0.138672 0.661133 1309980379.705873
0.480469 -0.164062 0.669922 1309980379.726869
0.496094 -0.125977 0.670898 1309980379.774874
0.474609 -0.117188 0.684570 1309980379.797900
0.493164 -0.157227 0.671875 1309980379.822876
0.500977 -0.101562 0.681641 1309980379.880874
0.460938 -0.112305 0.666992 1309980379.902872
0.472656 -0.119141 0.675781 1309980379.925889
0.492188 -0.141602 0.666016 1309980379.946872
0.451172 -0.130859 0.666016 1309980379.989876
0.494141 -0.134766 0.668945 1309980380.027878
0.517578 -0.119141 0.669922 1309980380.056883
0.491211 -0.125000 0.646484 1309980380.079878
0.488281 -0.107422 0.653320 1309980380.121884
0.479492 -0.120117 0.656250 1309980380.166883
0.488281 -0.140625 0.653320 1309980380.167875
0.501953 -0.090820 0.634766 1309980380.237890
0.472656 -0.150391 0.670898 1309980380.240879
0.487305 -0.122070 0.635742 1309980380.287885
0.498047 -0.125977 0.685547 1309980380.309881
0.467773 -0.119141 0.647461 1309980380.354894
0.717773 -0.119141 0.647461 1309980380.360884
0.502930 -0.113281 0.662109 1309980380.401877
0.487305 -0.170898 0.700195 1309980380.444902
0.506836 -0.109375 0.688477 1309980380.467885
0.479492 -0.111328 0.659180 1309980380.510912
0.483398 -0.123047 0.674805 1309980380.535888
0.492188 -0.114258 0.674805 1309980380.579888
0.482422 -0.126953 0.663086 1309980380.600885
0.502930 -0.146484 0.668945 1309980380.644886
0.481445 -0.125977 0.671875 1309980380.665892
0.485352 -0.148438 0.678711 1309980380.717917
0.503906 -0.128906 0.686523 1309980380.719887
0.487305 -0.111328 0.666016 1309980380.769887
0.507812 -0.121094 0.666016 1309980380.812894
0.494141 -0.126953 0.682617 1309980380.835864
0.465820 -0.105469 0.675781 1309980380.859889
0.502930 -0.131836 0.651367 1309980380.882892
0.487305 -0.129883 0.648438 1309980380.926889
0.504883 -0.117188 0.636719 1309980380.949898
0.491211 -0.118164 0.675781 1309980380.985898
0.536133 -0.125000 0.671875 1309980381.029895
0.498047 -0.117188 0.668945 1309980381.050909
0.468750 -0.125977 0.683594 1309980381.072894
0.509766 -0.125977 0.683594 1309980381.120902
0.496094 -0.105469 0.656250 1309980381.150899
0.495117 -0.155273 0.681641 1309980381.172900
0.480469 -0.101562 0.666016 1309980381.217898
0.495117 -0.138672 0.630859 1309980381.240899
0.499023 -0.086914 0.652344 1309980381.285909
0.497070 -0.086914 0.652344 1309980381.308906
0.508789 -0.128906 0.655273 1309980381.337910
0.509766 -0.130859 0.686523 1309980381.381982
0.487305 -0.130859 0.650391 1309980381.404903
0.483398 -0.124023 0.649414 1309980381.450906
0.484375 -0.101562 0.663086 1309980381.472905
0.484375 -0.101562 0.663086 1309980381.496912
0.498047 -0.128906 0.648438 1309980381.544894
0.488281 -0.124023 0.660156 1309980381.565904
0.500977 -0.144531 0.663086 1309980381.612886
0.479492 -0.118164 0.655273 1309980381.635904
0.506836 -0.125977 0.658203 1309980381.656911
0.508789 -0.129883 0.673828 1309980381.701908
0.500000 -0.125977 0.655273 1309980381.722912
0.492188 -0.145508 0.678711 1309980381.766914
0.488281 -0.134766 0.673828 1309980381.797914
0.458984 -0.109375 0.655273 1309980381.825901
0.499023 -0.167969 0.665039 1309980381.843892
0.499023 -0.167969 0.665039 1309980381.887889
0.496094 -0.132812 0.672852 1309980381.916897
0.493164 -0.115234 0.671875 1309980381.974892
0.488281 -0.135742 0.654297 1309980381.975888
0.490234 -0.121094 0.683594 1309980382.035920
0.480469 -0.148438 0.680664 1309980382.037914
0.494141 -0.124023 0.680664 1309980382.082897
0.744141 -0.124023 0.680664 1309980382.105919
0.468750 -0.128906 0.650391 1309980382.154924
0.506836 -0.123047 0.666016 1309980382.177897
0.514648 -0.132812 0.655273 1309980382.202899
0.485352 -0.113281 0.651367 1309980382.245922
0.518555 -0.130859 0.652344 1309980382.272920
0.480469 -0.115234 0.661133 1309980382.315937
0.480469 -0.125977 0.652344 1309980382.357905
0.486328 -0.132812 0.689453 1309980382.380907
0.474609 -0.134766 0.666992 1309980382.401925
0.474609 -0.134766 0.666992 1309980382.425925
0.491211 -0.134766 0.666992 1309980382.471923
0.509766 -0.127930 0.632812 1309980382.499931
0.455078 -0.138672 0.657227 1309980382.537930
0.488281 -0.122070 0.710938 1309980382.565933
0.488281 -0.132812 0.670898 1309980382.595928
0.544922 -0.132812 0.653320 1309980382.637930
0.484375 -0.152344 0.662109 1309980382.660934
0.484375 -0.152344 0.662109 1309980382.684926
0.481445 -0.111328 0.682617 1309980382.727932
0.474609 -0.105469 0.670898 1309980382.770926
0.475586 -0.117188 0.656250 1309980382.795929
0.475586 -0.117188 0.656250 1309980382.817923
0.500000 -0.132812 0.666992 1309980382.865932
0.496094 -0.136719 0.650391 1309980382.887929
0.511719 -0.140625 0.638672 1309980382.934927
0.446289 -0.111328 0.666016 1309980382.956930
0.476562 -0.121094 0.670898 1309980382.979937
0.485352 -0.118164 0.688477 1309980383.022939
0.477539 -0.116211 0.651367 1309980383.046940
0.500000 -0.129883 0.677734 1309980383.090939
0.481445 -0.130859 0.649414 1309980383.134914
0.491211 -0.123047 0.703125 1309980383.135934
0.483398 -0.123047 0.655273 1309980383.177938
0.487305 -0.126953 0.669922 1309980383.200942
0.491211 -0.152344 0.664062 1309980383.245938
0.462891 -0.125000 0.652344 1309980383.314940
0.507812 -0.132812 0.668945 1309980383.335922
0.487305 -0.154297 0.663086 1309980383.350955
0.485352 -0.154297 0.663086 1309980383.357946
0.510742 -0.129883 0.659180 1309980383.401942
0.480469 -0.122070 0.634766 1309980383.444948
0.494141 -0.130859 0.639648 1309980383.467942
0.495117 -0.100586 0.648438 1309980383.510958
0.480469 -0.138672 0.669922 1309980383.532945
0.480469 -0.138672 0.669922 1309980383.575994
0.503906 -0.138672 0.675781 1309980383.597950
0.483398 -0.110352 0.663086 1309980383.622950
0.473633 -0.122070 0.666992 1309980383.665956
0.500977 -0.132812 0.631836 1309980383.686945
0.495117 -0.142578 0.655273 1309980383.711946
0.475586 -0.128906 0.659180 1309980383.762949
0.487305 -0.131836 0.668945 1309980383.805953
0.491211 -0.113281 0.670898 1309980383.826951
0.498047 -0.149414 0.678711 1309980383.851949
0.491211 -0.128906 0.657227 1309980383.894955
0.493164 -0.125000 0.684570 1309980383.917954
0.483398 -0.150391 0.700195 1309980383.961953
0.487305 -0.141602 0.700195 1309980383.984957
0.472656 -0.125000 0.643555 1309980384.026953
0.495117 -0.116211 0.657227 1309980384.049959
0.494141 -0.123047 0.686523 1309980384.092960
0.439453 -0.119141 0.686523 1309980384.117958
0.522461 -0.150391 0.652344 1309980384.160962
0.523438 -0.136719 0.687500 1309980384.185956
0.475586 -0.151367 0.644531 1309980384.209962
0.506836 -0.155273 0.637695 1309980384.231961
0.504883 -0.142578 0.649414 1309980384.262965
0.492188 -0.125977 0.674805 1309980384.305977
0.483398 -0.125977 0.674805 1309980384.327959
0.483398 -0.144531 0.676758 1309980384.376964
0.491211 -0.126953 0.577148 1309980384.419967
0.480469 -0.152344 0.668945 1309980384.444960
0.484375 -0.109375 0.664062 1309980384.465962
0.484375 -0.109375 0.664062 1309980384.486963
0.488281 -0.130859 0.635742 1309980384.549979
0.498047 -0.123047 0.666016 1309980384.615963
0.450195 -0.111328 0.679688 1309980384.617963
0.487305 -0.130859 0.671875 1309980384.619960
0.491211 -0.121094 0.665039 1309980384.662966
0.495117 -0.122070 0.665039 1309980384.685964
0.519531 -0.093750 0.644531 1309980384.730980
0.485352 -0.123047 0.680664 1309980384.779962
0.507812 -0.125000 0.675781 1309980384.781971
0.513672 -0.128906 0.664062 1309980384.829972
0.482422 -0.147461 0.679688 1309980384.851970
0.500977 -0.114258 0.656250 1309980384.896966
0.482422 -0.118164 0.668945 1309980384.919969
0.479492 -0.114258 0.680664 1309980384.950976
0.475586 -0.084961 0.655273 1309980384.977975
0.518555 -0.107422 0.666992 1309980385.024975
0.464844 -0.112305 0.640625 1309980385.046975
0.503906 -0.129883 0.640625 1309980385.080983
0.467773 -0.103516 0.689453 1309980385.124973
0.491211 -0.130859 0.636719 1309980385.145984
0.504883 -0.138672 0.705078 1309980385.169975
0.479492 -0.123047 0.687500 1309980385.215982
0.491211 -0.106445 0.687500 1309980385.237978
0.489258 -0.102539 0.659180 1309980385.292980
0.490234 -0.108398 0.680664 1309980385.315983
0.513672 -0.135742 0.666992 1309980385.367982
0.509766 -0.168945 0.666992 1309980385.380991
0.490234 -0.109375 0.663086 1309980385.411986
0.492188 -0.109375 0.663086 1309980385.432980
0.508789 -0.125977 0.643555 1309980385.474989
0.505859 -0.121094 0.686523 1309980385.496964
0.508789 -0.119141 0.635742 1309980385.540964
0.491211 -0.110352 0.668945 1309980385.562986
0.488281 -0.152344 0.681641 1309980385.587987
0.488281 -0.152344 0.681641 1309980385.631985
0.478516 -0.149414 0.651367 1309980385.667985
0.493164 -0.125000 0.658203 1309980385.695993
0.469727 -0.113281 0.660156 1309980385.717988
0.482422 -0.125000 0.663086 1309980385.753031
0.482422 -0.121094 0.654297 1309980385.774989
0.732422 -0.121094 0.654297 1309980385.817982
0.477539 -0.117188 0.659180 1309980385.870991
0.505859 -0.105469 0.672852 1309980385.895990
0.475586 -0.140625 0.667969 1309980385.917994
0.500000 -0.150391 0.662109 1309980385.940993
0.476562 -0.098633 0.686523 1309980385.985992
0.458984 -0.111328 0.674805 1309980386.009996
0.506836 -0.125000 0.626953 1309980386.053004
0.493164 -0.144531 0.607422 1309980386.098003
0.483398 -0.125000 0.676758 1309980386.120999
0.457031 -0.099609 0.655273 1309980386.141997
0.491211 -0.103516 0.669922 1309980386.165997
0.498047 -0.099609 0.674805 1309980386.211007
0.479492 -0.125000 0.652344 1309980386.233003
0.499023 -0.123047 0.662109 1309980386.282002
0.479492 -0.130859 0.656250 1309980386.305003
0.508789 -0.129883 0.679688 1309980386.326998
0.500000 -0.132812 0.656250 1309980386.361994
0.494141 -0.142578 0.669922 1309980386.405998
0.488281 -0.124023 0.659180 1309980386.450000
0.497070 -0.113281 0.661133 1309980386.472001
0.498047 -0.146484 0.733398 1309980386.497007
0.490234 -0.099609 0.689453 1309980386.541009
0.490234 -0.099609 0.689453 1309980386.562016
0.484375 -0.085938 0.686523 1309980386.586007
0.496094 -0.099609 0.663086 1309980386.631010
0.476562 -0.107422 0.674805 1309980386.653010
0.476562 -0.105469 0.663086 1309980386.698038
0.480469 -0.121094 0.666016 1309980386.723004
0.506836 -0.143555 0.660156 1309980386.745005
