0.504883 0.229492 0.574219 1309565316.087794
0.492188 0.235352 0.583984 1309565316.111802
0.519531 0.245117 0.551758 1309565316.156799
0.531250 0.220703 0.578125 1309565316.179803
0.531250 0.220703 0.578125 1309565316.202808
0.540039 0.225586 0.564453 1309565316.236800
0.486328 0.216797 0.580078 1309565316.279816
0.482422 0.248047 0.579102 1309565316.301809
0.508789 0.233398 0.583984 1309565316.345809
0.501953 0.244141 0.578125 1309565316.369802
0.496094 0.248047 0.609375 1309565316.409804
0.548828 0.221680 0.595703 1309565316.430785
0.546875 0.244141 0.539062 1309565316.474803
0.458984 0.250977 0.553711 1309565316.496799
0.502930 0.216797 0.579102 1309565316.541816
0.529297 0.251953 0.572266 1309565316.567808
0.539062 0.281250 0.530273 1309565316.610810
0.557617 0.255859 0.546875 1309565316.707806
0.532227 0.249023 0.524414 1309565316.709809
0.491211 0.430664 0.506836 1309565316.710807
0.541992 0.253906 0.529297 1309565316.729799
0.520508 0.263672 0.588867 1309565316.753813
0.281250 0.454102 0.519531 1309565316.806815
0.486328 0.320312 0.578125 1309565316.827813
0.537109 0.201172 0.559570 1309565316.880816
0.283203 0.422852 0.531250 1309565316.902811
0.502930 0.336914 0.521484 1309565316.927806
0.479492 0.336914 0.521484 1309565316.949826
0.479492 0.336914 0.521484 1309565316.982823
0.525391 0.360352 0.518555 1309565317.020819
0.733398 0.171875 0.460938 1309565317.064818
0.545898 0.181641 0.526367 1309565317.086819
0.577148 0.201172 0.566406 1309565317.110826
0.514648 0.201172 0.566406 1309565317.136821
0.381836 0.410156 0.590820 1309565317.181821
0.564453 0.333984 0.489258 1309565317.205822
0.375000 0.447266 0.540039 1309565317.269849
0.479492 0.280273 0.596680 1309565317.270819
0.538086 0.386719 0.482422 1309565317.297815
0.579102 0.335938 0.534180 1309565317.364820
0.579102 0.335938 0.534180 1309565317.365809
0.574219 0.375000 0.523438 1309565317.452807
0.483398 0.314453 0.577148 1309565317.517830
0.340820 0.353516 0.577148 1309565317.541827
0.594727 0.438477 0.456055 1309565317.543822
0.452148 0.416016 0.350586 1309565317.545818
0.717773 0.466797 0.440430 1309565317.580818
0.580078 0.513672 0.501953 1309565317.627902
0.548828 0.352539 0.354492 1309565317.629830
0.435547 0.220703 0.474609 1309565317.680843
0.452148 0.503906 0.365234 1309565317.706843
0.255859 0.632812 0.458008 1309565317.729821
0.555664 0.380859 0.459961 1309565317.752839
0.470703 0.454102 0.433594 1309565317.817832
0.498047 0.480469 0.401367 1309565317.819821
0.538086 0.455078 0.453125 1309565317.862833
0.481445 0.398438 0.424805 1309565317.886857
0.469727 0.450195 0.453125 1309565317.909815
0.477539 0.485352 0.442383 1309565317.962845
0.459961 0.365234 0.456055 1309565317.989821
0.414062 0.388672 0.479492 1309565318.010844
0.431641 0.474609 0.470703 1309565318.055846
0.430664 0.462891 0.416016 1309565318.075878
0.491211 0.500000 0.483398 1309565318.117848
0.549805 0.349609 0.554688 1309565318.160834
0.545898 0.410156 0.608398 1309565318.184847
0.903320 0.244141 0.588867 1309565318.205836
0.677734 0.286133 0.487305 1309565318.249848
0.517578 0.233398 0.480469 1309565318.271827
0.406250 0.255859 0.577148 1309565318.312820
0.223633 0.330078 0.427734 1309565318.334843
0.120117 0.281250 0.258789 1309565318.377841
0.320312 0.286133 0.276367 1309565318.399846
0.202148 0.204102 0.134766 1309565318.431842
1.554688 1.273438 0.884766 1309565318.454867
0.374023 1.273438 0.884766 1309565318.497846
0.969727 0.062500 0.588867 1309565318.531844
0.770508 0.345703 0.485352 1309565318.575836
0.603516 0.648438 0.562500 1309565318.599839
0.553711 0.083984 0.623047 1309565318.622842
0.524414 0.229492 0.540039 1309565318.675849
0.622070 0.323242 0.533203 1309565318.696847
0.504883 0.202148 0.578125 1309565318.740850
0.505859 0.320312 0.523438 1309565318.762861
0.518555 0.253906 0.516602 1309565318.785834
0.506836 0.273438 0.567383 1309565318.814865
0.514648 0.295898 0.583984 1309565318.860854
0.521484 0.282227 0.562500 1309565318.882841
0.540039 0.278320 0.577148 1309565318.926854
0.292969 0.358398 0.689453 1309565318.947859
0.625977 0.323242 0.472656 1309565318.991851
0.357422 0.323242 0.472656 1309565319.006858
0.567383 0.225586 0.556641 1309565319.064857
0.397461 0.160156 0.577148 1309565319.086857
0.383789 0.332031 0.545898 1309565319.129863
0.600586 0.217773 0.608398 1309565319.151859
0.495117 0.299805 0.614258 1309565319.177864
0.510742 0.299805 0.614258 1309565319.199871
0.503906 0.255859 0.606445 1309565319.277841
0.485352 0.174805 0.640625 1309565319.280847
0.478516 0.279297 0.608398 1309565319.302861
0.557617 0.180664 0.627930 1309565319.346886
0.578125 0.154297 0.590820 1309565319.362835
0.538086 0.246094 0.586914 1309565319.407862
0.540039 0.257812 0.667969 1309565319.439865
0.542969 0.015625 0.589844 1309565319.461966
0.529297 0.109375 0.616211 1309565319.505867
0.547852 0.148438 0.609375 1309565319.526866
0.503906 0.065430 0.599609 1309565319.549882
0.515625 0.128906 0.586914 1309565319.592865
0.505859 0.128906 0.586914 1309565319.637863
0.255859 0.128906 0.586914 1309565319.651857
0.484375 0.187500 0.541016 1309565319.697873
0.604492 0.136719 0.576172 1309565319.719858
0.503906 0.193359 0.581055 1309565319.765868
0.498047 0.136719 0.598633 1309565319.787874
0.551758 0.124023 0.591797 1309565319.814877
0.475586 0.184570 0.629883 1309565319.855872
0.526367 0.208008 0.627930 1309565319.876871
0.522461 0.186523 0.598633 1309565319.921876
0.494141 0.186523 0.598633 1309565319.942862
0.509766 0.231445 0.612305 1309565319.989872
0.475586 0.198242 0.595703 1309565320.011846
0.480469 0.229492 0.585938 1309565320.052866
0.505859 0.227539 0.540039 1309565320.096871
0.482422 0.230469 0.568359 1309565320.117879
0.489258 0.206055 0.601562 1309565320.139883
0.514648 0.206055 0.585938 1309565320.184872
0.478516 0.213867 0.565430 1309565320.227891
0.492188 0.208984 0.600586 1309565320.247885
0.486328 0.220703 0.600586 1309565320.271877
0.500977 0.242188 0.604492 1309565320.312876
0.473633 0.194336 0.581055 1309565320.335889
0.472656 0.193359 0.581055 1309565320.358885
0.495117 0.157227 0.570312 1309565320.421878
0.473633 0.209961 0.610352 1309565320.422873
0.492188 0.232422 0.616211 1309565320.465882
0.502930 0.230469 0.606445 1309565320.486884
0.530273 0.186523 0.606445 1309565320.538890
0.538086 0.185547 0.613281 1309565320.566885
0.437500 0.233398 0.588867 1309565320.590892
0.524414 0.218750 0.582031 1309565320.635888
0.569336 0.244141 0.594727 1309565320.659892
0.540039 0.162109 0.625977 1309565320.680887
0.488281 0.197266 0.604492 1309565320.731882
0.466797 0.171875 0.610352 1309565320.766895
0.674805 0.457031 0.510742 1309565320.789892
0.388672 0.025391 0.699219 1309565320.825890
0.466797 0.227539 0.573242 1309565320.872892
0.500000 0.104492 0.464844 1309565320.895867
0.500000 0.104492 0.464844 1309565320.917888
0.481445 0.153320 0.600586 1309565320.961890
0.457031 0.410156 0.650391 1309565320.986894
0.538086 0.176758 0.582031 1309565321.031898
0.508789 0.234375 0.562500 1309565321.044892
0.504883 0.234375 0.562500 1309565321.067903
0.552734 0.167969 0.562500 1309565321.102896
0.492188 0.142578 0.587891 1309565321.141921
0.505859 0.163086 0.607422 1309565321.221900
0.512695 0.160156 0.557617 1309565321.224875
0.522461 0.210938 0.597656 1309565321.244894
0.534180 0.460938 0.597656 1309565321.266913
0.563477 0.270508 0.565430 1309565321.320932
0.461914 0.066406 0.638672 1309565321.342909
0.447266 0.074219 0.638672 1309565321.386882
0.649414 -0.017578 0.577148 1309565321.387895
0.536133 0.156250 0.583008 1309565321.434901
0.422852 0.300781 0.587891 1309565321.456904
0.535156 0.194336 0.588867 1309565321.497902
0.474609 0.300781 0.593750 1309565321.541900
0.502930 0.207031 0.566406 1309565321.586919
0.506836 0.232422 0.577148 1309565321.587898
0.513672 0.256836 0.588867 1309565321.640907
0.503906 0.236328 0.555664 1309565321.667905
0.535156 0.249023 0.572266 1309565321.691910
0.507812 0.248047 0.572266 1309565321.715887
0.477539 0.232422 0.599609 1309565321.761890
0.581055 0.175781 0.583984 1309565321.795919
0.524414 0.242188 0.588867 1309565321.859916
0.475586 0.221680 0.567383 1309565321.860907
0.481445 0.207031 0.577148 1309565321.902921
0.567383 0.202148 0.573242 1309565321.924909
0.487305 0.222656 0.565430 1309565321.945904
0.506836 0.191406 0.573242 1309565321.987913
0.524414 0.188477 0.615234 1309565322.010913
0.514648 0.173828 0.583008 1309565322.054926
0.500000 0.215820 0.593750 1309565322.077919
0.533203 0.226562 0.618164 1309565322.119898
0.546875 0.217773 0.569336 1309565322.142919
0.517578 0.199219 0.596680 1309565322.167921
0.451172 0.210938 0.596680 1309565322.211917
0.451172 0.210938 0.596680 1309565322.234928
0.508789 0.238281 0.567383 1309565322.277919
0.537109 0.230469 0.569336 1309565322.301931
0.522461 0.196289 0.588867 1309565322.346915
0.483398 0.230469 0.560547 1309565322.369927
0.521484 0.212891 0.590820 1309565322.410915
0.525391 0.179688 0.600586 1309565322.433915
0.489258 0.210938 0.591797 1309565322.475916
0.554688 0.239258 0.599609 1309565322.519926
0.541016 0.181641 0.582031 1309565322.520905
0.500000 0.225586 0.557617 1309565322.562941
0.552734 0.203125 0.575195 1309565322.605907
0.481445 0.218750 0.586914 1309565322.630941
0.569336 0.263672 0.597656 1309565322.652935
0.545898 0.198242 0.636719 1309565322.696930
0.481445 0.152344 0.587891 1309565322.717929
0.522461 0.193359 0.589844 1309565322.762947
0.458008 0.238281 0.549805 1309565322.789919
0.415039 0.298828 0.546875 1309565322.824931
0.216797 0.371094 0.697266 1309565322.847936
0.950195 -0.112305 0.439453 1309565322.895931
0.395508 0.283203 0.607422 1309565322.917936
0.551758 0.029297 0.699219 1309565322.941934
0.551758 0.029297 0.699219 1309565322.965938
0.550781 0.073242 0.596680 1309565323.010923
0.484375 0.098633 0.641602 1309565323.052935
0.503906 0.046875 0.625000 1309565323.140939
0.550781 -0.007812 0.641602 1309565323.142010
0.507812 -0.007812 0.641602 1309565323.161934
0.464844 0.039062 0.652344 1309565323.206936
0.517578 0.033203 0.641602 1309565323.207939
0.507812 0.049805 0.637695 1309565323.227928
0.525391 0.116211 0.627930 1309565323.272931
0.482422 0.102539 0.631836 1309565323.336938
0.516602 0.102539 0.631836 1309565323.338917
0.568359 0.069336 0.586914 1309565323.381926
0.477539 0.146484 0.621094 1309565323.411915
0.515625 0.200195 0.608398 1309565323.432948
0.519531 0.175781 0.588867 1309565323.454941
0.518555 0.157227 0.663086 1309565323.484947
0.480469 0.202148 0.595703 1309565323.540943
0.463867 0.316406 0.612305 1309565323.561954
0.574219 0.200195 0.564453 1309565323.584943
0.510742 0.310547 0.541992 1309565323.626947
0.550781 0.290039 0.527344 1309565323.650946
0.471680 0.126953 0.638672 1309565323.696944
0.500000 0.205078 0.603516 1309565323.717953
0.520508 0.291016 0.603516 1309565323.739954
0.518555 0.291016 0.603516 1309565323.782952
0.528320 0.281250 0.557617 1309565323.825953
0.500977 0.247070 0.554688 1309565323.867953
0.521484 0.225586 0.562500 1309565323.870944
0.526367 0.215820 0.620117 1309565323.907989
0.491211 0.260742 0.576172 1309565323.946950
0.520508 0.249023 0.591797 1309565323.989950
0.526367 0.260742 0.561523 1309565324.011961
0.505859 0.234375 0.577148 1309565324.037959
0.523438 0.226562 0.583008 1309565324.074962
0.495117 0.196289 0.615234 1309565324.095946
0.509766 0.228516 0.553711 1309565324.140964
0.497070 0.226562 0.565430 1309565324.184971
0.491211 0.230469 0.604492 1309565324.207959
0.496094 0.230469 0.596680 1309565324.230971
0.503906 0.221680 0.592773 1309565324.251959
0.548828 0.260742 0.612305 1309565324.297957
0.528320 0.280273 0.608398 1309565324.326940
0.448242 0.377930 0.584961 1309565324.400959
0.541016 0.011719 0.622070 1309565324.401962
0.590820 0.098633 0.630859 1309565324.449965
0.480469 0.154297 0.548828 1309565324.471962
0.556641 0.115234 0.600586 1309565324.492961
0.461914 0.099609 0.659180 1309565324.537962
0.538086 0.106445 0.533203 1309565324.562967
0.569336 0.144531 0.580078 1309565324.581964
0.558594 0.208008 0.648438 1309565324.611972
0.522461 0.159180 0.624023 1309565324.642968
0.522461 0.159180 0.624023 1309565324.685970
0.546875 0.044922 0.618164 1309565324.730965
0.466797 0.261719 0.635742 1309565324.752968
0.417969 0.167969 0.553711 1309565324.775963
0.463867 0.299805 0.566406 1309565324.819967
0.472656 0.431641 0.666016 1309565324.866970
0.551758 0.165039 0.569336 1309565324.907969
0.534180 0.221680 0.679688 1309565324.909966
0.456055 0.246094 0.591797 1309565324.951970
0.568359 0.051758 0.651367 1309565324.975979
0.500000 0.275391 0.585938 1309565324.997969
0.500000 0.275391 0.585938 1309565325.041982
0.596680 0.188477 0.572266 1309565325.077979
0.603516 0.153320 0.576172 1309565325.102988
0.426758 0.183594 0.562500 1309565325.134971
0.530273 0.230469 0.576172 1309565325.176976
0.476562 0.230469 0.576172 1309565325.202956
0.485352 0.196289 0.601562 1309565325.227987
0.493164 0.186523 0.572266 1309565325.269986
0.531250 0.193359 0.570312 1309565325.291971
0.560547 0.285156 0.615234 1309565325.340944
0.470703 0.232422 0.588867 1309565325.362976
0.502930 0.232422 0.588867 1309565325.387977
0.564453 0.197266 0.619141 1309565325.430958
0.519531 0.232422 0.599609 1309565325.474968
0.506836 0.222656 0.557617 1309565325.495969
0.483398 0.253906 0.625000 1309565325.517961
0.548828 0.168945 0.579102 1309565325.562975
0.474609 0.147461 0.584961 1309565325.585958
0.510742 0.207031 0.548828 1309565325.630970
0.522461 0.221680 0.576172 1309565325.712953
0.495117 0.191406 0.591797 1309565325.714979
0.514648 0.234375 0.584961 1309565325.734989
0.497070 0.208008 0.597656 1309565325.756995
0.458984 0.194336 0.546875 1309565325.779993
0.463867 0.208984 0.583008 1309565325.824969
0.510742 0.205078 0.594727 1309565325.856948
0.542969 0.208984 0.608398 1309565325.879989
0.621094 0.158203 0.589844 1309565325.922975
0.530273 0.167969 0.589844 1309565325.944949
0.564453 0.173828 0.572266 1309565325.987993
0.512695 0.162109 0.600586 1309565326.011982
0.509766 0.201172 0.592773 1309565326.042973
0.507812 0.186523 0.603516 1309565326.086987
0.567383 0.169922 0.583008 1309565326.109982
0.529297 0.188477 0.541992 1309565326.131994
0.524414 0.228516 0.581055 1309565326.175979
0.511719 0.199219 0.598633 1309565326.197960
0.535156 0.189453 0.578125 1309565326.240995
0.507812 0.165039 0.587891 1309565326.264986
0.483398 0.195312 0.565430 1309565326.308000
0.380859 0.418945 0.565430 1309565326.331003
0.251953 0.262695 0.628906 1309565326.376996
0.873047 -0.157227 0.456055 1309565326.397999
0.416016 0.664062 0.516602 1309565326.423000
0.592773 0.027344 0.720703 1309565326.490008
0.530273 0.241211 0.663086 1309565326.490996
0.510742 0.066406 0.615234 1309565326.544005
0.440430 0.104492 0.684570 1309565326.586003
0.581055 0.065430 0.667969 1309565326.608002
0.514648 0.077148 0.627930 1309565326.609999
0.450195 0.166992 0.628906 1309565326.666004
0.523438 0.100586 0.686523 1309565326.721019
0.564453 0.040039 0.592773 1309565326.722008
0.481445 0.121094 0.666016 1309565326.761002
0.490234 0.078125 0.655273 1309565326.791013
0.528320 0.072266 0.593750 1309565326.813012
0.512695 0.053711 0.646484 1309565326.837005
0.471680 0.157227 0.617188 1309565326.881008
0.514648 0.077148 0.619141 1309565326.905995
0.516602 0.117188 0.618164 1309565326.994007
0.554688 0.128906 0.589844 1309565327.018007
0.520508 0.156250 0.626953 1309565327.034014
0.536133 0.132812 0.574219 1309565327.038015
0.524414 0.257812 0.532227 1309565327.061014
0.523438 0.257812 0.532227 1309565327.105000
0.562500 0.147461 0.531250 1309565327.148009
0.494141 0.352539 0.624023 1309565327.172016
0.554688 0.173828 0.585938 1309565327.193013
0.506836 0.200195 0.572266 1309565327.238015
0.548828 0.200195 0.572266 1309565327.262020
0.427734 0.376953 0.591797 1309565327.304016
0.499023 0.284180 0.583008 1309565327.349022
0.540039 0.222656 0.583984 1309565327.372021
0.491211 0.240234 0.579102 1309565327.396001
0.521484 0.236328 0.601562 1309565327.419020
0.512695 0.256836 0.601562 1309565327.466030
0.527344 0.224609 0.583984 1309565327.496016
0.469727 0.229492 0.582031 1309565327.526017
0.490234 0.226562 0.606445 1309565327.567020
0.504883 0.236328 0.592773 1309565327.589024
0.500000 0.257812 0.563477 1309565327.614027
0.523438 0.219727 0.602539 1309565327.662028
0.497070 0.216797 0.595703 1309565327.684027
0.504883 0.234375 0.574219 1309565327.728024
0.502930 0.239258 0.538086 1309565327.751026
0.498047 0.237305 0.603516 1309565327.786021
0.512695 0.250977 0.562500 1309565327.818028
0.489258 0.247070 0.583984 1309565327.854028
0.516602 0.228516 0.578125 1309565327.877042
0.499023 0.210938 0.576172 1309565327.919016
0.508789 0.250000 0.631836 1309565327.942028
0.485352 0.198242 0.624023 1309565327.986033
0.601562 0.107422 0.624023 1309565328.007030
0.528320 0.068359 0.582031 1309565328.056025
0.503906 0.117188 0.632812 1309565328.092014
0.523438 0.258789 0.601562 1309565328.113031
0.515625 0.072266 0.612305 1309565328.134039
0.479492 0.226562 0.622070 1309565328.158032
0.482422 0.226562 0.622070 1309565328.200040
0.554688 0.199219 0.569336 1309565328.233110
0.569336 0.125000 0.590820 1309565328.301044
0.416016 0.185547 0.616211 1309565328.302034
0.542969 0.077148 0.578125 1309565328.340026
0.469727 0.109375 0.625977 1309565328.362042
0.529297 0.132812 0.641602 1309565328.384027
0.421875 0.100586 0.627930 1309565328.427039
0.559570 0.285156 0.612305 1309565328.472040
0.500977 0.140625 0.612305 1309565328.494045
0.509766 0.237305 0.576172 1309565328.522038
0.573242 0.208984 0.547852 1309565328.543033
0.482422 0.244141 0.605469 1309565328.589042
0.514648 0.151367 0.567383 1309565328.629044
0.521484 0.284180 0.555664 1309565328.653047
0.443359 0.217773 0.590820 1309565328.676053
0.534180 0.148438 0.584961 1309565328.711046
0.533203 0.191406 0.583984 1309565328.758042
0.621094 0.108398 0.585938 1309565328.781020
0.469727 0.221680 0.585938 1309565328.811034
0.487305 0.257812 0.579102 1309565328.877027
0.448242 0.259766 0.604492 1309565328.878046
0.479492 0.203125 0.623047 1309565328.916050
0.455078 0.229492 0.586914 1309565328.937054
0.521484 0.200195 0.584961 1309565328.982061
0.499023 0.181641 0.583008 1309565329.006068
0.531250 0.221680 0.596680 1309565329.049061
0.499023 0.219727 0.600586 1309565329.071029
0.498047 0.192383 0.585938 1309565329.094031
0.503906 0.242188 0.591797 1309565329.138052
0.563477 0.244141 0.617188 1309565329.161050
0.528320 0.230469 0.549805 1309565329.204048
0.477539 0.208984 0.625000 1309565329.229047
0.513672 0.181641 0.581055 1309565329.272060
0.511719 0.179688 0.599609 1309565329.293070
0.479492 0.179688 0.599609 1309565329.317061
0.493164 0.235352 0.558594 1309565329.364055
0.498047 0.230469 0.589844 1309565329.387059
0.487305 0.251953 0.611328 1309565329.429054
0.527344 0.210938 0.535156 1309565329.453059
0.497070 0.193359 0.591797 1309565329.496061
0.517578 0.224609 0.591797 1309565329.571061
0.538086 0.220703 0.591797 1309565329.592064
0.459961 0.221680 0.609375 1309565329.593060
0.527344 0.250000 0.597656 1309565329.613058
0.507812 0.208984 0.570312 1309565329.656063
0.467773 0.232422 0.583984 1309565329.678059
0.507812 0.183594 0.600586 1309565329.721065
0.495117 0.183594 0.527344 1309565329.743060
0.504883 0.197266 0.602539 1309565329.787072
0.500977 0.208984 0.576172 1309565329.809073
0.484375 0.233398 0.579102 1309565329.854078
0.486328 0.196289 0.572266 1309565329.877058
0.497070 0.214844 0.623047 1309565329.899073
0.533203 0.246094 0.582031 1309565329.942072
0.477539 0.247070 0.533203 1309565329.964067
0.460938 0.232422 0.598633 1309565330.003072
0.449219 0.185547 0.633789 1309565330.026072
0.558594 0.117188 0.633789 1309565330.070090
0.429688 0.214844 0.612305 1309565330.109068
0.112305 0.509766 0.671875 1309565330.132075
0.524414 0.327148 0.380859 1309565330.176070
0.617188 -0.150391 0.617188 1309565330.197073
0.307617 0.589844 0.457031 1309565330.219062
0.651367 -0.066406 0.707031 1309565330.264077
0.528320 0.161133 0.625000 1309565330.322083
0.478516 0.173828 0.589844 1309565330.323071
0.543945 0.097656 0.618164 1309565330.377066
0.616211 0.082031 0.603516 1309565330.398052
0.549805 0.147461 0.624023 1309565330.419073
0.546875 0.125977 0.625000 1309565330.443080
0.547852 0.112305 0.630859 1309565330.487088
0.498047 0.080078 0.630859 1309565330.506078
0.498047 0.080078 0.630859 1309565330.551080
0.550781 0.068359 0.634766 1309565330.596073
0.510742 0.070312 0.622070 1309565330.618083
0.512695 0.070312 0.622070 1309565330.662083
0.551758 0.105469 0.642578 1309565330.683087
0.508789 0.131836 0.627930 1309565330.727062
0.522461 0.117188 0.619141 1309565330.749092
0.521484 0.064453 0.617188 1309565330.772104
0.520508 0.083984 0.598633 1309565330.857116
0.509766 0.085938 0.591797 1309565330.876084
0.521484 0.191406 0.591797 1309565330.877086
0.521484 0.133789 0.590820 1309565330.914087
0.518555 0.208008 0.601562 1309565330.937088
0.540039 0.194336 0.610352 1309565330.981091
0.486328 0.200195 0.587891 1309565331.004090
0.525391 0.199219 0.602539 1309565331.046092
0.504883 0.237305 0.593750 1309565331.068087
0.490234 0.175781 0.628906 1309565331.102093
0.476562 0.164062 0.584961 1309565331.146094
0.525391 0.183594 0.606445 1309565331.168096
0.528320 0.208008 0.585938 1309565331.191096
0.512695 0.203125 0.583984 1309565331.237078
0.530273 0.193359 0.584961 1309565331.259057
0.491211 0.226562 0.585938 1309565331.306083
0.491211 0.244141 0.604492 1309565331.328093
0.503906 0.272461 0.573242 1309565331.372091
0.488281 0.272461 0.573242 1309565331.373078
0.524414 0.227539 0.612305 1309565331.421101
0.523438 0.232422 0.551758 1309565331.463101
0.503906 0.217773 0.622070 1309565331.492107
0.491211 0.216797 0.594727 1309565331.521097
0.498047 0.217773 0.596680 1309565331.543102
0.512695 0.198242 0.596680 1309565331.590084
0.505859 0.236328 0.592773 1309565331.612154
0.516602 0.191406 0.620117 1309565331.661097
0.490234 0.236328 0.594727 1309565331.696089
0.471680 0.214844 0.617188 1309565331.718101
0.529297 0.220703 0.610352 1309565331.741113
0.521484 0.233398 0.583008 1309565331.782101
0.503906 0.214844 0.581055 1309565331.804104
0.468750 0.249023 0.596680 1309565331.852081
0.493164 0.206055 0.611328 1309565331.874104
0.480469 0.220703 0.575195 1309565331.908090
0.474609 0.117188 0.653320 1309565331.933099
0.519531 0.124023 0.580078 1309565331.978142
0.496094 0.100586 0.607422 1309565331.999103
0.486328 0.261719 0.592773 1309565332.047092
0.541016 0.051758 0.563477 1309565332.067088
0.485352 0.230469 0.617188 1309565332.158105
0.551758 0.121094 0.617188 1309565332.160108
0.500977 0.182617 0.602539 1309565332.163109
0.518555 0.130859 0.577148 1309565332.207114
0.499023 0.084961 0.617188 1309565332.229112
0.557617 0.160156 0.586914 1309565332.273116
0.500977 0.062500 0.652344 1309565332.296117
0.642578 0.111328 0.402344 1309565332.320114
0.460938 0.364258 0.584961 1309565332.364113
0.635742 0.147461 0.588867 1309565332.387123
0.411133 0.214844 0.628906 1309565332.432098
0.521484 0.187500 0.559570 1309565332.454116
0.528320 0.225586 0.627930 1309565332.478108
0.278320 0.225586 0.627930 1309565332.519116
0.581055 0.167969 0.588867 1309565332.546124
0.475586 0.251953 0.583008 1309565332.592117
0.467773 0.138672 0.612305 1309565332.613125
0.615234 0.259766 0.470703 1309565332.656127
0.572266 -0.041992 0.623047 1309565332.678118
0.572266 -0.041992 0.623047 1309565332.721123
0.572266 -0.041992 0.623047 1309565332.743125
0.500000 0.121094 0.662109 1309565332.788103
0.487305 0.222656 0.562500 1309565332.852124
0.419922 0.228516 0.619141 1309565332.854131
0.533203 0.186523 0.573242 1309565332.875130
0.490234 0.130859 0.614258 1309565332.919110
0.421875 0.156250 0.634766 1309565332.942130
0.517578 0.171875 0.619141 1309565332.964133
0.541992 0.166016 0.599609 1309565333.008127
0.524414 0.194336 0.615234 1309565333.031133
0.511719 0.165039 0.614258 1309565333.054128
0.522461 0.220703 0.614258 1309565333.097132
0.272461 0.220703 0.614258 1309565333.132133
0.522461 0.193359 0.610352 1309565333.179137
0.505859 0.178711 0.614258 1309565333.196145
0.516602 0.210938 0.580078 1309565333.239133
0.541016 0.190430 0.637695 1309565333.262136
0.514648 0.225586 0.559570 1309565333.308128
0.463867 0.175781 0.554688 1309565333.331135
0.484375 0.198242 0.586914 1309565333.353123
0.548828 0.210938 0.602539 1309565333.429135
0.483398 0.199219 0.599609 1309565333.431130
0.535156 0.205078 0.591797 1309565333.451205
0.491211 0.207031 0.608398 1309565333.472113
0.510742 0.210938 0.608398 1309565333.516119
0.520508 0.154297 0.626953 1309565333.562142
0.521484 0.207031 0.546875 1309565333.584143
0.462891 0.189453 0.583008 1309565333.628140
0.567383 0.199219 0.583008 1309565333.630139
0.493164 0.205078 0.585938 1309565333.677138
0.502930 0.168945 0.630859 1309565333.718144
0.505859 0.213867 0.587891 1309565333.761147
0.469727 0.222656 0.557617 1309565333.803149
0.456055 0.174805 0.606445 1309565333.804140
0.539062 0.206055 0.614258 1309565333.846137
0.492188 0.198242 0.577148 1309565333.867139
0.435547 0.185547 0.604492 1309565333.911144
0.506836 0.214844 0.593750 1309565333.936144
0.463867 0.289062 0.548828 1309565333.979150
0.252930 0.390625 0.768555 1309565334.006145
0.894531 -0.158203 0.353516 1309565334.031147
0.274414 0.304688 0.611328 1309565334.068177
0.443359 0.248047 0.453125 1309565334.132143
0.548828 0.065430 0.653320 1309565334.137151
0.475586 0.160156 0.594727 1309565334.163125
0.541992 0.168945 0.594727 1309565334.191182
0.569336 0.106445 0.590820 1309565334.219153
0.599609 0.156250 0.570312 1309565334.262148
0.509766 0.230469 0.607422 1309565334.284159
0.495117 0.172852 0.649414 1309565334.328153
0.550781 0.025391 0.611328 1309565334.351153
0.513672 0.177734 0.634766 1309565334.390153
0.535156 0.121094 0.613281 1309565334.414161
0.519531 0.105469 0.625000 1309565334.456155
0.523438 0.128906 0.595703 1309565334.478154
0.467773 0.158203 0.626953 1309565334.522153
0.573242 0.120117 0.616211 1309565334.547126
0.323242 0.120117 0.616211 1309565334.569128
0.482422 0.182617 0.634766 1309565334.613154
0.519531 0.213867 0.557617 1309565334.652172
0.547852 0.140625 0.602539 1309565334.721179
0.507812 0.182617 0.586914 1309565334.742159
0.530273 0.195312 0.612305 1309565334.763166
0.530273 0.195312 0.612305 1309565334.781174
0.523438 0.273438 0.555664 1309565334.807150
0.508789 0.206055 0.579102 1309565334.848170
0.519531 0.194336 0.604492 1309565334.871152
0.495117 0.097656 0.642578 1309565334.896146
0.502930 0.181641 0.583008 1309565334.921180
0.519531 0.263672 0.584961 1309565334.963170
0.556641 0.201172 0.562500 1309565335.007160
0.506836 0.215820 0.574219 1309565335.029165
0.521484 0.177734 0.600586 1309565335.073170
0.517578 0.204102 0.602539 1309565335.097167
0.525391 0.229492 0.625000 1309565335.141170
0.541992 0.239258 0.585938 1309565335.163166
0.500000 0.226562 0.576172 1309565335.188157
0.525391 0.226562 0.569336 1309565335.243174
0.502930 0.246094 0.591797 1309565335.264175
0.506836 0.232422 0.557617 1309565335.286166
0.514648 0.242188 0.567383 1309565335.328178
