0.664062 0.175781 0.486328 1309548466.679040
0.655273 0.204102 0.507812 1309548466.696037
0.636719 0.226562 0.472656 1309548466.740036
0.645508 0.167969 0.483398 1309548466.765033
0.655273 0.173828 0.503906 1309548466.808032
0.665039 0.208984 0.483398 1309548466.830036
0.676758 0.208984 0.470703 1309548466.875034
0.670898 0.185547 0.510742 1309548466.898043
0.666992 0.194336 0.473633 1309548466.923049
0.664062 0.194336 0.473633 1309548466.943023
0.659180 0.175781 0.506836 1309548466.985039
0.660156 0.195312 0.538086 1309548467.030041
0.607422 0.196289 0.478516 1309548467.053018
0.663086 0.196289 0.479492 1309548467.096044
0.655273 0.181641 0.491211 1309548467.119047
0.649414 0.202148 0.506836 1309548467.143043
0.649414 0.202148 0.506836 1309548467.174027
0.673828 0.186523 0.505859 1309548467.220049
0.657227 0.207031 0.480469 1309548467.246044
0.659180 0.185547 0.508789 1309548467.289050
0.640625 0.199219 0.497070 1309548467.311060
0.640625 0.199219 0.497070 1309548467.334028
0.678711 0.201172 0.458008 1309548467.380049
0.632812 0.207031 0.522461 1309548467.401045
0.665039 0.205078 0.475586 1309548467.445049
0.659180 0.192383 0.505859 1309548467.468048
0.655273 0.193359 0.497070 1309548467.491047
0.663086 0.198242 0.484375 1309548467.551067
0.654297 0.172852 0.506836 1309548467.575051
0.646484 0.193359 0.488281 1309548467.621057
0.659180 0.212891 0.501953 1309548467.682497
0.661133 0.203125 0.496094 1309548467.705054
0.655273 0.169922 0.506836 1309548467.707052
0.637695 0.209961 0.483398 1309548467.725052
0.619141 0.187500 0.473633 1309548467.769055
0.666016 0.193359 0.462891 1309548467.793057
0.679688 0.183594 0.494141 1309548467.835057
0.667969 0.194336 0.514648 1309548467.858055
0.652344 0.203125 0.543945 1309548467.901058
0.629883 0.202148 0.492188 1309548467.924062
0.648438 0.185547 0.492188 1309548467.961065
0.648438 0.205078 0.490234 1309548467.991062
0.663086 0.228516 0.468750 1309548468.023063
0.663086 0.196289 0.471680 1309548468.045062
0.666992 0.196289 0.471680 1309548468.089063
0.670898 0.178711 0.496094 1309548468.134037
0.646484 0.163086 0.504883 1309548468.158056
0.632812 0.194336 0.498047 1309548468.178526
0.650391 0.202148 0.486328 1309548468.223060
0.664062 0.190430 0.494141 1309548468.245086
0.648438 0.190430 0.494141 1309548468.268067
0.664062 0.201172 0.505859 1309548468.311066
0.668945 0.194336 0.521484 1309548468.359072
0.663086 0.195312 0.514648 1309548468.380072
0.645508 0.211914 0.489258 1309548468.423072
0.660156 0.214844 0.482422 1309548468.426065
0.665039 0.175781 0.514648 1309548468.470068
0.668945 0.214844 0.503906 1309548468.511073
0.646484 0.208008 0.481445 1309548468.533046
0.650391 0.203125 0.498047 1309548468.576074
0.660156 0.216797 0.478516 1309548468.599072
0.689453 0.179688 0.482422 1309548468.620067
0.645508 0.208008 0.478516 1309548468.664086
0.657227 0.177734 0.478516 1309548468.711073
0.666016 0.187500 0.522461 1309548468.725069
0.615234 0.199219 0.496094 1309548468.768072
0.652344 0.207031 0.501953 1309548468.790073
0.664062 0.202148 0.251953 1309548468.837078
0.664062 0.202148 0.251953 1309548468.849073
0.657227 0.173828 0.502930 1309548468.940090
0.671875 0.188477 0.485352 1309548468.941077
0.650391 0.197266 0.504883 1309548468.959079
0.676758 0.213867 0.500977 1309548468.981075
0.655273 0.190430 0.500977 1309548469.024080
0.653320 0.211914 0.478516 1309548469.046078
0.662109 0.212891 0.498047 1309548469.090082
0.660156 0.212891 0.501953 1309548469.113079
0.638672 0.187500 0.506836 1309548469.159068
0.635742 0.199219 0.489258 1309548469.194085
0.674805 0.198242 0.489258 1309548469.217100
0.649414 0.205078 0.538086 1309548469.249084
0.639648 0.190430 0.476562 1309548469.271081
0.629883 0.208008 0.510742 1309548469.316087
0.665039 0.220703 0.460938 1309548469.346089
0.654297 0.199219 0.506836 1309548469.369085
0.646484 0.199219 0.505859 1309548469.417082
0.647461 0.179688 0.483398 1309548469.439089
0.648438 0.247070 0.488281 1309548469.482083
0.654297 0.183594 0.471680 1309548469.521087
0.662109 0.201172 0.495117 1309548469.529090
0.666016 0.229492 0.511719 1309548469.556095
0.648438 0.229492 0.511719 1309548469.598087
0.640625 0.222656 0.503906 1309548469.644091
0.678711 0.201172 0.494141 1309548469.667088
0.660156 0.201172 0.488281 1309548469.689092
0.636719 0.206055 0.496094 1309548469.734064
0.660156 0.197266 0.483398 1309548469.764098
0.679688 0.200195 0.500000 1309548469.807091
0.678711 0.165039 0.494141 1309548469.829091
0.662109 0.183594 0.504883 1309548469.860106
0.652344 0.194336 0.501953 1309548469.902084
0.683594 0.183594 0.456055 1309548469.924102
0.631836 0.159180 0.507812 1309548469.946092
0.660156 0.190430 0.510742 1309548469.992100
0.650391 0.197266 0.509766 1309548470.029105
0.647461 0.172852 0.498047 1309548470.051098
0.645508 0.210938 0.509766 1309548470.094083
0.655273 0.190430 0.488281 1309548470.120100
0.637695 0.190430 0.488281 1309548470.143095
0.647461 0.171875 0.514648 1309548470.234115
0.648438 0.207031 0.482422 1309548470.256106
0.679688 0.193359 0.477539 1309548470.257100
0.659180 0.171875 0.480469 1309548470.279157
0.646484 0.179688 0.500000 1309548470.299107
0.630859 0.205078 0.500000 1309548470.343086
0.666016 0.193359 0.496094 1309548470.385109
0.673828 0.206055 0.523438 1309548470.407111
0.678711 0.221680 0.472656 1309548470.430104
0.666992 0.203125 0.498047 1309548470.471107
0.638672 0.176758 0.502930 1309548470.494087
0.627930 0.200195 0.511719 1309548470.539113
0.666992 0.216797 0.485352 1309548470.562114
0.662109 0.194336 0.503906 1309548470.609112
0.655273 0.206055 0.501953 1309548470.656113
0.676758 0.207031 0.506836 1309548470.695112
0.652344 0.221680 0.495117 1309548470.716109
0.663086 0.221680 0.495117 1309548470.739118
0.663086 0.200195 0.466797 1309548470.764114
0.648438 0.196289 0.518555 1309548470.795118
0.632812 0.182617 0.529297 1309548470.837116
0.592773 0.205078 0.473633 1309548470.860113
0.633789 0.195312 0.473633 1309548470.883090
0.655273 0.214844 0.488281 1309548470.925127
0.670898 0.208008 0.473633 1309548470.967117
0.662109 0.216797 0.483398 1309548470.990125
0.660156 0.186523 0.524414 1309548471.011119
0.673828 0.187500 0.490234 1309548471.057140
0.651367 0.199219 0.490234 1309548471.068113
0.666992 0.239258 0.452148 1309548471.112122
0.658203 0.187500 0.467773 1309548471.144096
0.626953 0.208984 0.515625 1309548471.226130
0.654297 0.201172 0.483398 1309548471.227116
0.665039 0.220703 0.482422 1309548471.250121
0.652344 0.198242 0.473633 1309548471.272120
0.652344 0.198242 0.473633 1309548471.295127
0.643555 0.183594 0.473633 1309548471.332127
0.639648 0.203125 0.500000 1309548471.375121
0.651367 0.228516 0.548828 1309548471.411124
0.661133 0.192383 0.433594 1309548471.434129
0.659180 0.202148 0.483398 1309548471.531128
0.651367 0.196289 0.488281 1309548471.534128
0.659180 0.212891 0.508789 1309548471.535124
0.660156 0.201172 0.500977 1309548471.575126
0.635742 0.209961 0.482422 1309548471.599131
0.671875 0.218750 0.463867 1309548471.621128
0.670898 0.200195 0.479492 1309548471.662133
0.657227 0.175781 0.503906 1309548471.685131
0.667969 0.203125 0.562500 1309548471.751133
0.651367 0.202148 0.492188 1309548471.755132
0.666992 0.191406 0.497070 1309548471.802135
0.644531 0.164062 0.519531 1309548471.825130
0.654297 0.197266 0.505859 1309548471.870136
0.623047 0.178711 0.523438 1309548471.892136
0.652344 0.247070 0.470703 1309548471.937126
0.666992 0.210938 0.481445 1309548471.955138
0.645508 0.251953 0.458984 1309548471.977135
0.685547 0.193359 0.452148 1309548472.022140
0.624023 0.207031 0.492188 1309548472.045136
0.631836 0.219727 0.501953 1309548472.089137
0.658203 0.221680 0.484375 1309548472.111138
0.647461 0.201172 0.482422 1309548472.155136
0.640625 0.199219 0.492188 1309548472.176143
0.604492 0.199219 0.492188 1309548472.208147
0.642578 0.219727 0.493164 1309548472.251145
0.674805 0.218750 0.499023 1309548472.272144
0.656250 0.193359 0.449219 1309548472.319149
0.671875 0.199219 0.500000 1309548472.342150
0.670898 0.160156 0.493164 1309548472.375143
0.650391 0.172852 0.493164 1309548472.398143
0.647461 0.196289 0.507812 1309548472.442146
0.635742 0.232422 0.504883 1309548472.466151
0.624023 0.228516 0.463867 1309548472.507147
0.661133 0.177734 0.491211 1309548472.530144
0.638672 0.205078 0.504883 1309548472.554145
0.677734 0.227539 0.495117 1309548472.595150
0.677734 0.227539 0.495117 1309548472.616153
0.651367 0.166016 0.505859 1309548472.661146
0.634766 0.179688 0.501953 1309548472.705152
0.663086 0.187500 0.516602 1309548472.726150
0.666992 0.190430 0.484375 1309548472.804160
0.646484 0.193359 0.489258 1309548472.805151
0.645508 0.169922 0.486328 1309548472.825148
0.651367 0.201172 0.443359 1309548472.869155
0.700195 0.210938 0.512695 1309548472.890148
0.648438 0.181641 0.489258 1309548472.914160
0.646484 0.216797 0.739258 1309548472.938164
0.676758 0.203125 0.487305 1309548472.999160
0.666992 0.183594 0.524414 1309548473.044163
0.641602 0.189453 0.539062 1309548473.054153
0.633789 0.182617 0.492188 1309548473.076159
0.652344 0.195312 0.500000 1309548473.120163
0.644531 0.242188 0.500000 1309548473.143174
0.675781 0.207031 0.463867 1309548473.186163
0.666992 0.231445 0.495117 1309548473.215162
0.657227 0.208008 0.519531 1309548473.257162
0.656250 0.168945 0.541992 1309548473.280159
0.676758 0.196289 0.458008 1309548473.301161
0.670898 0.203125 0.491211 1309548473.324159
0.653320 0.208984 0.463867 1309548473.366165
0.662109 0.190430 0.470703 1309548473.410162
0.638672 0.225586 0.482422 1309548473.431161
0.678711 0.203125 0.461914 1309548473.475166
0.648438 0.164062 0.515625 1309548473.497165
0.653320 0.164062 0.515625 1309548473.532166
0.656250 0.201172 0.480469 1309548473.576167
0.654297 0.208008 0.496094 1309548473.599172
0.657227 0.246094 0.490234 1309548473.622170
0.675781 0.208008 0.496094 1309548473.667174
0.645508 0.200195 0.513672 1309548473.689173
0.655273 0.201172 0.488281 1309548473.734176
0.651367 0.183594 0.488281 1309548473.757174
0.640625 0.201172 0.500977 1309548473.814168
0.652344 0.181641 0.476562 1309548473.837173
0.656250 0.219727 0.489258 1309548473.859172
0.653320 0.153320 0.537109 1309548473.904171
0.645508 0.184570 0.463867 1309548473.925173
0.623047 0.183594 0.512695 1309548473.967178
0.659180 0.211914 0.488281 1309548473.990176
0.668945 0.184570 0.490234 1309548474.022173
0.656250 0.195312 0.521484 1309548474.075174
0.634766 0.202148 0.467773 1309548474.101177
0.654297 0.206055 0.510742 1309548474.125179
0.647461 0.175781 0.497070 1309548474.147181
0.657227 0.189453 0.475586 1309548474.190169
0.666992 0.204102 0.490234 1309548474.212180
0.655273 0.226562 0.499023 1309548474.236181
0.644531 0.226562 0.499023 1309548474.257191
0.653320 0.181641 0.498047 1309548474.302184
0.677734 0.186523 0.485352 1309548474.352186
0.640625 0.193359 0.533203 1309548474.372181
0.644531 0.207031 0.465820 1309548474.395185
0.656250 0.190430 0.485352 1309548474.440191
0.627930 0.195312 0.485352 1309548474.460188
0.645508 0.172852 0.473633 1309548474.504189
0.678711 0.168945 0.501953 1309548474.550189
0.650391 0.212891 0.516602 1309548474.565186
0.642578 0.186523 0.517578 1309548474.607198
0.624023 0.200195 0.518555 1309548474.630185
0.627930 0.188477 0.503906 1309548474.667193
0.660156 0.196289 0.497070 1309548474.690209
0.651367 0.180664 0.518555 1309548474.734157
0.648438 0.199219 0.505859 1309548474.755190
0.656250 0.221680 0.482422 1309548474.777193
0.674805 0.189453 0.459961 1309548474.820193
0.655273 0.189453 0.459961 1309548474.842193
0.649414 0.194336 0.500977 1309548474.890202
0.650391 0.169922 0.516602 1309548474.911195
0.617188 0.195312 0.505859 1309548474.955196
0.668945 0.201172 0.517578 1309548474.979203
0.652344 0.208008 0.267578 1309548475.000198
0.672852 0.183594 0.482422 1309548475.067200
0.670898 0.186523 0.516602 1309548475.069196
0.674805 0.169922 0.504883 1309548475.112195
0.665039 0.180664 0.515625 1309548475.135200
0.634766 0.211914 0.519531 1309548475.179214
0.655273 0.205078 0.269531 1309548475.200200
0.647461 0.169922 0.490234 1309548475.245200
0.677734 0.201172 0.489258 1309548475.289183
0.647461 0.194336 0.495117 1309548475.311202
