0.536133 0.024414 0.634766 1311186387.792645
0.508789 0.019531 0.636719 1311186387.807607
0.519531 0.056641 0.618164 1311186387.830610
0.550781 0.030273 0.651367 1311186387.851613
0.522461 0.041992 0.638672 1311186387.899593
0.521484 0.029297 0.648438 1311186387.921606
0.538086 0.085938 0.658203 1311186387.943608
0.669922 -0.009766 0.542969 1311186387.989630
0.577148 0.108398 0.585938 1311186388.031627
0.512695 0.173828 0.625977 1311186388.052602
0.604492 0.207031 0.390625 1311186388.095617
0.741211 0.052734 0.475586 1311186388.116594
0.991211 0.052734 0.475586 1311186388.139632
0.474609 -1.449219 0.854492 1311186388.191628
0.580078 -0.324219 0.584961 1311186388.219620
0.567383 -0.167969 0.749023 1311186388.242605
0.479492 -0.216797 0.677734 1311186388.271612
0.486328 0.717773 0.896484 1311186388.295620
-0.294922 -0.777344 1.984375 1311186388.362615
-0.830078 -1.139648 1.975586 1311186388.384615
1.990234 1.845703 -1.972656 1311186388.407622
-1.988281 -1.595703 -1.990234 1311186388.436654
1.699219 -1.126953 0.185547 1311186388.479625
-0.916992 1.727539 0.286133 1311186388.500637
-0.341797 -0.031250 -0.133789 1311186388.546616
-0.188477 -0.419922 -0.747070 1311186388.567623
0.369141 -0.040039 -0.705078 1311186388.591623
0.202148 -0.047852 -0.721680 1311186388.630607
0.156250 -0.015625 -0.434570 1311186388.652620
-0.043945 -0.064453 -0.184570 1311186388.697592
-0.208984 -0.080078 -0.054688 1311186388.726633
0.006836 -0.171875 0.077148 1311186388.765614
0.186523 -0.029297 -0.126953 1311186388.786631
0.237305 -0.389648 -0.512695 1311186388.834627
1.386719 -0.506836 -1.174805 1311186388.859626
1.680664 1.243164 -1.174805 1311186388.884650
-1.972656 1.981445 1.975586 1311186388.926638
1.979492 0.817383 -1.972656 1311186388.949616
0.171875 0.013672 -0.571289 1311186388.992651
0.255859 -1.449219 0.545898 1311186389.044647
0.053711 0.171875 1.078125 1311186389.045611
0.464844 0.171875 1.078125 1311186389.081611
0.640625 0.542969 1.108398 1311186389.127629
0.359375 -0.111328 1.284180 1311186389.154661
-0.176758 -1.488281 1.979492 1311186389.175626
1.984375 -0.256836 1.671875 1311186389.220655
0.289062 -1.983398 -1.981445 1311186389.242646
1.884766 1.975586 0.675781 1311186389.269656
1.884766 1.975586 0.675781 1311186389.311656
-0.682617 0.339844 0.752930 1311186389.339642
-0.934570 0.348633 0.166016 1311186389.382636
-0.284180 0.369141 -0.193359 1311186389.425631
0.189453 0.083008 -0.303711 1311186389.426620
0.439453 0.083008 -0.303711 1311186389.454633
0.214844 -0.771484 -0.248047 1311186389.519631
0.134766 -0.352539 -0.224609 1311186389.541650
0.082031 -0.150391 -0.160156 1311186389.565637
0.108398 0.021484 -0.095703 1311186389.607655
0.241211 -0.144531 -0.430664 1311186389.632656
0.557617 -0.409180 -0.674805 1311186389.665656
0.707031 0.286133 -1.949219 1311186389.708665
1.974609 -1.430664 1.987305 1311186389.745668
-1.972656 1.982422 -1.990234 1311186389.767653
-1.972656 1.981445 -1.181641 1311186389.792665
1.355469 -0.984375 -1.181641 1311186389.810626
0.589844 -0.043945 0.806641 1311186389.879639
0.547852 -0.099609 0.816406 1311186389.912669
0.543945 0.769531 1.068359 1311186389.920857
0.203125 -0.458008 1.534180 1311186389.962657
-0.212891 -0.990234 1.977539 1311186389.985635
1.970703 -1.983398 -1.938477 1311186390.006649
1.970703 -1.983398 -1.938477 1311186390.050650
1.991211 1.981445 0.583984 1311186390.079646
-1.018555 0.250977 1.268555 1311186390.134670
-0.331055 0.672852 0.359375 1311186390.145693
-0.853516 0.146484 -0.533203 1311186390.170657
0.146484 0.146484 -0.533203 1311186390.197664
0.396484 0.146484 -0.533203 1311186390.240670
0.125000 -0.568359 -0.309570 1311186390.284669
0.141602 -0.439453 -0.246094 1311186390.332680
0.067383 -0.263672 -0.216797 1311186390.333650
0.101562 -0.149414 -0.195312 1311186390.369687
0.035156 -0.102539 -0.148438 1311186390.412672
0.151367 -0.139648 -0.136719 1311186390.435641
0.515625 -0.189453 -0.446289 1311186390.481655
0.250977 0.440430 -0.985352 1311186390.502665
1.369141 -0.472656 0.033203 1311186390.549644
1.985352 1.236328 -1.973633 1311186390.550663
1.987305 1.945312 1.990234 1311186390.600675
1.975586 -1.142578 0.774414 1311186390.622673
-0.125000 -1.981445 0.616211 1311186390.666658
0.076172 0.467773 1.142578 1311186390.692657
0.383789 -0.332031 0.677734 1311186390.717679
0.200195 -0.662109 0.728516 1311186390.762659
0.097656 -0.424805 1.857422 1311186390.790658
-0.299805 -0.778320 1.980469 1311186390.832680
1.977539 -0.104492 -1.308594 1311186390.854669
-0.586914 -1.708008 -1.984375 1311186390.884722
1.989258 1.978516 0.137695 1311186390.926652
0.223633 0.239258 0.890625 1311186390.952674
-0.994141 0.331055 0.390625 1311186390.979651
-0.939453 0.267578 0.171875 1311186391.025715
-0.148438 0.552734 0.296875 1311186391.049677
0.041016 0.469727 0.049805 1311186391.091630
-0.272461 -0.083008 -0.193359 1311186391.135626
-0.037109 -0.083008 -0.193359 1311186391.142624
0.250977 -0.167969 0.185547 1311186391.190677
0.344727 -0.256836 0.141602 1311186391.211634
0.346680 -0.497070 -0.404297 1311186391.234724
0.657227 -0.182617 -0.549805 1311186391.277649
1.375977 -1.831055 -1.977539 1311186391.300647
1.872070 -0.285156 -1.711914 1311186391.343670
-1.981445 -0.070312 1.972656 1311186391.370671
1.989258 1.919922 1.989258 1311186391.396688
1.250000 1.666016 1.351562 1311186391.437677
-0.204102 -0.952148 1.322266 1311186391.460677
0.203125 -0.878906 0.711914 1311186391.505693
0.531250 -0.289062 0.690430 1311186391.530686
0.442383 0.200195 0.913086 1311186391.574681
0.400391 0.125000 1.591797 1311186391.636688
0.234375 -1.044922 1.983398 1311186391.661676
1.988281 1.980469 -1.412109 1311186391.662673
-1.989258 -1.982422 -1.990234 1311186391.682668
1.621094 0.267578 -0.059570 1311186391.725669
-0.359375 0.349609 -0.325195 1311186391.747700
-0.351562 0.114258 -0.209961 1311186391.791704
-0.232422 -0.068359 -0.114258 1311186391.815682
-0.294922 0.083984 0.010742 1311186391.864679
0.110352 0.034180 0.050781 1311186391.892696
-0.017578 -0.198242 -0.128906 1311186391.940696
0.017578 -0.156250 -0.147461 1311186391.962693
0.138672 0.043945 -0.050781 1311186391.989693
0.065430 0.068359 -0.111328 1311186392.011697
0.071289 -0.023438 -0.399414 1311186392.039696
0.099609 -0.094727 -0.706055 1311186392.082712
1.225586 -0.370117 -1.322266 1311186392.116694
1.973633 -1.982422 1.990234 1311186392.139686
-1.975586 1.647461 -1.989258 1311186392.186700
-1.984375 -1.963867 1.973633 1311186392.209697
-0.053711 0.108398 -0.114258 1311186392.231681
-0.383789 0.108398 -0.114258 1311186392.277687
0.550781 -0.060547 0.803711 1311186392.315695
0.731445 0.256836 0.666992 1311186392.337692
0.617188 -0.198242 0.648438 1311186392.380710
0.548828 -0.107422 0.639648 1311186392.404694
0.743164 -0.138672 0.304688 1311186392.431698
0.655273 -0.105469 0.318359 1311186392.454697
0.763672 -0.105469 0.318359 1311186392.497692
0.701172 0.004883 0.426758 1311186392.542698
0.736328 -0.029297 0.468750 1311186392.565703
0.731445 -0.041016 0.497070 1311186392.590701
0.671875 -0.062500 0.530273 1311186392.614720
0.679688 -0.210938 0.558594 1311186392.677712
0.678711 -0.027344 0.607422 1311186392.700706
0.711914 0.083008 0.617188 1311186392.724707
0.692383 -0.082031 0.440430 1311186392.749728
0.701172 -0.048828 0.425781 1311186392.792728
0.674805 -0.091797 0.451172 1311186392.815706
0.750977 -0.074219 0.574219 1311186392.862726
0.725586 -0.067383 0.517578 1311186392.942707
0.700195 -0.038086 0.458008 1311186392.944695
0.722656 -0.072266 0.535156 1311186392.960687
0.801758 -0.004883 0.547852 1311186392.982710
0.738281 0.245117 0.547852 1311186393.004704
0.802734 -0.031250 0.409180 1311186393.051713
0.801758 -0.044922 0.458008 1311186393.072703
0.788086 -0.061523 0.451172 1311186393.115698
0.794922 -0.050781 0.416016 1311186393.159710
0.768555 -0.181641 0.465820 1311186393.190712
0.806641 -0.431641 0.465820 1311186393.191699
0.783203 -0.097656 0.473633 1311186393.240715
