0.488281 0.267578 0.546875 1310077339.487997
0.532227 0.271484 0.529297 1310077339.504998
0.555664 0.233398 0.556641 1310077339.558994
0.522461 0.255859 0.541016 1310077339.608029
0.554688 0.249023 0.508789 1310077339.633993
0.554688 0.249023 0.508789 1310077339.634965
0.521484 0.276367 0.549805 1310077339.682012
0.536133 0.252930 0.559570 1310077339.703996
0.546875 0.261719 0.505859 1310077339.746997
0.544922 0.263672 0.552734 1310077339.768997
0.522461 0.247070 0.576172 1310077339.790004
0.522461 0.247070 0.576172 1310077339.833998
0.537109 0.285156 0.542969 1310077339.877985
0.518555 0.213867 0.568359 1310077339.904025
0.525391 0.279297 0.533203 1310077339.927009
0.525391 0.248047 0.550781 1310077339.972013
0.562500 0.284180 0.555664 1310077339.994023
0.511719 0.263672 0.546875 1310077340.074984
0.558594 0.264648 0.552734 1310077340.090007
0.527344 0.232422 0.530273 1310077340.109996
0.525391 0.287109 0.540039 1310077340.134006
0.551758 0.274414 0.550781 1310077340.164008
0.536133 0.224609 0.533203 1310077340.187007
0.529297 0.224609 0.533203 1310077340.208006
0.529297 0.224609 0.533203 1310077340.253015
0.528320 0.261719 0.574219 1310077340.293006
0.569336 0.265625 0.520508 1310077340.326989
0.514648 0.262695 0.528320 1310077340.403006
0.541992 0.280273 0.528320 1310077340.405000
0.522461 0.258789 0.548828 1310077340.447015
0.545898 0.258789 0.555664 1310077340.448003
0.541016 0.263672 0.550781 1310077340.468982
0.529297 0.261719 0.524414 1310077340.512017
0.540039 0.283203 0.541016 1310077340.543994
0.506836 0.277344 0.541016 1310077340.566026
0.557617 0.254883 0.540039 1310077340.609022
0.531250 0.281250 0.490234 1310077340.669023
0.504883 0.277344 0.549805 1310077340.694015
0.543945 0.264648 0.538086 1310077340.717016
0.528320 0.281250 0.534180 1310077340.728014
0.528320 0.281250 0.534180 1310077340.762019
0.557617 0.282227 0.541016 1310077340.809028
0.551758 0.275391 0.533203 1310077340.832021
0.534180 0.281250 0.503906 1310077340.917971
0.524414 0.271484 0.538086 1310077340.939983
0.553711 0.237305 0.564453 1310077340.959010
0.556641 0.294922 0.527344 1310077340.981979
0.529297 0.238281 0.533203 1310077340.982970
0.512695 0.228516 0.538086 1310077341.046994
0.550781 0.259766 0.554688 1310077341.081990
0.548828 0.255859 0.540039 1310077341.082972
0.546875 0.283203 0.543945 1310077341.109007
0.522461 0.240234 0.545898 1310077341.144998
0.534180 0.260742 0.542969 1310077341.195023
0.553711 0.251953 0.515625 1310077341.238002
0.510742 0.257812 0.544922 1310077341.259993
0.535156 0.266602 0.556641 1310077341.282992
0.534180 0.239258 0.556641 1310077341.306997
0.556641 0.235352 0.534180 1310077341.352983
0.578125 0.253906 0.533203 1310077341.374998
0.546875 0.262695 0.549805 1310077341.423018
0.555664 0.287109 0.523438 1310077341.482000
0.531250 0.254883 0.513672 1310077341.482980
0.554688 0.279297 0.532227 1310077341.513982
0.539062 0.279297 0.566406 1310077341.536988
0.533203 0.259766 0.551758 1310077341.618005
0.550781 0.261719 0.535156 1310077341.690003
0.517578 0.229492 0.553711 1310077341.749986
0.515625 0.273438 0.531250 1310077341.767999
0.515625 0.273438 0.531250 1310077341.772986
0.526367 0.264648 0.522461 1310077341.779990
0.527344 0.277344 0.549805 1310077341.784003
0.531250 0.253906 0.564453 1310077341.809996
0.538086 0.277344 0.528320 1310077341.857019
0.533203 0.265625 0.554688 1310077341.859006
0.538086 0.275391 0.554688 1310077341.882033
0.520508 0.268555 0.535156 1310077341.929040
0.525391 0.258789 0.554688 1310077341.974041
0.536133 0.277344 0.543945 1310077341.997037
0.562500 0.269531 0.522461 1310077342.020041
0.547852 0.277344 0.511719 1310077342.064045
0.562500 0.277344 0.526367 1310077342.085046
0.530273 0.263672 0.528320 1310077342.135040
0.551758 0.275391 0.532227 1310077342.209040
0.493164 0.285156 0.542969 1310077342.210015
0.532227 0.249023 0.539062 1310077342.213026
0.552734 0.249023 0.545898 1310077342.254049
0.527344 0.229492 0.530273 1310077342.280045
0.547852 0.272461 0.534180 1310077342.325040
0.529297 0.270508 0.549805 1310077342.364060
0.537109 0.259766 0.518555 1310077342.380057
0.545898 0.267578 0.573242 1310077342.428054
0.528320 0.268555 0.573242 1310077342.432049
0.540039 0.268555 0.573242 1310077342.474054
0.525391 0.260742 0.551758 1310077342.508048
0.542969 0.256836 0.491211 1310077342.542037
0.528320 0.269531 0.551758 1310077342.578026
0.530273 0.256836 0.538086 1310077342.600074
0.555664 0.243164 0.538086 1310077342.627060
0.534180 0.267578 0.567383 1310077342.672056
0.532227 0.291016 0.534180 1310077342.698067
0.528320 0.260742 0.557617 1310077342.747053
0.529297 0.289062 0.507812 1310077342.772058
0.533203 0.301758 0.552734 1310077342.795047
0.533203 0.301758 0.552734 1310077342.818024
0.494141 0.274414 0.527344 1310077342.872068
0.544922 0.270508 0.536133 1310077342.895075
0.535156 0.277344 0.552734 1310077342.935059
0.566406 0.256836 0.520508 1310077342.957059
0.534180 0.265625 0.539062 1310077343.002062
0.541992 0.238281 0.541992 1310077343.033062
0.538086 0.273438 0.554688 1310077343.063060
0.561523 0.275391 0.522461 1310077343.092077
0.546875 0.283203 0.538086 1310077343.125076
0.520508 0.281250 0.512695 1310077343.159061
0.529297 0.254883 0.520508 1310077343.182083
0.537109 0.252930 0.528320 1310077343.224065
0.554688 0.264648 0.538086 1310077343.267063
0.545898 0.262695 0.518555 1310077343.288063
0.559570 0.271484 0.574219 1310077343.313074
0.551758 0.262695 0.533203 1310077343.359073
0.541016 0.279297 0.533203 1310077343.373050
0.548828 0.293945 0.536133 1310077343.403069
0.548828 0.293945 0.536133 1310077343.492070
0.533203 0.270508 0.519531 1310077343.513072
0.532227 0.264648 0.529297 1310077343.525073
0.566406 0.273438 0.526367 1310077343.559064
0.526367 0.267578 0.534180 1310077343.564062
0.543945 0.271484 0.508789 1310077343.609048
0.490234 0.276367 0.565430 1310077343.654074
0.548828 0.275391 0.540039 1310077343.673075
0.553711 0.292969 0.527344 1310077343.699072
0.506836 0.248047 0.542969 1310077343.724097
0.506836 0.248047 0.542969 1310077343.762064
0.537109 0.248047 0.553711 1310077343.813087
0.553711 0.296875 0.507812 1310077343.834070
0.552734 0.267578 0.541992 1310077343.857090
0.521484 0.272461 0.530273 1310077343.900077
0.533203 0.262695 0.547852 1310077343.923052
0.562500 0.283203 0.547852 1310077343.946090
0.538086 0.271484 0.508789 1310077344.012088
0.562500 0.259766 0.583008 1310077344.035067
0.538086 0.278320 0.535156 1310077344.062069
0.547852 0.256836 0.549805 1310077344.092085
0.528320 0.253906 0.539062 1310077344.114088
0.542969 0.298828 0.534180 1310077344.162097
0.524414 0.261719 0.545898 1310077344.184103
0.548828 0.284180 0.538086 1310077344.214078
0.520508 0.293945 0.521484 1310077344.265093
0.510742 0.287109 0.532227 1310077344.288094
0.524414 0.250977 0.567383 1310077344.333110
0.532227 0.271484 0.543945 1310077344.347077
0.546875 0.264648 0.534180 1310077344.387090
0.513672 0.255859 0.538086 1310077344.415087
0.523438 0.267578 0.545898 1310077344.439088
0.517578 0.269531 0.532227 1310077344.468069
0.544922 0.272461 0.532227 1310077344.501102
0.532227 0.259766 0.533203 1310077344.549088
0.552734 0.264648 0.527344 1310077344.572093
0.561523 0.286133 0.542969 1310077344.617094
0.529297 0.279297 0.530273 1310077344.640102
0.543945 0.257812 0.523438 1310077344.664091
0.554688 0.269531 0.523438 1310077344.685092
0.557617 0.271484 0.536133 1310077344.758073
0.539062 0.248047 0.549805 1310077344.784093
0.552734 0.274414 0.528320 1310077344.830096
0.535156 0.289062 0.514648 1310077344.832089
0.553711 0.270508 0.533203 1310077344.864096
0.553711 0.270508 0.533203 1310077344.887089
0.546875 0.296875 0.515625 1310077344.930102
0.510742 0.283203 0.535156 1310077344.953078
0.554688 0.251953 0.536133 1310077344.996100
0.526367 0.263672 0.520508 1310077345.035107
0.536133 0.273438 0.523438 1310077345.044101
0.573242 0.268555 0.537109 1310077345.085100
0.545898 0.270508 0.566406 1310077345.131102
0.552734 0.270508 0.543945 1310077345.171103
0.506836 0.264648 0.526367 1310077345.176096
0.541992 0.273438 0.565430 1310077345.219103
0.541992 0.288086 0.518555 1310077345.242103
0.557617 0.275391 0.548828 1310077345.289099
0.550781 0.283203 0.527344 1310077345.314126
0.532227 0.298828 0.531250 1310077345.361105
0.541016 0.269531 0.534180 1310077345.384129
0.528320 0.258789 0.541992 1310077345.411102
0.523438 0.258789 0.569336 1310077345.433113
0.537109 0.293945 0.530273 1310077345.500126
0.527344 0.252930 0.528320 1310077345.521119
0.514648 0.261719 0.531250 1310077345.543113
0.560547 0.254883 0.537109 1310077345.588111
0.544922 0.260742 0.500000 1310077345.610089
0.535156 0.272461 0.502930 1310077345.635098
0.546875 0.272461 0.502930 1310077345.668087
0.553711 0.250000 0.541016 1310077345.730122
0.550781 0.284180 0.517578 1310077345.731110
0.540039 0.279297 0.536133 1310077345.756116
0.524414 0.282227 0.529297 1310077345.800114
0.524414 0.282227 0.529297 1310077345.823066
0.521484 0.279297 0.524414 1310077345.868098
0.598633 0.280273 0.523438 1310077345.900097
0.526367 0.261719 0.531250 1310077345.970119
0.538086 0.277344 0.560547 1310077345.974130
0.534180 0.281250 0.519531 1310077346.029114
0.524414 0.287109 0.519531 1310077346.068083
0.528320 0.259766 0.528320 1310077346.089075
0.566406 0.289062 0.530273 1310077346.090070
0.520508 0.295898 0.515625 1310077346.109139
0.538086 0.274414 0.538086 1310077346.155068
0.558594 0.284180 0.535156 1310077346.178067
0.537109 0.281250 0.527344 1310077346.228072
0.541016 0.270508 0.510742 1310077346.249093
0.526367 0.302734 0.540039 1310077346.271072
0.524414 0.275391 0.564453 1310077346.314072
0.548828 0.259766 0.528320 1310077346.336073
0.523438 0.266602 0.526367 1310077346.381135
0.548828 0.251953 0.526367 1310077346.423133
0.560547 0.281250 0.504883 1310077346.446114
0.523438 0.285156 0.496094 1310077346.469143
0.538086 0.291992 0.531250 1310077346.514135
0.523438 0.279297 0.536133 1310077346.538195
0.532227 0.273438 0.536133 1310077346.571101
0.568359 0.269531 0.500000 1310077346.615102
0.528320 0.271484 0.537109 1310077346.650107
0.539062 0.300781 0.545898 1310077346.694112
0.548828 0.265625 0.537109 1310077346.695078
0.534180 0.307617 0.484375 1310077346.739095
0.531250 0.274414 0.530273 1310077346.765133
0.485352 0.271484 0.515625 1310077346.808149
0.548828 0.284180 0.530273 1310077346.830149
0.526367 0.277344 0.567383 1310077346.854127
0.534180 0.299805 0.532227 1310077346.899145
0.556641 0.267578 0.551758 1310077346.925127
0.556641 0.267578 0.551758 1310077346.953135
0.545898 0.292969 0.502930 1310077346.996137
0.555664 0.292969 0.520508 1310077347.019140
