0.502930 -0.125000 0.677734 1309979721.122038
0.477539 -0.117188 0.665039 1309979721.165421
0.509766 -0.117188 0.680664 1309979721.209073
0.504883 -0.146484 0.663086 1309979721.234039
0.500000 -0.130859 0.666016 1309979721.255072
0.482422 -0.106445 0.665039 1309979721.299050
0.502930 -0.138672 0.665039 1309979721.322045
0.252930 -0.138672 0.665039 1309979721.345044
0.495117 -0.125977 0.678711 1309979721.388073
0.493164 -0.125000 0.627930 1309979721.411049
0.488281 -0.150391 0.686523 1309979721.453058
0.474609 -0.103516 0.686523 1309979721.489071
0.474609 -0.103516 0.686523 1309979721.556083
0.499023 -0.115234 0.664062 1309979721.576070
0.500977 -0.128906 0.686523 1309979721.578052
0.479492 -0.110352 0.670898 1309979721.620044
0.477539 -0.133789 0.679688 1309979721.641050
0.489258 -0.125977 0.686523 1309979721.685057
0.489258 -0.125977 0.686523 1309979721.708048
0.500977 -0.135742 0.678711 1309979721.751074
0.471680 -0.150391 0.668945 1309979721.774042
0.502930 -0.126953 0.664062 1309979721.810049
0.482422 -0.126953 0.680664 1309979721.833089
0.500977 -0.113281 0.642578 1309979721.856070
0.500000 -0.079102 0.642578 1309979721.900081
0.504883 -0.104492 0.632812 1309979721.944185
0.530273 -0.116211 0.660156 1309979721.966058
0.492188 -0.126953 0.661133 1309979722.010054
0.494141 -0.108398 0.664062 1309979722.033072
0.479492 -0.127930 0.676758 1309979722.075059
0.517578 -0.131836 0.658203 1309979722.099087
0.510742 -0.137695 0.669922 1309979722.145098
0.469727 -0.113281 0.663086 1309979722.167042
0.481445 -0.117188 0.658203 1309979722.188067
0.504883 -0.121094 0.688477 1309979722.236061
0.499023 -0.113281 0.665039 1309979722.253080
0.499023 -0.130859 0.666016 1309979722.278102
0.506836 -0.125000 0.664062 1309979722.326095
0.480469 -0.146484 0.633789 1309979722.363084
0.517578 -0.135742 0.654297 1309979722.384052
0.506836 -0.136719 0.650391 1309979722.428477
0.256836 -0.136719 0.650391 1309979722.450058
0.500000 -0.125977 0.663086 1309979722.489087
0.480469 -0.125000 0.654297 1309979722.511091
0.519531 -0.128906 0.677734 1309979722.554092
0.503906 -0.117188 0.657227 1309979722.576087
0.495117 -0.124023 0.662109 1309979722.619093
0.501953 -0.086914 0.664062 1309979722.641082
0.251953 -0.086914 0.664062 1309979722.664089
0.500000 -0.101562 0.672852 1309979722.729127
0.483398 -0.210938 0.670898 1309979722.751095
0.490234 -0.114258 0.653320 1309979722.823099
0.505859 -0.080078 0.667969 1309979722.824065
0.483398 -0.090820 0.656250 1309979722.844114
0.524414 -0.130859 0.682617 1309979722.886102
0.500977 -0.107422 0.655273 1309979722.909069
0.505859 -0.100586 0.618164 1309979722.931159
0.531250 -0.111328 0.659180 1309979722.974064
0.528320 -0.105469 0.654297 1309979722.998081
0.506836 -0.070312 0.693359 1309979723.034068
0.503906 -0.125000 0.691406 1309979723.058086
0.508789 -0.120117 0.681641 1309979723.105088
0.510742 -0.113281 0.666992 1309979723.127103
0.502930 -0.095703 0.649414 1309979723.174115
0.502930 -0.107422 0.649414 1309979723.176097
0.474609 -0.124023 0.673828 1309979723.230106
0.467773 -0.143555 0.670898 1309979723.252102
0.514648 -0.090820 0.647461 1309979723.296111
0.502930 -0.108398 0.668945 1309979723.319103
0.499023 -0.129883 0.653320 1309979723.343100
0.491211 -0.105469 0.650391 1309979723.395108
0.508789 -0.095703 0.646484 1309979723.429098
0.508789 -0.095703 0.646484 1309979723.451106
0.508789 -0.132812 0.664062 1309979723.475105
0.495117 -0.115234 0.664062 1309979723.529135
0.486328 -0.095703 0.660156 1309979723.539108
0.486328 -0.095703 0.660156 1309979723.579103
0.482422 -0.128906 0.660156 1309979723.604109
0.516602 -0.137695 0.660156 1309979723.654115
0.499023 -0.111328 0.647461 1309979723.675098
0.533203 -0.112305 0.635742 1309979723.697119
0.471680 -0.105469 0.673828 1309979723.740115
0.495117 -0.123047 0.669922 1309979723.786113
0.519531 -0.078125 0.632812 1309979723.809109
0.485352 -0.101562 0.674805 1309979723.831117
0.484375 -0.089844 0.666992 1309979723.885115
0.498047 -0.119141 0.666992 1309979723.907114
0.480469 -0.128906 0.649414 1309979723.931116
0.460938 -0.111328 0.679688 1309979723.971112
0.463867 -0.119141 0.656250 1309979723.995122
0.502930 -0.130859 0.673828 1309979724.040117
0.511719 -0.118164 0.650391 1309979724.094131
0.483398 -0.118164 0.662109 1309979724.119115
0.490234 -0.125977 0.668945 1309979724.120107
0.508789 -0.082031 0.637695 1309979724.161117
0.462891 -0.066406 0.662109 1309979724.205138
0.480469 -0.126953 0.649414 1309979724.227119
0.465820 -0.078125 0.659180 1309979724.250133
0.502930 -0.089844 0.663086 1309979724.294122
0.511719 -0.097656 0.660156 1309979724.317128
0.479492 -0.089844 0.669922 1309979724.339121
0.516602 -0.114258 0.669922 1309979724.384127
0.501953 -0.114258 0.659180 1309979724.426110
0.489258 -0.104492 0.655273 1309979724.449105
0.499023 -0.111328 0.666016 1309979724.471125
0.486328 -0.138672 0.666016 1309979724.499100
0.494141 -0.119141 0.655273 1309979724.549133
0.475586 -0.123047 0.649414 1309979724.591138
0.496094 -0.130859 0.684570 1309979724.614119
0.494141 -0.123047 0.654297 1309979724.636135
0.510742 -0.135742 0.658203 1309979724.680095
0.501953 -0.120117 0.652344 1309979724.702103
0.506836 -0.109375 0.668945 1309979724.746132
0.515625 -0.106445 0.677734 1309979724.769134
0.510742 -0.119141 0.675781 1309979724.812129
0.514648 -0.128906 0.647461 1309979724.829113
0.536133 -0.119141 0.638672 1309979724.872117
0.521484 -0.057617 0.658203 1309979724.915131
0.510742 -0.100586 0.657227 1309979724.936131
0.489258 -0.125977 0.656250 1309979724.980139
0.497070 -0.127930 0.707031 1309979725.002123
0.484375 -0.155273 0.661133 1309979725.046147
0.483398 -0.130859 0.680664 1309979725.048134
0.483398 -0.130859 0.680664 1309979725.091126
0.534180 -0.139648 0.652344 1309979725.120131
0.454102 -0.099609 0.652344 1309979725.166119
0.520508 -0.102539 0.636719 1309979725.187120
0.478516 -0.096680 0.668945 1309979725.233088
0.516602 -0.142578 0.668945 1309979725.254138
0.509766 -0.148438 0.658203 1309979725.297132
0.506836 -0.111328 0.629883 1309979725.320103
0.491211 -0.122070 0.662109 1309979725.397157
0.475586 -0.125000 0.675781 1309979725.399129
0.496094 -0.131836 0.664062 1309979725.411160
0.510742 -0.150391 0.643555 1309979725.434143
0.488281 -0.099609 0.672852 1309979725.477154
0.503906 -0.131836 0.672852 1309979725.500120
0.498047 -0.132812 0.658203 1309979725.545134
0.469727 -0.111328 0.668945 1309979725.569131
0.509766 -0.133789 0.626953 1309979725.611163
0.509766 -0.133789 0.626953 1309979725.634149
0.475586 -0.121094 0.663086 1309979725.680152
0.518555 -0.123047 0.670898 1309979725.702152
0.458008 -0.121094 0.683594 1309979725.744154
0.527344 -0.117188 0.640625 1309979725.768155
0.505859 -0.099609 0.652344 1309979725.805112
0.501953 -0.113281 0.635742 1309979725.829136
0.509766 -0.098633 0.640625 1309979725.860175
0.485352 -0.082031 0.668945 1309979725.900167
0.500977 -0.083984 0.702148 1309979725.944148
0.512695 -0.101562 0.648438 1309979725.966154
0.514648 -0.097656 0.640625 1309979725.988153
0.475586 -0.128906 0.682617 1309979726.034160
0.505859 -0.136719 0.685547 1309979726.055171
0.511719 -0.128906 0.666016 1309979726.097151
0.500977 -0.140625 0.667969 1309979726.140156
0.502930 -0.127930 0.640625 1309979726.164156
0.497070 -0.117188 0.653320 1309979726.185156
0.498047 -0.113281 0.635742 1309979726.227169
0.481445 -0.117188 0.649414 1309979726.249160
0.474609 -0.100586 0.674805 1309979726.292141
0.503906 -0.121094 0.663086 1309979726.314161
0.485352 -0.112305 0.660156 1309979726.357131
0.500000 -0.121094 0.658203 1309979726.380144
0.519531 -0.143555 0.651367 1309979726.403146
0.527344 -0.109375 0.636719 1309979726.451152
0.511719 -0.107422 0.648438 1309979726.495174
0.520508 -0.133789 0.678711 1309979726.519184
0.496094 -0.123047 0.670898 1309979726.535143
0.496094 -0.123047 0.670898 1309979726.577147
0.465820 -0.135742 0.665039 1309979726.610145
0.504883 -0.137695 0.661133 1309979726.685144
0.494141 -0.106445 0.687500 1309979726.699156
0.522461 -0.109375 0.681641 1309979726.700131
0.506836 -0.147461 0.684570 1309979726.744166
0.491211 -0.119141 0.678711 1309979726.766169
0.521484 -0.119141 0.678711 1309979726.789187
0.521484 -0.119141 0.678711 1309979726.832161
0.480469 -0.089844 0.680664 1309979726.877170
0.512695 -0.132812 0.669922 1309979726.900171
0.492188 -0.111328 0.679688 1309979726.922642
0.485352 -0.111328 0.681641 1309979726.972168
0.458984 -0.121094 0.663086 1309979727.015136
0.477539 -0.117188 0.654297 1309979727.037361
0.507812 -0.128906 0.663086 1309979727.059170
0.507812 -0.119141 0.654297 1309979727.081178
0.499023 -0.118164 0.670898 1309979727.125187
0.492188 -0.117188 0.676758 1309979727.171195
0.507812 -0.128906 0.643555 1309979727.192168
0.482422 -0.121094 0.643555 1309979727.214167
0.490234 -0.134766 0.641602 1309979727.256197
0.532227 -0.125977 0.665039 1309979727.279175
0.486328 -0.123047 0.668945 1309979727.303188
0.500000 -0.124023 0.659180 1309979727.349196
0.502930 -0.123047 0.642578 1309979727.394154
0.486328 -0.089844 0.663086 1309979727.416175
0.526367 -0.177734 0.666992 1309979727.462171
0.502930 -0.142578 0.661133 1309979727.484186
0.481445 -0.065430 0.662109 1309979727.507207
0.510742 -0.065430 0.662109 1309979727.534180
0.500977 -0.118164 0.662109 1309979727.576195
0.516602 -0.120117 0.628906 1309979727.619186
0.509766 -0.116211 0.673828 1309979727.640176
0.517578 -0.119141 0.645508 1309979727.664188
0.267578 -0.119141 0.645508 1309979727.694193
0.487305 -0.116211 0.646484 1309979727.737185
0.491211 -0.148438 0.683594 1309979727.781189
0.486328 -0.150391 0.680664 1309979727.805190
0.495117 -0.130859 0.684570 1309979727.829184
0.493164 -0.130859 0.661133 1309979727.856188
0.505859 -0.110352 0.661133 1309979727.900193
0.515625 -0.106445 0.678711 1309979727.974197
0.448242 -0.113281 0.661133 1309979727.975190
0.497070 -0.141602 0.676758 1309979728.007188
0.514648 -0.148438 0.668945 1309979728.030196
0.499023 -0.120117 0.650391 1309979728.053200
0.490234 -0.125977 0.675781 1309979728.095194
0.507812 -0.111328 0.658203 1309979728.117195
0.491211 -0.092773 0.664062 1309979728.161196
0.525391 -0.116211 0.644531 1309979728.204198
0.510742 -0.095703 0.656250 1309979728.214204
0.502930 -0.095703 0.648438 1309979728.257177
0.481445 -0.113281 0.674805 1309979728.279205
0.490234 -0.126953 0.680664 1309979728.322196
0.500000 -0.132812 0.652344 1309979728.346206
0.504883 -0.117188 0.652344 1309979728.375204
0.502930 -0.108398 0.632812 1309979728.419196
0.497070 -0.132812 0.632812 1309979728.442205
0.476562 -0.089844 0.656250 1309979728.474208
0.481445 -0.098633 0.644531 1309979728.516205
0.526367 -0.112305 0.658203 1309979728.539202
0.502930 -0.116211 0.657227 1309979728.582204
0.499023 -0.119141 0.657227 1309979728.604207
0.517578 -0.132812 0.657227 1309979728.627206
0.519531 -0.144531 0.641602 1309979728.670209
0.496094 -0.117188 0.674805 1309979728.714209
0.500000 -0.139648 0.655273 1309979728.735207
0.494141 -0.118164 0.672852 1309979728.779190
0.510742 -0.130859 0.695312 1309979728.800214
0.487305 -0.109375 0.668945 1309979728.824197
0.501953 -0.156250 0.666016 1309979728.875212
0.508789 -0.120117 0.646484 1309979728.896221
0.486328 -0.123047 0.650391 1309979728.921208
0.512695 -0.134766 0.657227 1309979728.954211
0.526367 -0.109375 0.642578 1309979728.996222
0.504883 -0.097656 0.642578 1309979729.041221
0.483398 -0.121094 0.692383 1309979729.064227
0.485352 -0.118164 0.681641 1309979729.106216
0.516602 -0.108398 0.663086 1309979729.130216
0.501953 -0.089844 0.631836 1309979729.161211
0.467773 -0.110352 0.686523 1309979729.187213
0.483398 -0.101562 0.651367 1309979729.262197
0.528320 -0.107422 0.654297 1309979729.264195
0.491211 -0.107422 0.639648 1309979729.282217
0.498047 -0.119141 0.673828 1309979729.325225
0.491211 -0.095703 0.670898 1309979729.346213
0.483398 -0.102539 0.663086 1309979729.369221
0.472656 -0.076172 0.631836 1309979729.414241
0.443359 -0.113281 0.629883 1309979729.440199
0.493164 -0.110352 0.696289 1309979729.484221
0.489258 -0.103516 0.665039 1309979729.509239
0.506836 -0.091797 0.666992 1309979729.535225
0.477539 -0.091797 0.666992 1309979729.569221
0.508789 -0.118164 0.674805 1309979729.612229
0.497070 -0.098633 0.684570 1309979729.635248
0.500000 -0.122070 0.632812 1309979729.680227
0.516602 -0.095703 0.682617 1309979729.702228
0.481445 -0.115234 0.656250 1309979729.726227
0.481445 -0.115234 0.656250 1309979729.755223
0.500977 -0.111328 0.657227 1309979729.800227
