0.503906 0.093750 0.604492 1311114495.656173
0.506836 0.093750 0.604492 1311114495.677191
0.510742 -0.019531 0.651367 1311114495.721135
0.511719 0.094727 0.665039 1311114495.744177
0.498047 0.098633 0.602539 1311114495.786176
0.461914 0.050781 0.654297 1311114495.807167
0.470703 0.102539 0.641602 1311114495.884185
0.517578 0.077148 0.621094 1311114495.885175
0.478516 0.119141 0.617188 1311114495.907163
0.512695 0.094727 0.625000 1311114495.950127
0.508789 0.089844 0.634766 1311114495.970140
0.527344 0.021484 0.644531 1311114496.014112
0.508789 0.046875 0.639648 1311114496.035180
0.501953 0.082031 0.621094 1311114496.079182
0.508789 0.082031 0.621094 1311114496.100144
0.493164 0.055664 0.629883 1311114496.126181
0.503906 -0.014648 0.626953 1311114496.172177
0.508789 -0.004883 0.669922 1311114496.197249
0.503906 -0.042969 0.673828 1311114496.219161
0.458984 -0.078125 0.699219 1311114496.266184
0.464844 -0.079102 0.668945 1311114496.290154
0.474609 -0.080078 0.701172 1311114496.332180
0.607422 0.099609 0.721680 1311114496.354177
0.595703 -0.006836 0.699219 1311114496.398128
1.053711 1.979492 0.628906 1311114496.419186
0.752930 -0.582031 0.386719 1311114496.461179
0.038086 -0.768555 0.422852 1311114496.484130
0.125000 -0.326172 0.412109 1311114496.525165
1.974609 -1.984375 -0.169922 1311114496.547183
0.859375 -0.310547 0.741211 1311114496.592183
0.634766 -0.072266 0.741211 1311114496.618198
0.464844 -0.131836 0.701172 1311114496.657187
0.475586 -0.141602 0.639648 1311114496.679202
0.500000 -0.105469 0.635742 1311114496.720196
0.470703 -0.113281 0.618164 1311114496.742196
0.575195 -0.037109 0.675781 1311114496.765204
0.325195 -0.037109 0.675781 1311114496.812153
0.476562 -0.114258 0.647461 1311114496.845193
0.431641 -0.066406 0.683594 1311114496.887198
0.436523 -0.155273 0.657227 1311114496.909191
0.514648 -0.122070 0.658203 1311114496.931132
0.464844 -0.100586 0.664062 1311114496.975201
0.495117 -0.100586 0.664062 1311114496.997189
0.470703 -0.092773 0.647461 1311114497.041202
0.458008 -0.118164 0.692383 1311114497.065207
0.495117 -0.076172 0.673828 1311114497.109130
0.497070 -0.078125 0.669922 1311114497.175204
0.526367 -0.148438 0.666992 1311114497.176196
0.476562 -0.121094 0.666016 1311114497.197190
0.481445 -0.052734 0.664062 1311114497.219204
0.480469 -0.053711 0.668945 1311114497.260203
0.484375 -0.056641 0.672852 1311114497.284205
0.464844 -0.040039 0.659180 1311114497.331206
0.505859 -0.036133 0.669922 1311114497.354155
0.505859 -0.036133 0.669922 1311114497.379208
0.466797 -0.044922 0.672852 1311114497.422205
0.476562 -0.032227 0.658203 1311114497.445207
0.500977 -0.057617 0.639648 1311114497.491198
0.486328 -0.060547 0.652344 1311114497.524213
0.511719 -0.043945 0.660156 1311114497.545217
0.501953 -0.052734 0.680664 1311114497.591215
0.525391 -0.007812 0.639648 1311114497.612197
0.561523 -0.020508 0.628906 1311114497.657171
0.483398 -0.041016 0.624023 1311114497.680216
0.530273 -0.025391 0.677734 1311114497.701217
0.484375 -0.025391 0.677734 1311114497.744225
0.509766 -0.041016 0.663086 1311114497.779230
0.519531 0.009766 0.660156 1311114497.802203
0.520508 -0.029297 0.682617 1311114497.846225
0.480469 -0.045898 0.627930 1311114497.870223
0.514648 -0.022461 0.630859 1311114497.894187
0.492188 -0.022461 0.630859 1311114497.936223
0.487305 -0.009766 0.604492 1311114497.981222
0.483398 -0.013672 0.689453 1311114498.004212
0.495117 0.005859 0.658203 1311114498.026221
0.528320 -0.014648 0.631836 1311114498.070218
0.495117 -0.016602 0.655273 1311114498.092226
0.500977 0.013672 0.649414 1311114498.139212
0.510742 -0.025391 0.630859 1311114498.164193
