0.433594 0.315430 0.548828 1311031067.809388
0.439453 0.300781 0.533203 1311031067.840388
0.453125 0.287109 0.582031 1311031067.855410
0.426758 0.293945 0.574219 1311031067.899408
0.421875 0.302734 0.585938 1311031067.922415
0.446289 0.302734 0.585938 1311031067.966404
0.446289 0.302734 0.585938 1311031067.988392
0.454102 0.269531 0.577148 1311031068.018399
0.404297 0.314453 0.583984 1311031068.063397
0.410156 0.276367 0.565430 1311031068.084388
0.430664 0.312500 0.557617 1311031068.129403
0.430664 0.312500 0.557617 1311031068.150826
0.441406 0.337891 0.567383 1311031068.195397
0.432617 0.326172 0.572266 1311031068.219429
0.420898 0.302734 0.558594 1311031068.263438
0.429688 0.314453 0.564453 1311031068.273407
0.429688 0.277344 0.570312 1311031068.322436
0.442383 0.301758 0.597656 1311031068.357444
0.459961 0.311523 0.583008 1311031068.379419
0.429688 0.307617 0.573242 1311031068.423408
0.432617 0.312500 0.574219 1311031068.445423
0.474609 0.292969 0.561523 1311031068.468420
0.439453 0.287109 0.587891 1311031068.510424
0.390625 0.317383 0.589844 1311031068.530405
0.420898 0.311523 0.594727 1311031068.577405
0.415039 0.314453 0.577148 1311031068.599439
0.408203 0.294922 0.582031 1311031068.647407
0.451172 0.325195 0.571289 1311031068.712437
0.428711 0.302734 0.574219 1311031068.713417
0.431641 0.335938 0.571289 1311031068.748407
0.413086 0.296875 0.588867 1311031068.770417
0.428711 0.308594 0.593750 1311031068.794427
0.436523 0.316406 0.582031 1311031068.839462
0.395508 0.316406 0.584961 1311031068.863441
0.440430 0.316406 0.584961 1311031068.887433
0.431641 0.291016 0.552734 1311031068.943431
0.456055 0.289062 0.535156 1311031068.965438
0.439453 0.311523 0.566406 1311031068.988417
0.431641 0.294922 0.578125 1311031069.031416
0.450195 0.311523 0.583008 1311031069.053468
0.429688 0.306641 0.587891 1311031069.088446
0.428711 0.320312 0.584961 1311031069.124442
0.419922 0.291992 0.583008 1311031069.165412
0.432617 0.330078 0.587891 1311031069.225448
0.458008 0.318359 0.541016 1311031069.228442
0.420898 0.298828 0.573242 1311031069.247422
0.416016 0.301758 0.536133 1311031069.290416
0.405273 0.317383 0.585938 1311031069.329423
0.411133 0.303711 0.581055 1311031069.350453
0.418945 0.310547 0.531250 1311031069.396428
0.414062 0.312500 0.567383 1311031069.399416
0.425781 0.317383 0.587891 1311031069.439418
0.448242 0.290039 0.587891 1311031069.462442
0.442383 0.287109 0.581055 1311031069.505421
0.406250 0.311523 0.602539 1311031069.574438
0.440430 0.260742 0.594727 1311031069.594439
0.436523 0.291992 0.605469 1311031069.615433
0.444336 0.238281 0.579102 1311031069.637492
0.416992 0.286133 0.612305 1311031069.663734
0.433594 0.300781 0.591797 1311031069.708427
0.453125 0.280273 0.593750 1311031069.735456
0.452148 0.293945 0.571289 1311031069.759459
0.444336 0.281250 0.588867 1311031069.804469
0.476562 0.307617 0.585938 1311031069.813425
0.428711 0.325195 0.591797 1311031069.856440
0.437500 0.286133 0.597656 1311031069.904433
0.430664 0.283203 0.570312 1311031070.040429
0.421875 0.267578 0.595703 1311031070.061421
0.442383 0.257812 0.579102 1311031070.064461
0.425781 0.297852 0.597656 1311031070.081444
0.426758 0.316406 0.597656 1311031070.083431
0.426758 0.316406 0.597656 1311031070.103459
0.424805 0.274414 0.611328 1311031070.133470
0.387695 0.297852 0.619141 1311031070.189438
0.431641 0.283203 0.614258 1311031070.210459
0.432617 0.283203 0.614258 1311031070.212456
0.407227 0.300781 0.608398 1311031070.258439
0.437500 0.293945 0.589844 1311031070.283785
0.421875 0.306641 0.562500 1311031070.326461
0.420898 0.309570 0.575195 1311031070.346465
0.450195 0.302734 0.567383 1311031070.411461
0.454102 0.304688 0.570312 1311031070.431434
0.410156 0.304688 0.612305 1311031070.453463
0.441406 0.303711 0.573242 1311031070.474947
0.435547 0.303711 0.581055 1311031070.498440
0.439453 0.320312 0.549805 1311031070.545465
0.449219 0.295898 0.580078 1311031070.566440
0.449219 0.295898 0.580078 1311031070.589480
0.405273 0.298828 0.589844 1311031070.639451
0.451172 0.301758 0.577148 1311031070.663490
0.427734 0.311523 0.551758 1311031070.709447
0.438477 0.310547 0.577148 1311031070.731479
0.408203 0.324219 0.583008 1311031070.755454
0.430664 0.277344 0.558594 1311031070.800450
0.398438 0.322266 0.570312 1311031070.830474
0.427734 0.282227 0.563477 1311031070.865468
0.424805 0.288086 0.584961 1311031070.889464
0.421875 0.311523 0.594727 1311031070.913483
0.432617 0.302734 0.594727 1311031070.941480
0.429688 0.312500 0.559570 1311031071.006486
0.445312 0.287109 0.587891 1311031071.039456
0.415039 0.299805 0.557617 1311031071.071462
0.442383 0.312500 0.557617 1311031071.144454
0.417969 0.298828 0.572266 1311031071.184476
0.435547 0.291016 0.571289 1311031071.190466
0.429688 0.320312 0.583984 1311031071.206447
0.410156 0.300781 0.560547 1311031071.228485
0.431641 0.326172 0.567383 1311031071.294452
0.437500 0.312500 0.584961 1311031071.295450
0.424805 0.272461 0.576172 1311031071.316613
0.430664 0.302734 0.577148 1311031071.356562
0.400391 0.307617 0.587891 1311031071.380483
0.427734 0.315430 0.565430 1311031071.425484
0.455078 0.285156 0.578125 1311031071.451496
0.430664 0.271484 0.592773 1311031071.474465
0.434570 0.289062 0.562500 1311031071.499480
0.434570 0.300781 0.585938 1311031071.544487
0.416016 0.273438 0.587891 1311031071.584486
0.431641 0.319336 0.599609 1311031071.606476
0.423828 0.281250 0.569336 1311031071.651482
0.436523 0.308594 0.561523 1311031071.655470
0.436523 0.283203 0.576172 1311031071.687465
0.422852 0.296875 0.577148 1311031071.729470
0.441406 0.328125 0.531250 1311031071.793478
0.410156 0.285156 0.571289 1311031071.805461
0.434570 0.273438 0.583984 1311031071.821490
0.406250 0.311523 0.581055 1311031071.869472
0.436523 0.311523 0.581055 1311031071.891498
0.405273 0.302734 0.582031 1311031071.926466
0.414062 0.320312 0.583008 1311031071.951483
0.416992 0.277344 0.584961 1311031071.986477
0.402344 0.308594 0.580078 1311031072.009511
0.444336 0.282227 0.534180 1311031072.071477
0.471680 0.282227 0.534180 1311031072.084479
0.409180 0.282227 0.534180 1311031072.113499
0.438477 0.295898 0.569336 1311031072.159475
0.443359 0.311523 0.570312 1311031072.183503
0.426758 0.291016 0.583008 1311031072.208501
0.420898 0.304688 0.585938 1311031072.255505
0.420898 0.304688 0.585938 1311031072.276474
0.441406 0.290039 0.566406 1311031072.329483
0.426758 0.311523 0.584961 1311031072.353510
0.418945 0.300781 0.603516 1311031072.378504
0.423828 0.308594 0.588867 1311031072.399496
0.435547 0.312500 0.561523 1311031072.428479
0.446289 0.299805 0.600586 1311031072.485511
0.430664 0.329102 0.563477 1311031072.494498
0.410156 0.298828 0.583008 1311031072.579521
0.428711 0.281250 0.583984 1311031072.580496
0.431641 0.318359 0.576172 1311031072.594512
0.435547 0.285156 0.592773 1311031072.619514
0.427734 0.297852 0.630859 1311031072.660531
0.411133 0.295898 0.594727 1311031072.705693
0.424805 0.330078 0.564453 1311031072.740475
0.446289 0.297852 0.575195 1311031072.761505
0.424805 0.314453 0.571289 1311031072.805485
0.442383 0.275391 0.595703 1311031072.826506
0.439453 0.275391 0.595703 1311031072.851484
0.431641 0.317383 0.578125 1311031072.901501
0.450195 0.310547 0.541016 1311031072.924592
0.461914 0.312500 0.555664 1311031072.946501
0.454102 0.276367 0.565430 1311031072.978511
0.451172 0.293945 0.565430 1311031073.022500
0.429688 0.314453 0.583008 1311031073.064494
0.381836 0.316406 0.550781 1311031073.086516
0.424805 0.291992 0.579102 1311031073.115819
0.409180 0.299805 0.583008 1311031073.154522
0.406250 0.311523 0.587891 1311031073.179491
0.425781 0.294922 0.592773 1311031073.223550
0.425781 0.294922 0.592773 1311031073.245510
0.437500 0.288086 0.578125 1311031073.280501
0.409180 0.309570 0.581055 1311031073.301515
0.429688 0.304688 0.568359 1311031073.350497
0.428711 0.311523 0.561523 1311031073.369532
0.420898 0.304688 0.581055 1311031073.416500
0.446289 0.299805 0.596680 1311031073.460499
0.437500 0.277344 0.587891 1311031073.476525
0.413086 0.302734 0.598633 1311031073.498500
0.428711 0.308594 0.580078 1311031073.543502
0.423828 0.291016 0.581055 1311031073.568500
0.434570 0.292969 0.562500 1311031073.591533
0.433594 0.264648 0.588867 1311031073.644503
0.403320 0.295898 0.579102 1311031073.666536
0.450195 0.313477 0.570312 1311031073.689508
0.440430 0.275391 0.574219 1311031073.720508
0.398438 0.308594 0.575195 1311031073.757504
0.446289 0.279297 0.556641 1311031073.801504
0.432617 0.289062 0.571289 1311031073.853527
0.439453 0.327148 0.567383 1311031073.880531
0.456055 0.303711 0.554688 1311031073.881525
0.444336 0.316406 0.551758 1311031073.935505
0.426758 0.296875 0.593750 1311031073.951503
0.426758 0.296875 0.593750 1311031073.974503
0.416992 0.306641 0.588867 1311031074.019507
0.430664 0.312500 0.562500 1311031074.053542
0.398438 0.296875 0.584961 1311031074.100513
0.436523 0.291016 0.578125 1311031074.114524
0.436523 0.291016 0.578125 1311031074.136551
0.442383 0.268555 0.579102 1311031074.180519
0.415039 0.299805 0.583984 1311031074.209537
0.438477 0.311523 0.548828 1311031074.253845
0.396484 0.305664 0.596680 1311031074.279520
0.405273 0.331055 0.569336 1311031074.344547
0.451172 0.261719 0.565430 1311031074.346534
0.417969 0.296875 0.583984 1311031074.369531
0.413086 0.312500 0.565430 1311031074.411543
0.416016 0.293945 0.576172 1311031074.458520
0.424805 0.320312 0.564453 1311031074.479549
0.435547 0.298828 0.577148 1311031074.518543
0.424805 0.285156 0.549805 1311031074.544512
0.399414 0.300781 0.597656 1311031074.568527
0.436523 0.294922 0.567383 1311031074.593564
0.368164 0.298828 0.605469 1311031074.635567
0.393555 0.272461 0.578125 1311031074.659563
0.421875 0.347656 0.577148 1311031074.693545
0.421875 0.347656 0.577148 1311031074.711524
0.421875 0.347656 0.577148 1311031074.755527
0.425781 0.295898 0.608398 1311031074.834546
0.412109 0.277344 0.597656 1311031074.835546
0.458984 0.306641 0.572266 1311031074.866528
0.442383 0.305664 0.572266 1311031074.891540
0.428711 0.300781 0.562500 1311031074.935533
0.401367 0.279297 0.581055 1311031074.958552
0.425781 0.326172 0.567383 1311031075.008534
0.449219 0.297852 0.601562 1311031075.014560
0.458008 0.272461 0.557617 1311031075.044528
0.427734 0.293945 0.557617 1311031075.067586
0.401367 0.273438 0.613281 1311031075.184556
0.442383 0.304688 0.560547 1311031075.204531
0.411133 0.289062 0.569336 1311031075.205525
0.449219 0.294922 0.561523 1311031075.226540
0.463867 0.299805 0.586914 1311031075.249561
0.496094 0.287109 0.577148 1311031075.311538
0.496094 0.287109 0.577148 1311031075.313529
0.425781 0.312500 0.572266 1311031075.351564
0.478516 0.306641 0.575195 1311031075.374551
0.407227 0.281250 0.583984 1311031075.396560
0.443359 0.291992 0.582031 1311031075.441561
0.447266 0.298828 0.599609 1311031075.465533
0.428711 0.281250 0.595703 1311031075.498541
0.416992 0.257812 0.606445 1311031075.545587
0.412109 0.308594 0.605469 1311031075.568539
0.434570 0.310547 0.598633 1311031075.610537
0.429688 0.291992 0.570312 1311031075.650600
0.451172 0.293945 0.553711 1311031075.690576
0.347656 0.296875 0.579102 1311031075.714552
0.427734 0.312500 0.583008 1311031075.733691
0.412109 0.312500 0.577148 1311031075.759950
0.417969 0.294922 0.586914 1311031075.780548
0.436523 0.295898 0.580078 1311031075.824547
0.440430 0.313477 0.564453 1311031075.875571
0.415039 0.302734 0.614258 1311031075.900556
