0.657227 0.102539 0.555664 1310684947.909031
0.640625 0.078125 0.528320 1310684947.917022
0.650391 0.091797 0.553711 1310684947.931027
0.657227 0.095703 0.563477 1310684947.956026
0.618164 0.049805 0.573242 1310684947.979033
0.627930 0.083984 0.547852 1310684948.021998
0.606445 0.083984 0.547852 1310684948.045028
0.604492 0.073242 0.556641 1310684948.087030
0.641602 0.074219 0.541992 1310684948.110027
0.634766 0.068359 0.545898 1310684948.154029
0.626953 0.047852 0.505859 1310684948.180029
0.612305 0.053711 0.587891 1310684948.201033
0.575195 0.046875 0.587891 1310684948.248035
0.629883 0.096680 0.581055 1310684948.295040
0.624023 0.060547 0.590820 1310684948.319033
0.677734 -0.097656 0.581055 1310684948.352033
1.077148 0.009766 0.399414 1310684948.375032
1.111328 0.104492 0.192383 1310684948.397032
1.030273 -0.102539 0.224609 1310684948.437032
0.973633 -0.144531 0.346680 1310684948.465033
0.820312 -0.141602 0.457031 1310684948.509037
0.648438 -0.058594 0.529297 1310684948.530042
0.500977 -0.054688 0.515625 1310684948.572041
0.542969 -0.019531 0.560547 1310684948.600038
0.393555 0.097656 0.545898 1310684948.635036
0.310547 0.099609 0.893555 1310684948.656031
-0.041992 0.169922 0.920898 1310684948.704038
1.150391 0.222656 0.326172 1310684948.726042
0.613281 -0.031250 0.583984 1310684948.769043
0.605469 -0.066406 0.625000 1310684948.791042
0.549805 -0.049805 0.666016 1310684948.817055
0.589844 0.037109 0.618164 1310684948.860041
0.609375 0.005859 0.560547 1310684948.885040
0.612305 0.096680 0.572266 1310684948.929043
0.596680 0.018555 0.554688 1310684948.951048
0.590820 0.109375 0.554688 1310684948.975052
0.571289 0.091797 0.575195 1310684949.020039
0.607422 0.062500 0.597656 1310684949.057044
0.590820 0.107422 0.562500 1310684949.081048
0.592773 0.016602 0.570312 1310684949.104051
0.622070 0.083984 0.578125 1310684949.155046
0.608398 0.072266 0.540039 1310684949.182045
0.590820 0.045898 0.581055 1310684949.206070
0.623047 0.068359 0.567383 1310684949.251055
0.583008 0.050781 0.595703 1310684949.281047
0.603516 0.020508 0.573242 1310684949.302048
0.599609 0.077148 0.574219 1310684949.342049
0.608398 0.037109 0.601562 1310684949.390055
0.600586 0.084961 0.556641 1310684949.412059
0.586914 0.068359 0.549805 1310684949.442055
0.600586 0.124023 0.584961 1310684949.464057
0.536133 0.092773 0.567383 1310684949.510058
0.591797 0.094727 0.592773 1310684949.534053
0.604492 -0.022461 0.597656 1310684949.582056
0.586914 0.025391 0.586914 1310684949.605052
0.537109 0.007812 0.612305 1310684949.627054
0.583008 0.046875 0.594727 1310684949.671057
0.589844 0.019531 0.628906 1310684949.696059
0.573242 -0.027344 0.628906 1310684949.725062
0.571289 0.029297 0.600586 1310684949.754062
0.583984 0.083008 0.592773 1310684949.797065
0.565430 -0.012695 0.610352 1310684949.841059
0.600586 0.114258 0.552734 1310684949.864060
0.560547 0.022461 0.592773 1310684949.894053
0.578125 0.061523 0.583008 1310684949.915060
0.585938 -0.017578 0.602539 1310684949.960069
0.618164 0.052734 0.524414 1310684949.982058
0.582031 0.072266 0.588867 1310684950.025067
0.592773 0.113281 0.574219 1310684950.049065
0.595703 0.068359 0.594727 1310684950.072065
0.595703 0.068359 0.594727 1310684950.117072
0.620117 -0.025391 0.572266 1310684950.157069
0.582031 0.118164 0.557617 1310684950.180072
0.572266 0.079102 0.575195 1310684950.222065
0.571289 0.062500 0.585938 1310684950.244071
0.597656 0.077148 0.591797 1310684950.266068
0.627930 0.056641 0.591797 1310684950.310080
0.580078 0.097656 0.571289 1310684950.334075
0.612305 0.085938 0.556641 1310684950.382071
0.598633 0.075195 0.548828 1310684950.457078
0.583008 0.092773 0.571289 1310684950.459069
0.620117 0.064453 0.555664 1310684950.479072
0.616211 0.089844 0.565430 1310684950.494075
0.625000 0.065430 0.577148 1310684950.537092
0.616211 0.069336 0.601562 1310684950.559159
0.623047 0.054688 0.565430 1310684950.604071
0.572266 0.056641 0.581055 1310684950.626073
0.628906 0.041016 0.539062 1310684950.647078
0.605469 0.118164 0.573242 1310684950.691075
0.617188 0.070312 0.573242 1310684950.714078
0.639648 0.070312 0.573242 1310684950.757066
0.643555 0.086914 0.545898 1310684950.786079
0.647461 0.079102 0.537109 1310684950.829079
0.608398 0.072266 0.545898 1310684950.852087
0.634766 0.093750 0.539062 1310684950.875079
0.619141 0.084961 0.539062 1310684950.919079
0.637695 0.103516 0.567383 1310684950.957095
0.653320 0.092773 0.551758 1310684951.001083
0.656250 0.076172 0.522461 1310684951.024090
0.634766 0.076172 0.522461 1310684951.046081
0.632812 0.105469 0.541992 1310684951.090084
0.548828 0.142578 0.616211 1310684951.111084
0.429688 0.193359 0.640625 1310684951.155074
0.407227 0.199219 0.614258 1310684951.179111
0.487305 0.136719 0.674805 1310684951.224090
0.487305 0.136719 0.674805 1310684951.232090
0.698242 0.020508 0.465820 1310684951.277097
0.741211 0.126953 0.531250 1310684951.321091
0.602539 0.054688 0.496094 1310684951.344091
0.790039 0.139648 0.517578 1310684951.376099
0.664062 0.063477 0.451172 1310684951.403101
0.807617 0.084961 0.537109 1310684951.449097
0.628906 0.017578 0.441406 1310684951.464101
0.610352 0.064453 0.483398 1310684951.507095
0.551758 0.078125 0.444336 1310684951.530096
0.811523 0.320312 0.612305 1310684951.554095
0.422852 0.122070 0.364258 1310684951.595094
0.640625 0.039062 0.545898 1310684951.618095
0.646484 0.104492 0.532227 1310684951.662075
0.645508 0.105469 0.545898 1310684951.697104
0.640625 0.064453 0.537109 1310684951.764110
0.655273 0.097656 0.556641 1310684951.765098
0.641602 0.109375 0.556641 1310684951.787111
0.641602 0.106445 0.558594 1310684951.829105
0.647461 0.108398 0.529297 1310684951.850102
0.635742 0.106445 0.512695 1310684951.895095
0.624023 0.128906 0.560547 1310684951.916082
0.656250 0.117188 0.529297 1310684951.961105
0.617188 0.101562 0.532227 1310684951.983106
0.637695 0.090820 0.575195 1310684952.027105
0.647461 0.136719 0.533203 1310684952.050105
0.653320 0.093750 0.522461 1310684952.072109
0.618164 0.105469 0.548828 1310684952.117108
0.603516 0.101562 0.528320 1310684952.140111
0.603516 0.101562 0.528320 1310684952.162112
0.619141 0.101562 0.528320 1310684952.205106
0.627930 0.111328 0.534180 1310684952.250111
0.651367 0.110352 0.532227 1310684952.272111
0.666992 0.120117 0.537109 1310684952.296117
0.624023 0.111328 0.517578 1310684952.345109
0.624023 0.111328 0.517578 1310684952.367110
0.670898 0.113281 0.556641 1310684952.412113
0.655273 0.101562 0.484375 1310684952.435088
0.637695 0.104492 0.533203 1310684952.479113
0.665039 0.085938 0.541992 1310684952.501111
0.632812 0.105469 0.554688 1310684952.524118
0.640625 0.106445 0.541992 1310684952.569107
0.640625 0.088867 0.516602 1310684952.595146
0.667969 0.099609 0.546875 1310684952.637123
