0.640625 0.111328 0.539062 1310685432.089444
0.642578 0.077148 0.581055 1310685432.113445
0.620117 0.097656 0.549805 1310685432.137446
0.611328 0.101562 0.549805 1310685432.179450
0.639648 0.083008 0.510742 1310685432.224449
0.644531 0.092773 0.516602 1310685432.247443
0.634766 0.076172 0.570312 1310685432.289451
0.632812 0.121094 0.546875 1310685432.313470
0.657227 0.063477 0.622070 1310685432.335452
0.661133 0.056641 0.575195 1310685432.380445
0.594727 0.097656 0.534180 1310685432.403453
0.639648 0.098633 0.442383 1310685432.446451
0.697266 0.104492 0.489258 1310685432.470449
0.667969 0.104492 0.469727 1310685432.518456
0.726562 0.104492 0.469727 1310685432.519450
0.348633 0.103516 0.465820 1310685432.571457
0.511719 0.124023 0.608398 1310685432.594450
0.502930 0.119141 0.625977 1310685432.640451
0.668945 0.056641 0.550781 1310685432.683468
0.690430 0.065430 0.580078 1310685432.684452
0.587891 0.151367 0.577148 1310685432.726459
0.670898 0.057617 0.541992 1310685432.763459
0.627930 0.064453 0.588867 1310685432.788452
0.603516 0.098633 0.545898 1310685432.831458
0.650391 0.132812 0.567383 1310685432.875464
0.724609 0.124023 0.581055 1310685432.899466
0.485352 0.123047 0.581055 1310685432.921461
0.620117 0.119141 0.591797 1310685432.966456
0.531250 0.153320 0.562500 1310685432.990459
0.616211 -0.093750 0.624023 1310685433.028456
0.496094 0.077148 0.574219 1310685433.050463
0.486328 0.097656 0.534180 1310685433.079463
0.736328 0.097656 0.534180 1310685433.103463
0.637695 0.044922 0.562500 1310685433.151467
0.635742 0.061523 0.607422 1310685433.174463
0.600586 0.102539 0.565430 1310685433.218465
0.609375 0.016602 0.558594 1310685433.284465
0.578125 0.054688 0.603516 1310685433.285462
0.578125 0.054688 0.603516 1310685433.303466
0.560547 0.024414 0.621094 1310685433.345473
0.568359 0.018555 0.609375 1310685433.368468
0.583984 0.033203 0.622070 1310685433.399473
0.555664 0.009766 0.620117 1310685433.443469
0.552734 0.009766 0.620117 1310685433.467466
0.589844 0.065430 0.627930 1310685433.516472
0.579102 0.048828 0.620117 1310685433.540470
0.554688 0.026367 0.639648 1310685433.569473
0.565430 0.022461 0.629883 1310685433.611476
0.551758 0.073242 0.597656 1310685433.635476
0.591797 0.031250 0.612305 1310685433.658467
0.536133 0.043945 0.618164 1310685433.691473
0.553711 0.083008 0.615234 1310685433.733466
0.553711 0.066406 0.617188 1310685433.754477
0.567383 0.105469 0.607422 1310685433.796475
0.565430 0.099609 0.625977 1310685433.839483
0.565430 0.099609 0.625977 1310685433.840475
0.561523 0.107422 0.591797 1310685433.904484
0.623047 0.078125 0.567383 1310685433.926455
0.573242 0.142578 0.570312 1310685433.949473
0.575195 0.087891 0.597656 1310685433.975482
0.591797 0.159180 0.570312 1310685434.011478
0.594727 0.087891 0.557617 1310685434.055488
0.573242 0.133789 0.561523 1310685434.076482
0.609375 0.104492 0.578125 1310685434.124482
0.584961 0.113281 0.567383 1310685434.139486
0.615234 0.102539 0.547852 1310685434.169483
0.549805 0.127930 0.562500 1310685434.214481
0.612305 0.054688 0.551758 1310685434.248487
0.616211 0.115234 0.542969 1310685434.275489
0.620117 0.107422 0.584961 1310685434.299490
0.600586 0.132812 0.574219 1310685434.331486
0.612305 0.119141 0.512695 1310685434.381485
0.664062 0.101562 0.512695 1310685434.403489
0.664062 0.101562 0.512695 1310685434.425482
0.648438 0.111328 0.535156 1310685434.469487
0.627930 0.110352 0.550781 1310685434.493491
0.633789 0.103516 0.546875 1310685434.569495
0.621094 0.113281 0.579102 1310685434.591486
0.613281 0.113281 0.579102 1310685434.608492
0.609375 0.117188 0.559570 1310685434.633498
0.636719 0.080078 0.541016 1310685434.655496
0.615234 0.130859 0.541992 1310685434.698491
0.623047 0.090820 0.547852 1310685434.720493
