0.522461 -0.113281 0.629883 1310582251.370505
0.546875 -0.102539 0.642578 1310582251.390508
0.537109 -0.078125 0.624023 1310582251.412564
0.540039 -0.081055 0.657227 1310582251.466481
0.555664 -0.095703 0.639648 1310582251.477567
0.543945 -0.074219 0.651367 1310582251.510536
0.530273 -0.083984 0.637695 1310582251.532559
0.564453 -0.076172 0.636719 1310582251.577545
0.588867 -0.076172 0.654297 1310582251.621548
0.556641 -0.051758 0.625977 1310582251.644610
0.548828 -0.077148 0.638672 1310582251.666534
0.530273 -0.087891 0.664062 1310582251.712513
0.530273 -0.087891 0.664062 1310582251.737476
0.539062 -0.084961 0.673828 1310582251.762511
0.514648 -0.097656 0.641602 1310582251.806609
0.527344 -0.074219 0.633789 1310582251.827568
0.550781 -0.080078 0.637695 1310582251.872536
0.488281 -0.085938 0.634766 1310582251.895555
0.550781 -0.079102 0.634766 1310582251.918550
0.546875 -0.099609 0.643555 1310582251.962395
0.543945 -0.097656 0.645508 1310582252.006489
0.530273 -0.106445 0.623047 1310582252.029524
0.534180 -0.069336 0.612305 1310582252.051491
0.543945 -0.069336 0.612305 1310582252.075520
0.545898 -0.069336 0.646484 1310582252.122632
0.487305 -0.083008 0.617188 1310582252.167493
0.538086 -0.086914 0.622070 1310582252.189592
0.527344 -0.070312 0.656250 1310582252.211526
0.555664 -0.101562 0.645508 1310582252.254518
0.545898 -0.083008 0.648438 1310582252.298718
0.541992 -0.112305 0.639648 1310582252.319619
0.559570 -0.074219 0.655273 1310582252.350532
0.552734 -0.152344 0.634766 1310582252.397499
0.515625 -0.058594 0.643555 1310582252.419586
0.536133 -0.075195 0.634766 1310582252.441584
0.536133 -0.075195 0.634766 1310582252.465640
0.562500 -0.102539 0.653320 1310582252.509593
0.530273 -0.097656 0.649414 1310582252.534634
0.521484 -0.064453 0.647461 1310582252.566624
0.544922 -0.070312 0.618164 1310582252.639646
0.559570 -0.079102 0.627930 1310582252.666551
0.550781 -0.097656 0.643555 1310582252.667539
0.549805 -0.095703 0.612305 1310582252.711520
0.565430 -0.108398 0.658203 1310582252.734501
0.541016 -0.059570 0.643555 1310582252.777525
0.534180 -0.103516 0.676758 1310582252.800553
0.553711 -0.103516 0.676758 1310582252.824600
0.540039 -0.080078 0.632812 1310582252.866629
0.546875 -0.139648 0.652344 1310582252.889610
0.558594 -0.083984 0.654297 1310582252.931510
0.535156 -0.066406 0.622070 1310582252.952534
0.492188 -0.086914 0.631836 1310582252.996509
0.551758 -0.073242 0.664062 1310582253.019515
0.541992 -0.114258 0.641602 1310582253.055556
0.524414 -0.089844 0.651367 1310582253.100518
0.541016 -0.041992 0.639648 1310582253.126533
0.532227 -0.063477 0.615234 1310582253.147555
0.539062 -0.095703 0.681641 1310582253.182580
0.540039 -0.067383 0.638672 1310582253.226511
0.540039 -0.074219 0.658203 1310582253.270541
0.497070 -0.095703 0.647461 1310582253.291596
0.528320 -0.104492 0.635742 1310582253.315537
0.534180 -0.105469 0.633789 1310582253.354516
0.559570 -0.076172 0.662109 1310582253.379573
0.522461 -0.086914 0.642578 1310582253.423557
0.538086 -0.096680 0.600586 1310582253.451572
0.533203 -0.087891 0.628906 1310582253.474640
0.550781 -0.089844 0.619141 1310582253.516603
0.549805 -0.082031 0.654297 1310582253.559652
0.521484 -0.096680 0.637695 1310582253.560637
0.522461 -0.082031 0.635742 1310582253.601570
0.475586 -0.068359 0.623047 1310582253.645549
0.506836 -0.117188 0.646484 1310582253.667521
0.550781 -0.087891 0.639648 1310582253.712576
0.534180 -0.070312 0.665039 1310582253.732653
0.528320 -0.084961 0.607422 1310582253.754624
0.528320 -0.084961 0.607422 1310582253.799619
0.545898 -0.097656 0.644531 1310582253.844553
0.569336 -0.087891 0.630859 1310582253.866656
0.578125 -0.101562 0.634766 1310582253.910593
0.552734 -0.085938 0.624023 1310582253.950648
0.552734 -0.085938 0.624023 1310582253.951636
0.523438 -0.100586 0.659180 1310582253.994529
0.544922 -0.101562 0.655273 1310582254.016520
0.529297 -0.103516 0.614258 1310582254.067646
0.530273 -0.068359 0.636719 1310582254.090542
0.544922 -0.109375 0.628906 1310582254.112534
0.527344 -0.109375 0.628906 1310582254.137551
0.530273 -0.098633 0.658203 1310582254.181536
0.552734 -0.121094 0.635742 1310582254.224890
0.549805 -0.110352 0.656250 1310582254.266604
0.538086 -0.103516 0.636719 1310582254.290653
0.540039 -0.091797 0.634766 1310582254.319661
0.549805 -0.076172 0.646484 1310582254.341595
0.572266 -0.057617 0.570312 1310582254.386614
0.489258 -0.075195 0.617188 1310582254.412614
0.543945 -0.085938 0.635742 1310582254.455662
0.542969 -0.063477 0.621094 1310582254.476578
0.534180 -0.062500 0.628906 1310582254.499570
0.543945 -0.078125 0.638672 1310582254.545614
0.544922 -0.059570 0.622070 1310582254.565633
0.498047 -0.070312 0.652344 1310582254.607650
0.530273 -0.080078 0.643555 1310582254.629571
0.525391 -0.053711 0.642578 1310582254.672543
0.525391 -0.072266 0.641602 1310582254.696581
0.540039 -0.085938 0.641602 1310582254.722642
0.538086 -0.076172 0.655273 1310582254.765652
0.530273 -0.090820 0.652344 1310582254.807675
0.543945 -0.080078 0.654297 1310582254.832633
0.552734 -0.092773 0.647461 1310582254.860553
0.564453 -0.092773 0.647461 1310582254.881586
0.559570 -0.092773 0.647461 1310582254.926583
0.553711 -0.066406 0.646484 1310582254.971575
0.509766 -0.083984 0.653320 1310582254.992563
0.529297 -0.060547 0.630859 1310582255.036667
0.538086 -0.084961 0.662109 1310582255.059547
0.529297 -0.089844 0.627930 1310582255.080548
0.550781 -0.085938 0.651367 1310582255.124570
0.525391 -0.079102 0.642578 1310582255.234589
0.563477 -0.068359 0.626953 1310582255.235594
0.540039 -0.074219 0.640625 1310582255.256623
0.519531 -0.081055 0.651367 1310582255.257580
0.553711 -0.096680 0.648438 1310582255.288669
0.544922 -0.103516 0.618164 1310582255.322641
0.541992 -0.089844 0.626953 1310582255.344595
0.548828 -0.082031 0.631836 1310582255.389603
0.554688 -0.085938 0.617188 1310582255.410628
0.539062 -0.077148 0.653320 1310582255.432598
0.534180 -0.075195 0.625000 1310582255.477622
0.511719 -0.080078 0.627930 1310582255.500611
0.544922 -0.090820 0.666992 1310582255.543604
0.555664 -0.087891 0.642578 1310582255.567685
0.512695 -0.078125 0.661133 1310582255.605564
0.545898 -0.107422 0.647461 1310582255.629550
0.518555 -0.082031 0.651367 1310582255.666596
0.558594 -0.092773 0.611328 1310582255.710670
0.550781 -0.081055 0.647461 1310582255.731694
0.549805 -0.075195 0.625977 1310582255.774602
0.528320 -0.079102 0.621094 1310582255.796630
0.520508 -0.104492 0.633789 1310582255.820572
0.557617 -0.097656 0.603516 1310582255.867699
0.542969 -0.079102 0.622070 1310582255.891573
0.490234 -0.074219 0.639648 1310582255.937585
0.555664 -0.090820 0.651367 1310582255.958586
0.534180 -0.080078 0.635742 1310582256.002591
0.549805 -0.080078 0.635742 1310582256.007566
0.515625 -0.082031 0.670898 1310582256.048564
0.520508 -0.100586 0.657227 1310582256.093641
0.524414 -0.091797 0.644531 1310582256.115568
0.556641 -0.065430 0.658203 1310582256.161592
0.540039 -0.072266 0.623047 1310582256.183628
0.547852 -0.072266 0.623047 1310582256.206665
0.518555 -0.071289 0.636719 1310582256.250617
0.541016 -0.096680 0.643555 1310582256.300616
0.541016 -0.094727 0.638672 1310582256.301609
0.541016 -0.095703 0.645508 1310582256.347629
0.539062 -0.089844 0.649414 1310582256.373672
0.534180 -0.085938 0.602539 1310582256.411627
0.563477 -0.068359 0.653320 1310582256.435699
0.541992 -0.085938 0.660156 1310582256.470653
0.553711 -0.078125 0.657227 1310582256.518615
0.532227 -0.054688 0.645508 1310582256.535638
0.541016 -0.074219 0.629883 1310582256.580589
0.528320 -0.080078 0.626953 1310582256.605581
0.539062 -0.051758 0.637695 1310582256.656635
0.553711 -0.095703 0.631836 1310582256.661635
0.540039 -0.083984 0.638672 1310582256.708704
0.523438 -0.070312 0.627930 1310582256.732702
0.550781 -0.082031 0.627930 1310582256.755718
0.513672 -0.065430 0.646484 1310582256.798582
0.541016 -0.048828 0.617188 1310582256.831581
0.533203 -0.089844 0.639648 1310582256.875584
0.537109 -0.073242 0.643555 1310582256.897598
0.530273 -0.105469 0.617188 1310582256.921619
0.513672 -0.082031 0.617188 1310582256.954680
0.507812 -0.070312 0.643555 1310582256.983588
0.503906 -0.076172 0.637695 1310582257.017608
0.553711 -0.076172 0.632812 1310582257.067838
0.495117 -0.097656 0.685547 1310582257.093588
0.515625 -0.091797 0.635742 1310582257.115622
0.559570 -0.078125 0.625000 1310582257.136630
0.550781 -0.109375 0.653320 1310582257.181650
0.527344 -0.109375 0.653320 1310582257.209673
0.533203 -0.126953 0.653320 1310582257.252650
0.540039 -0.097656 0.627930 1310582257.275662
0.565430 -0.096680 0.637695 1310582257.322810
0.544922 -0.091797 0.632812 1310582257.345650
0.502930 -0.080078 0.663086 1310582257.396707
0.557617 -0.082031 0.639648 1310582257.417673
0.515625 -0.126953 0.660156 1310582257.440714
0.520508 -0.110352 0.659180 1310582257.461668
0.535156 -0.076172 0.638672 1310582257.507598
0.546875 -0.097656 0.632812 1310582257.531595
0.556641 -0.101562 0.635742 1310582257.573630
0.520508 -0.105469 0.625977 1310582257.596727
0.525391 -0.087891 0.634766 1310582257.638684
0.508789 -0.099609 0.659180 1310582257.661659
0.548828 -0.117188 0.631836 1310582257.705690
0.532227 -0.081055 0.636719 1310582257.727723
0.541992 -0.078125 0.616211 1310582257.773637
0.521484 -0.074219 0.635742 1310582257.811659
