0.554688 0.068359 0.618164 1309983878.413001
0.581055 0.072266 0.630859 1309983878.434924
0.534180 0.091797 0.674805 1309983878.475005
0.519531 0.087891 0.615234 1309983878.500004
0.497070 0.020508 0.620117 1309983878.520000
0.494141 -0.039062 0.622070 1309983878.563998
0.551758 -0.082031 0.638672 1309983878.609005
0.538086 0.000977 0.607422 1309983878.630910
0.488281 0.000977 0.563477 1309983878.664880
0.486328 0.031250 0.624023 1309983878.689933
0.456055 0.035156 0.583008 1309983878.718909
0.458008 0.025391 0.583008 1309983878.741882
0.458984 0.030273 0.560547 1309983878.799009
0.475586 0.115234 0.652344 1309983878.820954
0.399414 0.157227 0.767578 1309983878.844911
0.427734 -0.023438 0.702148 1309983878.888937
0.464844 0.103516 0.588867 1309983878.909886
0.457031 -0.062500 0.608398 1309983878.953920
0.435547 0.098633 0.711914 1309983878.995914
0.488281 -0.094727 0.666992 1309983879.038888
0.533203 0.012695 0.636719 1309983879.039896
0.500977 -0.103516 0.696289 1309983879.086031
0.487305 -0.065430 0.682617 1309983879.107949
0.487305 -0.065430 0.682617 1309983879.130006
0.486328 -0.095703 0.666016 1309983879.192894
0.500977 -0.105469 0.672852 1309983879.213884
0.468750 -0.110352 0.656250 1309983879.235948
0.504883 -0.103516 0.650391 1309983879.279015
0.504883 -0.107422 0.637695 1309983879.323009
0.502930 -0.146484 0.637695 1309983879.324006
0.537109 -0.151367 0.656250 1309983879.379025
0.516602 -0.147461 0.673828 1309983879.401025
0.489258 -0.092773 0.651367 1309983879.425023
0.467773 -0.107422 0.655273 1309983879.471024
0.519531 -0.121094 0.669922 1309983879.493980
0.506836 -0.152344 0.653320 1309983879.528945
0.496094 -0.148438 0.675781 1309983879.571027
0.499023 -0.161133 0.680664 1309983879.608904
0.479492 -0.149414 0.665039 1309983879.675027
0.492188 -0.117188 0.664062 1309983879.676024
0.499023 -0.131836 0.674805 1309983879.678024
0.478516 -0.205078 0.651367 1309983879.719907
0.529297 -0.162109 0.664062 1309983879.763956
0.513672 -0.146484 0.670898 1309983879.785957
0.517578 -0.179688 0.650391 1309983879.830028
0.507812 -0.136719 0.667969 1309983879.852927
0.512695 -0.157227 0.667969 1309983879.896936
0.493164 -0.182617 0.669922 1309983879.919959
0.495117 -0.160156 0.653320 1309983879.943905
0.512695 -0.165039 0.609375 1309983879.992957
0.511719 -0.187500 0.612305 1309983880.005963
0.499023 -0.149414 0.658203 1309983880.051030
0.489258 -0.149414 0.658203 1309983880.073974
0.495117 -0.146484 0.670898 1309983880.118035
0.501953 -0.169922 0.662109 1309983880.140037
0.491211 -0.140625 0.673828 1309983880.167913
0.520508 -0.175781 0.660156 1309983880.203912
0.497070 -0.167969 0.690430 1309983880.248023
0.475586 -0.158203 0.672852 1309983880.269036
0.725586 -0.158203 0.672852 1309983880.290041
0.500000 -0.176758 0.672852 1309983880.332037
0.505859 -0.160156 0.651367 1309983880.376033
0.501953 -0.185547 0.659180 1309983880.396041
0.495117 -0.205078 0.658203 1309983880.419049
0.468750 -0.188477 0.670898 1309983880.463042
0.479492 -0.173828 0.670898 1309983880.505995
0.499023 -0.142578 0.663086 1309983880.515973
0.491211 -0.191406 0.643555 1309983880.560920
0.515625 -0.184570 0.688477 1309983880.605042
