0.511719 0.205078 0.579102 1309542856.070837
0.515625 0.199219 0.581055 1309542856.121843
0.529297 0.194336 0.584961 1309542856.144839
0.519531 0.179688 0.588867 1309542856.188903
0.496094 0.187500 0.589844 1309542856.189888
0.501953 0.196289 0.589844 1309542856.238897
0.520508 0.216797 0.591797 1309542856.268894
0.536133 0.206055 0.594727 1309542856.289897
0.522461 0.205078 0.587891 1309542856.331897
0.503906 0.213867 0.600586 1309542856.355902
0.499023 0.155273 0.601562 1309542856.409893
0.531250 0.208008 0.583984 1309542856.410889
0.523438 0.226562 0.583008 1309542856.481900
0.483398 0.210938 0.626953 1309542856.484882
0.544922 0.197266 0.581055 1309542856.514896
0.521484 0.200195 0.570312 1309542856.558901
0.491211 0.216797 0.599609 1309542856.580902
0.536133 0.186523 0.580078 1309542856.633900
0.532227 0.179688 0.560547 1309542856.655902
0.577148 0.208008 0.538086 1309542856.679898
0.588867 0.202148 0.542969 1309542856.723853
0.666016 0.287109 0.588867 1309542856.745853
0.583984 0.073242 0.497070 1309542856.766880
0.803711 0.291016 0.749023 1309542856.810853
0.382812 0.048828 0.370117 1309542856.834852
0.645508 0.092773 0.499023 1309542856.889854
0.462891 0.169922 0.425781 1309542856.911855
0.387695 0.408203 1.063477 1309542856.935880
-0.333984 0.613281 0.795898 1309542856.979888
0.693359 -0.254883 0.815430 1309542856.996854
0.167969 -0.316406 0.583984 1309542857.029862
0.377930 0.234375 0.680664 1309542857.075926
0.374023 -0.069336 0.694336 1309542857.096916
0.383789 0.033203 0.693359 1309542857.139913
0.416992 0.054688 0.672852 1309542857.160911
0.410156 0.073242 0.735352 1309542857.203921
0.424805 0.004883 0.702148 1309542857.224859
0.392578 0.031250 0.671875 1309542857.266860
0.404297 0.015625 0.668945 1309542857.289899
0.390625 0.058594 0.671875 1309542857.323925
0.437500 0.058594 0.671875 1309542857.366925
0.431641 -0.014648 0.679688 1309542857.390914
0.459961 0.023438 0.663086 1309542857.434948
0.458008 0.020508 0.680664 1309542857.458917
0.467773 0.078125 0.654297 1309542857.501923
0.436523 0.037109 0.685547 1309542857.525923
0.456055 0.027344 0.685547 1309542857.549920
0.452148 0.005859 0.685547 1309542857.584929
0.461914 0.031250 0.677734 1309542857.610921
0.431641 0.066406 0.668945 1309542857.653920
0.433594 0.089844 0.663086 1309542857.674921
0.414062 -0.001953 0.658203 1309542857.720876
0.373047 -0.006836 0.675781 1309542857.743873
0.396484 0.008789 0.663086 1309542857.788907
0.399414 0.027344 0.684570 1309542857.810888
0.391602 0.037109 0.688477 1309542857.834872
0.422852 0.027344 0.678711 1309542857.878913
0.387695 0.023438 0.690430 1309542857.899896
0.380859 0.060547 0.690430 1309542857.943883
0.416992 0.049805 0.674805 1309542857.965905
0.393555 0.029297 0.695312 1309542858.009889
0.412109 0.048828 0.681641 1309542858.031876
0.355469 0.031250 0.680664 1309542858.075911
0.393555 0.005859 0.680664 1309542858.098932
0.413086 0.023438 0.702148 1309542858.143936
0.416016 0.034180 0.702148 1309542858.166934
0.423828 0.016602 0.714844 1309542858.209932
0.417969 0.052734 0.701172 1309542858.231935
0.429688 0.026367 0.679688 1309542858.254933
0.384766 0.009766 0.679688 1309542858.298955
0.409180 0.010742 0.667969 1309542858.350944
0.393555 0.021484 0.708984 1309542858.376937
0.396484 0.015625 0.671875 1309542858.402940
0.405273 0.033203 0.684570 1309542858.423932
0.370117 0.041992 0.690430 1309542858.446940
0.400391 0.032227 0.717773 1309542858.489938
0.410156 0.018555 0.695312 1309542858.534940
0.368164 0.025391 0.692383 1309542858.564943
0.415039 0.021484 0.715820 1309542858.586943
0.439453 0.011719 0.701172 1309542858.609941
0.412109 0.016602 0.699219 1309542858.653909
0.412109 0.016602 0.699219 1309542858.675888
0.404297 0.023438 0.682617 1309542858.720923
