0.643555 0.132812 0.528320 1310682651.008402
0.637695 0.140625 0.528320 1310682651.054349
0.638672 0.135742 0.554688 1310682651.083335
0.586914 0.144531 0.527344 1310682651.108337
0.639648 0.154297 0.498047 1310682651.140311
0.647461 0.118164 0.532227 1310682651.189304
0.652344 0.123047 0.547852 1310682651.211336
0.633789 0.145508 0.528320 1310682651.233330
0.636719 0.120117 0.538086 1310682651.279329
0.608398 0.126953 0.547852 1310682651.323346
0.649414 0.097656 0.546875 1310682651.346381
0.630859 0.133789 0.538086 1310682651.369349
0.610352 0.131836 0.557617 1310682651.392403
0.639648 0.106445 0.544922 1310682651.436342
0.613281 0.096680 0.558594 1310682651.479347
0.621094 0.138672 0.536133 1310682651.523373
0.604492 0.125000 0.543945 1310682651.524341
0.655273 0.071289 0.553711 1310682651.566356
0.655273 0.071289 0.553711 1310682651.590406
0.643555 0.124023 0.532227 1310682651.634418
0.633789 0.124023 0.538086 1310682651.656349
0.654297 0.128906 0.498047 1310682651.700348
0.615234 0.109375 0.542969 1310682651.721382
0.626953 0.128906 0.536133 1310682651.764358
0.626953 0.128906 0.536133 1310682651.789336
0.655273 0.101562 0.541016 1310682651.834374
0.654297 0.139648 0.519531 1310682651.858398
0.597656 0.129883 0.537109 1310682651.903399
0.637695 0.160156 0.548828 1310682651.925384
0.653320 0.122070 0.551758 1310682651.947407
0.615234 0.132812 0.534180 1310682651.989427
0.629883 0.128906 0.576172 1310682652.011432
0.623047 0.126953 0.522461 1310682652.054365
0.649414 0.138672 0.529297 1310682652.079386
0.638672 0.128906 0.514648 1310682652.121399
0.635742 0.089844 0.531250 1310682652.144399
0.617188 0.133789 0.551758 1310682652.216446
0.605469 0.123047 0.547852 1310682652.218406
0.632812 0.116211 0.551758 1310682652.254432
0.638672 0.083984 0.533203 1310682652.276387
0.625000 0.119141 0.535156 1310682652.304448
0.629883 0.095703 0.557617 1310682652.325348
0.629883 0.095703 0.557617 1310682652.369370
0.627930 0.085938 0.540039 1310682652.416356
0.616211 0.118164 0.546875 1310682652.439357
0.635742 0.125977 0.530273 1310682652.461338
0.666992 0.105469 0.517578 1310682652.510444
0.625977 0.111328 0.501953 1310682652.533449
0.616211 0.093750 0.556641 1310682652.556984
0.645508 0.123047 0.528320 1310682652.600356
0.630859 0.121094 0.539062 1310682652.645353
0.634766 0.127930 0.546875 1310682652.668327
0.624023 0.109375 0.557617 1310682652.713327
0.683594 0.124023 0.522461 1310682652.736421
0.655273 0.144531 0.543945 1310682652.758364
0.655273 0.144531 0.543945 1310682652.781456
0.651367 0.131836 0.565430 1310682652.825457
0.624023 0.115234 0.549805 1310682652.853407
0.630859 0.111328 0.531250 1310682652.871396
0.651367 0.094727 0.566406 1310682652.916411
0.640625 0.124023 0.537109 1310682652.959546
0.642578 0.115234 0.533203 1310682652.984414
0.662109 0.119141 0.513672 1310682653.008386
0.625000 0.118164 0.550781 1310682653.053423
0.646484 0.131836 0.549805 1310682653.075464
0.635742 0.134766 0.556641 1310682653.120410
0.636719 0.136719 0.537109 1310682653.143405
0.635742 0.130859 0.542969 1310682653.186403
0.609375 0.128906 0.530273 1310682653.211419
0.614258 0.126953 0.539062 1310682653.234404
0.642578 0.142578 0.539062 1310682653.281409
0.624023 0.156250 0.519531 1310682653.303459
0.636719 0.104492 0.531250 1310682653.351429
0.608398 0.140625 0.529297 1310682653.373385
0.644531 0.111328 0.538086 1310682653.395401
0.649414 0.137695 0.528320 1310682653.435455
0.607422 0.144531 0.512695 1310682653.457462
0.636719 0.103516 0.563477 1310682653.538415
0.606445 0.136719 0.543945 1310682653.550428
0.628906 0.100586 0.546875 1310682653.573401
0.624023 0.132812 0.544922 1310682653.595431
0.637695 0.135742 0.534180 1310682653.618434
0.637695 0.135742 0.534180 1310682653.664431
0.617188 0.105469 0.528320 1310682653.691409
0.630859 0.125977 0.509766 1310682653.738397
0.632812 0.113281 0.545898 1310682653.765397
0.642578 0.104492 0.529297 1310682653.788454
0.623047 0.137695 0.551758 1310682653.809473
0.623047 0.137695 0.551758 1310682653.851412
0.637695 0.130859 0.537109 1310682653.900445
0.612305 0.145508 0.556641 1310682653.924426
0.624023 0.140625 0.555664 1310682653.946414
0.654297 0.130859 0.541992 1310682653.975463
0.630859 0.131836 0.530273 1310682654.019425
0.625977 0.141602 0.522461 1310682654.043422
0.636719 0.103516 0.542969 1310682654.091420
0.649414 0.143555 0.514648 1310682654.114460
0.622070 0.137695 0.562500 1310682654.136396
0.645508 0.125977 0.530273 1310682654.180440
0.607422 0.140625 0.538086 1310682654.202467
0.652344 0.126953 0.511719 1310682654.245472
0.638672 0.125977 0.544922 1310682654.289485
0.662109 0.105469 0.525391 1310682654.311416
0.638672 0.121094 0.522461 1310682654.333422
0.633789 0.154297 0.532227 1310682654.378444
0.652344 0.148438 0.548828 1310682654.400396
0.628906 0.148438 0.548828 1310682654.421393
0.612305 0.139648 0.530273 1310682654.481413
0.629883 0.126953 0.536133 1310682654.504490
0.619141 0.128906 0.547852 1310682654.548483
0.636719 0.169922 0.506836 1310682654.569402
0.636719 0.169922 0.506836 1310682654.591415
0.642578 0.128906 0.511719 1310682654.621433
0.622070 0.107422 0.548828 1310682654.665457
0.619141 0.143555 0.515625 1310682654.709472
0.645508 0.109375 0.516602 1310682654.731494
0.636719 0.131836 0.552734 1310682654.754439
0.627930 0.123047 0.552734 1310682654.828375
0.623047 0.133789 0.549805 1310682654.849367
0.629883 0.132812 0.538086 1310682654.850369
0.641602 0.121094 0.562500 1310682654.891626
0.645508 0.149414 0.538086 1310682654.913400
0.609375 0.125977 0.543945 1310682654.936417
0.647461 0.115234 0.541992 1310682655.000441
0.638672 0.119141 0.554688 1310682655.024448
0.622070 0.127930 0.485352 1310682655.048456
0.603516 0.116211 0.560547 1310682655.090430
0.641602 0.134766 0.542969 1310682655.113442
0.615234 0.150391 0.535156 1310682655.134412
0.639648 0.118164 0.545898 1310682655.178436
0.622070 0.155273 0.536133 1310682655.201481
0.599609 0.128906 0.551758 1310682655.249455
0.630859 0.148438 0.535156 1310682655.273427
0.617188 0.150391 0.514648 1310682655.316453
0.651367 0.119141 0.514648 1310682655.323502
0.643555 0.126953 0.525391 1310682655.370442
0.637695 0.131836 0.549805 1310682655.414450
0.625977 0.147461 0.553711 1310682655.435458
0.648438 0.104492 0.557617 1310682655.460462
0.611328 0.148438 0.528320 1310682655.503489
0.644531 0.123047 0.552734 1310682655.526462
0.639648 0.129883 0.535156 1310682655.569433
0.619141 0.137695 0.564453 1310682655.591466
0.647461 0.121094 0.539062 1310682655.635435
0.625000 0.111328 0.547852 1310682655.656442
0.609375 0.125977 0.537109 1310682655.700465
0.648438 0.130859 0.533203 1310682655.724517
0.625000 0.136719 0.555664 1310682655.750422
0.653320 0.096680 0.539062 1310682655.796432
0.633789 0.118164 0.527344 1310682655.818433
0.615234 0.144531 0.520508 1310682655.843461
0.643555 0.111328 0.528320 1310682655.889431
0.636719 0.138672 0.526367 1310682655.931495
0.652344 0.113281 0.536133 1310682655.955474
0.613281 0.144531 0.510742 1310682655.978471
0.613281 0.075195 0.557617 1310682656.020456
0.642578 0.140625 0.533203 1310682656.043445
0.630859 0.122070 0.541992 1310682656.096499
0.611328 0.171875 0.535156 1310682656.121444
0.605469 0.138672 0.559570 1310682656.144448
0.617188 0.145508 0.532227 1310682656.178440
0.624023 0.129883 0.534180 1310682656.200468
0.646484 0.119141 0.528320 1310682656.243519
0.656250 0.120117 0.510742 1310682656.266480
0.593750 0.146484 0.513672 1310682656.308487
0.621094 0.139648 0.581055 1310682656.333443
0.656250 0.133789 0.538086 1310682656.378454
0.643555 0.134766 0.570312 1310682656.399481
0.646484 0.115234 0.513672 1310682656.423484
0.635742 0.115234 0.513672 1310682656.453468
0.606445 0.127930 0.540039 1310682656.500510
0.606445 0.152344 0.528320 1310682656.544608
0.611328 0.121094 0.569336 1310682656.565481
0.600586 0.112305 0.553711 1310682656.586473
0.656250 0.111328 0.538086 1310682656.630453
0.645508 0.111328 0.538086 1310682656.651483
0.626953 0.101562 0.565430 1310682656.685470
0.619141 0.124023 0.535156 1310682656.728490
0.618164 0.119141 0.545898 1310682656.749469
0.637695 0.108398 0.516602 1310682656.795524
0.641602 0.104492 0.545898 1310682656.818492
0.614258 0.132812 0.568359 1310682656.862478
0.656250 0.124023 0.523438 1310682656.870463
0.650391 0.125000 0.535156 1310682656.915536
0.629883 0.148438 0.535156 1310682656.937520
0.654297 0.101562 0.542969 1310682656.985467
0.637695 0.127930 0.552734 1310682657.011518
0.636719 0.147461 0.543945 1310682657.034470
0.630859 0.105469 0.543945 1310682657.081474
0.650391 0.132812 0.515625 1310682657.104451
0.632812 0.132812 0.541992 1310682657.153488
0.631836 0.134766 0.534180 1310682657.176536
0.626953 0.142578 0.533203 1310682657.200494
0.635742 0.132812 0.531250 1310682657.243481
0.643555 0.103516 0.541992 1310682657.266497
0.638672 0.130859 0.540039 1310682657.298545
0.601562 0.179688 0.514648 1310682657.330534
0.638672 0.105469 0.515625 1310682657.383545
0.618164 0.128906 0.515625 1310682657.407465
0.651367 0.132812 0.557617 1310682657.428490
0.656250 0.113281 0.541992 1310682657.473473
0.640625 0.117188 0.509766 1310682657.494491
0.633789 0.123047 0.526367 1310682657.536465
0.624023 0.144531 0.544922 1310682657.559537
0.634766 0.113281 0.540039 1310682657.584504
0.634766 0.113281 0.540039 1310682657.609474
0.654297 0.110352 0.543945 1310682657.653498
0.606445 0.150391 0.549805 1310682657.700557
0.625000 0.138672 0.551758 1310682657.723492
0.640625 0.137695 0.529297 1310682657.751466
0.640625 0.137695 0.529297 1310682657.774491
0.625977 0.124023 0.554688 1310682657.818553
0.651367 0.128906 0.506836 1310682657.846507
0.638672 0.191406 0.571289 1310682657.890471
0.653320 0.134766 0.541992 1310682657.911492
0.641602 0.128906 0.524414 1310682657.938500
0.643555 0.105469 0.545898 1310682657.980532
0.619141 0.134766 0.526367 1310682658.005485
0.634766 0.150391 0.550781 1310682658.060514
0.660156 0.149414 0.539062 1310682658.083270
0.646484 0.124023 0.541992 1310682658.129553
0.666016 0.140625 0.497070 1310682658.152500
0.619141 0.149414 0.549805 1310682658.175561
0.641602 0.130859 0.536133 1310682658.199485
0.647461 0.137695 0.536133 1310682658.243518
0.640625 0.119141 0.528320 1310682658.266518
0.665039 0.123047 0.537109 1310682658.303554
0.634766 0.151367 0.525391 1310682658.324497
0.599609 0.152344 0.538086 1310682658.368475
0.652344 0.109375 0.523438 1310682658.411489
0.584961 0.140625 0.551758 1310682658.433518
0.625000 0.122070 0.532227 1310682658.455522
0.624023 0.132812 0.540039 1310682658.496500
0.632812 0.132812 0.540039 1310682658.518519
0.627930 0.101562 0.553711 1310682658.565491
0.625977 0.128906 0.522461 1310682658.609485
0.650391 0.142578 0.515625 1310682658.685518
0.618164 0.145508 0.513672 1310682658.686493
0.626953 0.131836 0.532227 1310682658.699526
0.626953 0.131836 0.532227 1310682658.721529
0.611328 0.132812 0.541992 1310682658.766490
0.650391 0.127930 0.506836 1310682658.789497
0.647461 0.124023 0.526367 1310682658.811478
0.618164 0.148438 0.551758 1310682658.854494
0.608398 0.148438 0.556641 1310682658.879578
0.632812 0.117188 0.553711 1310682658.902515
0.621094 0.145508 0.511719 1310682658.945508
0.637695 0.145508 0.511719 1310682658.979529
0.616211 0.134766 0.548828 1310682659.007568
0.619141 0.152344 0.525391 1310682659.051538
0.631836 0.122070 0.571289 1310682659.074556
0.623047 0.147461 0.541016 1310682659.097534
0.623047 0.139648 0.549805 1310682659.140493
0.637695 0.107422 0.530273 1310682659.165505
0.635742 0.176758 0.500000 1310682659.215572
0.646484 0.121094 0.576172 1310682659.237514
0.622070 0.133789 0.538086 1310682659.260520
0.638672 0.114258 0.499023 1310682659.305522
0.620117 0.160156 0.541992 1310682659.349558
0.619141 0.138672 0.490234 1310682659.378500
0.611328 0.135742 0.530273 1310682659.400529
0.649414 0.120117 0.526367 1310682659.421530
0.643555 0.123047 0.526367 1310682659.447540
0.647461 0.132812 0.529297 1310682659.509545
0.633789 0.134766 0.534180 1310682659.531488
0.585938 0.108398 0.544922 1310682659.552490
0.649414 0.105469 0.528320 1310682659.596485
0.615234 0.125000 0.522461 1310682659.619530
0.650391 0.132812 0.560547 1310682659.642587
0.617188 0.142578 0.557617 1310682659.699591
0.638672 0.136719 0.522461 1310682659.721592
0.622070 0.103516 0.532227 1310682659.747516
0.641602 0.119141 0.537109 1310682659.794577
0.652344 0.123047 0.550781 1310682659.817491
0.652344 0.123047 0.550781 1310682659.839522
0.631836 0.129883 0.552734 1310682659.882508
0.639648 0.095703 0.541992 1310682659.905554
0.622070 0.117188 0.576172 1310682659.957552
0.584961 0.148438 0.541992 1310682659.981503
0.646484 0.113281 0.567383 1310682660.002525
0.622070 0.131836 0.533203 1310682660.047577
0.609375 0.131836 0.530273 1310682660.072545
0.668945 0.141602 0.521484 1310682660.116538
0.631836 0.130859 0.520508 1310682660.159530
0.619141 0.122070 0.579102 1310682660.160583
0.643555 0.127930 0.529297 1310682660.188562
0.632812 0.158203 0.513672 1310682660.245590
0.644531 0.121094 0.548828 1310682660.266546
0.597656 0.127930 0.541992 1310682660.311545
0.655273 0.114258 0.525391 1310682660.332592
0.627930 0.132812 0.526367 1310682660.355529
0.624023 0.085938 0.561523 1310682660.400541
0.640625 0.144531 0.528320 1310682660.427541
0.644531 0.123047 0.516602 1310682660.472551
0.644531 0.117188 0.537109 1310682660.499600
0.627930 0.111328 0.521484 1310682660.520616
0.614258 0.109375 0.541992 1310682660.562527
0.672852 0.118164 0.532227 1310682660.587601
0.614258 0.148438 0.532227 1310682660.613560
0.618164 0.127930 0.525391 1310682660.656546
0.600586 0.157227 0.563477 1310682660.679556
0.653320 0.117188 0.504883 1310682660.721550
0.614258 0.125000 0.544922 1310682660.744595
0.637695 0.125000 0.544922 1310682660.768537
0.639648 0.116211 0.518555 1310682660.812562
0.632812 0.096680 0.548828 1310682660.841569
0.648438 0.135742 0.527344 1310682660.897540
0.596680 0.139648 0.546875 1310682660.920604
0.628906 0.126953 0.512695 1310682660.944548
0.641602 0.115234 0.528320 1310682660.972622
0.621094 0.141602 0.550781 1310682661.004552
0.631836 0.125000 0.525391 1310682661.046591
0.618164 0.105469 0.530273 1310682661.082611
0.643555 0.111328 0.515625 1310682661.110571
0.630859 0.103516 0.549805 1310682661.134570
0.600586 0.118164 0.543945 1310682661.184546
0.615234 0.160156 0.534180 1310682661.262544
0.593750 0.142578 0.534180 1310682661.264570
0.641602 0.128906 0.511719 1310682661.282564
0.648438 0.112305 0.540039 1310682661.304573
0.646484 0.139648 0.588867 1310682661.329624
0.608398 0.132812 0.588867 1310682661.353557
0.644531 0.132812 0.538086 1310682661.397598
0.632812 0.135742 0.543945 1310682661.420625
0.605469 0.134766 0.528320 1310682661.466558
0.632812 0.116211 0.535156 1310682661.487578
0.609375 0.153320 0.535156 1310682661.512563
0.640625 0.100586 0.535156 1310682661.558573
0.607422 0.146484 0.530273 1310682661.582617
0.605469 0.143555 0.554688 1310682661.630559
0.594727 0.146484 0.574219 1310682661.651566
0.639648 0.125000 0.510742 1310682661.675558
0.616211 0.156250 0.538086 1310682661.719620
0.619141 0.126953 0.517578 1310682661.744578
0.638672 0.121094 0.556641 1310682661.787579
0.632812 0.125000 0.556641 1310682661.834633
0.675781 0.132812 0.547852 1310682661.855551
0.632812 0.136719 0.558594 1310682661.877549
0.632812 0.157227 0.536133 1310682661.909577
0.644531 0.123047 0.536133 1310682661.933558
0.634766 0.126953 0.534180 1310682661.979593
0.634766 0.164062 0.521484 1310682662.000618
0.663086 0.153320 0.549805 1310682662.044619
0.637695 0.138672 0.532227 1310682662.065636
0.624023 0.130859 0.559570 1310682662.111583
0.635742 0.119141 0.535156 1310682662.159592
0.646484 0.148438 0.517578 1310682662.160622
0.636719 0.148438 0.570312 1310682662.204628
0.640625 0.142578 0.553711 1310682662.226571
0.626953 0.177734 0.527344 1310682662.269547
0.667969 0.136719 0.534180 1310682662.296560
0.615234 0.130859 0.540039 1310682662.339627
0.621094 0.148438 0.521484 1310682662.360628
0.635742 0.132812 0.530273 1310682662.385574
0.603516 0.152344 0.530273 1310682662.434580
0.628906 0.087891 0.545898 1310682662.455568
0.628906 0.087891 0.545898 1310682662.480589
0.633789 0.136719 0.534180 1310682662.556630
0.620117 0.156250 0.515625 1310682662.557576
0.646484 0.143555 0.512695 1310682662.600594
0.639648 0.148438 0.514648 1310682662.609642
0.620117 0.148438 0.514648 1310682662.644600
0.624023 0.127930 0.541992 1310682662.685554
0.625977 0.153320 0.531250 1310682662.709588
0.628906 0.123047 0.536133 1310682662.755641
0.618164 0.160156 0.565430 1310682662.800598
0.637695 0.104492 0.534180 1310682662.810600
0.612305 0.104492 0.534180 1310682662.832602
0.627930 0.158203 0.534180 1310682662.878609
0.603516 0.154297 0.543945 1310682662.907585
0.625000 0.117188 0.543945 1310682662.951608
0.603516 0.132812 0.588867 1310682662.972602
0.597656 0.134766 0.520508 1310682663.016586
0.649414 0.137695 0.520508 1310682663.038612
0.649414 0.137695 0.520508 1310682663.061612
0.635742 0.148438 0.529297 1310682663.106610
0.602539 0.127930 0.563477 1310682663.130613
0.630859 0.149414 0.503906 1310682663.161579
0.656250 0.123047 0.534180 1310682663.187657
0.633789 0.136719 0.563477 1310682663.230626
0.626953 0.125000 0.563477 1310682663.253611
0.620117 0.125000 0.548828 1310682663.296636
0.642578 0.123047 0.513672 1310682663.342618
0.609375 0.110352 0.556641 1310682663.366615
0.621094 0.150391 0.539062 1310682663.387630
0.646484 0.095703 0.536133 1310682663.414604
0.645508 0.112305 0.517578 1310682663.461610
0.605469 0.130859 0.531250 1310682663.485654
0.631836 0.132812 0.542969 1310682663.517602
0.637695 0.126953 0.533203 1310682663.565573
0.656250 0.121094 0.508789 1310682663.586584
0.632812 0.146484 0.540039 1310682663.609667
0.622070 0.117188 0.538086 1310682663.654598
0.632812 0.111328 0.562500 1310682663.697617
0.622070 0.147461 0.530273 1310682663.719582
0.635742 0.111328 0.525391 1310682663.741586
0.622070 0.147461 0.522461 1310682663.765622
0.630859 0.126953 0.565430 1310682663.839589
0.624023 0.135742 0.550781 1310682663.857613
0.620117 0.129883 0.586914 1310682663.880629
0.653320 0.124023 0.510742 1310682663.924663
0.622070 0.100586 0.565430 1310682663.945602
0.622070 0.100586 0.565430 1310682663.969663
0.647461 0.128906 0.540039 1310682664.015643
0.624023 0.112305 0.530273 1310682664.036627
0.633789 0.125977 0.529297 1310682664.061624
0.636719 0.152344 0.536133 1310682664.109599
0.639648 0.126953 0.530273 1310682664.130589
0.620117 0.129883 0.554688 1310682664.175670
0.651367 0.119141 0.543945 1310682664.196672
0.639648 0.140625 0.541016 1310682664.241602
0.623047 0.126953 0.514648 1310682664.264681
0.616211 0.117188 0.552734 1310682664.286628
0.664062 0.102539 0.520508 1310682664.319623
0.650391 0.125000 0.514648 1310682664.382621
0.662109 0.132812 0.556641 1310682664.394583
0.653320 0.097656 0.523438 1310682664.436639
0.647461 0.124023 0.526367 1310682664.459615
0.622070 0.175781 0.517578 1310682664.481614
0.641602 0.127930 0.560547 1310682664.506637
0.615234 0.131836 0.536133 1310682664.556682
0.643555 0.115234 0.548828 1310682664.579601
0.628906 0.121094 0.543945 1310682664.625671
0.637695 0.117188 0.494141 1310682664.647640
0.622070 0.104492 0.546875 1310682664.671617
0.619141 0.104492 0.546875 1310682664.721640
0.634766 0.124023 0.538086 1310682664.744702
0.644531 0.128906 0.547852 1310682664.774651
0.628906 0.134766 0.536133 1310682664.817587
0.625000 0.130859 0.544922 1310682664.839650
0.634766 0.102539 0.554688 1310682664.881641
0.608398 0.112305 0.554688 1310682664.904635
0.640625 0.116211 0.541016 1310682664.955638
0.639648 0.127930 0.554688 1310682664.979633
0.657227 0.136719 0.536133 1310682665.001663
0.622070 0.135742 0.530273 1310682665.046677
0.651367 0.115234 0.529297 1310682665.091648
0.613281 0.130859 0.502930 1310682665.129606
0.636719 0.111328 0.527344 1310682665.130623
0.636719 0.118164 0.537109 1310682665.171680
0.629883 0.138672 0.493164 1310682665.192614
0.653320 0.115234 0.546875 1310682665.236876
0.660156 0.107422 0.561523 1310682665.261692
0.646484 0.107422 0.561523 1310682665.289699
0.637695 0.143555 0.525391 1310682665.331619
0.640625 0.120117 0.543945 1310682665.354639
0.645508 0.128906 0.561523 1310682665.397603
0.630859 0.119141 0.515625 1310682665.420651
0.646484 0.122070 0.530273 1310682665.444637
0.649414 0.064453 0.542969 1310682665.487627
0.647461 0.110352 0.503906 1310682665.510634
0.640625 0.106445 0.547852 1310682665.554689
0.645508 0.140625 0.528320 1310682665.599627
0.634766 0.130859 0.538086 1310682665.621644
0.628906 0.101562 0.538086 1310682665.644670
0.625977 0.125000 0.538086 1310682665.691661
0.648438 0.097656 0.573242 1310682665.714643
0.658203 0.112305 0.550781 1310682665.736654
0.617188 0.117188 0.545898 1310682665.780709
0.662109 0.115234 0.510742 1310682665.824710
