0.371094 0.011719 0.677734 1309541544.018388
0.399414 0.028320 0.674805 1309541544.062371
0.401367 0.025391 0.684570 1309541544.084372
0.406250 0.023438 0.688477 1309541544.107375
0.370117 0.009766 0.688477 1309541544.153376
0.370117 0.009766 0.688477 1309541544.176382
0.377930 0.044922 0.692383 1309541544.218381
0.389648 0.020508 0.693359 1309541544.270371
0.404297 0.014648 0.684570 1309541544.283377
0.397461 0.046875 0.712891 1309541544.305374
0.398438 0.029297 0.699219 1309541544.348374
0.376953 0.037109 0.697266 1309541544.390373
0.400391 0.032227 0.704102 1309541544.412382
0.419922 0.034180 0.703125 1309541544.455377
0.389648 0.039062 0.724609 1309541544.477390
0.405273 0.039062 0.724609 1309541544.498378
0.389648 0.050781 0.696289 1309541544.542374
0.400391 0.045898 0.690430 1309541544.569364
0.389648 0.030273 0.674805 1309541544.612399
0.390625 0.031250 0.692383 1309541544.638391
0.396484 0.017578 0.682617 1309541544.659391
0.405273 0.021484 0.682617 1309541544.693389
0.383789 0.019531 0.701172 1309541544.737388
0.386719 0.011719 0.722656 1309541544.764386
0.375000 0.024414 0.696289 1309541544.790356
0.385742 0.007812 0.689453 1309541544.835405
0.390625 0.037109 0.703125 1309541544.857385
0.383789 0.023438 0.683594 1309541544.913387
0.380859 0.019531 0.730469 1309541544.928405
0.376953 0.009766 0.713867 1309541544.974384
0.381836 0.006836 0.694336 1309541544.997381
0.343750 0.029297 0.687500 1309541545.019458
0.403320 0.029297 0.639648 1309541545.040388
0.376953 0.024414 0.710938 1309541545.084397
0.370117 0.047852 0.693359 1309541545.122389
0.366211 0.020508 0.708984 1309541545.144394
0.379883 0.018555 0.667969 1309541545.185391
0.362305 0.001953 0.698242 1309541545.207391
0.400391 -0.010742 0.709961 1309541545.250395
0.379883 0.041992 0.688477 1309541545.293396
0.373047 0.035156 0.691406 1309541545.315394
0.374023 -0.007812 0.722656 1309541545.338394
0.375000 0.028320 0.695312 1309541545.384392
0.389648 0.037109 0.723633 1309541545.407395
0.389648 -0.003906 0.723633 1309541545.428396
0.410156 0.018555 0.723633 1309541545.475405
0.382812 0.043945 0.690430 1309541545.502400
0.381836 0.035156 0.712891 1309541545.553410
0.372070 0.025391 0.720703 1309541545.565402
0.355469 0.084961 0.700195 1309541545.609395
0.391602 0.024414 0.685547 1309541545.632431
0.391602 0.024414 0.685547 1309541545.654405
0.396484 0.013672 0.701172 1309541545.701396
0.381836 -0.003906 0.690430 1309541545.725404
0.395508 0.026367 0.691406 1309541545.764405
0.412109 0.023438 0.686523 1309541545.788407
0.412109 0.023438 0.686523 1309541545.832404
0.411133 0.044922 0.684570 1309541545.867408
0.387695 0.039062 0.671875 1309541545.888403
0.386719 0.048828 0.682617 1309541545.930398
0.383789 0.038086 0.683594 1309541545.953389
0.400391 0.044922 0.681641 1309541545.995415
0.383789 0.034180 0.676758 1309541546.018396
0.398438 0.027344 0.697266 1309541546.073412
0.373047 0.027344 0.690430 1309541546.095413
0.382812 0.049805 0.674805 1309541546.118407
0.377930 0.045898 0.693359 1309541546.161411
0.412109 0.017578 0.653320 1309541546.183412
0.405273 0.036133 0.700195 1309541546.204412
0.405273 0.036133 0.700195 1309541546.232412
0.398438 0.018555 0.694336 1309541546.275421
0.388672 0.025391 0.689453 1309541546.319414
0.398438 -0.004883 0.680664 1309541546.341414
0.404297 -0.004883 0.707031 1309541546.406416
0.390625 0.029297 0.687500 1309541546.408407
0.393555 0.009766 0.699219 1309541546.445416
0.402344 0.024414 0.738281 1309541546.470390
0.401367 0.030273 0.717773 1309541546.495423
0.403320 0.022461 0.685547 1309541546.539443
0.402344 -0.000977 0.685547 1309541546.583422
0.382812 0.017578 0.693359 1309541546.598421
0.416992 -0.001953 0.701172 1309541546.629419
0.376953 0.032227 0.702148 1309541546.678421
0.385742 0.033203 0.710938 1309541546.703423
0.382812 0.010742 0.671875 1309541546.729417
0.361328 0.037109 0.671875 1309541546.752421
0.384766 0.018555 0.701172 1309541546.816422
0.375000 0.024414 0.683594 1309541546.838419
0.368164 0.024414 0.688477 1309541546.860426
0.397461 0.041992 0.695312 1309541546.883449
0.372070 0.038086 0.696289 1309541546.929424
0.415039 0.021484 0.660156 1309541546.973419
0.385742 0.029297 0.701172 1309541546.999448
0.389648 0.028320 0.681641 1309541547.021426
0.405273 0.034180 0.653320 1309541547.044438
0.351562 0.031250 0.686523 1309541547.086428
0.407227 0.008789 0.683594 1309541547.110429
0.385742 0.026367 0.699219 1309541547.155437
0.362305 0.034180 0.715820 1309541547.201429
0.390625 0.011719 0.710938 1309541547.224433
0.370117 0.035156 0.686523 1309541547.246430
0.397461 0.022461 0.679688 1309541547.271421
0.364258 0.019531 0.702148 1309541547.314438
0.382812 0.019531 0.702148 1309541547.340436
0.367188 0.023438 0.703125 1309541547.389433
0.424805 0.030273 0.696289 1309541547.411440
0.410156 0.010742 0.671875 1309541547.434440
0.393555 0.024414 0.720703 1309541547.478412
0.399414 -0.000977 0.720703 1309541547.501435
0.375000 0.017578 0.690430 1309541547.551434
0.388672 0.041016 0.670898 1309541547.575442
0.378906 0.004883 0.662109 1309541547.598435
0.413086 0.023438 0.674805 1309541547.674445
0.376953 0.011719 0.713867 1309541547.700438
0.389648 0.051758 0.694336 1309541547.701436
0.380859 0.057617 0.686523 1309541547.723442
0.361328 0.069336 0.689453 1309541547.771422
0.390625 0.025391 0.670898 1309541547.794446
0.400391 -0.007812 0.698242 1309541547.836427
0.407227 0.036133 0.693359 1309541547.859449
0.394531 0.045898 0.696289 1309541547.890440
0.406250 0.021484 0.681641 1309541547.912447
0.386719 0.009766 0.681641 1309541547.958453
0.369141 -0.013672 0.691406 1309541548.001454
0.367188 0.013672 0.686523 1309541548.023469
0.377930 0.002930 0.685547 1309541548.044449
0.391602 -0.003906 0.698242 1309541548.089445
0.392578 0.015625 0.720703 1309541548.115457
0.404297 -0.004883 0.711914 1309541548.156450
0.377930 0.014648 0.680664 1309541548.179449
0.377930 0.018555 0.705078 1309541548.224458
0.383789 0.019531 0.696289 1309541548.234454
0.388672 -0.001953 0.706055 1309541548.266450
0.375977 0.013672 0.710938 1309541548.309451
0.374023 0.035156 0.710938 1309541548.353459
0.370117 0.046875 0.692383 1309541548.383445
0.395508 0.026367 0.700195 1309541548.406453
