0.637695 0.207031 0.470703 1309547769.404474
0.664062 0.201172 0.493164 1309547769.448475
0.665039 0.236328 0.471680 1309547769.450473
0.685547 0.244141 0.474609 1309547769.506474
0.689453 0.199219 0.477539 1309547769.528471
0.665039 0.221680 0.457031 1309547769.551474
0.673828 0.214844 0.482422 1309547769.594479
0.672852 0.216797 0.448242 1309547769.637477
0.682617 0.199219 0.457031 1309547769.639472
0.657227 0.193359 0.431641 1309547769.706476
0.653320 0.222656 0.488281 1309547769.727472
0.601562 0.248047 0.482422 1309547769.748476
0.676758 0.222656 0.542969 1309547769.827479
0.661133 0.250000 0.587891 1309547769.828475
0.823242 0.250000 0.587891 1309547769.829478
0.713867 0.262695 0.576172 1309547769.898482
0.522461 0.544922 0.564453 1309547769.919477
-0.047852 1.027344 0.529297 1309547769.962482
0.062500 0.372070 0.584961 1309547769.964472
0.238281 0.275391 0.594727 1309547770.004482
0.344727 0.275391 0.594727 1309547770.027476
0.562500 0.302734 0.489258 1309547770.073471
1.196289 0.474609 0.821289 1309547770.113469
0.772461 -0.028320 0.434570 1309547770.136464
0.916016 -0.168945 0.121094 1309547770.179504
0.970703 -0.103516 0.239258 1309547770.201488
1.354492 -0.086914 0.177734 1309547770.224488
0.684570 -0.313477 -0.187500 1309547770.268484
0.668945 0.122070 0.658203 1309547770.291487
0.443359 0.335938 0.977539 1309547770.334475
0.648438 0.139648 0.560547 1309547770.357483
0.807617 -0.025391 0.509766 1309547770.401470
0.807617 -0.025391 0.509766 1309547770.422468
0.658203 0.060547 0.604492 1309547770.466488
0.726562 0.164062 0.476562 1309547770.488488
0.682617 0.213867 0.519531 1309547770.532515
0.655273 0.093750 0.557617 1309547770.556505
0.601562 0.173828 0.508789 1309547770.574461
0.641602 0.166992 0.530273 1309547770.619495
0.675781 0.178711 0.489258 1309547770.640489
0.685547 0.214844 0.474609 1309547770.684497
0.663086 0.119141 0.527344 1309547770.728490
0.669922 0.131836 0.524414 1309547770.749494
0.672852 0.178711 0.524414 1309547770.774496
0.648438 0.091797 0.521484 1309547770.818499
0.648438 0.155273 0.504883 1309547770.841493
0.653320 0.185547 0.484375 1309547770.883505
0.643555 0.181641 0.479492 1309547770.927498
0.644531 0.166992 0.479492 1309547770.951500
0.651367 0.179688 0.479492 1309547770.974510
0.700195 0.232422 0.479492 1309547771.016475
0.690430 0.228516 0.475586 1309547771.039501
0.675781 0.277344 0.448242 1309547771.106503
0.648438 0.233398 0.501953 1309547771.128504
0.665039 0.238281 0.493164 1309547771.148505
0.665039 0.238281 0.493164 1309547771.149503
0.663086 0.168945 0.497070 1309547771.193501
0.643555 0.150391 0.523438 1309547771.237506
0.671875 0.140625 0.514648 1309547771.279506
0.647461 0.181641 0.515625 1309547771.307509
0.632812 0.177734 0.545898 1309547771.327506
0.657227 0.199219 0.295898 1309547771.350507
0.675781 0.165039 0.488281 1309547771.393507
0.665039 0.197266 0.490234 1309547771.457506
0.676758 0.152344 0.478516 1309547771.458500
0.653320 0.201172 0.488281 1309547771.501515
0.636719 0.161133 0.483398 1309547771.522511
0.624023 0.204102 0.500977 1309547771.567526
0.670898 0.173828 0.449219 1309547771.591521
0.648438 0.195312 0.473633 1309547771.613532
0.679688 0.175781 0.483398 1309547771.656518
0.656250 0.202148 0.470703 1309547771.678510
0.679688 0.200195 0.487305 1309547771.701487
0.628906 0.222656 0.488281 1309547771.749501
0.664062 0.180664 0.487305 1309547771.792516
0.655273 0.226562 0.484375 1309547771.814526
0.639648 0.191406 0.496094 1309547771.837516
0.690430 0.199219 0.505859 1309547771.882510
0.696289 0.199219 0.505859 1309547771.903506
0.678711 0.181641 0.487305 1309547771.947505
0.695312 0.175781 0.480469 1309547771.969527
0.577148 0.165039 0.505859 1309547772.012522
0.661133 0.179688 0.506836 1309547772.034518
0.661133 0.169922 0.500000 1309547772.078544
0.661133 0.169922 0.500000 1309547772.099531
0.652344 0.173828 0.486328 1309547772.143521
0.670898 0.188477 0.495117 1309547772.164517
0.654297 0.162109 0.471680 1309547772.189527
0.681641 0.210938 0.494141 1309547772.233533
0.663086 0.228516 0.498047 1309547772.254540
0.679688 0.189453 0.500977 1309547772.299528
0.652344 0.186523 0.474609 1309547772.319524
0.671875 0.159180 0.464844 1309547772.393524
0.665039 0.191406 0.518555 1309547772.394528
0.632812 0.223633 0.502930 1309547772.437531
0.663086 0.161133 0.503906 1309547772.458531
0.658203 0.164062 0.493164 1309547772.481532
0.654297 0.135742 0.488281 1309547772.523530
0.636719 0.134766 0.520508 1309547772.546531
0.680664 0.160156 0.511719 1309547772.592535
0.652344 0.210938 0.497070 1309547772.614529
0.653320 0.229492 0.440430 1309547772.639533
0.663086 0.189453 0.440430 1309547772.667511
0.669922 0.169922 0.492188 1309547772.709540
0.666016 0.205078 0.483398 1309547772.753535
0.616211 0.169922 0.503906 1309547772.774538
0.663086 0.195312 0.501953 1309547772.818531
0.639648 0.173828 0.502930 1309547772.841535
0.630859 0.189453 0.487305 1309547772.883538
0.660156 0.228516 0.487305 1309547772.906562
0.660156 0.228516 0.487305 1309547772.929537
0.656250 0.242188 0.462891 1309547772.973545
0.690430 0.187500 0.500977 1309547772.996539
0.704102 0.207031 0.493164 1309547773.025541
0.684570 0.192383 0.512695 1309547773.067562
0.656250 0.193359 0.516602 1309547773.109547
0.701172 0.193359 0.493164 1309547773.132550
0.675781 0.158203 0.491211 1309547773.154541
0.663086 0.185547 0.510742 1309547773.202546
0.673828 0.178711 0.485352 1309547773.233545
0.686523 0.147461 0.476562 1309547773.277546
0.668945 0.132812 0.501953 1309547773.299546
0.672852 0.117188 0.501953 1309547773.321547
0.671875 0.142578 0.516602 1309547773.364524
0.653320 0.163086 0.515625 1309547773.386545
0.669922 0.163086 0.483398 1309547773.429536
0.694336 0.171875 0.467773 1309547773.451558
0.680664 0.183594 0.492188 1309547773.494548
0.679688 0.184570 0.467773 1309547773.517552
0.688477 0.175781 0.478516 1309547773.562547
0.654297 0.209961 0.493164 1309547773.586553
0.676758 0.142578 0.415039 1309547773.662561
0.685547 0.158203 0.488281 1309547773.687538
0.672852 0.183594 0.483398 1309547773.688557
0.651367 0.197266 0.493164 1309547773.708650
0.687500 0.190430 0.494141 1309547773.753556
0.649414 0.185547 0.508789 1309547773.774553
0.649414 0.185547 0.508789 1309547773.798556
0.648438 0.112305 0.490234 1309547773.841556
0.657227 0.163086 0.491211 1309547773.884560
0.676758 0.218750 0.457031 1309547773.907546
0.668945 0.203125 0.475586 1309547773.929560
0.683594 0.203125 0.475586 1309547773.954560
0.655273 0.214844 0.487305 1309547774.006560
0.681641 0.125977 0.537109 1309547774.051568
0.654297 0.192383 0.486328 1309547774.073562
0.647461 0.181641 0.481445 1309547774.106561
0.655273 0.176758 0.427734 1309547774.128570
0.664062 0.176758 0.427734 1309547774.151558
0.668945 0.176758 0.427734 1309547774.194564
0.625977 0.212891 0.485352 1309547774.239568
0.635742 0.236328 0.458008 1309547774.261567
0.687500 0.229492 0.465820 1309547774.284560
0.657227 0.187500 0.478516 1309547774.324531
0.662109 0.167969 0.495117 1309547774.347543
0.669922 0.187500 0.486328 1309547774.389568
0.686523 0.215820 0.468750 1309547774.433573
0.659180 0.183594 0.489258 1309547774.454570
0.672852 0.191406 0.453125 1309547774.499572
0.662109 0.170898 0.495117 1309547774.521562
0.678711 0.144531 0.496094 1309547774.544577
0.700195 0.174805 0.465820 1309547774.578572
0.674805 0.163086 0.483398 1309547774.622574
0.697266 0.193359 0.494141 1309547774.666571
0.694336 0.140625 0.468750 1309547774.688591
0.685547 0.183594 0.491211 1309547774.712567
0.660156 0.212891 0.493164 1309547774.756574
0.690430 0.199219 0.492188 1309547774.779575
0.643555 0.190430 0.471680 1309547774.801575
0.668945 0.189453 0.471680 1309547774.842576
0.666016 0.206055 0.500000 1309547774.863572
0.671875 0.220703 0.500000 1309547774.919608
0.652344 0.218750 0.495117 1309547774.991583
0.685547 0.174805 0.446289 1309547774.992583
0.663086 0.167969 0.488281 1309547775.008592
0.690430 0.178711 0.489258 1309547775.031580
0.655273 0.147461 0.509766 1309547775.073584
0.635742 0.162109 0.476562 1309547775.096583
0.635742 0.162109 0.476562 1309547775.140581
0.670898 0.151367 0.516602 1309547775.158582
0.659180 0.219727 0.457031 1309547775.192583
0.675781 0.257812 0.486328 1309547775.237585
0.674805 0.198242 0.493164 1309547775.258582
0.674805 0.198242 0.493164 1309547775.302585
0.665039 0.202148 0.493164 1309547775.326550
0.636719 0.192383 0.500977 1309547775.348582
0.668945 0.233398 0.475586 1309547775.392587
0.655273 0.179688 0.480469 1309547775.414572
0.650391 0.213867 0.514648 1309547775.438593
0.635742 0.229492 0.501953 1309547775.474595
0.653320 0.229492 0.501953 1309547775.516590
0.714844 0.212891 0.482422 1309547775.561589
0.677734 0.173828 0.488281 1309547775.604593
0.659180 0.175781 0.502930 1309547775.606570
0.650391 0.192383 0.492188 1309547775.650596
0.683594 0.195312 0.480469 1309547775.676607
0.644531 0.138672 0.504883 1309547775.717590
0.662109 0.212891 0.515625 1309547775.761592
0.651367 0.189453 0.491211 1309547775.783594
0.676758 0.192383 0.456055 1309547775.811608
0.663086 0.136719 0.499023 1309547775.833599
0.659180 0.176758 0.522461 1309547775.876563
0.653320 0.159180 0.509766 1309547775.898591
0.639648 0.202148 0.478516 1309547775.943594
0.670898 0.194336 0.482422 1309547775.967588
0.657227 0.191406 0.472656 1309547775.991602
0.693359 0.191406 0.472656 1309547776.033604
0.665039 0.158203 0.507812 1309547776.059598
0.644531 0.210938 0.508789 1309547776.102603
0.669922 0.192383 0.483398 1309547776.124599
0.659180 0.201172 0.506836 1309547776.169597
0.682617 0.220703 0.462891 1309547776.259601
0.659180 0.220703 0.462891 1309547776.279594
0.657227 0.173828 0.486328 1309547776.301609
0.669922 0.169922 0.502930 1309547776.302602
0.650391 0.205078 0.487305 1309547776.323610
0.672852 0.154297 0.493164 1309547776.346586
0.672852 0.171875 0.457031 1309547776.389608
0.647461 0.200195 0.531250 1309547776.412612
0.672852 0.237305 0.467773 1309547776.463608
0.658203 0.222656 0.471680 1309547776.483608
0.662109 0.224609 0.485352 1309547776.526580
0.679688 0.205078 0.451172 1309547776.549617
0.687500 0.193359 0.489258 1309547776.566583
0.687500 0.193359 0.489258 1309547776.599612
0.674805 0.230469 0.488281 1309547776.643610
0.692383 0.191406 0.471680 1309547776.688636
0.680664 0.201172 0.485352 1309547776.709615
0.693359 0.224609 0.461914 1309547776.753609
0.665039 0.185547 0.490234 1309547776.774612
0.669922 0.214844 0.481445 1309547776.817622
0.666992 0.244141 0.457031 1309547776.861614
0.677734 0.194336 0.486328 1309547776.883611
0.673828 0.233398 0.500977 1309547776.904604
0.678711 0.197266 0.481445 1309547776.927598
0.685547 0.187500 0.481445 1309547776.971618
0.661133 0.179688 0.491211 1309547776.994622
0.674805 0.202148 0.491211 1309547777.039619
0.654297 0.196289 0.487305 1309547777.062622
0.662109 0.190430 0.506836 1309547777.107617
0.698242 0.220703 0.490234 1309547777.128618
0.684570 0.194336 0.428711 1309547777.152623
0.793945 0.186523 0.430664 1309547777.195628
0.936523 0.077148 0.323242 1309547777.218620
1.322266 -0.027344 -0.018555 1309547777.259623
1.091797 -0.409180 0.179688 1309547777.280622
1.197266 -0.317383 0.360352 1309547777.326638
1.197266 -0.317383 0.360352 1309547777.348632
0.920898 0.038086 0.392578 1309547777.392625
0.743164 0.237305 0.406250 1309547777.439637
0.598633 0.240234 0.450195 1309547777.449634
