0.520508 0.073242 0.668945 1311188772.737999
0.498047 0.086914 0.668945 1311188772.761999
0.539062 0.064453 0.622070 1311188772.807006
0.506836 0.103516 0.625000 1311188772.831003
0.514648 0.051758 0.640625 1311188772.877029
0.535156 0.096680 0.650391 1311188772.901005
0.515625 0.086914 0.618164 1311188772.922014
0.548828 0.051758 0.605469 1311188772.968005
0.516602 0.037109 0.636719 1311188773.011019
0.509766 0.062500 0.621094 1311188773.034008
0.548828 0.095703 0.639648 1311188773.082019
0.543945 0.037109 0.613281 1311188773.083004
0.553711 0.136719 0.583008 1311188773.127011
0.530273 0.106445 0.626953 1311188773.151010
0.543945 0.118164 0.632812 1311188773.217008
0.513672 0.155273 0.600586 1311188773.219011
0.541992 0.134766 0.610352 1311188773.244016
0.538086 0.166016 0.610352 1311188773.289014
0.538086 0.166016 0.610352 1311188773.316011
0.566406 0.154297 0.577148 1311188773.361013
0.527344 0.183594 0.607422 1311188773.386018
0.522461 0.183594 0.558594 1311188773.411032
0.581055 0.177734 0.560547 1311188773.453015
0.540039 0.196289 0.556641 1311188773.497014
0.570312 0.190430 0.554688 1311188773.523021
0.599609 0.146484 0.585938 1311188773.544035
0.538086 0.189453 0.540039 1311188773.569016
0.550781 0.205078 0.569336 1311188773.611015
0.545898 0.202148 0.565430 1311188773.634037
0.548828 0.122070 0.604492 1311188773.674022
0.566406 0.156250 0.561523 1311188773.723019
0.549805 0.186523 0.577148 1311188773.770021
0.524414 0.019531 0.620117 1311188773.807995
0.511719 0.135742 0.639648 1311188773.828019
0.556641 0.157227 0.615234 1311188773.830021
0.495117 -0.013672 0.654297 1311188773.872014
0.477539 0.046875 0.663086 1311188773.897024
0.534180 0.085938 0.687500 1311188773.939024
0.586914 0.049805 0.804688 1311188773.961035
0.436523 -0.088867 0.887695 1311188774.003027
0.526367 -0.023438 0.781250 1311188774.024040
0.526367 -0.023438 0.781250 1311188774.048035
0.541992 0.009766 0.673828 1311188774.097042
0.740234 0.039062 0.438477 1311188774.141029
0.727539 -0.007812 0.213867 1311188774.164027
0.848633 -0.037109 -0.004883 1311188774.187030
0.938477 -0.037109 -0.004883 1311188774.209029
0.938477 -0.037109 -0.004883 1311188774.252027
1.029297 -0.188477 -0.297852 1311188774.296035
0.960938 -0.037109 -0.217773 1311188774.318033
1.090820 -0.080078 -0.416016 1311188774.342033
1.131836 0.201172 -0.175781 1311188774.372770
0.977539 0.039062 -0.175781 1311188774.416037
0.979492 -0.208008 -0.395508 1311188774.451037
0.968750 -0.116211 -0.424805 1311188774.483032
0.855469 -0.120117 -0.483398 1311188774.504036
0.960938 0.029297 -0.567383 1311188774.547037
0.991211 -0.003906 -0.592773 1311188774.589025
0.930664 0.063477 -0.621094 1311188774.612051
0.909180 0.089844 -0.674805 1311188774.633013
0.939453 0.024414 -0.714844 1311188774.677032
0.958984 -0.022461 -0.666016 1311188774.698033
0.872070 0.020508 -0.619141 1311188774.742044
0.888672 -0.047852 -0.618164 1311188774.764045
0.924805 -0.027344 -0.630859 1311188774.808040
0.881836 0.000977 -0.633789 1311188774.832044
0.923828 -0.017578 -0.652344 1311188774.857043
0.881836 -0.046875 -0.604492 1311188774.907061
0.923828 -0.007812 -0.590820 1311188774.933048
0.885742 -0.016602 -0.590820 1311188774.956044
0.887695 -0.040039 -0.603516 1311188774.999039
0.957031 -0.166992 -0.558594 1311188775.073043
0.948242 -0.141602 -0.583984 1311188775.099045
0.949219 -0.076172 -0.563477 1311188775.101049
0.904297 -0.042969 -0.575195 1311188775.121047
0.934570 -0.083008 -0.575195 1311188775.144052
0.910156 -0.138672 -0.554688 1311188775.189048
0.913086 -0.085938 -0.563477 1311188775.214050
0.957031 -0.062500 -0.577148 1311188775.257053
0.970703 -0.077148 -0.585938 1311188775.279048
0.927734 -0.070312 -0.559570 1311188775.328059
0.932617 -0.030273 -0.562500 1311188775.350053
0.923828 -0.066406 -0.547852 1311188775.391053
0.977539 -0.085938 -0.536133 1311188775.412047
0.949219 -0.093750 -0.554688 1311188775.457057
0.919922 -0.042969 -0.563477 1311188775.479068
0.938477 -0.082031 -0.585938 1311188775.501058
0.927734 -0.071289 -0.569336 1311188775.546050
0.932617 -0.098633 -0.549805 1311188775.567039
0.946289 -0.071289 -0.575195 1311188775.614058
0.947266 -0.042969 -0.588867 1311188775.636065
0.938477 -0.064453 -0.564453 1311188775.678055
0.958984 -0.094727 -0.582031 1311188775.699055
0.921875 -0.064453 -0.564453 1311188775.743058
0.983398 -0.084961 -0.578125 1311188775.787072
0.959961 -0.059570 -0.541016 1311188775.811062
0.962891 -0.060547 -0.540039 1311188775.833062
0.922852 -0.057617 -0.515625 1311188775.857064
0.969727 -0.076172 -0.523438 1311188775.904062
1.000000 -0.060547 -0.495117 1311188775.932042
0.957031 -0.057617 -0.518555 1311188775.956066
0.963867 -0.047852 -0.514648 1311188775.999064
0.957031 -0.071289 -0.547852 1311188776.022069
0.961914 -0.050781 -0.514648 1311188776.064075
0.979492 -0.042969 -0.518555 1311188776.087068
0.981445 -0.077148 -0.514648 1311188776.129069
0.955078 -0.018555 -0.513672 1311188776.173076
0.950195 -0.018555 -0.498047 1311188776.196103
0.959961 -0.027344 -0.536133 1311188776.217063
0.942383 -0.040039 -0.530273 1311188776.261067
