0.434570 0.279297 0.588867 1311032867.505456
0.452148 0.270508 0.591797 1311032867.516449
0.454102 0.020508 0.591797 1311032867.540428
0.484375 0.263672 0.584961 1311032867.589440
0.425781 0.298828 0.577148 1311032867.625440
0.429688 0.285156 0.618164 1311032867.640455
0.443359 0.241211 0.589844 1311032867.688439
0.514648 0.229492 0.571289 1311032867.710416
0.473633 0.275391 0.574219 1311032867.759431
0.473633 0.275391 0.574219 1311032867.771456
0.465820 0.274414 0.587891 1311032867.824446
0.359375 0.370117 0.583008 1311032867.845455
0.427734 0.199219 0.593750 1311032867.869471
0.461914 0.250000 0.592773 1311032867.895423
0.488281 0.269531 0.615234 1311032867.938445
0.448242 0.267578 0.615234 1311032867.974432
0.540039 0.217773 0.583008 1311032868.013454
0.500000 0.310547 0.581055 1311032868.035451
0.498047 0.304688 0.511719 1311032868.060458
0.406250 0.237305 0.586914 1311032868.104441
0.512695 0.287109 0.561523 1311032868.128431
0.450195 0.240234 0.580078 1311032868.171448
0.536133 0.336914 0.526367 1311032868.222480
0.465820 0.302734 0.574219 1311032868.283473
0.475586 0.302734 0.583984 1311032868.308464
0.491211 0.233398 0.583984 1311032868.353493
0.500000 0.311523 0.527344 1311032868.374457
0.471680 0.261719 0.578125 1311032868.375541
0.483398 0.292969 0.588867 1311032868.395492
0.490234 0.199219 0.609375 1311032868.439461
0.547852 0.250000 0.540039 1311032868.463479
0.483398 0.208008 0.578125 1311032868.506466
0.384766 0.326172 0.448242 1311032868.534484
0.448242 0.425781 0.478516 1311032868.555473
0.470703 0.165039 0.581055 1311032868.601481
0.500977 0.229492 0.542969 1311032868.623477
0.399414 0.216797 0.481445 1311032868.645463
0.399414 0.216797 0.481445 1311032868.668463
0.601562 0.242188 0.604492 1311032868.711441
0.537109 0.171875 0.583008 1311032868.736468
0.534180 0.324219 0.532227 1311032868.786480
0.531250 0.397461 0.467773 1311032868.808469
0.566406 0.386719 0.463867 1311032868.851458
0.538086 0.257812 0.550781 1311032868.874473
0.518555 0.177734 0.605469 1311032868.918494
0.525391 0.306641 0.516602 1311032868.939473
0.505859 0.393555 0.461914 1311032868.961484
0.524414 0.331055 0.511719 1311032869.008482
0.506836 0.231445 0.523438 1311032869.030453
0.501953 0.271484 0.536133 1311032869.066466
0.541992 0.296875 0.518555 1311032869.110459
0.598633 0.254883 0.550781 1311032869.143497
0.533203 0.279297 0.546875 1311032869.160494
0.553711 0.253906 0.538086 1311032869.188468
0.480469 0.332031 0.538086 1311032869.225552
0.480469 0.332031 0.538086 1311032869.248483
0.469727 0.150391 0.658203 1311032869.294514
0.706055 0.361328 0.458984 1311032869.318466
0.349609 0.095703 0.563477 1311032869.347480
0.494141 0.278320 0.525391 1311032869.414507
0.596680 0.028320 0.525391 1311032869.425477
0.471680 0.267578 0.535156 1311032869.469512
0.598633 0.253906 0.608398 1311032869.490467
0.537109 0.261719 0.622070 1311032869.541552
0.496094 0.240234 0.574219 1311032869.542480
0.501953 0.337891 0.533203 1311032869.615525
0.251953 0.337891 0.533203 1311032869.616477
0.467773 0.304688 0.527344 1311032869.652696
0.411133 0.284180 0.568359 1311032869.676485
0.448242 0.250977 0.555664 1311032869.706479
0.483398 0.302734 0.586914 1311032869.755498
0.465820 0.257812 0.577148 1311032869.776466
0.458984 0.272461 0.573242 1311032869.818890
0.434570 0.283203 0.618164 1311032869.856497
0.471680 0.316406 0.549805 1311032869.880501
0.477539 0.295898 0.575195 1311032869.901475
0.537109 0.266602 0.552734 1311032869.950508
0.488281 0.256836 0.602539 1311032869.971498
0.477539 0.265625 0.584961 1311032869.995473
0.468750 0.240234 0.586914 1311032870.041477
0.463867 0.289062 0.579102 1311032870.064504
0.439453 0.330078 0.546875 1311032870.109509
0.506836 0.257812 0.593750 1311032870.130483
0.456055 0.175781 0.623047 1311032870.155481
0.571289 0.390625 0.492188 1311032870.199497
0.473633 0.169922 0.615234 1311032870.220499
0.490234 0.490234 0.421875 1311032870.265514
0.582031 0.015625 0.626953 1311032870.307497
0.481445 0.275391 0.568359 1311032870.332561
0.416992 0.385742 0.507812 1311032870.354499
0.536133 0.273438 0.595703 1311032870.399499
0.444336 0.232422 0.594727 1311032870.420494
0.544922 0.303711 0.533203 1311032870.464498
0.514648 0.287109 0.588867 1311032870.485513
0.575195 0.237305 0.566406 1311032870.520495
0.492188 0.184570 0.600586 1311032870.541550
0.413086 0.258789 0.546875 1311032870.584507
0.595703 0.337891 0.551758 1311032870.607559
0.532227 0.323242 0.543945 1311032870.637507
0.510742 0.299805 0.519531 1311032870.681504
0.385742 0.217773 0.574219 1311032870.704509
0.566406 0.217773 0.574219 1311032870.749485
0.514648 0.258789 0.568359 1311032870.781523
0.472656 0.307617 0.515625 1311032870.832502
0.494141 0.220703 0.544922 1311032870.859506
0.478516 0.166016 0.576172 1311032870.860482
0.535156 0.323242 0.588867 1311032870.905519
0.510742 0.255859 0.514648 1311032870.930521
0.527344 0.310547 0.570312 1311032870.980503
0.552734 0.203125 0.569336 1311032871.005488
0.492188 0.248047 0.552734 1311032871.027512
0.544922 0.345703 0.541992 1311032871.074515
0.553711 0.276367 0.505859 1311032871.095516
0.527344 0.292969 0.549805 1311032871.121515
0.523438 0.316406 0.536133 1311032871.159540
0.541992 0.271484 0.529297 1311032871.205515
0.538086 0.250000 0.548828 1311032871.226537
0.514648 0.308594 0.574219 1311032871.251517
0.559570 0.274414 0.479492 1311032871.275506
0.520508 0.269531 0.544922 1311032871.325540
0.502930 0.244141 0.543945 1311032871.350520
0.571289 0.277344 0.544922 1311032871.392547
0.528320 0.263672 0.526367 1311032871.415539
0.480469 0.359375 0.531250 1311032871.461527
0.358398 0.539062 0.473633 1311032871.497516
0.533203 0.108398 0.593750 1311032871.519542
0.413086 0.230469 0.625000 1311032871.542528
0.449219 0.207031 0.592773 1311032871.599549
0.469727 0.248047 0.592773 1311032871.621526
0.512695 0.275391 0.549805 1311032871.644521
0.507812 0.225586 0.549805 1311032871.667550
0.451172 0.237305 0.590820 1311032871.704527
0.444336 0.241211 0.596680 1311032871.747516
0.513672 0.268555 0.593750 1311032871.769536
0.454102 0.322266 0.538086 1311032871.812599
0.441406 0.264648 0.583008 1311032871.849537
0.432617 0.230469 0.564453 1311032871.877525
0.524414 0.241211 0.550781 1311032871.902545
0.500977 0.320312 0.546875 1311032871.945515
0.500977 0.291992 0.530273 1311032871.967526
0.531250 0.354492 0.531250 1311032871.990532
0.494141 0.316406 0.540039 1311032872.035546
0.492188 0.304688 0.566406 1311032872.057524
0.446289 0.291016 0.577148 1311032872.139538
0.429688 0.307617 0.547852 1311032872.140509
0.473633 0.277344 0.584961 1311032872.157615
0.486328 0.294922 0.561523 1311032872.181539
0.480469 0.283203 0.557617 1311032872.210532
0.473633 0.298828 0.557617 1311032872.275526
0.489258 0.243164 0.545898 1311032872.296584
0.492188 0.212891 0.575195 1311032872.319543
0.449219 0.282227 0.545898 1311032872.365546
0.515625 0.294922 0.585938 1311032872.386519
0.410156 0.322266 0.585938 1311032872.409545
0.487305 0.201172 0.556641 1311032872.454539
0.450195 0.348633 0.557617 1311032872.475569
0.481445 0.313477 0.524414 1311032872.520543
0.511719 0.226562 0.532227 1311032872.544544
0.408203 0.232422 0.581055 1311032872.569576
0.361328 0.531250 0.454102 1311032872.599551
0.524414 0.330078 0.561523 1311032872.644547
0.444336 0.380859 0.561523 1311032872.665553
0.479492 0.231445 0.613281 1311032872.720560
0.412109 0.250000 0.624023 1311032872.742532
0.501953 0.270508 0.580078 1311032872.767547
0.501953 0.270508 0.580078 1311032872.796537
0.463867 0.250000 0.570312 1311032872.841539
0.429688 0.233398 0.584961 1311032872.865589
0.573242 0.249023 0.540039 1311032872.910553
0.427734 0.300781 0.565430 1311032872.931564
0.501953 0.268555 0.537109 1311032872.955551
0.538086 0.271484 0.565430 1311032872.997556
0.538086 0.188477 0.583008 1311032873.070550
0.534180 0.235352 0.545898 1311032873.072560
0.527344 0.374023 0.541992 1311032873.104550
0.527344 0.374023 0.541992 1311032873.125546
0.483398 0.342773 0.534180 1311032873.169565
0.448242 0.326172 0.534180 1311032873.192523
0.570312 0.219727 0.510742 1311032873.235578
0.472656 0.240234 0.541016 1311032873.259530
0.582031 0.312500 0.538086 1311032873.281556
0.512695 0.300781 0.502930 1311032873.317549
0.568359 0.279297 0.489258 1311032873.341563
0.542969 0.279297 0.489258 1311032873.397576
0.561523 0.280273 0.508789 1311032873.436519
0.595703 0.280273 0.547852 1311032873.457521
0.540039 0.252930 0.530273 1311032873.479542
0.508789 0.271484 0.492188 1311032873.524578
0.590820 0.346680 0.512695 1311032873.546556
0.541992 0.255859 0.515625 1311032873.590563
0.551758 0.297852 0.515625 1311032873.614579
0.551758 0.303711 0.522461 1311032873.656516
0.586914 0.269531 0.480469 1311032873.679522
0.545898 0.285156 0.531250 1311032873.706589
0.534180 0.310547 0.531250 1311032873.733554
0.557617 0.259766 0.469727 1311032873.771547
0.581055 0.309570 0.536133 1311032873.814555
0.546875 0.252930 0.497070 1311032873.840516
0.545898 0.276367 0.494141 1311032873.862564
0.514648 0.289062 0.532227 1311032873.906536
0.483398 0.348633 0.535156 1311032873.930519
0.733398 0.348633 0.535156 1311032873.977576
0.565430 0.222656 0.515625 1311032874.024526
0.527344 0.343750 0.620117 1311032874.026516
0.519531 0.321289 0.541016 1311032874.061520
0.373047 0.163086 0.620117 1311032874.084539
0.468750 0.201172 0.593750 1311032874.129544
0.460938 0.214844 0.615234 1311032874.172605
0.415039 0.208984 0.583008 1311032874.195529
0.491211 0.171875 0.610352 1311032874.226541
0.473633 0.220703 0.619141 1311032874.250533
0.436523 0.247070 0.609375 1311032874.273541
0.521484 0.335938 0.533203 1311032874.320560
0.481445 0.246094 0.584961 1311032874.346557
0.510742 0.334961 0.532227 1311032874.392564
0.472656 0.285156 0.557617 1311032874.415534
0.467773 0.321289 0.583984 1311032874.441564
0.473633 0.253906 0.583984 1311032874.465601
0.521484 0.280273 0.560547 1311032874.526556
0.501953 0.283203 0.577148 1311032874.551532
0.457031 0.282227 0.561523 1311032874.572565
0.432617 0.272461 0.592773 1311032874.615531
0.436523 0.275391 0.578125 1311032874.641557
0.509766 0.298828 0.535156 1311032874.671557
0.419922 0.224609 0.623047 1311032874.731538
0.492188 0.261719 0.583984 1311032874.754599
0.531250 0.256836 0.560547 1311032874.775577
0.478516 0.270508 0.579102 1311032874.819554
0.425781 0.284180 0.581055 1311032874.840580
0.425781 0.284180 0.581055 1311032874.862537
0.468750 0.314453 0.593750 1311032874.899562
0.483398 0.279297 0.557617 1311032874.924566
0.443359 0.224609 0.560547 1311032874.967537
0.441406 0.283203 0.570312 1311032874.989548
0.439453 0.278320 0.603516 1311032875.034668
0.397461 0.281250 0.564453 1311032875.057558
0.431641 0.278320 0.604492 1311032875.110572
0.511719 0.253906 0.597656 1311032875.130547
0.570312 0.284180 0.539062 1311032875.152544
0.518555 0.280273 0.527344 1311032875.196557
0.509766 0.267578 0.529297 1311032875.214570
0.461914 0.273438 0.576172 1311032875.282577
0.393555 0.208984 0.604492 1311032875.284544
0.462891 0.232422 0.625000 1311032875.326603
0.377930 0.197266 0.600586 1311032875.349554
0.539062 0.341797 0.544922 1311032875.394560
0.494141 0.239258 0.582031 1311032875.415566
0.467773 0.289062 0.631836 1311032875.445571
0.457031 0.205078 0.608398 1311032875.501568
0.521484 0.221680 0.563477 1311032875.525558
0.521484 0.244141 0.573242 1311032875.551555
0.512695 0.328125 0.489258 1311032875.565554
0.562500 0.315430 0.489258 1311032875.615995
0.513672 0.291992 0.550781 1311032875.634551
0.486328 0.260742 0.533203 1311032875.672552
0.550781 0.275391 0.571289 1311032875.705683
0.535156 0.255859 0.516602 1311032875.730557
0.514648 0.315430 0.538086 1311032875.772690
0.517578 0.246094 0.560547 1311032875.806554
0.558594 0.345703 0.442383 1311032875.837558
0.539062 0.352539 0.541016 1311032875.860572
0.493164 0.238281 0.545898 1311032875.907575
0.454102 0.251953 0.501953 1311032875.930571
0.557617 0.289062 0.531250 1311032875.964584
0.597656 0.259766 0.481445 1311032876.011559
0.523438 0.277344 0.542969 1311032876.026582
0.562500 0.285156 0.542969 1311032876.074581
0.562500 0.244141 0.507812 1311032876.099562
0.502930 0.291992 0.551758 1311032876.141574
0.555664 0.262695 0.520508 1311032876.167581
0.585938 0.276367 0.532227 1311032876.191572
0.571289 0.237305 0.548828 1311032876.220783
0.573242 0.296875 0.539062 1311032876.251635
0.500000 0.304688 0.483398 1311032876.296617
0.535156 0.322266 0.492188 1311032876.317604
0.567383 0.260742 0.521484 1311032876.339616
0.544922 0.296875 0.512695 1311032876.386615
0.576172 0.258789 0.547852 1311032876.421678
0.492188 0.240234 0.511719 1311032876.442956
0.530273 0.232422 0.556641 1311032876.486574
0.502930 0.269531 0.577148 1311032876.506594
0.488281 0.298828 0.327148 1311032876.549588
0.527344 0.574219 0.465820 1311032876.575762
0.539062 0.277344 0.562500 1311032876.620590
0.598633 0.246094 0.611328 1311032876.641572
0.553711 0.281250 0.551758 1311032876.664578
0.420898 0.197266 0.614258 1311032876.707572
0.476562 0.268555 0.593750 1311032876.729594
0.472656 0.207031 0.584961 1311032876.774606
0.465820 0.207031 0.574219 1311032876.796637
0.420898 0.232422 0.586914 1311032876.837576
0.490234 0.289062 0.608398 1311032876.877591
0.471680 0.236328 0.611328 1311032876.901580
0.471680 0.236328 0.611328 1311032876.925607
0.486328 0.309570 0.555664 1311032876.957583
0.481445 0.259766 0.562500 1311032876.991578
0.484375 0.280273 0.564453 1311032877.016629
0.493164 0.238281 0.579102 1311032877.049621
0.476562 0.232422 0.568359 1311032877.094592
0.506836 0.277344 0.553711 1311032877.137593
0.471680 0.305664 0.554688 1311032877.160610
0.436523 0.274414 0.580078 1311032877.192583
0.424805 0.230469 0.595703 1311032877.215577
0.458984 0.265625 0.558594 1311032877.251604
0.444336 0.313477 0.594727 1311032877.300586
0.472656 0.219727 0.596680 1311032877.322579
0.468750 0.296875 0.604492 1311032877.357588
0.436523 0.263672 0.607422 1311032877.381631
0.467773 0.302734 0.563477 1311032877.405587
0.466797 0.294922 0.553711 1311032877.471596
0.478516 0.253906 0.553711 1311032877.482607
0.463867 0.277344 0.552734 1311032877.516631
0.472656 0.257812 0.584961 1311032877.539611
0.459961 0.288086 0.554688 1311032877.584608
0.503906 0.271484 0.594727 1311032877.605590
0.467773 0.267578 0.560547 1311032877.634611
0.456055 0.287109 0.560547 1311032877.660619
0.460938 0.277344 0.573242 1311032877.704593
0.483398 0.241211 0.598633 1311032877.769595
0.457031 0.276367 0.584961 1311032877.770591
0.475586 0.192383 0.520508 1311032877.797639
0.492188 0.261719 0.547852 1311032877.821611
0.492188 0.261719 0.547852 1311032877.866600
0.492188 0.265625 0.515625 1311032877.897585
0.427734 0.257812 0.598633 1311032877.940639
0.552734 0.350586 0.506836 1311032877.967599
0.476562 0.304688 0.547852 1311032877.990614
0.474609 0.135742 0.645508 1311032878.035631
0.499023 0.335938 0.553711 1311032878.057627
0.558594 0.335938 0.553711 1311032878.100600
0.483398 0.259766 0.597656 1311032878.115599
0.424805 0.301758 0.544922 1311032878.160617
0.523438 0.283203 0.536133 1311032878.177612
0.492188 0.157227 0.601562 1311032878.222666
0.500977 0.204102 0.575195 1311032878.267596
0.490234 0.320312 0.576172 1311032878.290604
0.474609 0.370117 0.545898 1311032878.312603
0.541016 0.302734 0.538086 1311032878.342604
0.538086 0.302734 0.523438 1311032878.386618
0.536133 0.238281 0.526367 1311032878.409615
0.542969 0.242188 0.493164 1311032878.452626
0.489258 0.279297 0.568359 1311032878.476620
0.552734 0.298828 0.531250 1311032878.502659
0.557617 0.239258 0.525391 1311032878.587651
0.546875 0.318359 0.553711 1311032878.589607
0.537109 0.284180 0.553711 1311032878.607615
0.512695 0.263672 0.569336 1311032878.666615
0.534180 0.245117 0.592773 1311032878.667606
0.539062 0.260742 0.509766 1311032878.700611
0.548828 0.272461 0.522461 1311032878.725636
0.535156 0.207031 0.556641 1311032878.770630
0.533203 0.323242 0.539062 1311032878.794618
0.559570 0.276367 0.501953 1311032878.837626
0.534180 0.270508 0.541992 1311032878.861620
0.547852 0.287109 0.581055 1311032878.910641
0.526367 0.259766 0.451172 1311032878.931677
0.524414 0.273438 0.581055 1311032878.954683
0.524414 0.273438 0.581055 1311032878.980673
0.511719 0.253906 0.532227 1311032879.022690
0.561523 0.301758 0.525391 1311032879.047681
0.561523 0.250000 0.463867 1311032879.097619
0.555664 0.302734 0.538086 1311032879.142617
0.548828 0.274414 0.515625 1311032879.145626
0.538086 0.268555 0.505859 1311032879.187704
0.525391 0.262695 0.530273 1311032879.212623
0.511719 0.268555 0.506836 1311032879.259631
0.539062 0.285156 0.529297 1311032879.281694
0.542969 0.292969 0.510742 1311032879.304620
0.467773 0.301758 0.545898 1311032879.349624
0.455078 0.324219 0.518555 1311032879.372632
0.432617 0.380859 0.569336 1311032879.417667
0.502930 0.207031 0.526367 1311032879.440658
0.545898 0.350586 0.564453 1311032879.465630
0.554688 0.335938 0.556641 1311032879.510654
0.460938 0.228516 0.553711 1311032879.532645
0.541016 0.203125 0.609375 1311032879.575656
0.464844 0.214844 0.624023 1311032879.597675
0.385742 0.236328 0.611328 1311032879.645655
0.420898 0.234375 0.589844 1311032879.666636
0.466797 0.198242 0.601562 1311032879.709632
0.458984 0.220703 0.633789 1311032879.732695
0.452148 0.261719 0.612305 1311032879.762631
0.469727 0.238281 0.595703 1311032879.806635
0.500000 0.267578 0.564453 1311032879.897681
0.501953 0.293945 0.518555 1311032879.899642
0.481445 0.254883 0.583008 1311032879.900630
0.517578 0.273438 0.563477 1311032879.934653
0.446289 0.277344 0.590820 1311032879.959666
0.518555 0.318359 0.534180 1311032880.002638
0.470703 0.272461 0.574219 1311032880.026669
0.430664 0.249023 0.599609 1311032880.049663
0.420898 0.250000 0.573242 1311032880.092665
0.467773 0.313477 0.587891 1311032880.116635
0.484375 0.316406 0.600586 1311032880.161655
0.444336 0.203125 0.575195 1311032880.187681
0.470703 0.281250 0.545898 1311032880.214671
0.437500 0.250000 0.575195 1311032880.256657
0.436523 0.230469 0.591797 1311032880.281643
0.492188 0.271484 0.591797 1311032880.303649
0.452148 0.313477 0.580078 1311032880.346701
