0.555664 -0.121094 0.622070 1310580924.031678
0.564453 -0.101562 0.605469 1310580924.076749
0.561523 -0.088867 0.647461 1310580924.099692
0.575195 -0.116211 0.646484 1310580924.141687
0.545898 -0.140625 0.643555 1310580924.163776
0.534180 -0.102539 0.596680 1310580924.187747
0.565430 -0.093750 0.635742 1310580924.208762
0.555664 -0.114258 0.643555 1310580924.260661
0.567383 -0.162109 0.620117 1310580924.281660
0.574219 -0.113281 0.618164 1310580924.327712
0.574219 -0.090820 0.659180 1310580924.350783
0.529297 -0.089844 0.661133 1310580924.373733
0.521484 -0.066406 0.661133 1310580924.417720
0.498047 -0.065430 0.669922 1310580924.458786
0.561523 -0.087891 0.623047 1310580924.482797
0.564453 -0.114258 0.666016 1310580924.503792
0.560547 -0.057617 0.624023 1310580924.548740
0.553711 -0.065430 0.676758 1310580924.570788
0.590820 -0.054688 0.676758 1310580924.614664
0.583008 0.041016 0.664062 1310580924.636721
-0.276367 0.085938 1.260742 1310580924.680718
-0.259766 0.254883 0.156250 1310580924.713671
1.974609 -1.625977 1.743164 1310580924.758716
-0.078125 0.578125 0.219727 1310580924.780719
0.573242 -0.033203 0.719727 1310580924.801705
0.620117 -0.057617 0.680664 1310580924.845712
0.542969 0.000977 0.641602 1310580924.866724
0.562500 -0.082031 0.617188 1310580924.912692
0.550781 -0.138672 0.645508 1310580924.932721
0.572266 -0.088867 0.627930 1310580924.955699
0.553711 -0.067383 0.625000 1310580925.000693
0.553711 -0.130859 0.631836 1310580925.021711
0.534180 -0.080078 0.651367 1310580925.063800
0.551758 -0.093750 0.614258 1310580925.085759
0.575195 -0.083984 0.651367 1310580925.127755
0.563477 -0.081055 0.673828 1310580925.152803
0.522461 -0.054688 0.621094 1310580925.200780
0.554688 -0.120117 0.633789 1310580925.238735
0.508789 -0.037109 0.615234 1310580925.259752
0.557617 -0.081055 0.632812 1310580925.280683
0.541992 -0.050781 0.646484 1310580925.328755
0.554688 -0.074219 0.644531 1310580925.342711
0.533203 -0.060547 0.638672 1310580925.368751
0.553711 -0.076172 0.656250 1310580925.413770
0.541016 -0.076172 0.656250 1310580925.434734
0.541016 -0.076172 0.656250 1310580925.476808
0.535156 -0.037109 0.620117 1310580925.540773
0.523438 -0.060547 0.615234 1310580925.541811
0.601562 -0.060547 0.615234 1310580925.572692
0.549805 -0.040039 0.624023 1310580925.608687
0.562500 -0.055664 0.612305 1310580925.631725
0.559570 -0.051758 0.594727 1310580925.663738
0.557617 -0.066406 0.612305 1310580925.695807
0.577148 -0.066406 0.612305 1310580925.734718
0.501953 0.006836 0.645508 1310580925.776709
0.564453 -0.044922 0.626953 1310580925.798722
0.558594 -0.046875 0.653320 1310580925.841759
0.566406 -0.044922 0.635742 1310580925.867784
0.558594 -0.046875 0.621094 1310580925.891694
0.562500 -0.059570 0.621094 1310580925.920694
0.526367 -0.070312 0.609375 1310580925.970789
0.569336 -0.049805 0.600586 1310580926.006785
0.540039 -0.067383 0.615234 1310580926.033831
0.534180 -0.111328 0.636719 1310580926.076861
0.541992 -0.090820 0.628906 1310580926.100801
0.535156 -0.044922 0.631836 1310580926.135767
0.551758 -0.074219 0.608398 1310580926.148787
0.548828 -0.096680 0.624023 1310580926.192704
0.568359 -0.133789 0.635742 1310580926.226714
0.566406 -0.101562 0.611328 1310580926.248742
0.533203 -0.090820 0.620117 1310580926.270792
0.540039 -0.086914 0.630859 1310580926.332842
0.539062 -0.083984 0.625977 1310580926.356751
0.526367 -0.114258 0.625977 1310580926.378787
0.543945 -0.091797 0.637695 1310580926.421769
0.548828 -0.109375 0.686523 1310580926.443824
0.523438 -0.101562 0.686523 1310580926.519820
0.577148 -0.065430 0.629883 1310580926.541740
0.564453 -0.075195 0.615234 1310580926.551707
0.552734 -0.079102 0.647461 1310580926.578733
0.563477 -0.039062 0.620117 1310580926.596706
0.557617 -0.072266 0.635742 1310580926.638706
0.531250 -0.037109 0.635742 1310580926.661707
0.549805 -0.059570 0.639648 1310580926.722736
0.556641 -0.054688 0.634766 1310580926.753708
0.541992 -0.042969 0.613281 1310580926.768710
0.536133 -0.039062 0.632812 1310580926.801820
0.556641 -0.096680 0.649414 1310580926.823778
0.552734 -0.060547 0.578125 1310580926.861731
0.552734 -0.060547 0.578125 1310580926.883736
0.552734 -0.078125 0.638672 1310580926.928745
0.549805 -0.073242 0.609375 1310580926.971836
0.535156 -0.078125 0.631836 1310580927.000802
0.590820 -0.062500 0.623047 1310580927.022794
0.515625 -0.048828 0.625000 1310580927.063763
0.504883 -0.045898 0.624023 1310580927.107801
0.541992 -0.114258 0.660156 1310580927.130751
0.517578 -0.064453 0.618164 1310580927.152721
0.527344 -0.064453 0.616211 1310580927.195758
0.519531 -0.058594 0.662109 1310580927.217794
0.561523 -0.101562 0.652344 1310580927.239776
0.541992 -0.060547 0.626953 1310580927.283866
0.561523 -0.096680 0.644531 1310580927.308805
0.525391 -0.093750 0.623047 1310580927.353813
0.545898 -0.086914 0.625000 1310580927.376794
0.535156 -0.116211 0.667969 1310580927.399856
0.550781 -0.104492 0.601562 1310580927.444850
0.500977 -0.080078 0.631836 1310580927.488791
0.545898 -0.092773 0.649414 1310580927.513727
0.541016 -0.081055 0.629883 1310580927.556777
0.532227 -0.121094 0.668945 1310580927.577799
0.546875 -0.096680 0.628906 1310580927.600774
0.588867 -0.091797 0.640625 1310580927.654762
0.559570 -0.125000 0.653320 1310580927.675792
0.535156 -0.076172 0.626953 1310580927.696756
0.562500 -0.091797 0.617188 1310580927.741754
0.572266 -0.092773 0.627930 1310580927.807814
0.557617 -0.087891 0.627930 1310580927.809841
0.568359 -0.080078 0.641602 1310580927.841728
0.540039 -0.081055 0.657227 1310580927.862728
0.509766 -0.070312 0.632812 1310580927.886791
0.538086 -0.064453 0.659180 1310580927.918786
0.557617 -0.078125 0.632812 1310580927.962859
0.564453 -0.090820 0.632812 1310580927.985815
0.535156 -0.079102 0.644531 1310580928.029829
0.538086 -0.065430 0.625000 1310580928.071809
0.549805 -0.043945 0.595703 1310580928.093806
0.548828 -0.105469 0.627930 1310580928.121735
0.568359 -0.077148 0.641602 1310580928.143734
0.553711 -0.031250 0.645508 1310580928.187785
0.514648 0.012695 0.624023 1310580928.231858
0.574219 -0.048828 0.637695 1310580928.252862
0.541992 -0.032227 0.606445 1310580928.273812
0.552734 -0.084961 0.625000 1310580928.317870
0.537109 -0.030273 0.620117 1310580928.340825
0.575195 -0.064453 0.641602 1310580928.383805
0.561523 -0.043945 0.634766 1310580928.411874
0.542969 -0.034180 0.637695 1310580928.451805
0.557617 -0.052734 0.661133 1310580928.472765
0.510742 -0.039062 0.624023 1310580928.517762
0.572266 -0.047852 0.649414 1310580928.541796
0.591797 -0.066406 0.659180 1310580928.566745
0.576172 -0.056641 0.657227 1310580928.602769
0.498047 -0.112305 0.648438 1310580928.627830
0.495117 -0.042969 0.596680 1310580928.667790
0.672852 -0.070312 0.713867 1310580928.690830
0.544922 -0.070312 0.713867 1310580928.735787
0.416992 -0.149414 0.621094 1310580928.757813
0.473633 -0.064453 0.626953 1310580928.803773
0.198242 -0.066406 0.459961 1310580928.848870
0.780273 -0.046875 0.746094 1310580928.891876
0.606445 0.022461 0.624023 1310580928.914861
0.507812 -0.086914 0.645508 1310580928.946803
0.554688 -0.086914 0.645508 1310580928.947795
0.515625 -0.060547 0.587891 1310580928.992835
0.531250 -0.074219 0.633789 1310580929.123780
0.542969 -0.073242 0.643555 1310580929.125775
0.530273 -0.078125 0.616211 1310580929.126777
0.530273 -0.082031 0.652344 1310580929.145753
0.562500 -0.023438 0.622070 1310580929.147755
0.552734 -0.048828 0.646484 1310580929.190793
0.601562 -0.047852 0.618164 1310580929.212842
0.557617 -0.085938 0.653320 1310580929.256813
0.571289 -0.088867 0.638672 1310580929.279845
0.663086 -0.276367 0.730469 1310580929.325801
0.551758 -0.078125 0.634766 1310580929.353885
0.666992 -0.081055 0.677734 1310580929.375812
0.638672 0.514648 0.608398 1310580929.404891
0.392578 0.072266 0.621094 1310580929.441786
0.391602 -0.091797 0.635742 1310580929.475761
0.273438 -0.035156 0.544922 1310580929.503875
0.252930 -0.242188 0.626953 1310580929.546769
0.530273 -0.067383 0.733398 1310580929.567766
0.337891 0.152344 0.596680 1310580929.611794
0.732422 -0.076172 0.797852 1310580929.645796
0.472656 0.083984 0.643555 1310580929.668783
0.386719 0.018555 0.625000 1310580929.701826
0.516602 0.179688 0.585938 1310580929.728856
0.757812 -0.226562 0.760742 1310580929.776796
0.366211 0.266602 0.503906 1310580929.797787
0.546875 0.093750 0.609375 1310580929.840823
0.422852 0.067383 0.609375 1310580929.861903
0.455078 -0.047852 0.653320 1310580929.904882
0.544922 0.000977 0.600586 1310580929.926878
0.554688 -0.036133 0.624023 1310580929.948843
0.561523 -0.072266 0.634766 1310580929.993895
0.535156 -0.039062 0.637695 1310580930.016826
0.530273 -0.015625 0.637695 1310580930.059802
0.551758 -0.068359 0.629883 1310580930.083803
0.530273 -0.042969 0.633789 1310580930.126803
0.570312 -0.051758 0.613281 1310580930.148859
0.521484 -0.043945 0.643555 1310580930.172866
0.506836 -0.039062 0.638672 1310580930.218844
0.521484 -0.035156 0.638672 1310580930.248848
0.521484 -0.035156 0.638672 1310580930.283836
0.541016 -0.044922 0.631836 1310580930.306869
0.523438 -0.044922 0.624023 1310580930.381886
0.534180 -0.042969 0.658203 1310580930.382895
0.528320 -0.069336 0.626953 1310580930.398844
0.533203 -0.047852 0.653320 1310580930.443781
0.546875 -0.046875 0.624023 1310580930.466797
0.574219 -0.064453 0.632812 1310580930.516782
0.568359 -0.048828 0.666016 1310580930.538979
0.562500 -0.069336 0.650391 1310580930.582827
0.582031 -0.020508 0.650391 1310580930.606814
0.598633 -0.073242 0.645508 1310580930.631786
0.527344 -0.071289 0.613281 1310580930.665840
0.503906 0.075195 0.577148 1310580930.707787
0.491211 0.072266 0.609375 1310580930.736822
0.448242 0.108398 0.546875 1310580930.757834
0.513672 0.048828 0.546875 1310580930.780879
0.534180 -0.035156 0.635742 1310580930.825827
0.525391 -0.014648 0.627930 1310580930.890871
0.537109 0.001953 0.605469 1310580930.891823
0.547852 -0.066406 0.625977 1310580930.930919
0.564453 -0.126953 0.668945 1310580930.951913
0.564453 -0.126953 0.668945 1310580930.975865
0.545898 -0.067383 0.617188 1310580931.018850
0.545898 -0.067383 0.617188 1310580931.055795
0.524414 -0.037109 0.644531 1310580931.106921
0.592773 -0.030273 0.639648 1310580931.130892
0.532227 -0.062500 0.629883 1310580931.172881
0.532227 -0.062500 0.629883 1310580931.182929
0.552734 -0.074219 0.659180 1310580931.210896
0.550781 -0.088867 0.664062 1310580931.255852
0.568359 -0.109375 0.673828 1310580931.279930
0.515625 -0.086914 0.627930 1310580931.312936
0.526367 -0.097656 0.635742 1310580931.345935
0.534180 -0.083984 0.632812 1310580931.378802
0.558594 -0.070312 0.659180 1310580931.401798
0.551758 -0.134766 0.635742 1310580931.443889
0.522461 -0.079102 0.642578 1310580931.466891
0.536133 -0.099609 0.652344 1310580931.510806
0.556641 -0.144531 0.628906 1310580931.551918
0.539062 -0.093750 0.647461 1310580931.575845
0.481445 -0.060547 0.627930 1310580931.598927
0.546875 -0.073242 0.640625 1310580931.652936
0.557617 -0.049805 0.637695 1310580931.678852
0.566406 -0.058594 0.654297 1310580931.702805
0.556641 -0.041992 0.626953 1310580931.725806
0.578125 -0.095703 0.613281 1310580931.770810
0.531250 -0.066406 0.666016 1310580931.791806
0.527344 -0.030273 0.625977 1310580931.836870
0.520508 -0.023438 0.631836 1310580931.886894
0.522461 -0.037109 0.615234 1310580931.908893
0.564453 -0.037109 0.615234 1310580931.916925
0.540039 -0.068359 0.641602 1310580931.970835
0.559570 -0.060547 0.615234 1310580931.992811
0.551758 -0.076172 0.603516 1310580932.017868
0.560547 -0.088867 0.618164 1310580932.048847
0.486328 -0.044922 0.633789 1310580932.092927
0.736328 -0.044922 0.633789 1310580932.115940
0.508789 -0.073242 0.659180 1310580932.161942
0.508789 -0.083984 0.611328 1310580932.183906
0.552734 -0.082031 0.653320 1310580932.205941
0.560547 -0.062500 0.623047 1310580932.247946
0.535156 -0.085938 0.653320 1310580932.268890
0.505859 -0.100586 0.657227 1310580932.312939
0.519531 -0.074219 0.657227 1310580932.335823
0.545898 -0.097656 0.635742 1310580932.381819
0.541992 -0.096680 0.660156 1310580932.423933
0.582031 -0.091797 0.654297 1310580932.448826
0.562500 -0.085938 0.617188 1310580932.471820
0.538086 -0.100586 0.649414 1310580932.500903
0.538086 -0.084961 0.625977 1310580932.543827
0.561523 -0.098633 0.624023 1310580932.565822
0.514648 -0.123047 0.650391 1310580932.611944
0.542969 -0.097656 0.643555 1310580932.633887
0.521484 -0.088867 0.643555 1310580932.655839
0.520508 -0.081055 0.625000 1310580932.700850
0.551758 -0.089844 0.643555 1310580932.722938
0.561523 -0.098633 0.647461 1310580932.766924
0.540039 -0.086914 0.629883 1310580932.802866
0.569336 -0.091797 0.616211 1310580932.823924
0.522461 -0.112305 0.616211 1310580932.851948
0.573242 -0.071289 0.576172 1310580932.910953
0.552734 -0.033203 0.638672 1310580932.958972
0.541992 -0.039062 0.620117 1310580933.001916
0.545898 -0.107422 0.655273 1310580933.002885
0.533203 -0.053711 0.638672 1310580933.010890
0.533203 -0.053711 0.638672 1310580933.052849
0.558594 -0.066406 0.610352 1310580933.086836
0.571289 -0.076172 0.604492 1310580933.128928
0.565430 -0.079102 0.634766 1310580933.166918
0.583008 -0.060547 0.633789 1310580933.191966
0.517578 -0.035156 0.616211 1310580933.227909
0.517578 -0.035156 0.616211 1310580933.228880
0.568359 -0.033203 0.634766 1310580933.300837
0.537109 -0.051758 0.648438 1310580933.312836
0.561523 -0.048828 0.624023 1310580933.333829
0.534180 -0.078125 0.624023 1310580933.377928
0.560547 -0.080078 0.614258 1310580933.400866
0.538086 -0.117188 0.638672 1310580933.443840
0.503906 -0.093750 0.643555 1310580933.478925
0.547852 -0.096680 0.626953 1310580933.502891
0.521484 -0.118164 0.640625 1310580933.547925
0.521484 -0.087891 0.654297 1310580933.576868
0.522461 -0.082031 0.614258 1310580933.608871
0.546875 -0.078125 0.620117 1310580933.622862
0.548828 -0.063477 0.629883 1310580933.670900
0.543945 -0.101562 0.637695 1310580933.691965
0.555664 -0.127930 0.646484 1310580933.735917
0.561523 -0.073242 0.619141 1310580933.758970
0.500000 -0.090820 0.632812 1310580933.780910
0.558594 -0.070312 0.626953 1310580933.823850
0.554688 -0.042969 0.628906 1310580933.853865
0.558594 -0.094727 0.647461 1310580933.897918
0.529297 -0.084961 0.625000 1310580933.920873
0.543945 -0.053711 0.663086 1310580933.965849
0.561523 -0.038086 0.605469 1310580933.991872
0.567383 -0.071289 0.654297 1310580934.035979
0.513672 -0.062500 0.637695 1310580934.057910
0.548828 -0.040039 0.625000 1310580934.100923
0.534180 -0.023438 0.605469 1310580934.122923
0.531250 -0.044922 0.636719 1310580934.143976
0.521484 -0.049805 0.629883 1310580934.167943
0.522461 -0.038086 0.617188 1310580934.251971
0.552734 -0.047852 0.644531 1310580934.252925
0.546875 -0.047852 0.632812 1310580934.272876
0.513672 -0.023438 0.625977 1310580934.297861
0.559570 -0.155273 0.654297 1310580934.342898
0.521484 -0.057617 0.639648 1310580934.387900
0.562500 -0.094727 0.651367 1310580934.411859
0.581055 -0.103516 0.632812 1310580934.432894
0.533203 -0.049805 0.635742 1310580934.476888
0.557617 -0.087891 0.603516 1310580934.498900
0.593750 -0.089844 0.642578 1310580934.527907
0.562500 -0.097656 0.616211 1310580934.566928
0.579102 -0.095703 0.621094 1310580934.610863
0.583984 -0.110352 0.601562 1310580934.632891
0.564453 -0.083008 0.636719 1310580934.676946
0.565430 -0.091797 0.615234 1310580934.697924
0.551758 -0.086914 0.615234 1310580934.720918
0.580078 -0.108398 0.608398 1310580934.767953
0.569336 -0.098633 0.601562 1310580934.790987
0.526367 -0.115234 0.652344 1310580934.832907
0.546875 -0.111328 0.630859 1310580934.856903
0.541992 -0.082031 0.625000 1310580934.900869
0.527344 -0.086914 0.636719 1310580934.925869
0.533203 -0.130859 0.623047 1310580934.950924
0.541016 -0.110352 0.597656 1310580934.981942
0.555664 -0.109375 0.647461 1310580935.023939
0.532227 -0.079102 0.632812 1310580935.046931
0.519531 -0.064453 0.634766 1310580935.068928
0.540039 -0.093750 0.628906 1310580935.118955
0.541016 -0.091797 0.638672 1310580935.152999
0.540039 -0.097656 0.636719 1310580935.186923
0.536133 -0.072266 0.640625 1310580935.221903
0.547852 -0.082031 0.638672 1310580935.242874
0.531250 -0.089844 0.656250 1310580935.266874
0.564453 -0.097656 0.656250 1310580935.311998
0.481445 -0.023438 0.640625 1310580935.356875
0.520508 0.034180 0.585938 1310580935.377897
0.504883 -0.050781 0.639648 1310580935.407941
0.591797 -0.054688 0.587891 1310580935.430881
0.526367 -0.050781 0.612305 1310580935.471898
0.534180 -0.080078 0.640625 1310580935.541007
0.513672 0.002930 0.623047 1310580935.561903
0.569336 -0.108398 0.627930 1310580935.581887
0.577148 -0.075195 0.629883 1310580935.602906
0.550781 -0.048828 0.639648 1310580935.645979
0.558594 -0.074219 0.621094 1310580935.646930
0.545898 -0.073242 0.661133 1310580935.693012
0.541016 -0.073242 0.661133 1310580935.715957
0.530273 -0.054688 0.604492 1310580935.759012
0.545898 -0.103516 0.667969 1310580935.803007
0.570312 -0.123047 0.652344 1310580935.823938
0.574219 -0.079102 0.633789 1310580935.846976
0.542969 -0.059570 0.645508 1310580935.889889
0.545898 -0.066406 0.632812 1310580935.932881
0.525391 -0.106445 0.646484 1310580935.953936
0.533203 -0.049805 0.635742 1310580935.976961
0.544922 -0.057617 0.629883 1310580936.012002
0.534180 -0.057617 0.629883 1310580936.033940
0.540039 -0.098633 0.629883 1310580936.078015
0.587891 -0.074219 0.653320 1310580936.123026
0.568359 -0.089844 0.628906 1310580936.166987
0.555664 -0.064453 0.653320 1310580936.167976
0.515625 -0.031250 0.615234 1310580936.202944
0.553711 -0.037109 0.620117 1310580936.226895
0.560547 -0.042969 0.623047 1310580936.281968
0.589844 -0.041016 0.620117 1310580936.324897
0.572266 -0.053711 0.642578 1310580936.363896
0.564453 -0.091797 0.645508 1310580936.376927
0.542969 -0.052734 0.678711 1310580936.398921
0.526367 -0.072266 0.649414 1310580936.441921
0.550781 -0.068359 0.631836 1310580936.466925
0.564453 -0.081055 0.631836 1310580936.511925
0.523438 -0.074219 0.624023 1310580936.532889
0.533203 -0.070312 0.633789 1310580936.554901
0.529297 -0.083008 0.636719 1310580936.599017
0.502930 -0.041992 0.648438 1310580936.622946
0.503906 -0.061523 0.635742 1310580936.667939
0.555664 -0.073242 0.625000 1310580936.690027
0.534180 -0.101562 0.643555 1310580936.732988
0.551758 -0.108398 0.654297 1310580936.755028
0.534180 -0.096680 0.639648 1310580936.824025
0.544922 -0.057617 0.631836 1310580936.842930
0.545898 -0.079102 0.624023 1310580936.843922
0.564453 -0.077148 0.629883 1310580936.887908
0.532227 -0.072266 0.662109 1310580936.911935
0.541992 -0.101562 0.643555 1310580936.959952
0.548828 -0.101562 0.643555 1310580936.981966
0.559570 -0.082031 0.641602 1310580937.027980
0.582031 -0.075195 0.634766 1310580937.052039
0.589844 -0.081055 0.612305 1310580937.082045
0.577148 -0.099609 0.631836 1310580937.122036
0.570312 -0.091797 0.624023 1310580937.147985
0.570312 -0.091797 0.624023 1310580937.168910
0.588867 -0.099609 0.592773 1310580937.204910
0.606445 -0.118164 0.577148 1310580937.252001
0.588867 -0.115234 0.563477 1310580937.272944
0.602539 -0.109375 0.638672 1310580937.296919
0.574219 -0.133789 0.564453 1310580937.329933
0.574219 -0.133789 0.564453 1310580937.372921
0.532227 -0.128906 0.661133 1310580937.419985
0.553711 -0.082031 0.634766 1310580937.442942
0.535156 -0.110352 0.602539 1310580937.464916
0.599609 -0.122070 0.625000 1310580937.488917
0.544922 -0.125000 0.631836 1310580937.531958
0.543945 -0.115234 0.646484 1310580937.552922
0.546875 -0.119141 0.600586 1310580937.594982
0.567383 -0.107422 0.654297 1310580937.639049
0.561523 -0.122070 0.645508 1310580937.662047
0.534180 -0.104492 0.627930 1310580937.685056
