0.636719 0.172852 0.523438 1309546438.537579
0.642578 0.172852 0.469727 1309546438.538557
0.641602 0.207031 0.527344 1309546438.581587
0.677734 0.169922 0.487305 1309546438.585598
0.661133 0.175781 0.508789 1309546438.586576
0.630859 0.175781 0.508789 1309546438.625588
0.631836 0.181641 0.505859 1309546438.656581
0.642578 0.193359 0.516602 1309546438.698588
0.654297 0.183594 0.503906 1309546438.721581
0.641602 0.178711 0.495117 1309546438.745585
0.660156 0.166016 0.535156 1309546438.790558
0.672852 0.166016 0.535156 1309546438.811585
0.666992 0.183594 0.487305 1309546438.856590
0.657227 0.177734 0.490234 1309546438.900584
0.630859 0.170898 0.522461 1309546438.922587
0.670898 0.171875 0.527344 1309546438.945594
0.660156 0.166016 0.493164 1309546438.968591
0.625000 0.213867 0.527344 1309546439.033592
0.584961 0.213867 0.487305 1309546439.110573
0.659180 0.081055 0.523438 1309546439.125611
0.681641 0.169922 0.475586 1309546439.146590
0.608398 0.138672 0.569336 1309546439.156601
0.726562 0.158203 0.549805 1309546439.180594
0.649414 0.308594 0.468750 1309546439.201595
0.754883 0.058594 0.407227 1309546439.243593
0.515625 0.130859 0.621094 1309546439.266592
0.673828 0.367188 0.490234 1309546439.308596
0.640625 0.193359 0.669922 1309546439.330572
0.651367 0.108398 0.593750 1309546439.351581
0.699219 0.044922 0.346680 1309546439.416605
0.783203 -0.179688 0.243164 1309546439.438598
0.708984 0.009766 0.505859 1309546439.482603
0.597656 0.083984 0.936523 1309546439.483596
0.624023 0.653320 1.528320 1309546439.533002
0.502930 0.403320 1.528320 1309546439.555601
1.981445 -0.117188 -0.741211 1309546439.589616
1.159180 -0.412109 -0.753906 1309546439.638603
-0.380859 -0.621094 -0.775391 1309546439.660605
0.339844 -0.155273 -0.304688 1309546439.703606
-0.089844 0.043945 -0.191406 1309546439.726602
-0.033203 0.076172 0.018555 1309546439.748607
-0.033203 0.076172 0.018555 1309546439.801613
0.375977 -0.343750 -0.398438 1309546439.827603
0.791992 -0.510742 -0.626953 1309546439.851607
0.759766 -0.274414 -0.570312 1309546439.873604
1.979492 -0.380859 -1.973633 1309546439.917613
1.980469 -0.380859 -1.973633 1309546439.940602
-0.451172 -0.019531 1.370117 1309546439.986608
0.398438 0.705078 0.797852 1309546440.007608
0.968750 -0.177734 0.194336 1309546440.050615
0.941406 0.109375 0.895508 1309546440.071633
0.892578 -0.022461 0.349609 1309546440.092614
0.769531 -0.022461 0.349609 1309546440.135618
0.877930 -0.083984 0.257812 1309546440.175615
0.834961 -0.020508 0.420898 1309546440.219617
0.734375 0.184570 1.145508 1309546440.242614
0.762695 0.349609 1.270508 1309546440.263610
1.977539 0.076172 1.827148 1309546440.286618
0.877930 -0.923828 1.827148 1309546440.330597
1.491211 -0.127930 0.350586 1309546440.374614
-1.244141 0.160156 -0.216797 1309546440.396614
0.316406 -0.111328 0.045898 1309546440.438620
0.022461 0.131836 -0.196289 1309546440.459616
0.253906 -0.184570 -0.392578 1309546440.482619
0.285156 -0.357422 -0.733398 1309546440.527608
0.848633 -1.125977 -0.605469 1309546440.549614
0.680664 -0.262695 -1.067383 1309546440.597623
0.861328 -0.040039 -0.664062 1309546440.619622
1.981445 -0.453125 -1.973633 1309546440.663621
-0.988281 -0.357422 -1.986328 1309546440.686617
0.573242 0.200195 1.985352 1309546440.729624
1.403320 -0.263672 -0.008789 1309546440.752673
0.935547 0.236328 0.177734 1309546440.774620
0.634766 0.170898 0.624023 1309546440.813628
0.708008 -0.058594 0.365234 1309546440.836640
0.769531 -0.056641 0.365234 1309546440.871730
0.668945 0.046875 0.692383 1309546440.918627
0.752930 0.227539 0.992188 1309546440.942623
0.610352 0.384766 1.258789 1309546440.984625
1.982422 0.359375 1.017578 1309546441.027633
1.976562 -1.261719 -0.766602 1309546441.028628
-1.367188 -0.506836 -0.698242 1309546441.073654
0.538086 0.064453 -0.460938 1309546441.113632
0.380859 0.307617 0.046875 1309546441.134630
-0.598633 -0.255859 0.491211 1309546441.178629
0.284180 0.051758 0.422852 1309546441.199635
0.051758 -0.284180 -0.208984 1309546441.222636
0.453125 -0.426758 -0.287109 1309546441.265635
0.636719 -0.597656 -0.287109 1309546441.302638
0.486328 -0.429688 -0.583008 1309546441.348637
1.974609 -1.168945 -1.920898 1309546441.366638
-1.667969 -0.631836 -1.987305 1309546441.411637
1.986328 1.163086 1.012695 1309546441.412628
1.250977 -0.172852 0.326172 1309546441.454637
1.083008 0.068359 0.202148 1309546441.499634
0.692383 -0.005859 0.807617 1309546441.523632
0.739258 -0.404297 0.083008 1309546441.566634
0.814453 -0.002930 0.327148 1309546441.588636
0.718750 0.000000 0.327148 1309546441.611645
0.607422 0.439453 1.523438 1309546441.656639
0.973633 0.276367 1.378906 1309546441.701643
1.981445 -0.294922 -0.949219 1309546441.722643
0.813477 -0.903320 -1.405273 1309546441.743640
-0.291016 0.134766 -0.522461 1309546441.776640
-0.230469 -0.052734 -0.047852 1309546441.798660
0.097656 -0.181641 0.161133 1309546441.848646
-0.115234 -0.110352 0.202148 1309546441.871642
-0.124023 -0.045898 -0.018555 1309546441.907655
0.375977 -0.361328 -0.232422 1309546441.951652
0.534180 -0.991211 -0.727539 1309546441.974644
0.771484 -0.431641 -1.099609 1309546442.018465
0.514648 0.069336 -0.788086 1309546442.042646
1.970703 -1.982422 1.990234 1309546442.093652
-1.979492 0.679688 1.972656 1309546442.094646
1.987305 1.969727 1.620117 1309546442.137654
0.080078 -0.218750 1.015625 1309546442.158650
0.592773 0.044922 0.601562 1309546442.204653
0.918945 -0.245117 0.042969 1309546442.228655
0.773438 -0.119141 0.365234 1309546442.272653
0.816406 0.096680 0.592773 1309546442.316664
0.713867 0.291992 1.053711 1309546442.394660
0.666992 0.272461 1.488281 1309546442.396658
1.979492 0.096680 1.413086 1309546442.418655
1.657227 -0.843750 -0.510742 1309546442.439653
-0.412109 -0.721680 -1.166016 1309546442.447654
0.801758 -0.030273 -0.356445 1309546442.491661
-0.720703 0.298828 -0.341797 1309546442.522658
0.023438 0.126953 0.234375 1309546442.546663
-0.073242 0.046875 0.256836 1309546442.598659
-0.083984 0.219727 0.288086 1309546442.619657
0.217773 0.066406 -0.136719 1309546442.656659
0.445312 -0.122070 -0.373047 1309546442.678662
0.526367 -0.495117 -0.606445 1309546442.708660
0.402344 -0.495117 -0.606445 1309546442.751672
1.971680 -1.983398 -1.972656 1309546442.783657
-1.782227 -0.546875 -1.987305 1309546442.804663
1.030273 1.253906 1.984375 1309546442.848656
1.611328 -0.385742 -0.450195 1309546442.892676
-1.406250 1.598633 1.541016 1309546442.914672
0.255859 -0.102539 0.521484 1309546442.937675
0.605469 -0.085938 0.595703 1309546442.984667
0.726562 0.365234 0.553711 1309546443.007670
0.777344 0.173828 0.331055 1309546443.029641
0.648438 0.093750 0.452148 1309546443.076681
0.749023 0.028320 0.380859 1309546443.097669
0.663086 0.052734 0.436523 1309546443.140672
0.789062 0.173828 0.455078 1309546443.183644
0.698242 0.105469 0.525391 1309546443.207671
0.573242 0.136719 0.642578 1309546443.233671
0.608398 -0.009766 0.567383 1309546443.256670
0.642578 0.442383 0.513672 1309546443.292676
0.642578 0.442383 0.513672 1309546443.314678
0.642578 0.442383 0.513672 1309546443.359676
