0.547852 -0.027344 0.605469 1310581770.741151
0.561523 -0.003906 0.609375 1310581770.762147
0.565430 -0.041016 0.615234 1310581770.784154
0.564453 0.000000 0.615234 1310581770.828151
0.568359 -0.016602 0.616211 1310581770.876128
0.589844 -0.021484 0.623047 1310581770.906133
0.555664 0.001953 0.633789 1310581770.936131
0.598633 -0.035156 0.603516 1310581770.960187
0.526367 -0.023438 0.601562 1310581771.004160
0.553711 -0.002930 0.624023 1310581771.035207
0.580078 -0.057617 0.616211 1310581771.056197
0.549805 0.013672 0.620117 1310581771.130214
0.582031 0.000000 0.604492 1310581771.131159
0.562500 -0.006836 0.578125 1310581771.148169
0.564453 -0.006836 0.578125 1310581771.192146
0.564453 -0.006836 0.578125 1310581771.201217
0.596680 -0.022461 0.588867 1310581771.245204
0.551758 0.011719 0.601562 1310581771.295193
0.592773 0.017578 0.619141 1310581771.319205
0.571289 0.017578 0.619141 1310581771.345186
0.541992 -0.011719 0.624023 1310581771.389204
0.583008 -0.029297 0.604492 1310581771.410199
0.585938 -0.062500 0.624023 1310581771.439165
0.600586 -0.032227 0.594727 1310581771.462209
0.583984 -0.018555 0.609375 1310581771.495209
0.583984 -0.018555 0.609375 1310581771.539189
0.572266 -0.069336 0.609375 1310581771.586190
0.580078 -0.014648 0.608398 1310581771.609157
0.573242 -0.031250 0.625977 1310581771.632178
0.576172 -0.017578 0.621094 1310581771.664706
0.555664 0.008789 0.643555 1310581771.709166
0.542969 -0.011719 0.625000 1310581771.731167
0.583984 -0.018555 0.617188 1310581771.776191
0.585938 -0.044922 0.609375 1310581771.834178
0.597656 -0.009766 0.602539 1310581771.835168
0.624023 -0.007812 0.592773 1310581771.856150
0.560547 -0.046875 0.629883 1310581771.879148
0.541992 0.000000 0.659180 1310581771.922175
0.544922 0.003906 0.659180 1310581771.944150
0.544922 0.003906 0.659180 1310581771.990176
0.580078 -0.081055 0.634766 1310581772.015277
0.577148 -0.050781 0.633789 1310581772.064280
0.582031 -0.021484 0.623047 1310581772.086274
0.559570 0.002930 0.612305 1310581772.130271
0.582031 -0.041992 0.608398 1310581772.153196
0.590820 -0.023438 0.602539 1310581772.176224
0.568359 0.001953 0.596680 1310581772.226237
0.557617 -0.014648 0.611328 1310581772.247253
0.584961 -0.026367 0.611328 1310581772.270283
0.596680 -0.024414 0.604492 1310581772.317219
0.586914 -0.050781 0.607422 1310581772.341244
0.584961 -0.040039 0.605469 1310581772.386172
0.577148 -0.037109 0.631836 1310581772.424156
0.563477 -0.026367 0.610352 1310581772.445180
0.563477 -0.026367 0.610352 1310581772.467158
0.595703 -0.033203 0.583984 1310581772.512190
0.606445 -0.012695 0.593750 1310581772.534714
0.599609 -0.041992 0.605469 1310581772.578383
0.612305 -0.037109 0.598633 1310581772.601163
0.586914 -0.025391 0.608398 1310581772.625170
0.586914 -0.025391 0.608398 1310581772.656295
0.561523 -0.039062 0.628906 1310581772.710300
0.563477 -0.035156 0.625000 1310581772.731250
0.552734 -0.016602 0.611328 1310581772.754291
0.587891 -0.067383 0.616211 1310581772.797170
0.541992 -0.015625 0.635742 1310581772.819166
0.577148 -0.004883 0.588867 1310581772.864169
0.597656 -0.027344 0.625000 1310581772.894206
0.559570 0.027344 0.626953 1310581772.919201
0.584961 -0.026367 0.619141 1310581772.964219
0.570312 -0.016602 0.585938 1310581772.986265
0.594727 -0.024414 0.583984 1310581773.008267
0.594727 -0.037109 0.626953 1310581773.038310
0.572266 -0.017578 0.606445 1310581773.082223
0.569336 -0.015625 0.604492 1310581773.129283
0.577148 -0.012695 0.611328 1310581773.150247
0.539062 0.015625 0.638672 1310581773.172223
0.583984 0.013672 0.615234 1310581773.216254
0.557617 0.010742 0.633789 1310581773.259305
0.541016 -0.002930 0.627930 1310581773.280258
0.558594 0.023438 0.620117 1310581773.322204
0.572266 -0.030273 0.617188 1310581773.345186
0.583984 -0.021484 0.588867 1310581773.387177
0.587891 -0.021484 0.588867 1310581773.409227
0.561523 0.004883 0.589844 1310581773.431259
0.554688 -0.005859 0.627930 1310581773.481178
0.574219 0.005859 0.615234 1310581773.502202
0.587891 -0.025391 0.640625 1310581773.546212
0.573242 -0.013672 0.625977 1310581773.570213
0.626953 -0.014648 0.587891 1310581773.614397
0.605469 -0.012695 0.644531 1310581773.635236
0.617188 0.003906 0.567383 1310581773.714233
0.611328 -0.023438 0.576172 1310581773.715225
0.614258 -0.009766 0.583008 1310581773.735307
0.601562 -0.042969 0.598633 1310581773.757187
0.587891 -0.011719 0.603516 1310581773.801179
0.585938 0.000977 0.615234 1310581773.824187
0.593750 -0.048828 0.609375 1310581773.854187
0.574219 -0.027344 0.642578 1310581773.900251
0.584961 -0.034180 0.577148 1310581773.922259
0.626953 -0.009766 0.608398 1310581773.965236
0.614258 -0.014648 0.576172 1310581773.986250
0.613281 -0.039062 0.592773 1310581774.009290
0.631836 -0.063477 0.573242 1310581774.045257
0.564453 -0.000977 0.586914 1310581774.091241
0.596680 -0.041016 0.607422 1310581774.114230
0.589844 -0.019531 0.607422 1310581774.135325
0.615234 -0.030273 0.592773 1310581774.181319
0.572266 -0.030273 0.636719 1310581774.225277
0.603516 -0.049805 0.632812 1310581774.247276
0.592773 -0.028320 0.590820 1310581774.271320
0.591797 -0.027344 0.594727 1310581774.313564
0.612305 0.000977 0.604492 1310581774.336196
0.622070 -0.011719 0.571289 1310581774.384314
0.601562 -0.005859 0.592773 1310581774.407210
0.607422 -0.044922 0.599609 1310581774.431197
0.588867 -0.046875 0.614258 1310581774.476246
0.594727 -0.025391 0.589844 1310581774.499204
0.594727 -0.025391 0.589844 1310581774.540229
0.569336 -0.022461 0.623047 1310581774.562227
0.597656 0.000977 0.599609 1310581774.616266
0.533203 -0.032227 0.613281 1310581774.638327
0.603516 -0.000977 0.613281 1310581774.662326
0.602539 -0.023438 0.588867 1310581774.707209
0.591797 -0.021484 0.581055 1310581774.737229
0.545898 -0.003906 0.643555 1310581774.781230
0.584961 -0.014648 0.617188 1310581774.786233
0.584961 -0.024414 0.651367 1310581774.825207
0.570312 -0.031250 0.590820 1310581774.847268
0.582031 -0.017578 0.605469 1310581774.879285
0.605469 -0.003906 0.560547 1310581774.922263
0.634766 -0.018555 0.537109 1310581774.992348
0.651367 0.012695 0.589844 1310581774.994332
0.616211 -0.015625 0.591797 1310581775.014259
0.601562 -0.032227 0.584961 1310581775.056337
0.568359 -0.007812 0.599609 1310581775.078381
0.592773 -0.022461 0.621094 1310581775.121271
0.570312 -0.067383 0.565430 1310581775.144306
0.594727 -0.030273 0.614258 1310581775.187339
0.570312 -0.041016 0.617188 1310581775.230264
0.558594 -0.016602 0.665039 1310581775.252264
0.549805 -0.013672 0.588867 1310581775.275214
0.589844 -0.013672 0.588867 1310581775.299218
0.576172 -0.014648 0.637695 1310581775.344337
0.603516 -0.031250 0.583984 1310581775.366281
0.568359 -0.034180 0.647461 1310581775.416241
0.571289 -0.025391 0.582031 1310581775.438251
0.608398 -0.023438 0.582031 1310581775.482242
0.553711 0.001953 0.619141 1310581775.505245
0.568359 -0.033203 0.616211 1310581775.529222
0.596680 -0.014648 0.571289 1310581775.576341
0.583984 -0.033203 0.613281 1310581775.597318
0.571289 -0.011719 0.607422 1310581775.620265
0.599609 -0.019531 0.583984 1310581775.657356
0.556641 -0.035156 0.652344 1310581775.692223
0.536133 0.000000 0.622070 1310581775.735281
0.549805 -0.038086 0.625000 1310581775.759223
0.550781 -0.007812 0.601562 1310581775.802240
0.574219 -0.046875 0.626953 1310581775.824636
0.568359 -0.003906 0.597656 1310581775.867347
0.591797 -0.012695 0.599609 1310581775.911269
0.549805 0.015625 0.628906 1310581775.934323
0.586914 -0.011719 0.615234 1310581775.955317
0.588867 0.023438 0.621094 1310581775.999355
0.583984 -0.025391 0.618164 1310581776.000299
0.564453 -0.024414 0.614258 1310581776.045288
0.576172 0.002930 0.607422 1310581776.079355
0.563477 -0.042969 0.634766 1310581776.120284
0.553711 -0.015625 0.614258 1310581776.142270
0.574219 -0.029297 0.623047 1310581776.186282
0.577148 -0.018555 0.638672 1310581776.208361
0.562500 -0.004883 0.612305 1310581776.290400
0.589844 -0.019531 0.593750 1310581776.306276
0.595703 0.001953 0.623047 1310581776.320241
0.597656 -0.049805 0.626953 1310581776.341256
0.564453 -0.020508 0.607422 1310581776.363234
0.563477 -0.017578 0.622070 1310581776.408318
0.568359 -0.009766 0.572266 1310581776.430240
