0.510742 0.064453 0.654297 1311187641.518991
0.493164 0.025391 0.654297 1311187641.540992
0.491211 0.074219 0.635742 1311187641.571991
0.496094 0.052734 0.600586 1311187641.608000
0.501953 0.045898 0.647461 1311187641.652999
0.484375 0.031250 0.662109 1311187641.694949
0.492188 0.064453 0.629883 1311187641.698944
0.502930 0.040039 0.685547 1311187641.741994
0.458008 0.083984 0.685547 1311187641.764995
0.497070 0.045898 0.661133 1311187641.808952
0.493164 0.063477 0.627930 1311187641.832951
0.510742 0.008789 0.657227 1311187641.874959
0.507812 0.044922 0.621094 1311187641.897953
0.495117 0.044922 0.621094 1311187641.919006
0.498047 0.031250 0.642578 1311187642.003010
0.478516 0.068359 0.662109 1311187642.003997
0.505859 0.056641 0.637695 1311187642.022007
0.523438 0.048828 0.633789 1311187642.078994
0.497070 0.048828 0.611328 1311187642.092008
0.506836 0.049805 0.666016 1311187642.121957
0.500977 0.031250 0.666016 1311187642.155998
0.250977 0.031250 0.666016 1311187642.198962
0.494141 0.047852 0.651367 1311187642.223968
0.482422 0.037109 0.670898 1311187642.247022
0.504883 0.028320 0.603516 1311187642.278961
0.500000 0.021484 0.646484 1311187642.322961
0.500977 0.038086 0.638672 1311187642.366016
0.505859 0.012695 0.644531 1311187642.387013
0.500977 0.046875 0.648438 1311187642.410014
0.500000 0.000000 0.702148 1311187642.448018
0.501953 0.009766 0.617188 1311187642.478017
0.503906 0.029297 0.617188 1311187642.500017
0.497070 0.003906 0.665039 1311187642.545017
0.508789 0.031250 0.657227 1311187642.588024
0.487305 0.040039 0.660156 1311187642.609026
0.502930 0.015625 0.664062 1311187642.631991
0.499023 0.054688 0.655273 1311187642.671972
0.535156 0.005859 0.636719 1311187642.694001
0.507812 0.004883 0.654297 1311187642.739969
0.482422 0.035156 0.666016 1311187642.785024
0.494141 0.032227 0.643555 1311187642.806971
0.490234 0.010742 0.680664 1311187642.827970
0.494141 0.058594 0.650391 1311187642.855027
0.489258 0.030273 0.622070 1311187642.899019
0.493164 0.041016 0.616211 1311187642.935025
0.507812 0.031250 0.643555 1311187642.958028
0.454102 0.045898 0.660156 1311187643.002029
0.498047 0.008789 0.622070 1311187643.029026
0.748047 0.008789 0.622070 1311187643.052009
0.510742 0.052734 0.646484 1311187643.093966
0.498047 0.023438 0.663086 1311187643.117002
0.513672 0.074219 0.619141 1311187643.163975
0.500977 0.013672 0.647461 1311187643.188049
0.504883 0.031250 0.666992 1311187643.255982
0.254883 0.031250 0.666992 1311187643.256979
0.502930 0.043945 0.650391 1311187643.294029
0.488281 0.061523 0.658203 1311187643.316031
0.500000 0.039062 0.599609 1311187643.348063
0.490234 0.078125 0.625000 1311187643.370034
0.502930 0.017578 0.620117 1311187643.414036
0.474609 0.056641 0.648438 1311187643.457037
0.521484 0.050781 0.615234 1311187643.479037
0.529297 0.040039 0.634766 1311187643.524041
0.508789 0.014648 0.671875 1311187643.545040
0.515625 0.009766 0.646484 1311187643.569035
0.517578 0.049805 0.646484 1311187643.592012
0.498047 0.046875 0.637695 1311187643.636985
0.509766 0.046875 0.637695 1311187643.658016
0.529297 0.027344 0.649414 1311187643.702038
0.483398 0.041992 0.677734 1311187643.739990
0.494141 0.039062 0.654297 1311187643.762020
0.494141 0.027344 0.658203 1311187643.805989
0.492188 0.036133 0.634766 1311187643.828042
0.494141 0.037109 0.633789 1311187643.877049
0.476562 0.033203 0.659180 1311187643.898051
0.499023 0.058594 0.587891 1311187643.943038
0.519531 0.064453 0.667969 1311187643.967036
0.493164 0.064453 0.667969 1311187643.989048
0.519531 0.034180 0.611328 1311187644.035026
0.478516 0.045898 0.642578 1311187644.056994
0.485352 0.060547 0.632812 1311187644.100003
0.509766 0.046875 0.617188 1311187644.122041
0.502930 0.054688 0.664062 1311187644.145017
0.512695 0.064453 0.665039 1311187644.188995
0.503906 0.066406 0.673828 1311187644.232040
0.495117 0.056641 0.678711 1311187644.254050
0.497070 0.050781 0.631836 1311187644.275053
0.490234 0.044922 0.638672 1311187644.318054
0.479492 0.080078 0.639648 1311187644.340048
0.484375 0.076172 0.654297 1311187644.384046
0.484375 0.044922 0.650391 1311187644.407053
0.494141 0.039062 0.655273 1311187644.450054
0.471680 0.037109 0.639648 1311187644.474054
0.509766 0.058594 0.618164 1311187644.499049
0.513672 0.035156 0.669922 1311187644.546055
0.497070 0.035156 0.657227 1311187644.583004
0.487305 0.009766 0.668945 1311187644.625055
0.492188 0.041016 0.687500 1311187644.648063
0.489258 0.029297 0.651367 1311187644.665029
0.495117 0.014648 0.627930 1311187644.709008
0.468750 0.033203 0.628906 1311187644.733712
0.512695 0.058594 0.656250 1311187644.755008
0.509766 0.046875 0.612305 1311187644.807036
0.500977 0.050781 0.635742 1311187644.828038
0.505859 0.029297 0.627930 1311187644.872043
0.499023 0.013672 0.627930 1311187644.893036
0.503906 0.054688 0.609375 1311187644.918060
0.483398 0.000977 0.650391 1311187644.962062
0.488281 0.043945 0.656250 1311187645.007036
0.515625 0.069336 0.632812 1311187645.029012
0.477539 0.055664 0.654297 1311187645.052016
0.508789 0.080078 0.644531 1311187645.077073
0.258789 0.080078 0.644531 1311187645.113072
0.491211 0.048828 0.666992 1311187645.163017
0.515625 0.046875 0.659180 1311187645.184016
0.452148 0.062500 0.624023 1311187645.227042
0.502930 0.074219 0.623047 1311187645.248071
0.482422 0.054688 0.648438 1311187645.270066
0.498047 0.054688 0.648438 1311187645.319074
0.520508 0.053711 0.625000 1311187645.350072
0.461914 0.065430 0.640625 1311187645.373071
0.488281 0.064453 0.649414 1311187645.417064
0.490234 0.033203 0.612305 1311187645.442072
0.522461 0.061523 0.615234 1311187645.485071
0.504883 0.059570 0.615234 1311187645.496079
0.527344 0.082031 0.655273 1311187645.542024
0.496094 0.068359 0.635742 1311187645.585063
0.505859 0.078125 0.629883 1311187645.610063
0.519531 0.083984 0.632812 1311187645.633047
0.518555 0.072266 0.655273 1311187645.654027
0.506836 0.011719 0.642578 1311187645.702067
0.539062 0.061523 0.685547 1311187645.732029
0.481445 0.075195 0.637695 1311187645.775066
0.529297 0.055664 0.644531 1311187645.813102
0.503906 0.041992 0.642578 1311187645.849087
0.500000 0.066406 0.635742 1311187645.875079
0.499023 0.058594 0.626953 1311187645.898080
0.478516 0.056641 0.660156 1311187645.920070
0.504883 0.049805 0.635742 1311187645.967033
0.512695 0.067383 0.641602 1311187645.989032
0.510742 0.052734 0.618164 1311187646.014065
0.486328 0.063477 0.635742 1311187646.055034
0.506836 0.054688 0.618164 1311187646.079033
0.500000 0.000000 0.669922 1311187646.124053
0.488281 0.052734 0.631836 1311187646.147034
0.514648 0.028320 0.632812 1311187646.190064
0.491211 0.046875 0.642578 1311187646.237083
0.500977 0.037109 0.636719 1311187646.238077
0.501953 0.029297 0.640625 1311187646.281092
0.500977 0.061523 0.650391 1311187646.315095
0.495117 0.068359 0.639648 1311187646.354093
0.500977 0.034180 0.656250 1311187646.385088
0.483398 0.062500 0.648438 1311187646.407091
0.483398 0.062500 0.648438 1311187646.432093
0.529297 0.012695 0.641602 1311187646.474094
0.459961 0.031250 0.655273 1311187646.518043
0.515625 0.046875 0.631836 1311187646.542047
0.487305 0.050781 0.652344 1311187646.565084
0.494141 0.045898 0.631836 1311187646.608072
0.506836 0.054688 0.625977 1311187646.630047
0.503906 0.050781 0.620117 1311187646.682050
0.511719 0.051758 0.647461 1311187646.702049
0.496094 0.051758 0.639648 1311187646.744103
0.508789 0.022461 0.643555 1311187646.765075
0.500000 0.024414 0.643555 1311187646.788099
0.491211 0.041992 0.651367 1311187646.833097
0.478516 0.029297 0.656250 1311187646.855099
0.490234 0.040039 0.661133 1311187646.899118
0.511719 -0.011719 0.631836 1311187646.922077
0.486328 0.061523 0.638672 1311187646.967174
0.484375 0.069336 0.617188 1311187646.988081
0.484375 0.069336 0.617188 1311187647.010054
0.491211 0.041992 0.652344 1311187647.057052
0.504883 0.060547 0.623047 1311187647.086105
0.495117 0.025391 0.646484 1311187647.137054
0.494141 0.044922 0.683594 1311187647.164083
0.486328 0.044922 0.683594 1311187647.186080
0.463867 0.040039 0.647461 1311187647.210086
0.526367 0.053711 0.617188 1311187647.254113
0.511719 0.018555 0.619141 1311187647.275104
0.477539 0.029297 0.650391 1311187647.320197
0.501953 0.057617 0.652344 1311187647.345114
0.491211 0.057617 0.652344 1311187647.367111
0.487305 0.031250 0.659180 1311187647.413113
0.515625 0.054688 0.627930 1311187647.435100
0.484375 0.000000 0.635742 1311187647.479062
0.502930 0.066406 0.622070 1311187647.500061
0.523438 0.045898 0.672852 1311187647.524090
0.493164 0.013672 0.620117 1311187647.603074
0.541992 0.041016 0.656250 1311187647.604062
0.496094 0.054688 0.625977 1311187647.648066
0.504883 0.041016 0.655273 1311187647.673065
0.485352 0.038086 0.637695 1311187647.695123
0.467773 0.069336 0.643555 1311187647.718113
0.510742 0.065430 0.653320 1311187647.763120
0.479492 0.065430 0.653320 1311187647.788119
0.499023 0.057617 0.622070 1311187647.832113
0.541992 0.026367 0.638672 1311187647.855124
0.492188 0.007812 0.662109 1311187647.890092
0.500000 0.073242 0.662109 1311187647.915111
0.495117 0.083008 0.659180 1311187647.957732
0.533203 0.038086 0.625000 1311187648.002070
0.506836 0.050781 0.673828 1311187648.025079
0.489258 0.092773 0.633789 1311187648.050134
0.527344 0.054688 0.639648 1311187648.093072
0.507812 0.045898 0.660156 1311187648.117074
0.489258 0.012695 0.662109 1311187648.164141
0.508789 0.036133 0.645508 1311187648.185126
0.504883 0.058594 0.627930 1311187648.208130
0.496094 0.036133 0.654297 1311187648.252133
0.505859 0.018555 0.646484 1311187648.277137
0.506836 0.021484 0.646484 1311187648.311127
0.506836 0.021484 0.646484 1311187648.335123
0.506836 0.041016 0.614258 1311187648.390130
0.500977 0.042969 0.650391 1311187648.440137
0.521484 0.059570 0.643555 1311187648.442133
0.509766 0.031250 0.642578 1311187648.462082
0.513672 0.054688 0.633789 1311187648.503081
0.511719 0.041016 0.633789 1311187648.526121
0.505859 0.025391 0.649414 1311187648.570082
0.496094 0.074219 0.645508 1311187648.617115
0.497070 0.029297 0.625977 1311187648.640088
0.500000 0.079102 0.661133 1311187648.663087
0.526367 0.061523 0.631836 1311187648.686117
0.513672 0.059570 0.631836 1311187648.728150
0.519531 0.063477 0.587891 1311187648.774141
0.512695 0.070312 0.639648 1311187648.795142
0.528320 0.064453 0.629883 1311187648.838143
0.521484 0.043945 0.623047 1311187648.863090
0.502930 0.054688 0.629883 1311187648.908091
0.530273 0.057617 0.637695 1311187648.930111
0.496094 0.046875 0.642578 1311187648.954095
0.513672 0.030273 0.636719 1311187648.998142
0.503906 0.046875 0.650391 1311187649.020119
0.482422 -0.000977 0.656250 1311187649.043092
0.495117 0.033203 0.666992 1311187649.087158
0.492188 0.028320 0.658203 1311187649.130152
0.483398 0.040039 0.651367 1311187649.159146
0.506836 0.039062 0.648438 1311187649.185151
0.514648 0.053711 0.603516 1311187649.207146
0.490234 0.053711 0.603516 1311187649.249129
0.483398 0.019531 0.665039 1311187649.294145
0.435547 0.018555 0.639648 1311187649.315140
0.509766 0.025391 0.614258 1311187649.339152
0.486328 0.037109 0.647461 1311187649.365123
