0.499023 0.062500 0.642578 1311186510.105007
0.523438 0.088867 0.642578 1311186510.121993
0.519531 0.116211 0.621094 1311186510.122986
0.530273 0.135742 0.625977 1311186510.168983
0.536133 0.125977 0.666992 1311186510.191974
0.691406 0.064453 0.643555 1311186510.214989
0.625000 0.283203 0.567383 1311186510.246988
0.518555 0.085938 0.331055 1311186510.295002
0.299805 0.126953 0.405273 1311186510.316984
0.694336 -0.577148 0.573242 1311186510.338991
1.096680 -0.066406 0.323242 1311186510.385986
0.431641 0.466797 0.859375 1311186510.429012
0.539062 -0.536133 0.499023 1311186510.472989
0.620117 0.244141 0.667969 1311186510.473991
0.511719 -0.483398 0.587891 1311186510.507996
0.551758 0.044922 0.764648 1311186510.553998
0.478516 -0.372070 0.683594 1311186510.577000
0.310547 -0.310547 0.878906 1311186510.626982
0.054688 -0.246094 1.827148 1311186510.667997
-0.305664 -0.531250 1.976562 1311186510.668991
1.976562 -0.777344 1.988281 1311186510.712997
0.041992 -1.982422 -1.982422 1311186510.737004
1.991211 1.982422 -1.410156 1311186510.768005
-0.850586 -0.292969 -0.148438 1311186510.791002
-0.106445 0.804688 0.101562 1311186510.837003
-0.203125 -0.234375 -0.211914 1311186510.859004
-0.036133 -0.495117 -0.320312 1311186510.907014
0.331055 -0.333984 -0.349609 1311186510.944003
0.258789 -0.394531 -0.349609 1311186510.987005
0.040039 -0.271484 -0.375000 1311186511.034008
0.142578 -0.250000 -0.248047 1311186511.035003
0.127930 -0.189453 -0.177734 1311186511.057004
-0.114258 -0.414062 -0.356445 1311186511.082007
0.457031 0.556641 -0.431641 1311186511.129986
1.378906 -1.983398 -1.024414 1311186511.157000
1.974609 -0.697266 1.987305 1311186511.180007
-1.972656 1.980469 -1.989258 1311186511.224011
-1.982422 0.009766 1.971680 1311186511.247009
0.469727 -1.933594 0.911133 1311186511.290011
0.577148 -0.015625 0.980469 1311186511.314007
0.276367 -0.015625 0.980469 1311186511.359002
-0.069336 -0.486328 1.983398 1311186511.398003
-0.596680 0.490234 1.977539 1311186511.412008
1.988281 1.979492 -1.973633 1311186511.455012
0.834961 1.982422 -1.345703 1311186511.477012
0.428711 -1.983398 -1.345703 1311186511.500014
-0.705078 1.982422 1.907227 1311186511.543012
-1.117188 0.129883 0.176758 1311186511.568016
-0.054688 0.047852 -0.460938 1311186511.610028
0.336914 -0.262695 -0.750000 1311186511.634016
0.334961 -0.695312 -0.291992 1311186511.660018
0.376953 -0.503906 -0.291992 1311186511.707019
0.096680 -0.792969 -0.415039 1311186511.734028
0.215820 -0.363281 -0.351562 1311186511.777019
0.271484 -0.148438 -0.211914 1311186511.799019
-0.002930 -0.032227 -0.376953 1311186511.825021
0.337891 0.174805 -0.406250 1311186511.853022
0.315430 0.472656 -1.156250 1311186511.897034
1.815430 0.472656 -1.156250 1311186511.923028
-1.973633 1.979492 -1.990234 1311186511.968020
-1.990234 -1.982422 1.969727 1311186511.990021
0.694336 -0.753906 -0.113281 1311186512.033030
0.844727 0.494141 0.694336 1311186512.054022
0.350586 -0.435547 0.795898 1311186512.097007
0.479492 0.207031 1.920898 1311186512.120028
0.028320 -0.520508 1.980469 1311186512.158032
1.974609 -1.711914 -0.255859 1311186512.179029
-1.989258 -1.983398 0.329102 1311186512.225027
1.991211 1.837891 -0.510742 1311186512.247029
-1.207031 0.474609 -0.805664 1311186512.272027
0.202148 0.377930 0.205078 1311186512.317009
-0.827148 -0.400391 -0.170898 1311186512.362029
-0.356445 0.248047 -0.199219 1311186512.383026
0.285156 0.166016 -0.119141 1311186512.412033
-0.059570 -0.153320 -0.369141 1311186512.437032
-0.058594 -0.326172 -0.322266 1311186512.487032
0.364258 -0.254883 -0.119141 1311186512.520031
0.260742 -0.089844 -0.143555 1311186512.542027
0.002930 -0.207031 -0.229492 1311186512.568035
-0.058594 0.075195 -0.450195 1311186512.664038
1.193359 -0.944336 -0.790039 1311186512.692038
0.858398 0.055664 -0.790039 1311186512.693037
1.048828 1.074219 1.236328 1311186512.717040
1.979492 0.504883 1.568359 1311186512.738060
1.981445 0.642578 -1.023438 1311186512.762039
0.783203 0.675781 1.075195 1311186512.804041
0.218750 -0.891602 0.620117 1311186512.829064
0.121094 -0.186523 0.788086 1311186512.851037
0.094727 -0.705078 0.788086 1311186512.896038
-0.323242 0.585938 1.978516 1311186512.942051
1.979492 -0.762695 -1.972656 1311186512.964041
-1.980469 0.754883 -1.990234 1311186512.988040
1.419922 -0.860352 -0.640625 1311186513.014047
-0.748047 1.503906 0.679688 1311186513.080037
-0.687500 -0.414062 0.649414 1311186513.082037
0.007812 -0.148438 -0.265625 1311186513.124021
0.209961 0.131836 -0.628906 1311186513.148025
0.244141 -0.418945 -0.428711 1311186513.170049
0.179688 -0.567383 -0.225586 1311186513.234065
0.395508 -0.309570 -0.299805 1311186513.255045
0.227539 -0.589844 -0.361328 1311186513.278049
0.131836 0.018555 -0.358398 1311186513.320044
0.211914 0.138672 -0.493164 1311186513.342057
0.710938 0.179688 -0.593750 1311186513.365050
0.876953 0.851562 -0.621094 1311186513.409048
0.757812 1.980469 0.393555 1311186513.452051
1.982422 -0.164062 1.987305 1311186513.474054
1.977539 -0.242188 -0.766602 1311186513.520055
0.859375 -0.587891 0.700195 1311186513.544052
0.225586 -1.185547 0.450195 1311186513.567056
0.001953 -0.422852 0.711914 1311186513.610050
0.313477 -0.275391 1.982422 1311186513.633062
-1.101562 -0.047852 1.974609 1311186513.680058
1.991211 1.983398 -1.972656 1311186513.704061
0.922852 1.982422 -0.795898 1311186513.747061
-0.266602 -1.982422 -0.041992 1311186513.750058
0.501953 1.169922 -0.022461 1311186513.792056
-0.886719 -0.770508 -0.063477 1311186513.838079
0.031250 -0.147461 -0.388672 1311186513.860057
0.500977 0.042969 -0.747070 1311186513.967066
-0.109375 -0.719727 -0.462891 1311186513.989063
-0.109375 -0.719727 -0.462891 1311186514.004069
0.154297 -0.719727 -0.462891 1311186514.007058
-0.120117 0.086914 0.137695 1311186514.030058
-0.028320 -0.047852 0.132812 1311186514.053059
0.092773 0.121094 -0.106445 1311186514.097070
0.018555 0.304688 -0.744141 1311186514.119066
1.611328 1.804688 -0.744141 1311186514.144067
-1.971680 1.980469 1.980469 1311186514.198065
1.980469 0.135742 0.336914 1311186514.220077
-1.972656 1.979492 1.968750 1311186514.244084
0.030273 -1.982422 0.395508 1311186514.288072
0.602539 -0.453125 0.550781 1311186514.311087
0.720703 -0.224609 0.677734 1311186514.362065
0.587891 -0.194336 0.708008 1311186514.384086
0.518555 -0.070312 0.628906 1311186514.405069
0.441406 0.533203 0.680664 1311186514.450098
0.659180 0.050781 0.674805 1311186514.475068
0.653320 -0.426758 0.383789 1311186514.500071
0.528320 0.543945 0.431641 1311186514.533072
0.457031 -0.104492 0.786133 1311186514.567076
0.460938 -0.222656 0.666992 1311186514.609071
0.519531 0.268555 0.617188 1311186514.633057
0.699219 0.012695 0.602539 1311186514.665070
0.485352 -0.228516 0.628906 1311186514.689078
0.561523 -0.228516 0.628906 1311186514.723074
0.510742 0.039062 0.600586 1311186514.768074
0.501953 -0.089844 0.642578 1311186514.802079
0.531250 0.076172 0.617188 1311186514.823079
0.531250 0.089844 0.607422 1311186514.867078
0.542969 0.089844 0.607422 1311186514.889084
0.512695 0.003906 0.628906 1311186514.938078
0.522461 -0.033203 0.598633 1311186514.964078
0.551758 0.011719 0.633789 1311186514.989082
0.508789 0.032227 0.606445 1311186515.034080
