0.625000 0.115234 0.504883 1310683432.009547
0.628906 0.101562 0.526367 1310683432.053605
0.624023 0.105469 0.517578 1310683432.075971
0.625000 0.117188 0.553711 1310683432.120536
0.665039 0.113281 0.553711 1310683432.143554
0.623047 0.070312 0.570312 1310683432.190557
0.648438 0.101562 0.558594 1310683432.211523
0.653320 0.114258 0.537109 1310683432.234536
0.625000 0.111328 0.549805 1310683432.280590
0.621094 0.125000 0.545898 1310683432.301565
0.646484 0.106445 0.541992 1310683432.346671
0.632812 0.119141 0.545898 1310683432.369561
0.623047 0.107422 0.550781 1310683432.413550
0.669922 0.117188 0.518555 1310683432.448557
0.647461 0.098633 0.546875 1310683432.514546
0.616211 0.116211 0.558594 1310683432.540566
0.633789 0.093750 0.541016 1310683432.560558
0.639648 0.098633 0.529297 1310683432.561521
0.597656 0.127930 0.553711 1310683432.605626
0.639648 0.120117 0.513672 1310683432.626578
0.633789 0.125000 0.559570 1310683432.650558
0.642578 0.097656 0.556641 1310683432.694555
0.637695 0.105469 0.539062 1310683432.716548
0.635742 0.123047 0.530273 1310683432.790599
0.625977 0.101562 0.563477 1310683432.811610
0.627930 0.084961 0.538086 1310683432.833540
0.634766 0.085938 0.572266 1310683432.854544
0.654297 0.094727 0.547852 1310683432.875531
0.615234 0.126953 0.537109 1310683432.929522
0.617188 0.116211 0.532227 1310683432.953536
0.583984 0.102539 0.555664 1310683432.985537
0.635742 0.123047 0.567383 1310683433.006547
0.628906 0.118164 0.544922 1310683433.053528
0.620117 0.118164 0.544922 1310683433.074532
0.633789 0.099609 0.546875 1310683433.120544
0.642578 0.101562 0.513672 1310683433.143542
0.621094 0.110352 0.537109 1310683433.166553
0.632812 0.120117 0.531250 1310683433.196545
0.640625 0.105469 0.542969 1310683433.228561
0.637695 0.130859 0.528320 1310683433.273539
0.633789 0.081055 0.595703 1310683433.318542
0.647461 0.118164 0.542969 1310683433.339564
0.641602 0.101562 0.553711 1310683433.361552
0.626953 0.134766 0.532227 1310683433.409520
0.616211 0.096680 0.549805 1310683433.433570
0.644531 0.096680 0.510742 1310683433.454576
0.626953 0.099609 0.543945 1310683433.496562
0.628906 0.111328 0.542969 1310683433.540555
0.623047 0.095703 0.553711 1310683433.570630
0.629883 0.074219 0.573242 1310683433.585587
0.656250 0.089844 0.559570 1310683433.625586
0.643555 0.119141 0.548828 1310683433.676731
0.633789 0.072266 0.537109 1310683433.703577
0.652344 0.127930 0.540039 1310683433.739606
0.629883 0.132812 0.559570 1310683433.803578
0.651367 0.108398 0.543945 1310683433.804556
0.633789 0.114258 0.527344 1310683433.805577
0.621094 0.114258 0.527344 1310683433.848610
0.658203 0.093750 0.544922 1310683433.894588
0.650391 0.100586 0.525391 1310683433.916552
0.620117 0.106445 0.534180 1310683433.965617
0.630859 0.095703 0.566406 1310683433.988583
0.621094 0.095703 0.566406 1310683434.020618
0.658203 0.101562 0.566406 1310683434.043601
0.615234 0.114258 0.505859 1310683434.089549
0.641602 0.099609 0.544922 1310683434.118583
0.636719 0.092773 0.550781 1310683434.139601
0.648438 0.104492 0.508789 1310683434.164594
0.620117 0.106445 0.541016 1310683434.193590
0.652344 0.107422 0.548828 1310683434.237581
0.625000 0.107422 0.548828 1310683434.260595
0.650391 0.080078 0.525391 1310683434.305596
0.655273 0.106445 0.525391 1310683434.328598
0.649414 0.086914 0.570312 1310683434.394592
0.639648 0.086914 0.570312 1310683434.395599
0.640625 0.075195 0.510742 1310683434.440581
0.623047 0.075195 0.552734 1310683434.463588
0.625000 0.138672 0.553711 1310683434.506587
0.644531 0.108398 0.538086 1310683434.526595
0.627930 0.112305 0.562500 1310683434.549615
0.620117 0.079102 0.562500 1310683434.594589
0.679688 0.111328 0.564453 1310683434.621585
0.633789 0.103516 0.527344 1310683434.665610
0.635742 0.063477 0.558594 1310683434.688584
0.620117 0.076172 0.521484 1310683434.719634
0.631836 0.115234 0.549805 1310683434.742587
0.620117 0.101562 0.549805 1310683434.787610
0.624023 0.114258 0.574219 1310683434.816574
0.628906 0.104492 0.543945 1310683434.859617
0.638672 0.091797 0.538086 1310683434.880567
0.606445 0.122070 0.534180 1310683434.924588
0.617188 0.106445 0.555664 1310683434.946582
0.617188 0.106445 0.555664 1310683434.968762
0.647461 0.101562 0.530273 1310683435.023640
0.648438 0.107422 0.529297 1310683435.089558
0.616211 0.124023 0.568359 1310683435.090576
0.641602 0.113281 0.514648 1310683435.113569
0.631836 0.113281 0.514648 1310683435.135569
0.626953 0.095703 0.563477 1310683435.179664
0.644531 0.104492 0.559570 1310683435.205668
0.659180 0.099609 0.548828 1310683435.241620
0.619141 0.080078 0.493164 1310683435.289600
0.634766 0.100586 0.561523 1310683435.313599
0.626953 0.100586 0.561523 1310683435.335638
0.626953 0.109375 0.553711 1310683435.364591
0.628906 0.079102 0.544922 1310683435.404615
0.644531 0.114258 0.546875 1310683435.428680
0.638672 0.117188 0.548828 1310683435.471624
0.607422 0.062500 0.553711 1310683435.501604
0.658203 0.114258 0.517578 1310683435.523634
0.608398 0.085938 0.538086 1310683435.570625
0.634766 0.088867 0.537109 1310683435.594612
0.652344 0.093750 0.546875 1310683435.648598
0.642578 0.121094 0.525391 1310683435.649562
0.593750 0.094727 0.550781 1310683435.675579
0.656250 0.124023 0.557617 1310683435.720623
0.634766 0.105469 0.554688 1310683435.748613
0.594727 0.109375 0.538086 1310683435.796634
