0 1310512628.267838
1 1310512628.314713
2 1310512628.361588
3 1310512628.408463
4 1310512628.455338
5 1310512628.486588
6 1310512628.533464
7 1310512628.580339
8 1310512628.627214
9 1310512628.674090
10 1310512628.720965
11 1310512628.767840
12 1310512628.814716
13 1310512628.861591
14 1310512628.908466
15 1310512628.955341
16 1310512629.002217
17 1310512629.049092
18 1310512629.095967
19 1310512629.142843
20 1310512629.189718
21 1310512629.236593
22 1310512629.283469
23 1310512629.330344
24 1310512629.377219
25 1310512629.424094
26 1310512629.470970
27 1310512629.517845
28 1310512629.549095
29 1310512629.595971
30 1310512629.642846
31 1310512629.689721
32 1310512629.736596
33 1310512629.783472
34 1310512629.830347
35 1310512629.877222
36 1310512629.924098
37 1310512629.970973
38 1310512630.017848
39 1310512630.064724
40 1310512630.111599
41 1310512630.158474
42 1310512630.205349
43 1310512630.252225
44 1310512630.299100
45 1310512630.345975
46 1310512630.392851
47 1310512630.439726
48 1310512630.486601
49 1310512630.533477
50 1310512630.595977
51 1310512630.627227
52 1310512630.674102
53 1310512630.720978
54 1310512630.767853
55 1310512630.814728
56 1310512630.861604
