0 1311030010.472589
1 1311030010.519464
2 1311030010.566339
3 1311030010.613214
4 1311030010.660089
5 1311030010.706964
6 1311030010.753839
7 1311030010.800714
8 1311030010.847589
9 1311030010.894464
10 1311030010.941339
11 1311030010.988214
12 1311030011.035089
13 1311030011.081964
14 1311030011.128839
15 1311030011.175714
16 1311030011.222589
17 1311030011.269464
18 1311030011.316339
19 1311030011.363214
20 1311030011.410089
21 1311030011.456964
22 1311030011.503839
23 1311030011.550714
24 1311030011.597589
25 1311030011.644464
26 1311030011.691339
27 1311030011.738214
28 1311030011.785089
29 1311030011.831964
30 1311030011.863214
31 1311030011.925714
32 1311030011.956964
33 1311030012.003839
34 1311030012.050714
35 1311030012.097589
36 1311030012.144464
37 1311030012.191339
38 1311030012.238214
39 1311030012.285089
40 1311030012.331964
41 1311030012.378839
42 1311030012.425714
43 1311030012.472589
44 1311030012.519464
45 1311030012.566339
46 1311030012.613214
47 1311030012.660089
48 1311030012.706964
49 1311030012.738214
50 1311030012.785089
51 1311030012.831964
52 1311030012.878839
53 1311030012.925714
54 1311030012.972589
55 1311030013.019464
56 1311030013.066339
57 1311030013.113214
58 1311030013.160089
59 1311030013.206964
60 1311030013.253839
61 1311030013.300714
62 1311030013.347589
63 1311030013.394464
64 1311030013.441339
65 1311030013.488214
66 1311030013.535089
67 1311030013.581964
68 1311030013.628839
69 1311030013.675714
70 1311030013.722589
71 1311030013.769464
72 1311030013.816339
73 1311030013.863214
74 1311030013.910089
75 1311030013.956964
76 1311030014.003839
77 1311030014.050714
78 1311030014.097589
79 1311030014.144464
80 1311030014.191339
81 1311030014.238214
82 1311030014.285089
83 1311030014.331964
84 1311030014.394464
85 1311030014.425714
86 1311030014.472589
87 1311030014.519464
88 1311030014.566339
89 1311030014.613214
90 1311030014.660089
91 1311030014.706964
92 1311030014.753839
93 1311030014.816339
94 1311030014.863214
95 1311030014.910089
96 1311030014.956964
97 1311030014.988214
98 1311030015.035089
99 1311030015.081964
100 1311030015.144464
101 1311030015.175714
102 1311030015.222589
103 1311030015.269464
104 1311030015.316339
105 1311030015.363214
106 1311030015.410089
107 1311030015.456964
108 1311030015.503839
109 1311030015.550714
110 1311030015.597589
111 1311030015.644464
112 1311030015.691339
113 1311030015.738214
114 1311030015.785089
115 1311030015.831964
116 1311030015.878839
117 1311030015.925714
118 1311030015.972589
119 1311030016.019464
120 1311030016.066339
121 1311030016.113214
122 1311030016.160089
123 1311030016.206964
124 1311030016.253839
125 1311030016.300714
126 1311030016.347589
127 1311030016.394464
128 1311030016.441339
129 1311030016.488214
130 1311030016.519464
131 1311030016.581964
132 1311030016.628839
133 1311030016.660089
134 1311030016.706964
135 1311030016.753839
136 1311030016.800714
137 1311030016.847589
138 1311030016.894464
139 1311030016.941339
140 1311030016.988214
141 1311030017.035089
142 1311030017.081964
