0 1310582798.837732
1 1310582798.884607
2 1310582798.931482
3 1310582798.978357
4 1310582799.025233
5 1310582799.072108
6 1310582799.118983
7 1310582799.165859
8 1310582799.212734
9 1310582799.259609
10 1310582799.306485
11 1310582799.353360
12 1310582799.384610
13 1310582799.431485
14 1310582799.478361
15 1310582799.525236
16 1310582799.572112
17 1310582799.618988
18 1310582799.665863
19 1310582799.712739
20 1310582799.759614
21 1310582799.822115
22 1310582799.853366
23 1310582799.900241
24 1310582799.947117
25 1310582799.993992
26 1310582800.040868
27 1310582800.087744
28 1310582800.134619
29 1310582800.181495
30 1310582800.228370
31 1310582800.275246
32 1310582800.322122
33 1310582800.368997
34 1310582800.400248
35 1310582800.447123
36 1310582800.493999
37 1310582800.540874
38 1310582800.587749
39 1310582800.634624
40 1310582800.681500
41 1310582800.728375
42 1310582800.775250
43 1310582800.822126
44 1310582800.869001
45 1310582800.915876
46 1310582800.947126
47 1310582801.009627
48 1310582801.056502
49 1310582801.087752
50 1310582801.134628
51 1310582801.181503
52 1310582801.228378
53 1310582801.275254
54 1310582801.337754
55 1310582801.384629
