0 1311113972.750818
1 1311113972.797693
2 1311113972.844568
3 1311113972.891443
4 1311113972.938318
5 1311113972.985193
6 1311113973.032068
7 1311113973.078943
8 1311113973.125818
9 1311113973.172693
10 1311113973.203943
11 1311113973.250818
12 1311113973.297693
13 1311113973.344568
14 1311113973.391443
15 1311113973.438318
16 1311113973.485193
17 1311113973.532069
18 1311113973.578944
19 1311113973.625819
20 1311113973.672695
21 1311113973.719570
22 1311113973.766445
23 1311113973.813320
24 1311113973.860196
25 1311113973.891446
26 1311113973.938321
27 1311113973.985197
28 1311113974.032072
29 1311113974.078947
30 1311113974.125822
31 1311113974.172698
32 1311113974.219573
33 1311113974.266448
34 1311113974.313324
35 1311113974.360199
36 1311113974.407074
37 1311113974.438324
38 1311113974.485200
39 1311113974.532075
40 1311113974.578950
41 1311113974.625826
42 1311113974.672701
43 1311113974.719576
44 1311113974.766452
45 1311113974.813327
46 1311113974.860202
47 1311113974.907077
48 1311113974.938328
49 1311113974.985203
50 1311113975.032078
51 1311113975.078954
52 1311113975.125829
53 1311113975.172704
54 1311113975.219579
55 1311113975.266455
56 1311113975.313330
57 1311113975.360205
58 1311113975.407081
59 1311113975.453956
60 1311113975.500831
61 1311113975.532081
62 1311113975.578956
63 1311113975.625831
64 1311113975.672706
65 1311113975.719581
66 1311113975.766456
67 1311113975.813331
68 1311113975.860206
69 1311113975.907081
70 1311113975.953956
71 1311113976.000831
72 1311113976.047706
73 1311113976.078956
74 1311113976.125831
75 1311113976.172706
76 1311113976.219581
77 1311113976.266456
78 1311113976.313331
79 1311113976.360206
80 1311113976.407081
81 1311113976.453956
82 1311113976.500831
83 1311113976.547707
84 1311113976.594582
85 1311113976.641457
86 1311113976.672707
87 1311113976.719583
88 1311113976.766458
89 1311113976.813333
90 1311113976.860209
91 1311113976.907084
92 1311113976.953959
93 1311113977.000834
94 1311113977.047710
95 1311113977.094585
96 1311113977.141460
97 1311113977.188336
98 1311113977.235211
99 1311113977.266461
100 1311113977.313336
101 1311113977.360212
102 1311113977.407087
103 1311113977.453962
104 1311113977.500838
105 1311113977.547713
106 1311113977.594588
107 1311113977.641464
108 1311113977.688339
109 1311113977.735214
110 1311113977.782089
111 1311113977.828965
112 1311113977.860215
113 1311113977.907090
114 1311113977.953966
115 1311113978.000841
116 1311113978.047716
117 1311113978.094591
118 1311113978.141467
119 1311113978.188342
120 1311113978.235217
121 1311113978.282093
122 1311113978.328968
123 1311113978.375843
124 1311113978.422719
125 1311113978.469594
126 1311113978.516469
127 1311113978.563344
128 1311113978.594595
129 1311113978.641470
130 1311113978.688345
131 1311113978.735221
132 1311113978.782096
133 1311113978.828971
134 1311113978.875846
135 1311113978.922722
136 1311113978.969597
137 1311113979.016472
138 1311113979.063348
139 1311113979.110223
140 1311113979.141473
141 1311113979.188348
142 1311113979.235224
143 1311113979.282099
144 1311113979.328974
145 1311113979.375850
146 1311113979.422725
147 1311113979.469600
148 1311113979.516475
149 1311113979.563350
150 1311113979.610225
151 1311113979.672725
152 1311113979.719600
153 1311113979.750850
154 1311113979.797725
155 1311113979.844600
156 1311113979.891475
157 1311113979.938350
158 1311113979.985225
159 1311113980.032100
160 1311113980.078975
161 1311113980.125850
162 1311113980.172725
163 1311113980.219600
164 1311113980.266475
165 1311113980.313350
166 1311113980.360225
