0 1309546438.444746
1 1309546438.491622
2 1309546438.538497
3 1309546438.585373
4 1309546438.632248
5 1309546438.679124
6 1309546438.726000
7 1309546438.772875
8 1309546438.819751
9 1309546438.866626
10 1309546438.913502
11 1309546438.960378
12 1309546438.991628
13 1309546439.038504
14 1309546439.085379
15 1309546439.132255
16 1309546439.179130
17 1309546439.226006
18 1309546439.272882
19 1309546439.319757
20 1309546439.382258
21 1309546439.429134
22 1309546439.476009
23 1309546439.522885
24 1309546439.554135
25 1309546439.601011
26 1309546439.647886
27 1309546439.694762
28 1309546439.741638
29 1309546439.788513
30 1309546439.835389
31 1309546439.882265
32 1309546439.929141
33 1309546439.976017
34 1309546440.022893
35 1309546440.054143
36 1309546440.101019
37 1309546440.147895
38 1309546440.194771
39 1309546440.257272
40 1309546440.304148
41 1309546440.351024
42 1309546440.397900
43 1309546440.444776
44 1309546440.491652
45 1309546440.538528
46 1309546440.585403
47 1309546440.632279
48 1309546440.663530
49 1309546440.710406
50 1309546440.772907
51 1309546440.819783
52 1309546440.866658
53 1309546440.913534
54 1309546440.960410
55 1309546441.007285
56 1309546441.054161
57 1309546441.101036
58 1309546441.147912
59 1309546441.194788
60 1309546441.226038
61 1309546441.272914
62 1309546441.319789
63 1309546441.366665
64 1309546441.413540
65 1309546441.460416
66 1309546441.507292
67 1309546441.554167
68 1309546441.601043
69 1309546441.647918
70 1309546441.694794
71 1309546441.757295
72 1309546441.788545
73 1309546441.835421
74 1309546441.882296
75 1309546441.929172
76 1309546441.976048
77 1309546442.022923
78 1309546442.069799
79 1309546442.116674
80 1309546442.163550
81 1309546442.210426
82 1309546442.257301
83 1309546442.304177
84 1309546442.335427
85 1309546442.382303
86 1309546442.429178
87 1309546442.476054
88 1309546442.522930
89 1309546442.569805
90 1309546442.616681
91 1309546442.663556
92 1309546442.726057
93 1309546442.757308
94 1309546442.819809
95 1309546442.866684
96 1309546442.913560
97 1309546442.960436
98 1309546443.007312
99 1309546443.054188
100 1309546443.101064
101 1309546443.163565
102 1309546443.226066
