0 1311112131 601599
1 1311112131 648474
2 1311112131 695349
3 1311112131 742224
4 1311112131 789099
5 1311112131 835974
6 1311112131 882849
7 1311112131 929724
8 1311112131 976599
9 1311112132 23474
10 1311112132 70349
11 1311112132 117224
12 1311112132 164099
13 1311112132 195349
14 1311112132 242224
15 1311112132 289099
16 1311112132 335974
17 1311112132 382849
18 1311112132 429724
19 1311112132 476599
20 1311112132 523474
21 1311112132 570349
22 1311112132 617224
23 1311112132 664099
24 1311112132 710974
25 1311112132 757849
26 1311112132 789099
27 1311112132 835974
28 1311112132 882849
29 1311112132 929725
30 1311112132 976600
31 1311112133 23475
32 1311112133 70351
33 1311112133 117226
34 1311112133 164101
35 1311112133 210977
36 1311112133 257852
37 1311112133 304727
38 1311112133 335977
39 1311112133 382853
40 1311112133 429728
41 1311112133 476603
42 1311112133 523479
43 1311112133 570354
44 1311112133 617229
45 1311112133 664104
46 1311112133 710980
47 1311112133 757855
48 1311112133 804730
49 1311112133 851605
50 1311112133 898480
51 1311112133 929730
52 1311112133 976605
53 1311112134 23480
54 1311112134 70355
55 1311112134 117230
56 1311112134 164105
57 1311112134 210980
58 1311112134 257855
59 1311112134 304730
60 1311112134 351605
61 1311112134 398480
62 1311112134 445355
63 1311112134 492230
64 1311112134 539105
65 1311112134 585980
66 1311112134 632855
67 1311112134 679730
68 1311112134 710980
69 1311112134 757855
70 1311112134 804730
71 1311112134 851606
72 1311112134 914106
73 1311112134 945356
74 1311112134 992232
75 1311112135 39107
76 1311112135 85982
77 1311112135 132857
78 1311112135 179733
79 1311112135 226608
80 1311112135 273483
81 1311112135 320359
82 1311112135 367234
83 1311112135 414109
84 1311112135 460985
85 1311112135 507860
86 1311112135 554735
87 1311112135 601610
88 1311112135 648486
89 1311112135 695361
90 1311112135 726611
91 1311112135 773487
92 1311112135 820362
93 1311112135 867237
94 1311112135 914112
95 1311112135 960987
96 1311112136 7862
97 1311112136 54737
98 1311112136 101612
99 1311112136 148487
100 1311112136 195362
101 1311112136 242237
102 1311112136 273487
103 1311112136 320362
104 1311112136 367237
105 1311112136 414112
106 1311112136 460987
107 1311112136 507862
108 1311112136 554737
109 1311112136 601612
