0 1309546568.078810
1 1309546568.125686
2 1309546568.172562
3 1309546568.219438
4 1309546568.266314
5 1309546568.313190
6 1309546568.360066
7 1309546568.406941
8 1309546568.453817
9 1309546568.516319
10 1309546568.547569
11 1309546568.594445
12 1309546568.641321
13 1309546568.688197
14 1309546568.735073
15 1309546568.781949
16 1309546568.828825
17 1309546568.875701
18 1309546568.922577
19 1309546568.969453
20 1309546569.016330
21 1309546569.063206
22 1309546569.110082
23 1309546569.141333
24 1309546569.188209
25 1309546569.235085
26 1309546569.297587
27 1309546569.344463
28 1309546569.391339
29 1309546569.453841
30 1309546569.500717
31 1309546569.547593
32 1309546569.594469
33 1309546569.641346
34 1309546569.688222
35 1309546569.735098
36 1309546569.781974
37 1309546569.828850
38 1309546569.875726
39 1309546569.938227
40 1309546569.969478
41 1309546570.016354
42 1309546570.063230
43 1309546570.125731
44 1309546570.172607
45 1309546570.219483
46 1309546570.266359
47 1309546570.313234
48 1309546570.375736
49 1309546570.438237
50 1309546570.485113
51 1309546570.531989
52 1309546570.594490
53 1309546570.641366
54 1309546570.688242
55 1309546570.719492
56 1309546570.766368
57 1309546570.813244
58 1309546570.860120
59 1309546570.906996
60 1309546570.953872
61 1309546571.000748
62 1309546571.047624
63 1309546571.094499
64 1309546571.141375
65 1309546571.188251
66 1309546571.219502
67 1309546571.266378
68 1309546571.313254
69 1309546571.360130
70 1309546571.407005
71 1309546571.453881
72 1309546571.500757
73 1309546571.547633
74 1309546571.594509
75 1309546571.641385
76 1309546571.688261
77 1309546571.735137
78 1309546571.782013
79 1309546571.828889
80 1309546571.875765
81 1309546571.922641
82 1309546571.969517
83 1309546572.016394
84 1309546572.063270
85 1309546572.110146
86 1309546572.157022
87 1309546572.203898
88 1309546572.250775
89 1309546572.282025
90 1309546572.344527
91 1309546572.391403
92 1309546572.453905
93 1309546572.516406
94 1309546572.563283
95 1309546572.594533
96 1309546572.641410
97 1309546572.688286
98 1309546572.735162
99 1309546572.782038
100 1309546572.828914
101 1309546572.875790
102 1309546572.922666
103 1309546572.969542
104 1309546573.016418
105 1309546573.063294
106 1309546573.094544
107 1309546573.141420
108 1309546573.188296
109 1309546573.235172
110 1309546573.282048
111 1309546573.328924
112 1309546573.375800
113 1309546573.422676
114 1309546573.469551
115 1309546573.532053
116 1309546573.578929
117 1309546573.610179
118 1309546573.657055
119 1309546573.703931
120 1309546573.750807
121 1309546573.797683
122 1309546573.844559
123 1309546573.891435
124 1309546573.938310
125 1309546573.985186
126 1309546574.032062
127 1309546574.078938
128 1309546574.110189
129 1309546574.157065
130 1309546574.203941
131 1309546574.250816
132 1309546574.297692
