0 1310162248 126305
1 1310162248 173181
2 1310162248 220056
3 1310162248 266932
4 1310162248 313808
5 1310162248 360683
6 1310162248 407559
7 1310162248 454434
8 1310162248 501310
9 1310162248 532560
10 1310162248 579435
11 1310162248 626311
12 1310162248 673186
13 1310162248 720061
14 1310162248 766936
15 1310162248 813812
16 1310162248 860687
17 1310162248 907562
18 1310162248 954438
19 1310162249 1313
20 1310162249 48188
21 1310162249 79438
22 1310162249 126314
23 1310162249 173189
24 1310162249 220064
25 1310162249 266940
26 1310162249 313815
27 1310162249 360690
28 1310162249 407566
29 1310162249 454441
30 1310162249 501316
31 1310162249 548191
32 1310162249 595067
33 1310162249 641942
34 1310162249 688817
35 1310162249 720068
36 1310162249 766943
37 1310162249 813818
38 1310162249 860693
39 1310162249 907569
40 1310162249 954444
41 1310162250 1319
42 1310162250 48195
43 1310162250 95070
44 1310162250 141945
45 1310162250 188821
46 1310162250 235696
47 1310162250 282571
48 1310162250 329446
49 1310162250 376322
50 1310162250 407572
51 1310162250 454447
52 1310162250 501323
53 1310162250 548198
54 1310162250 595074
55 1310162250 641950
56 1310162250 688825
57 1310162250 735701
58 1310162250 782576
59 1310162250 829452
60 1310162250 876328
61 1310162250 923203
62 1310162250 954454
63 1310162251 1329
64 1310162251 48205
65 1310162251 95080
66 1310162251 141956
67 1310162251 188832
68 1310162251 235707
69 1310162251 282583
70 1310162251 329458
71 1310162251 376334
72 1310162251 423210
73 1310162251 470085
74 1310162251 516960
75 1310162251 563836
76 1310162251 610711
77 1310162251 641961
78 1310162251 688837
79 1310162251 751337
80 1310162251 782587
81 1310162251 829462
82 1310162251 876338
83 1310162251 923213
84 1310162251 970088
85 1310162252 16964
86 1310162252 63839
87 1310162252 110714
88 1310162252 157590
89 1310162252 204465
90 1310162252 251340
91 1310162252 298215
92 1310162252 345091
93 1310162252 391966
94 1310162252 423216
95 1310162252 470092
96 1310162252 516967
97 1310162252 563843
98 1310162252 610718
99 1310162252 657594
100 1310162252 704470
101 1310162252 751345
102 1310162252 798221
103 1310162252 845096
104 1310162252 891972
105 1310162252 938848
106 1310162252 970098
107 1310162253 16974
108 1310162253 63849
109 1310162253 110725
