0 1310075177 961813
1 1310075178 8688
2 1310075178 55563
3 1310075178 102438
4 1310075178 149314
5 1310075178 196189
6 1310075178 258689
7 1310075178 305565
8 1310075178 336815
9 1310075178 383690
10 1310075178 430566
11 1310075178 477441
12 1310075178 524316
13 1310075178 571191
14 1310075178 618067
15 1310075178 664942
16 1310075178 711817
17 1310075178 758693
18 1310075178 805568
19 1310075178 852443
20 1310075178 899319
21 1310075178 946194
22 1310075178 993069
23 1310075179 39944
24 1310075179 71195
25 1310075179 118070
26 1310075179 164945
27 1310075179 211821
28 1310075179 258696
29 1310075179 305571
30 1310075179 352446
31 1310075179 399322
32 1310075179 446197
33 1310075179 493072
34 1310075179 539948
35 1310075179 586823
36 1310075179 633698
37 1310075179 664948
38 1310075179 711824
39 1310075179 758699
40 1310075179 805574
41 1310075179 852450
42 1310075179 899325
43 1310075179 946200
44 1310075179 993076
45 1310075180 39951
46 1310075180 86826
47 1310075180 133701
48 1310075180 180577
49 1310075180 227452
50 1310075180 258702
51 1310075180 305578
52 1310075180 352453
53 1310075180 399328
54 1310075180 446203
55 1310075180 493079
56 1310075180 539954
57 1310075180 586829
58 1310075180 633705
59 1310075180 680580
60 1310075180 727455
61 1310075180 774331
62 1310075180 805581
63 1310075180 852456
64 1310075180 899331
65 1310075180 946207
66 1310075180 993082
67 1310075181 39957
68 1310075181 86833
69 1310075181 133708
70 1310075181 180583
71 1310075181 227458
72 1310075181 274334
73 1310075181 321209
74 1310075181 352459
75 1310075181 399335
76 1310075181 446210
77 1310075181 493085
78 1310075181 539960
79 1310075181 586836
80 1310075181 633711
81 1310075181 680586
82 1310075181 727462
83 1310075181 774337
84 1310075181 821212
85 1310075181 868088
86 1310075181 914963
87 1310075181 961838
88 1310075181 993088
89 1310075182 39964
90 1310075182 86839
91 1310075182 133714
92 1310075182 180590
93 1310075182 227465
94 1310075182 274340
95 1310075182 336841
96 1310075182 383716
97 1310075182 414966
98 1310075182 461841
99 1310075182 508717
100 1310075182 555592
101 1310075182 602467
102 1310075182 649343
103 1310075182 696218
104 1310075182 758718
105 1310075182 789968
106 1310075182 836844
107 1310075182 883719
108 1310075182 930594
109 1310075182 977470
