0 1310583064 538311
1 1310583064 585186
2 1310583064 647687
3 1310583064 694563
4 1310583064 741438
5 1310583064 788314
6 1310583064 835190
7 1310583064 882065
8 1310583064 928941
9 1310583064 975816
10 1310583065 22692
11 1310583065 69568
12 1310583065 100818
13 1310583065 147694
14 1310583065 194569
15 1310583065 241445
16 1310583065 288320
17 1310583065 335196
18 1310583065 382072
19 1310583065 428947
20 1310583065 475823
21 1310583065 522698
22 1310583065 569573
23 1310583065 600823
24 1310583065 647699
25 1310583065 710199
26 1310583065 757074
27 1310583065 788325
28 1310583065 835200
29 1310583065 882075
30 1310583065 928950
31 1310583065 975826
32 1310583066 22701
33 1310583066 69576
34 1310583066 116452
35 1310583066 163327
36 1310583066 210202
37 1310583066 257078
38 1310583066 288328
39 1310583066 350828
40 1310583066 382078
41 1310583066 428954
42 1310583066 475829
43 1310583066 522705
44 1310583066 569580
45 1310583066 616456
46 1310583066 663332
47 1310583066 710207
48 1310583066 757083
49 1310583066 803958
50 1310583066 850834
51 1310583066 897710
52 1310583066 944585
53 1310583066 991461
54 1310583067 38336
55 1310583067 85212
56 1310583067 132088
57 1310583067 178963
58 1310583067 225839
59 1310583067 272714
60 1310583067 303965
61 1310583067 350840
62 1310583067 397716
63 1310583067 444592
64 1310583067 491467
65 1310583067 538342
66 1310583067 585217
67 1310583067 632093
68 1310583067 678968
69 1310583067 725843
70 1310583067 772719
71 1310583067 819594
72 1310583067 866469
73 1310583067 913345
74 1310583067 960220
75 1310583067 991470
76 1310583068 38345
77 1310583068 85221
78 1310583068 132096
79 1310583068 178971
80 1310583068 225847
81 1310583068 272722
82 1310583068 319597
83 1310583068 366472
84 1310583068 413348
85 1310583068 460223
86 1310583068 507099
87 1310583068 553974
88 1310583068 600850
89 1310583068 647726
90 1310583068 694601
91 1310583068 741477
92 1310583068 788352
93 1310583068 819603
94 1310583068 866478
95 1310583068 913354
96 1310583068 960230
97 1310583069 7105
98 1310583069 53981
99 1310583069 100856
100 1310583069 147732
101 1310583069 194608
102 1310583069 241483
103 1310583069 288359
104 1310583069 319609
105 1310583069 366485
106 1310583069 413360
107 1310583069 460236
108 1310583069 507111
109 1310583069 553986
