0 1310077663.658373
1 1310077663.705248
2 1310077663.752124
3 1310077663.798999
4 1310077663.845874
5 1310077663.877124
6 1310077663.924000
7 1310077663.970875
8 1310077664.017750
9 1310077664.064626
10 1310077664.111501
11 1310077664.158376
12 1310077664.205251
13 1310077664.252127
14 1310077664.299002
15 1310077664.345877
16 1310077664.392753
17 1310077664.439628
18 1310077664.486503
19 1310077664.533379
20 1310077664.580254
21 1310077664.611504
22 1310077664.658379
23 1310077664.705255
24 1310077664.752130
25 1310077664.799005
26 1310077664.845881
27 1310077664.892756
28 1310077664.939631
29 1310077664.986506
30 1310077665.033382
31 1310077665.080257
32 1310077665.127132
33 1310077665.174008
34 1310077665.220883
35 1310077665.267758
36 1310077665.314634
37 1310077665.377134
38 1310077665.424009
39 1310077665.470885
40 1310077665.517760
41 1310077665.564635
42 1310077665.595885
43 1310077665.658386
44 1310077665.705261
45 1310077665.767761
46 1310077665.814637
47 1310077665.861512
48 1310077665.908387
49 1310077665.939638
50 1310077665.986513
51 1310077666.033388
52 1310077666.080263
53 1310077666.127139
54 1310077666.174014
55 1310077666.220889
56 1310077666.267765
57 1310077666.314640
58 1310077666.361515
59 1310077666.408391
60 1310077666.455266
61 1310077666.486516
62 1310077666.549016
63 1310077666.595892
64 1310077666.627142
65 1310077666.674017
66 1310077666.720893
67 1310077666.767768
68 1310077666.814643
69 1310077666.861518
70 1310077666.908394
71 1310077666.970894
72 1310077667.002144
73 1310077667.049020
74 1310077667.095895
75 1310077667.142770
76 1310077667.189646
77 1310077667.236521
78 1310077667.283396
79 1310077667.330271
80 1310077667.377147
81 1310077667.424022
82 1310077667.470897
83 1310077667.517773
84 1310077667.549023
85 1310077667.595898
86 1310077667.642773
87 1310077667.689649
88 1310077667.736524
89 1310077667.783399
90 1310077667.830275
91 1310077667.877150
92 1310077667.924025
93 1310077667.970901
94 1310077668.017776
95 1310077668.064651
96 1310077668.095901
97 1310077668.142777
98 1310077668.189652
99 1310077668.236527
100 1310077668.283403
101 1310077668.345903
102 1310077668.392778
103 1310077668.439654
104 1310077668.486529
105 1310077668.517779
106 1310077668.564654
107 1310077668.611530
108 1310077668.658405
109 1310077668.705280
110 1310077668.752156
111 1310077668.799031
112 1310077668.845906
113 1310077668.892781
114 1310077668.939657
115 1310077668.986532
116 1310077669.033407
117 1310077669.080283
118 1310077669.111533
119 1310077669.158408
120 1310077669.205283
121 1310077669.252159
122 1310077669.299034
123 1310077669.345909
124 1310077669.392785
125 1310077669.439660
126 1310077669.486535
127 1310077669.533411
128 1310077669.580286
129 1310077669.627161
130 1310077669.752162
131 1310077669.799037
132 1310077669.845913
133 1310077669.892788
134 1310077669.939663
135 1310077669.986538
136 1310077670.033414
137 1310077670.080289
138 1310077670.111539
139 1310077670.158415
140 1310077670.205290
141 1310077670.252165
142 1310077670.299040
143 1310077670.345916
144 1310077670.392791
145 1310077670.439666
146 1310077670.486542
147 1310077670.533417
148 1310077670.580292
149 1310077670.627168
150 1310077670.674043
151 1310077670.720918
152 1310077670.767793
153 1310077670.799044
154 1310077670.845919
155 1310077670.892794
156 1310077670.939670
157 1310077670.986545
158 1310077671.033420
159 1310077671.080295
160 1310077671.127171
161 1310077671.174046
162 1310077671.220921
163 1310077671.267797
164 1310077671.314672
165 1310077671.361547
166 1310077671.408423
167 1310077671.455298
168 1310077671.502173
169 1310077671.549048
170 1310077671.580299
171 1310077671.627174
172 1310077671.674049
173 1310077671.720925
174 1310077671.767800
