0 1310684311.808280
1 1310684311.870780
2 1310684311.933281
3 1310684311.995781
4 1310684312.042656
5 1310684312.105157
6 1310684312.167657
7 1310684312.230157
8 1310684312.277033
9 1310684312.339533
10 1310684312.402034
11 1310684312.464534
12 1310684312.511409
13 1310684312.573910
14 1310684312.636410
15 1310684312.698910
16 1310684312.745786
17 1310684312.808286
18 1310684312.870786
19 1310684312.933286
20 1310684312.980161
21 1310684313.042661
22 1310684313.105161
23 1310684313.167661
24 1310684313.230161
25 1310684313.277036
26 1310684313.339536
27 1310684313.402036
28 1310684313.448911
29 1310684313.511411
30 1310684313.573911
31 1310684313.636411
32 1310684313.683286
33 1310684313.745786
34 1310684313.808286
35 1310684313.870787
36 1310684313.917662
37 1310684313.980162
38 1310684314.042663
39 1310684314.105163
40 1310684314.152038
41 1310684314.214539
42 1310684314.277039
43 1310684314.339540
44 1310684314.386415
45 1310684314.448915
46 1310684314.511416
47 1310684314.573916
48 1310684314.620791
49 1310684314.683292
50 1310684314.745792
51 1310684314.808293
52 1310684314.855168
53 1310684314.917668
54 1310684314.980169
55 1310684315.042669
56 1310684315.089544
57 1310684315.152045
58 1310684315.214545
59 1310684315.277046
60 1310684315.323921
61 1310684315.386421
62 1310684315.448922
63 1310684315.511422
64 1310684315.558297
65 1310684315.620798
66 1310684315.683298
67 1310684315.745798
68 1310684315.792673
69 1310684315.855173
70 1310684315.917673
71 1310684315.980173
72 1310684316.027048
73 1310684316.089548
74 1310684316.152048
75 1310684316.198923
76 1310684316.261423
77 1310684316.323923
78 1310684316.386423
79 1310684316.433298
80 1310684316.495798
81 1310684316.558298
82 1310684316.620798
83 1310684316.667673
84 1310684316.730173
85 1310684316.792674
86 1310684316.855174
87 1310684316.902050
88 1310684316.964550
89 1310684317.027050
90 1310684317.089551
91 1310684317.136426
92 1310684317.198926
93 1310684317.261427
94 1310684317.323927
95 1310684317.370803
96 1310684317.433303
97 1310684317.495803
98 1310684317.558304
99 1310684317.605179
100 1310684317.667679
101 1310684317.730180
102 1310684317.792680
103 1310684317.839555
104 1310684317.902055
105 1310684317.964555
106 1310684318.027055
107 1310684318.073930
108 1310684318.136430
109 1310684318.198930
110 1310684318.261430
111 1310684318.308305
112 1310684318.370805
113 1310684318.433305
114 1310684318.495805
115 1310684318.542680
116 1310684318.605180
117 1310684318.667680
118 1310684318.730180
119 1310684318.777055
120 1310684318.839556
121 1310684318.902056
122 1310684318.964556
123 1310684319.011432
124 1310684319.073932
125 1310684319.136432
126 1310684319.198933
127 1310684319.245808
128 1310684319.308309
129 1310684319.370809
130 1310684319.433309
131 1310684319.480185
132 1310684319.542685
133 1310684319.605185
134 1310684319.652061
135 1310684319.714561
136 1310684319.777061
137 1310684319.839561
138 1310684319.886436
139 1310684319.948936
140 1310684320.011436
141 1310684320.073936
142 1310684320.120811
143 1310684320.183311
144 1310684320.245811
145 1310684320.308311
146 1310684320.355186
147 1310684320.417686
148 1310684320.480186
149 1310684320.542686
150 1310684320.589561
151 1310684320.652061
152 1310684320.714561
153 1310684320.777062
154 1310684320.823937
155 1310684320.886437
156 1310684320.948938
157 1310684321.011438
158 1310684321.058313
159 1310684321.120814
160 1310684321.183314
161 1310684321.245815
162 1310684321.292690
163 1310684321.355190
164 1310684321.417691
165 1310684321.480191
166 1310684321.527066
167 1310684321.589567
168 1310684321.652067
169 1310684321.714568
170 1310684321.761443
171 1310684321.823943
172 1310684321.886444
173 1310684321.948944
174 1310684321.995819
175 1310684322.058320
176 1310684322.120820
177 1310684322.183321
178 1310684322.230196
179 1310684322.292696
180 1310684322.355197
181 1310684322.402072
182 1310684322.464572
183 1310684322.527073
184 1310684322.589573
185 1310684322.636448
186 1310684322.698949
187 1310684322.761449
188 1310684322.823949
189 1310684322.870824
190 1310684322.933324
191 1310684322.995824
192 1310684323.058324
193 1310684323.105199
194 1310684323.167699
195 1310684323.230199
196 1310684323.292699
197 1310684323.339574
198 1310684323.402074
199 1310684323.464574
200 1310684323.511449
201 1310684323.573949
202 1310684323.636449
203 1310684323.698949
204 1310684323.745824
205 1310684323.808325
206 1310684323.870825
207 1310684323.933325
208 1310684323.980201
209 1310684324.042701
210 1310684324.105201
211 1310684324.167702
212 1310684324.214577
213 1310684324.277078
214 1310684324.339578
215 1310684324.402078
216 1310684324.448954
217 1310684324.511454
218 1310684324.573954
219 1310684324.636455
220 1310684324.683330
221 1310684324.745830
222 1310684324.808330
223 1310684324.870830
224 1310684324.917705
225 1310684324.980205
226 1310684325.042705
227 1310684325.105205
228 1310684325.152080
229 1310684325.214580
230 1310684325.277080
231 1310684325.339580
232 1310684325.386455
233 1310684325.448955
234 1310684325.511455
235 1310684325.558330
236 1310684325.620830
237 1310684325.683330
238 1310684325.745831
239 1310684325.792706
240 1310684325.855206
241 1310684325.917707
242 1310684325.980207
243 1310684326.027082
244 1310684326.089583
245 1310684326.152083
246 1310684326.214584
247 1310684326.261459
248 1310684326.323959
249 1310684326.386460
250 1310684326.448960
251 1310684326.511460
252 1310684326.558336
253 1310684326.620836
254 1310684326.683337
255 1310684326.745837
256 1310684326.792712
257 1310684326.855213
258 1310684326.917713
259 1310684326.964588
260 1310684327.027089
261 1310684327.089589
262 1310684327.152090
263 1310684327.198965
264 1310684327.261465
265 1310684327.323966
266 1310684327.386466
267 1310684327.433341
268 1310684327.495842
269 1310684327.558342
270 1310684327.620843
271 1310684327.667718
272 1310684327.730218
273 1310684327.792718
274 1310684327.855218
275 1310684327.902093
276 1310684327.964593
277 1310684328.027093
278 1310684328.089593
279 1310684328.136468
280 1310684328.198968
281 1310684328.261468
282 1310684328.323968
283 1310684328.370843
284 1310684328.433343
285 1310684328.495843
286 1310684328.558343
287 1310684328.605218
288 1310684328.667718
289 1310684328.730218
290 1310684328.792719
291 1310684328.839594
292 1310684328.902094
293 1310684328.964595
294 1310684329.027095
295 1310684329.073970
296 1310684329.136471
297 1310684329.198971
298 1310684329.261472
299 1310684329.308347
300 1310684329.370847
301 1310684329.433348
302 1310684329.495848
303 1310684329.542723
304 1310684329.605224
305 1310684329.667724
306 1310684329.730225
307 1310684329.777100
308 1310684329.839600
309 1310684329.902100
310 1310684329.964600
311 1310684330.011475
312 1310684330.073975
313 1310684330.136475
314 1310684330.198975
315 1310684330.245850
316 1310684330.308350
317 1310684330.370850
318 1310684330.417725
319 1310684330.480225
320 1310684330.542725
321 1310684330.605225
322 1310684330.652100
323 1310684330.714600
324 1310684330.777100
325 1310684330.839600
326 1310684330.886476
327 1310684330.948976
328 1310684331.011476
329 1310684331.073977
330 1310684331.120852
331 1310684331.183353
332 1310684331.245853
333 1310684331.308353
334 1310684331.355229
335 1310684331.417729
336 1310684331.480229
337 1310684331.542730
338 1310684331.589605
339 1310684331.652106
340 1310684331.714606
341 1310684331.777106
342 1310684331.823981
343 1310684331.886481
344 1310684331.948981
345 1310684332.011481
346 1310684332.058356
347 1310684332.120856
348 1310684332.183356
349 1310684332.245856
350 1310684332.292731
351 1310684332.355231
352 1310684332.417731
353 1310684332.480231
354 1310684332.542731
355 1310684332.605231
356 1310684332.652106
357 1310684332.714606
358 1310684332.777106
359 1310684332.839607
360 1310684332.886482
361 1310684332.948982
362 1310684333.011483
363 1310684333.058358
364 1310684333.120859
365 1310684333.183359
366 1310684333.245859
367 1310684333.292735
368 1310684333.355235
369 1310684333.417735
370 1310684333.480236
371 1310684333.527111
372 1310684333.589612
373 1310684333.652112
374 1310684333.714612
375 1310684333.761488
376 1310684333.823988
377 1310684333.886488
378 1310684333.948989
379 1310684333.995864
380 1310684334.058365
381 1310684334.120865
382 1310684334.183365
383 1310684334.230241
384 1310684334.292741
385 1310684334.355241
386 1310684334.417742
387 1310684334.464617
388 1310684334.527118
389 1310684334.589618
390 1310684334.652118
391 1310684334.698994
392 1310684334.761494
393 1310684334.823994
394 1310684334.870869
395 1310684334.933369
396 1310684334.995869
397 1310684335.058369
398 1310684335.105244
399 1310684335.167744
400 1310684335.230244
401 1310684335.292744
402 1310684335.339619
403 1310684335.402119
404 1310684335.464619
405 1310684335.527119
406 1310684335.573994
407 1310684335.636494
408 1310684335.698994
409 1310684335.761494
410 1310684335.808369
411 1310684335.870870
412 1310684335.933370
413 1310684335.995871
414 1310684336.042746
415 1310684336.105246
416 1310684336.167747
417 1310684336.230247
418 1310684336.277122
419 1310684336.339623
420 1310684336.402123
421 1310684336.464624
422 1310684336.511499
423 1310684336.573999
424 1310684336.636500
425 1310684336.699000
426 1310684336.745875
427 1310684336.808375
428 1310684336.870875
429 1310684336.917750
430 1310684336.980250
431 1310684337.042750
432 1310684337.105250
433 1310684337.152125
434 1310684337.214625
435 1310684337.277125
436 1310684337.339625
437 1310684337.386500
438 1310684337.449000
439 1310684337.511500
440 1310684337.574000
441 1310684337.620875
442 1310684337.683375
443 1310684337.745875
444 1310684337.808376
445 1310684337.855251
446 1310684337.917751
447 1310684337.980252
448 1310684338.042752
449 1310684338.089628
450 1310684338.152128
451 1310684338.214628
452 1310684338.277129
453 1310684338.324004
454 1310684338.386504
455 1310684338.449005
456 1310684338.511505
457 1310684338.558381
458 1310684338.620881
459 1310684338.683381
460 1310684338.745882
461 1310684338.792757
462 1310684338.855257
463 1310684338.917758
464 1310684338.980258
465 1310684339.027134
466 1310684339.089634
467 1310684339.152134
468 1310684339.214635
469 1310684339.261510
470 1310684339.324010
471 1310684339.386511
472 1310684339.449011
473 1310684339.495887
474 1310684339.558387
475 1310684339.620887
476 1310684339.667763
477 1310684339.730263
478 1310684339.792763
479 1310684339.855263
480 1310684339.902138
481 1310684339.964638
482 1310684340.027138
483 1310684340.089638
484 1310684340.136513
485 1310684340.199013
486 1310684340.261513
487 1310684340.324013
488 1310684340.370888
489 1310684340.433388
490 1310684340.495888
491 1310684340.558388
