0 1311033604.585314
1 1311033604.632190
2 1311033604.679065
3 1311033604.725940
4 1311033604.772815
5 1311033604.819691
6 1311033604.866566
7 1311033604.913442
8 1311033604.960318
9 1311033605.007193
10 1311033605.038444
11 1311033605.100944
12 1311033605.147820
13 1311033605.194696
14 1311033605.241571
15 1311033605.288447
16 1311033605.335322
17 1311033605.382198
18 1311033605.429074
19 1311033605.475949
20 1311033605.522825
21 1311033605.569700
22 1311033605.616576
23 1311033605.663452
24 1311033605.710327
25 1311033605.741578
26 1311033605.804078
27 1311033605.835329
28 1311033605.882204
29 1311033605.929079
30 1311033605.975955
31 1311033606.022830
32 1311033606.069705
33 1311033606.116580
34 1311033606.163456
