0 1311187375.877225
1 1311187375.924100
2 1311187375.970975
3 1311187376.017851
4 1311187376.064726
5 1311187376.111601
6 1311187376.158477
7 1311187376.205352
8 1311187376.252227
9 1311187376.299102
10 1311187376.345978
11 1311187376.392853
12 1311187376.439728
13 1311187376.470979
14 1311187376.517854
15 1311187376.564729
16 1311187376.611604
17 1311187376.658480
18 1311187376.705355
19 1311187376.752230
20 1311187376.799106
21 1311187376.845981
22 1311187376.892856
23 1311187376.939732
24 1311187376.986607
25 1311187377.049107
26 1311187377.080357
27 1311187377.127233
28 1311187377.174108
29 1311187377.220983
30 1311187377.267859
31 1311187377.314734
32 1311187377.377234
33 1311187377.408484
34 1311187377.455359
35 1311187377.502234
36 1311187377.549109
37 1311187377.595984
38 1311187377.642859
39 1311187377.689734
40 1311187377.736609
41 1311187377.799109
42 1311187377.830359
43 1311187377.877234
44 1311187377.924109
45 1311187377.970984
46 1311187378.017859
47 1311187378.064734
48 1311187378.111609
49 1311187378.158484
50 1311187378.205359
51 1311187378.252234
52 1311187378.299109
53 1311187378.345984
54 1311187378.392859
55 1311187378.439735
56 1311187378.486610
57 1311187378.533485
58 1311187378.580361
59 1311187378.611611
60 1311187378.658486
61 1311187378.705361
62 1311187378.752237
63 1311187378.799112
64 1311187378.845987
65 1311187378.892863
66 1311187378.939738
67 1311187378.986613
68 1311187379.033489
69 1311187379.080364
70 1311187379.127239
71 1311187379.158489
72 1311187379.205365
73 1311187379.252240
74 1311187379.299115
75 1311187379.345991
76 1311187379.392866
77 1311187379.439741
78 1311187379.486616
79 1311187379.533492
80 1311187379.580367
81 1311187379.627242
82 1311187379.674118
83 1311187379.705368
84 1311187379.752243
85 1311187379.799118
86 1311187379.845994
87 1311187379.892869
88 1311187379.939744
89 1311187379.986620
90 1311187380.033495
91 1311187380.080370
92 1311187380.127246
93 1311187380.174121
94 1311187380.220996
95 1311187380.267871
96 1311187380.299122
97 1311187380.345997
98 1311187380.392872
99 1311187380.439747
100 1311187380.486622
101 1311187380.533497
102 1311187380.580372
103 1311187380.627247
104 1311187380.674122
105 1311187380.720997
106 1311187380.767872
107 1311187380.814747
108 1311187380.861622
109 1311187380.908497
110 1311187380.955372
111 1311187380.986622
112 1311187381.033497
113 1311187381.080372
114 1311187381.127247
115 1311187381.174122
116 1311187381.220997
117 1311187381.267872
118 1311187381.314747
119 1311187381.361622
120 1311187381.408497
121 1311187381.455373
122 1311187381.502248
123 1311187381.549123
124 1311187381.595999
125 1311187381.642874
126 1311187381.689749
127 1311187381.736624
128 1311187381.783500
129 1311187381.830375
130 1311187381.877250
131 1311187381.908501
132 1311187381.955376
133 1311187382.002251
134 1311187382.049126
135 1311187382.096002
136 1311187382.142877
137 1311187382.189752
138 1311187382.236628
139 1311187382.283503
140 1311187382.330378
141 1311187382.377254
142 1311187382.424129
143 1311187382.471004
144 1311187382.517879
145 1311187382.564755
146 1311187382.611630
147 1311187382.658505
148 1311187382.705381
149 1311187382.752256
150 1311187382.783506
151 1311187382.830381
152 1311187382.877257
153 1311187382.924132
154 1311187382.971007
155 1311187383.017883
156 1311187383.064758
157 1311187383.111633
158 1311187383.158509
159 1311187383.205384
160 1311187383.252259
