0 1310076028.259901
1 1310076028.306776
2 1310076028.353652
3 1310076028.400527
4 1310076028.447402
5 1310076028.494278
6 1310076028.541153
7 1310076028.588028
8 1310076028.634904
9 1310076028.681779
10 1310076028.728654
11 1310076028.775529
12 1310076028.822405
13 1310076028.869280
14 1310076028.900530
15 1310076028.978656
16 1310076029.025531
17 1310076029.056781
18 1310076029.103657
19 1310076029.150532
20 1310076029.197407
21 1310076029.244282
22 1310076029.291158
23 1310076029.338033
24 1310076029.384908
25 1310076029.447409
26 1310076029.509909
27 1310076029.556784
28 1310076029.603660
29 1310076029.650535
30 1310076029.697410
31 1310076029.744286
32 1310076029.791161
33 1310076029.838036
34 1310076029.884912
35 1310076029.931787
36 1310076029.978662
37 1310076030.025537
38 1310076030.056788
39 1310076030.103663
40 1310076030.150538
41 1310076030.197414
42 1310076030.244289
43 1310076030.291164
44 1310076030.338039
45 1310076030.384915
46 1310076030.431790
47 1310076030.478665
48 1310076030.525541
49 1310076030.572416
50 1310076030.619291
51 1310076030.666167
52 1310076030.713042
53 1310076030.759917
54 1310076030.806792
55 1310076030.853668
56 1310076030.900543
57 1310076030.947418
58 1310076030.978669
59 1310076031.041169
60 1310076031.072419
61 1310076031.119294
62 1310076031.166170
63 1310076031.213045
64 1310076031.259920
65 1310076031.306796
66 1310076031.353671
67 1310076031.400546
68 1310076031.447422
69 1310076031.494297
70 1310076031.541172
71 1310076031.588047
72 1310076031.619298
73 1310076031.666173
74 1310076031.713048
75 1310076031.759924
76 1310076031.806799
77 1310076031.853674
78 1310076031.900549
79 1310076031.947425
80 1310076031.994300
81 1310076032.056800
82 1310076032.103676
83 1310076032.150551
84 1310076032.197426
85 1310076032.244302
86 1310076032.291177
87 1310076032.338052
88 1310076032.384928
89 1310076032.416178
90 1310076032.463053
91 1310076032.509928
92 1310076032.556804
93 1310076032.603679
94 1310076032.650554
95 1310076032.697430
96 1310076032.744305
97 1310076032.791180
98 1310076032.838055
99 1310076032.884931
100 1310076032.931806
101 1310076032.978681
102 1310076033.025557
103 1310076033.072432
104 1310076033.119307
105 1310076033.150557
106 1310076033.197433
107 1310076033.244308
108 1310076033.291183
109 1310076033.338059
110 1310076033.384934
111 1310076033.431809
112 1310076033.478685
113 1310076033.525560
114 1310076033.572435
115 1310076033.619310
116 1310076033.666186
117 1310076033.728686
118 1310076033.775561
119 1310076033.806812
120 1310076033.853687
121 1310076033.900562
122 1310076033.947438
123 1310076033.994313
124 1310076034.041188
125 1310076034.088063
126 1310076034.134939
127 1310076034.181814
128 1310076034.228689
129 1310076034.275565
130 1310076034.322440
131 1310076034.369315
132 1310076034.400565
133 1310076034.447441
134 1310076034.494316
135 1310076034.541191
136 1310076034.588067
137 1310076034.634942
138 1310076034.681817
139 1310076034.728693
140 1310076034.775568
