0 1309547092.127695
1 1309547092.174572
2 1309547092.221448
3 1309547092.268325
4 1309547092.330827
5 1309547092.377703
6 1309547092.424580
7 1309547092.471456
8 1309547092.518333
9 1309547092.565209
10 1309547092.612086
11 1309547092.658962
12 1309547092.705839
13 1309547092.752715
14 1309547092.815217
15 1309547092.862094
16 1309547092.908970
17 1309547092.955847
18 1309547093.002723
19 1309547093.049600
20 1309547093.096476
21 1309547093.143353
22 1309547093.190229
23 1309547093.221480
24 1309547093.268357
25 1309547093.315233
26 1309547093.362110
27 1309547093.408986
28 1309547093.455863
29 1309547093.502739
30 1309547093.549616
31 1309547093.596492
32 1309547093.643369
33 1309547093.690245
34 1309547093.721496
35 1309547093.768373
36 1309547093.815249
37 1309547093.862126
38 1309547093.909002
39 1309547093.955879
40 1309547094.002755
41 1309547094.049632
42 1309547094.096508
43 1309547094.143385
44 1309547094.190261
45 1309547094.221512
46 1309547094.268389
47 1309547094.315265
48 1309547094.362142
49 1309547094.409018
50 1309547094.455895
51 1309547094.502771
52 1309547094.549648
53 1309547094.596524
54 1309547094.643401
55 1309547094.690277
56 1309547094.737154
57 1309547094.768405
58 1309547094.815281
59 1309547094.862158
60 1309547094.909034
61 1309547094.955911
62 1309547095.002787
63 1309547095.049664
64 1309547095.096540
65 1309547095.143417
66 1309547095.190293
67 1309547095.237170
68 1309547095.268421
69 1309547095.315297
70 1309547095.362174
71 1309547095.409050
72 1309547095.471552
73 1309547095.502803
74 1309547095.549680
75 1309547095.596556
76 1309547095.643433
77 1309547095.690309
78 1309547095.737186
79 1309547095.784062
80 1309547095.830939
81 1309547095.877815
82 1309547095.924692
83 1309547095.971568
84 1309547096.018445
85 1309547096.065321
86 1309547096.112198
87 1309547096.143449
88 1309547096.190325
89 1309547096.237202
90 1309547096.284078
91 1309547096.330955
92 1309547096.377831
93 1309547096.440333
94 1309547096.487210
95 1309547096.534086
96 1309547096.565337
97 1309547096.612214
98 1309547096.659090
99 1309547096.705967
100 1309547096.752843
101 1309547096.799720
102 1309547096.846596
103 1309547096.893473
104 1309547096.940349
105 1309547096.987226
106 1309547097.034102
107 1309547097.080979
108 1309547097.112230
109 1309547097.159106
110 1309547097.205983
111 1309547097.252859
112 1309547097.299736
113 1309547097.346612
114 1309547097.393489
115 1309547097.440365
116 1309547097.487242
117 1309547097.534118
118 1309547097.580995
119 1309547097.627871
120 1309547097.674748
121 1309547097.705999
122 1309547097.752875
123 1309547097.799752
124 1309547097.846628
125 1309547097.893505
126 1309547097.940381
127 1309547097.987258
128 1309547098.034134
129 1309547098.081011
130 1309547098.127887
131 1309547098.174764
132 1309547098.221640
133 1309547098.252891
134 1309547098.299768
135 1309547098.346644
