0 1309980448.883478
1 1309980448.914728
2 1309980448.961603
3 1309980449.008479
4 1309980449.055354
5 1309980449.102229
6 1309980449.164730
7 1309980449.195980
8 1309980449.242856
9 1309980449.289732
10 1309980449.336607
11 1309980449.383483
12 1309980449.430358
13 1309980449.477234
14 1309980449.524110
15 1309980449.570985
16 1309980449.617861
17 1309980449.664736
18 1309980449.711612
19 1309980449.774113
20 1309980449.805363
21 1309980449.852239
22 1309980449.899114
23 1309980449.961615
24 1309980449.992866
25 1309980450.055366
26 1309980450.102242
27 1309980450.164743
28 1309980450.211618
29 1309980450.258493
30 1309980450.305368
31 1309980450.352244
32 1309980450.399119
33 1309980450.445994
34 1309980450.492870
35 1309980450.539745
36 1309980450.586620
37 1309980450.633496
38 1309980450.680371
39 1309980450.727246
40 1309980450.774121
41 1309980450.820997
42 1309980450.852247
43 1309980450.899122
44 1309980450.945998
45 1309980450.992873
46 1309980451.039748
47 1309980451.086623
48 1309980451.133499
49 1309980451.180374
50 1309980451.227249
51 1309980451.274125
52 1309980451.321000
53 1309980451.367875
54 1309980451.399125
55 1309980451.446001
56 1309980451.492876
57 1309980451.539751
58 1309980451.586627
59 1309980451.633502
60 1309980451.680377
61 1309980451.727253
62 1309980451.774128
63 1309980451.821003
64 1309980451.867878
65 1309980451.914754
66 1309980451.961629
67 1309980451.992879
68 1309980452.039755
69 1309980452.086630
70 1309980452.133505
71 1309980452.180380
72 1309980452.227256
73 1309980452.274131
74 1309980452.321006
75 1309980452.367882
76 1309980452.414757
77 1309980452.461632
78 1309980452.508508
79 1309980452.555383
80 1309980452.586633
81 1309980452.633508
82 1309980452.680384
83 1309980452.727259
84 1309980452.774134
85 1309980452.836635
86 1309980452.867885
87 1309980452.914760
88 1309980452.961635
89 1309980453.008511
90 1309980453.055386
91 1309980453.102261
92 1309980453.149137
93 1309980453.196012
94 1309980453.242888
95 1309980453.289764
96 1309980453.336639
97 1309980453.383515
98 1309980453.430390
99 1309980453.477266
100 1309980453.524142
101 1309980453.571017
102 1309980453.617893
103 1309980453.664768
104 1309980453.711644
105 1309980453.758520
106 1309980453.805395
107 1309980453.836646
108 1309980453.883521
109 1309980453.930397
110 1309980453.977272
111 1309980454.024148
112 1309980454.071024
113 1309980454.117899
114 1309980454.164775
115 1309980454.211650
116 1309980454.258525
117 1309980454.305400
118 1309980454.352276
119 1309980454.399151
120 1309980454.446026
121 1309980454.477277
122 1309980454.524152
123 1309980454.571027
124 1309980454.617902
125 1309980454.664778
126 1309980454.711653
127 1309980454.758528
128 1309980454.805404
129 1309980454.852279
130 1309980454.899154
131 1309980454.946030
132 1309980454.992905
133 1309980455.039780
134 1309980455.086655
135 1309980455.133531
136 1309980455.180406
137 1309980455.227281
138 1309980455.274157
139 1309980455.321032
140 1309980455.367907
141 1309980455.414783
142 1309980455.461658
143 1309980455.508533
144 1309980455.555408
145 1309980455.602284
146 1309980455.649159
147 1309980455.696034
148 1309980455.727285
149 1309980455.774160
150 1309980455.821035
151 1309980455.867910
152 1309980455.914786
153 1309980455.961661
154 1309980456.008536
155 1309980456.055412
156 1309980456.102287
157 1309980456.149162
158 1309980456.196038
159 1309980456.242913
160 1309980456.289788
161 1309980456.336663
162 1309980456.399164
163 1309980456.430414
164 1309980456.492914
165 1309980456.524165
166 1309980456.571040
167 1309980456.617915
168 1309980456.664791
169 1309980456.711666
170 1309980456.758541
171 1309980456.805416
172 1309980456.852292
173 1309980456.899167
174 1309980456.946042
175 1309980456.992918
176 1309980457.039793
177 1309980457.086668
178 1309980457.117918
179 1309980457.164794
180 1309980457.211669
181 1309980457.258544
182 1309980457.305420
183 1309980457.352295
184 1309980457.399170
185 1309980457.446046
186 1309980457.492921
187 1309980457.539796
188 1309980457.586671
189 1309980457.633547
190 1309980457.664797
191 1309980457.711672
192 1309980457.758548
193 1309980457.805423
194 1309980457.852298
195 1309980457.899173
196 1309980457.946049
197 1309980457.992924
198 1309980458.039799
199 1309980458.086675
200 1309980458.133550
201 1309980458.180426
202 1309980458.227301
203 1309980458.274177
204 1309980458.305427
205 1309980458.352303
206 1309980458.399178
207 1309980458.446054
208 1309980458.492930
209 1309980458.539805
210 1309980458.586681
211 1309980458.633556
212 1309980458.680432
213 1309980458.727308
214 1309980458.774183
215 1309980458.821059
216 1309980458.867934
217 1309980458.914810
218 1309980458.946060
219 1309980458.992936
220 1309980459.039812
221 1309980459.086687
222 1309980459.133563
223 1309980459.180438
224 1309980459.227313
225 1309980459.274189
226 1309980459.321064
227 1309980459.367939
228 1309980459.414815
229 1309980459.461690
230 1309980459.508565
231 1309980459.555440
232 1309980459.602316
233 1309980459.633566
234 1309980459.680441
235 1309980459.727317
236 1309980459.774192
