0 1309980553.091167
1 1309980553.122417
2 1309980553.169292
3 1309980553.216168
4 1309980553.263043
5 1309980553.309918
6 1309980553.356794
7 1309980553.403669
8 1309980553.450544
9 1309980553.497419
10 1309980553.544295
11 1309980553.575545
12 1309980553.622420
13 1309980553.669296
14 1309980553.716171
15 1309980553.763046
16 1309980553.809921
17 1309980553.856797
18 1309980553.903672
19 1309980553.950547
20 1309980553.997423
21 1309980554.044298
22 1309980554.091173
23 1309980554.138049
24 1309980554.169299
25 1309980554.216174
26 1309980554.263049
27 1309980554.309925
28 1309980554.356800
29 1309980554.403675
30 1309980554.466176
31 1309980554.513051
32 1309980554.559926
33 1309980554.606802
34 1309980554.653677
35 1309980554.684927
36 1309980554.747427
37 1309980554.794303
38 1309980554.841178
39 1309980554.888053
40 1309980554.919304
41 1309980554.966179
42 1309980555.028679
43 1309980555.059929
44 1309980555.106805
45 1309980555.153680
46 1309980555.200556
47 1309980555.247431
48 1309980555.294307
49 1309980555.341182
50 1309980555.388058
51 1309980555.434934
52 1309980555.481809
53 1309980555.528685
54 1309980555.575560
55 1309980555.622436
56 1309980555.669312
57 1309980555.716187
58 1309980555.794313
59 1309980555.841189
60 1309980555.872439
61 1309980555.919315
62 1309980555.966190
63 1309980556.013066
64 1309980556.059942
65 1309980556.106817
66 1309980556.153693
67 1309980556.200568
68 1309980556.247443
69 1309980556.294319
70 1309980556.341194
71 1309980556.388069
72 1309980556.419320
73 1309980556.466195
74 1309980556.513070
75 1309980556.559945
76 1309980556.606821
77 1309980556.653696
78 1309980556.700571
79 1309980556.747447
80 1309980556.794322
81 1309980556.841197
82 1309980556.888073
83 1309980556.934948
84 1309980556.981823
85 1309980557.028698
86 1309980557.075574
87 1309980557.153699
88 1309980557.200575
89 1309980557.247450
90 1309980557.294325
91 1309980557.341200
92 1309980557.388076
93 1309980557.434951
94 1309980557.481826
95 1309980557.528702
96 1309980557.575577
97 1309980557.622452
98 1309980557.669328
99 1309980557.716203
100 1309980557.763078
101 1309980557.794328
102 1309980557.841204
103 1309980557.888079
104 1309980557.934954
105 1309980557.981830
106 1309980558.028705
107 1309980558.075580
108 1309980558.122455
109 1309980558.169331
110 1309980558.216206
111 1309980558.263081
112 1309980558.309957
113 1309980558.356832
114 1309980558.388082
115 1309980558.434957
116 1309980558.481833
117 1309980558.528708
118 1309980558.575583
119 1309980558.622459
120 1309980558.669334
121 1309980558.716209
122 1309980558.763085
123 1309980558.809960
124 1309980558.856835
125 1309980558.903710
126 1309980558.950586
127 1309980558.997461
128 1309980559.044336
129 1309980559.091212
130 1309980559.153712
131 1309980559.200587
132 1309980559.247463
133 1309980559.294338
134 1309980559.341213
135 1309980559.388089
136 1309980559.419339
137 1309980559.466214
138 1309980559.513089
139 1309980559.559965
140 1309980559.606840
141 1309980559.653715
142 1309980559.700591
143 1309980559.747466
144 1309980559.794341
145 1309980559.841216
146 1309980559.888092
147 1309980559.934967
148 1309980559.981842
149 1309980560.013093
150 1309980560.059968
151 1309980560.106843
152 1309980560.153718
153 1309980560.200594
154 1309980560.247470
155 1309980560.294345
156 1309980560.341221
157 1309980560.388096
158 1309980560.434972
159 1309980560.481848
160 1309980560.528723
161 1309980560.575599
162 1309980560.622474
163 1309980560.684975
164 1309980560.716226
165 1309980560.763101
166 1309980560.809977
167 1309980560.856852
168 1309980560.903728
169 1309980560.950604
170 1309980560.997479
171 1309980561.044355
172 1309980561.091230
173 1309980561.138106
174 1309980561.184981
175 1309980561.231857
176 1309980561.278732
177 1309980561.325607
178 1309980561.356858
179 1309980561.403733
180 1309980561.450608
181 1309980561.497483
182 1309980561.559984
183 1309980561.606859
184 1309980561.653734
185 1309980561.684985
186 1309980561.731860
187 1309980561.778735
188 1309980561.825611
189 1309980561.872486
190 1309980561.919361
191 1309980561.966236
192 1309980562.013112
193 1309980562.059987
194 1309980562.106862
195 1309980562.153738
196 1309980562.200613
197 1309980562.247488
198 1309980562.294364
199 1309980562.341239
200 1309980562.388114
201 1309980562.434989
202 1309980562.481865
203 1309980562.513115
204 1309980562.559990
205 1309980562.606866
206 1309980562.653741
207 1309980562.700616
208 1309980562.747491
209 1309980562.794367
210 1309980562.841242
211 1309980562.888117
212 1309980562.934993
213 1309980562.981868
214 1309980563.028743
215 1309980563.075619
216 1309980563.122494
217 1309980563.169369
218 1309980563.216244
219 1309980563.247495
220 1309980563.294370
221 1309980563.341245
222 1309980563.388121
223 1309980563.434996
224 1309980563.481871
225 1309980563.528746
226 1309980563.575622
227 1309980563.622497
228 1309980563.669372
229 1309980563.716248
230 1309980563.763123
231 1309980563.809998
232 1309980563.856874
233 1309980563.903749
234 1309980563.934999
235 1309980563.981874
236 1309980564.044375
237 1309980564.091250
