0 1311033077.278383
1 1311033077.325259
2 1311033077.372134
3 1311033077.419009
4 1311033077.465885
5 1311033077.512760
6 1311033077.559635
7 1311033077.606511
8 1311033077.653386
9 1311033077.700261
10 1311033077.747136
11 1311033077.778387
12 1311033077.825262
13 1311033077.872137
14 1311033077.919013
15 1311033077.965888
16 1311033078.012763
17 1311033078.059638
18 1311033078.106514
19 1311033078.153389
20 1311033078.200264
21 1311033078.247140
22 1311033078.294015
23 1311033078.340890
24 1311033078.403391
25 1311033078.450266
26 1311033078.497141
27 1311033078.528391
28 1311033078.575267
29 1311033078.622142
30 1311033078.669017
31 1311033078.715893
32 1311033078.762768
33 1311033078.809643
34 1311033078.856519
35 1311033078.903394
36 1311033078.950269
37 1311033078.997144
38 1311033079.044020
39 1311033079.090895
40 1311033079.137770
41 1311033079.184646
42 1311033079.231521
43 1311033079.278396
44 1311033079.325272
45 1311033079.372147
