0 1309550230 834337
1 1309550230 881214
2 1309550230 928091
3 1309550230 974968
4 1309550231 21844
5 1309550231 68721
6 1309550231 115597
7 1309550231 162474
8 1309550231 209350
9 1309550231 256227
10 1309550231 303103
11 1309550231 334354
12 1309550231 381231
13 1309550231 428107
14 1309550231 474984
15 1309550231 521860
16 1309550231 568737
17 1309550231 615613
18 1309550231 662490
19 1309550231 709366
20 1309550231 756243
21 1309550231 803119
22 1309550231 849996
23 1309550231 881247
24 1309550231 928123
25 1309550231 975000
26 1309550232 21876
27 1309550232 68753
28 1309550232 115630
29 1309550232 162507
30 1309550232 209384
31 1309550232 256260
32 1309550232 303137
33 1309550232 350014
34 1309550232 396891
35 1309550232 443768
36 1309550232 490644
37 1309550232 537521
38 1309550232 568772
39 1309550232 615649
40 1309550232 662526
41 1309550232 709403
42 1309550232 756280
43 1309550232 803156
44 1309550232 850033
45 1309550232 896910
46 1309550232 943787
47 1309550232 990664
48 1309550233 37540
49 1309550233 84417
50 1309550233 131294
51 1309550233 178171
52 1309550233 225048
53 1309550233 256299
54 1309550233 303176
55 1309550233 350052
56 1309550233 396929
57 1309550233 443806
58 1309550233 490683
59 1309550233 537560
60 1309550233 584436
61 1309550233 631313
62 1309550233 678190
63 1309550233 725067
64 1309550233 771944
65 1309550233 818820
66 1309550233 865697
67 1309550233 896948
68 1309550233 943825
69 1309550233 990702
70 1309550234 37579
71 1309550234 84455
72 1309550234 131332
73 1309550234 178208
74 1309550234 225085
75 1309550234 271961
76 1309550234 318838
77 1309550234 365714
78 1309550234 396965
79 1309550234 443842
80 1309550234 490718
81 1309550234 537595
82 1309550234 584471
83 1309550234 631348
84 1309550234 678224
85 1309550234 740726
86 1309550234 787603
87 1309550234 834479
88 1309550234 865730
89 1309550234 912607
90 1309550234 959483
91 1309550235 6360
92 1309550235 53236
93 1309550235 100113
94 1309550235 146990
95 1309550235 193867
96 1309550235 240744
97 1309550235 287620
98 1309550235 334497
99 1309550235 381374
100 1309550235 428251
101 1309550235 475128
102 1309550235 522004
103 1309550235 568881
104 1309550235 615758
105 1309550235 662635
106 1309550235 709512
