0 1310682266.609892
1 1310682266.656767
2 1310682266.688017
3 1310682266.734892
4 1310682266.781767
5 1310682266.828643
6 1310682266.875518
7 1310682266.922393
8 1310682266.969268
9 1310682267.016144
10 1310682267.063019
11 1310682267.109894
12 1310682267.156770
13 1310682267.203645
14 1310682267.250520
15 1310682267.297396
16 1310682267.344271
17 1310682267.391146
18 1310682267.438021
19 1310682267.484897
20 1310682267.516147
21 1310682267.563022
22 1310682267.609898
23 1310682267.656773
24 1310682267.703648
25 1310682267.750523
26 1310682267.797398
27 1310682267.844273
28 1310682267.891148
29 1310682267.938023
30 1310682267.984898
31 1310682268.031773
32 1310682268.063023
33 1310682268.109898
34 1310682268.156773
35 1310682268.203648
36 1310682268.250523
37 1310682268.297398
38 1310682268.344273
39 1310682268.391148
40 1310682268.438023
41 1310682268.484898
42 1310682268.531773
43 1310682268.578648
44 1310682268.625523
45 1310682268.672398
46 1310682268.703648
47 1310682268.750523
48 1310682268.797399
49 1310682268.844274
50 1310682268.891149
51 1310682268.938025
52 1310682268.984900
53 1310682269.031775
54 1310682269.078651
55 1310682269.125526
56 1310682269.172401
57 1310682269.219276
58 1310682269.250527
59 1310682269.297402
60 1310682269.344277
61 1310682269.391153
62 1310682269.438028
63 1310682269.484903
64 1310682269.531778
65 1310682269.594279
66 1310682269.641154
67 1310682269.688029
68 1310682269.734904
69 1310682269.797404
70 1310682269.828654
71 1310682269.875529
72 1310682269.922404
73 1310682269.969279
74 1310682270.016154
75 1310682270.063029
76 1310682270.109904
77 1310682270.156779
78 1310682270.203654
79 1310682270.250529
80 1310682270.297404
81 1310682270.344279
82 1310682270.391154
83 1310682270.422404
84 1310682270.469279
85 1310682270.516154
86 1310682270.563029
87 1310682270.609904
88 1310682270.656779
89 1310682270.703654
90 1310682270.750529
91 1310682270.797404
92 1310682270.844279
93 1310682270.891154
94 1310682270.938029
95 1310682270.984904
96 1310682271.031779
97 1310682271.078654
98 1310682271.125529
99 1310682271.156779
100 1310682271.203654
101 1310682271.250529
102 1310682271.297404
103 1310682271.344279
104 1310682271.391154
105 1310682271.438029
106 1310682271.484904
107 1310682271.531779
108 1310682271.578654
109 1310682271.625529
110 1310682271.672404
111 1310682271.703655
112 1310682271.750530
113 1310682271.797405
114 1310682271.844280
115 1310682271.891156
116 1310682271.938031
117 1310682271.984906
118 1310682272.031782
119 1310682272.078657
120 1310682272.125532
121 1310682272.172408
122 1310682272.219283
123 1310682272.266158
124 1310682272.313033
125 1310682272.359909
126 1310682272.391159
127 1310682272.438034
128 1310682272.484910
129 1310682272.531785
130 1310682272.578660
131 1310682272.625535
132 1310682272.672411
133 1310682272.719286
134 1310682272.766161
135 1310682272.813036
136 1310682272.859911
137 1310682272.906786
138 1310682272.953661
139 1310682272.984911
140 1310682273.031786
141 1310682273.078661
142 1310682273.125536
143 1310682273.172411
144 1310682273.219286
145 1310682273.266161
146 1310682273.313036
147 1310682273.359911
148 1310682273.406786
149 1310682273.453661
150 1310682273.500536
151 1310682273.547411
152 1310682273.594286
153 1310682273.641161
154 1310682273.672411
155 1310682273.719286
156 1310682273.781786
157 1310682273.813037
158 1310682273.859912
159 1310682273.906787
160 1310682273.953663
161 1310682274.000538
162 1310682274.047413
163 1310682274.094288
164 1310682274.141164
165 1310682274.188039
166 1310682274.234914
167 1310682274.281790
168 1310682274.328665
169 1310682274.375540
170 1310682274.406790
171 1310682274.453666
172 1310682274.500541
173 1310682274.547416
174 1310682274.594292
175 1310682274.641167
176 1310682274.688042
177 1310682274.734917
178 1310682274.781792
179 1310682274.828667
180 1310682274.875542
181 1310682274.922417
182 1310682274.969292
183 1310682275.016167
184 1310682275.047417
185 1310682275.094292
186 1310682275.141167
187 1310682275.188042
188 1310682275.234917
189 1310682275.281792
190 1310682275.328667
191 1310682275.375542
192 1310682275.422417
193 1310682275.469292
194 1310682275.516167
195 1310682275.563042
196 1310682275.609917
197 1310682275.656792
198 1310682275.703667
199 1310682275.734917
200 1310682275.781792
201 1310682275.828667
202 1310682275.875542
203 1310682275.922417
204 1310682275.969292
205 1310682276.016167
206 1310682276.063042
207 1310682276.109917
208 1310682276.156792
209 1310682276.203667
210 1310682276.250542
211 1310682276.297417
212 1310682276.328667
213 1310682276.375542
214 1310682276.422417
215 1310682276.469292
216 1310682276.516167
217 1310682276.563042
218 1310682276.609917
219 1310682276.656792
220 1310682276.703667
221 1310682276.750543
222 1310682276.797418
223 1310682276.844293
224 1310682276.875543
225 1310682276.922419
226 1310682276.969294
227 1310682277.016169
228 1310682277.063045
229 1310682277.109920
230 1310682277.156795
231 1310682277.203671
232 1310682277.250546
233 1310682277.297421
234 1310682277.344296
235 1310682277.391172
236 1310682277.438047
237 1310682277.484922
238 1310682277.531798
239 1310682277.578673
240 1310682277.625548
241 1310682277.672424
242 1310682277.719299
243 1310682277.766174
244 1310682277.813049
245 1310682277.844299
246 1310682277.891174
247 1310682277.938049
248 1310682277.984924
249 1310682278.031799
250 1310682278.078674
251 1310682278.125549
252 1310682278.172424
253 1310682278.219299
254 1310682278.266174
255 1310682278.313049
256 1310682278.359924
257 1310682278.406799
258 1310682278.453674
259 1310682278.484924
260 1310682278.531799
261 1310682278.578674
262 1310682278.641174
263 1310682278.672424
264 1310682278.719299
265 1310682278.766174
266 1310682278.813049
267 1310682278.859924
268 1310682278.906799
269 1310682278.953674
270 1310682279.000549
271 1310682279.047424
272 1310682279.094299
273 1310682279.141174
274 1310682279.188049
275 1310682279.234924
276 1310682279.266174
277 1310682279.313049
278 1310682279.359924
279 1310682279.406799
280 1310682279.453674
281 1310682279.500549
282 1310682279.547424
283 1310682279.594299
284 1310682279.641174
285 1310682279.688049
286 1310682279.734924
287 1310682279.781799
288 1310682279.813049
289 1310682279.859925
290 1310682279.906800
291 1310682279.953675
292 1310682280.000551
293 1310682280.047426
294 1310682280.094301
295 1310682280.141177
296 1310682280.188052
297 1310682280.234927
298 1310682280.281802
299 1310682280.328678
300 1310682280.375553
301 1310682280.406803
302 1310682280.453679
303 1310682280.672430
304 1310682280.719305
305 1310682280.766180
306 1310682280.813055
307 1310682280.875555
308 1310682280.906805
309 1310682280.953680
310 1310682281.000555
311 1310682281.047430
312 1310682281.094305
313 1310682281.141180
314 1310682281.188055
315 1310682281.234930
316 1310682281.281805
317 1310682281.328680
318 1310682281.375555
319 1310682281.422430
320 1310682281.469305
321 1310682281.516180
322 1310682281.563055
323 1310682281.594305
324 1310682281.641180
325 1310682281.688055
326 1310682281.734930
327 1310682281.781806
328 1310682281.828681
329 1310682281.875556
330 1310682281.922432
331 1310682281.969307
332 1310682282.016182
