0 1309548161.864767
1 1309548161.911644
2 1309548161.958520
3 1309548161.989771
4 1309548162.036648
5 1309548162.083524
6 1309548162.130401
7 1309548162.177277
8 1309548162.224154
9 1309548162.271030
10 1309548162.317907
11 1309548162.364783
12 1309548162.411660
13 1309548162.458536
14 1309548162.505413
15 1309548162.552289
16 1309548162.599166
17 1309548162.630417
18 1309548162.677293
19 1309548162.724170
20 1309548162.771046
21 1309548162.817923
22 1309548162.864799
23 1309548162.911676
24 1309548162.958552
25 1309548163.005429
26 1309548163.052305
27 1309548163.099182
28 1309548163.130433
29 1309548163.177309
30 1309548163.224186
31 1309548163.271062
32 1309548163.317939
33 1309548163.364815
34 1309548163.411692
35 1309548163.458568
36 1309548163.505445
37 1309548163.552321
38 1309548163.599198
39 1309548163.646074
40 1309548163.677325
41 1309548163.724202
42 1309548163.771078
43 1309548163.817955
44 1309548163.864831
45 1309548163.911708
46 1309548163.958584
47 1309548164.005461
48 1309548164.052337
49 1309548164.099214
50 1309548164.146090
51 1309548164.177341
52 1309548164.224218
53 1309548164.271094
54 1309548164.317971
55 1309548164.364847
56 1309548164.411724
57 1309548164.458600
58 1309548164.505477
59 1309548164.567979
60 1309548164.614855
61 1309548164.661732
62 1309548164.708608
63 1309548164.739859
64 1309548164.786736
65 1309548164.833612
66 1309548164.880488
67 1309548164.927365
68 1309548164.974241
69 1309548165.021117
70 1309548165.067993
71 1309548165.114869
72 1309548165.161746
73 1309548165.208622
74 1309548165.255498
75 1309548165.302374
76 1309548165.333625
77 1309548165.380501
78 1309548165.427377
79 1309548165.474254
80 1309548165.521130
81 1309548165.568006
82 1309548165.614882
83 1309548165.661758
84 1309548165.708635
85 1309548165.755511
86 1309548165.802387
87 1309548165.849263
88 1309548165.880514
89 1309548165.927391
90 1309548165.974267
91 1309548166.021144
92 1309548166.068020
93 1309548166.114897
94 1309548166.161773
95 1309548166.208650
96 1309548166.255526
97 1309548166.302403
98 1309548166.349279
99 1309548166.396156
100 1309548166.443032
101 1309548166.474283
102 1309548166.521160
103 1309548166.583662
104 1309548166.614913
105 1309548166.661789
106 1309548166.708666
107 1309548166.755542
108 1309548166.802419
109 1309548166.849295
110 1309548166.896172
111 1309548166.943048
112 1309548166.989925
113 1309548167.036801
114 1309548167.083678
115 1309548167.130554
116 1309548167.177431
117 1309548167.224307
118 1309548167.255558
119 1309548167.302435
120 1309548167.349311
121 1309548167.396188
122 1309548167.443064
123 1309548167.489941
124 1309548167.536817
125 1309548167.583694
126 1309548167.630570
127 1309548167.677447
128 1309548167.724323
129 1309548167.771200
130 1309548167.818076
131 1309548167.864953
132 1309548167.896204
133 1309548167.958706
134 1309548167.989957
135 1309548168.036833
136 1309548168.083710
137 1309548168.130586
138 1309548168.177463
139 1309548168.224339
140 1309548168.271216
141 1309548168.318092
142 1309548168.364969
143 1309548168.411845
144 1309548168.458722
145 1309548168.505598
146 1309548168.552475
147 1309548168.599351
148 1309548168.646228
149 1309548168.693104
150 1309548168.739981
151 1309548168.786857
152 1309548168.833734
153 1309548168.880610
154 1309548168.927487
155 1309548168.974363
156 1309548169.021240
157 1309548169.068116
