0 1310684868.439351
1 1310684868.486226
2 1310684868.533102
3 1310684868.579977
4 1310684868.626852
5 1310684868.689353
6 1310684868.720603
7 1310684868.767478
8 1310684868.814353
9 1310684868.861228
10 1310684868.908103
11 1310684868.954978
12 1310684869.001853
13 1310684869.048728
14 1310684869.095603
15 1310684869.142478
16 1310684869.189353
17 1310684869.236228
18 1310684869.283103
19 1310684869.329978
20 1310684869.376853
21 1310684869.408103
22 1310684869.454978
23 1310684869.501853
24 1310684869.548728
25 1310684869.595603
26 1310684869.642478
27 1310684869.689353
28 1310684869.736228
29 1310684869.783103
30 1310684869.829978
31 1310684869.876854
32 1310684869.923729
33 1310684869.970604
34 1310684870.001855
35 1310684870.048730
36 1310684870.095605
37 1310684870.158106
38 1310684870.189356
39 1310684870.236231
40 1310684870.283106
41 1310684870.329982
42 1310684870.376857
43 1310684870.423732
44 1310684870.470608
45 1310684870.517483
46 1310684870.564358
47 1310684870.626859
48 1310684870.658109
49 1310684870.704984
50 1310684870.751859
51 1310684870.798734
52 1310684870.845609
53 1310684870.892484
54 1310684870.939359
55 1310684870.986234
56 1310684871.033109
57 1310684871.079984
58 1310684871.126859
59 1310684871.173734
60 1310684871.220609
61 1310684871.251859
62 1310684871.298734
63 1310684871.345609
64 1310684871.392484
65 1310684871.439359
66 1310684871.486234
67 1310684871.533109
68 1310684871.579984
69 1310684871.626859
70 1310684871.673734
71 1310684871.720609
72 1310684871.767484
73 1310684871.798735
74 1310684871.845610
75 1310684871.892485
76 1310684871.939361
77 1310684871.986236
78 1310684872.033111
79 1310684872.079986
80 1310684872.126862
81 1310684872.173737
82 1310684872.220612
83 1310684872.267488
84 1310684872.314363
85 1310684872.361238
86 1310684872.392488
87 1310684872.439364
88 1310684872.486239
89 1310684872.533114
90 1310684872.579990
91 1310684872.626865
92 1310684872.673740
93 1310684872.720616
94 1310684872.767491
