0 1309541087.884302
1 1309541087.931177
2 1309541087.978053
3 1309541088.024929
4 1309541088.071805
5 1309541088.134306
6 1309541088.181182
7 1309541088.228058
8 1309541088.274934
9 1309541088.321810
10 1309541088.368686
11 1309541088.415562
12 1309541088.462438
13 1309541088.509314
14 1309541088.571815
15 1309541088.618691
16 1309541088.665567
17 1309541088.712442
18 1309541088.759318
19 1309541088.806194
20 1309541088.853070
21 1309541088.915571
22 1309541088.962447
23 1309541089.009323
24 1309541089.056199
25 1309541089.103075
26 1309541089.165576
27 1309541089.212452
28 1309541089.274953
29 1309541089.321829
30 1309541089.368705
31 1309541089.415581
32 1309541089.462457
33 1309541089.509333
34 1309541089.556209
35 1309541089.603085
36 1309541089.649960
37 1309541089.712462
38 1309541089.759338
39 1309541089.806214
40 1309541089.853090
41 1309541089.899967
42 1309541089.946843
43 1309541089.993719
44 1309541090.056221
45 1309541090.103097
46 1309541090.149973
47 1309541090.196849
48 1309541090.243725
49 1309541090.290602
50 1309541090.337478
51 1309541090.399979
52 1309541090.446856
53 1309541090.493732
54 1309541090.540608
55 1309541090.587484
56 1309541090.634360
57 1309541090.681237
58 1309541090.728113
59 1309541090.774988
60 1309541090.837490
61 1309541090.884366
62 1309541090.931241
63 1309541090.978117
64 1309541091.024993
65 1309541091.071869
66 1309541091.118745
67 1309541091.181246
68 1309541091.228122
69 1309541091.274998
70 1309541091.321874
71 1309541091.368750
72 1309541091.415626
73 1309541091.462502
74 1309541091.509378
75 1309541091.571879
76 1309541091.618755
77 1309541091.665631
78 1309541091.712506
79 1309541091.759382
80 1309541091.806258
81 1309541091.853134
82 1309541091.900010
83 1309541091.962511
84 1309541092.009387
85 1309541092.056263
86 1309541092.103139
87 1309541092.150015
88 1309541092.196891
89 1309541092.243767
90 1309541092.290643
91 1309541092.353144
92 1309541092.400020
93 1309541092.446896
94 1309541092.493771
95 1309541092.540647
96 1309541092.587523
97 1309541092.634399
98 1309541092.696900
99 1309541092.743777
100 1309541092.790653
101 1309541092.837529
102 1309541092.884405
103 1309541092.931281
104 1309541092.978158
105 1309541093.025034
106 1309541093.087535
107 1309541093.134412
108 1309541093.181288
109 1309541093.228164
110 1309541093.275040
111 1309541093.321916
112 1309541093.368793
113 1309541093.415669
114 1309541093.462545
115 1309541093.509421
116 1309541093.571923
117 1309541093.618799
118 1309541093.665675
119 1309541093.712551
120 1309541093.759427
121 1309541093.806303
122 1309541093.853179
123 1309541093.900055
124 1309541093.946931
125 1309541094.009432
126 1309541094.056308
127 1309541094.103184
128 1309541094.150060
129 1309541094.196936
130 1309541094.243811
131 1309541094.290687
132 1309541094.337563
133 1309541094.400064
134 1309541094.446940
135 1309541094.493816
136 1309541094.540692
137 1309541094.587568
138 1309541094.634444
139 1309541094.681320
140 1309541094.743821
141 1309541094.790698
142 1309541094.837574
143 1309541094.884450
144 1309541094.931326
145 1309541094.978202
146 1309541095.025079
147 1309541095.071955
148 1309541095.134456
149 1309541095.181333
150 1309541095.228209
151 1309541095.275085
152 1309541095.321961
153 1309541095.368837
154 1309541095.415714
155 1309541095.478215
156 1309541095.525091
157 1309541095.571968
158 1309541095.618844
159 1309541095.665720
160 1309541095.712596
161 1309541095.759472
162 1309541095.806348
163 1309541095.853224
164 1309541095.915725
165 1309541095.962601
166 1309541096.009477
167 1309541096.056353
168 1309541096.103229
169 1309541096.150104
170 1309541096.196980
171 1309541096.243856
172 1309541096.306357
173 1309541096.353233
