0 1310680201.431462
1 1310680201.478337
2 1310680201.525213
3 1310680201.587713
4 1310680201.618963
5 1310680201.665838
6 1310680201.712714
7 1310680201.775214
8 1310680201.806464
9 1310680201.853339
10 1310680201.900214
11 1310680201.947089
12 1310680201.993964
13 1310680202.040839
14 1310680202.087714
15 1310680202.134589
16 1310680202.181464
17 1310680202.228339
18 1310680202.275214
19 1310680202.306464
20 1310680202.353339
21 1310680202.400214
22 1310680202.447089
23 1310680202.493964
24 1310680202.540839
25 1310680202.587714
26 1310680202.634589
27 1310680202.681464
28 1310680202.728339
29 1310680202.775214
30 1310680202.822089
31 1310680202.868964
32 1310680202.915839
33 1310680202.947089
34 1310680202.993964
35 1310680203.040839
36 1310680203.087714
37 1310680203.134589
38 1310680203.181464
39 1310680203.228339
40 1310680203.275214
41 1310680203.322089
42 1310680203.368964
43 1310680203.415839
44 1310680203.462714
45 1310680203.509589
46 1310680203.540839
47 1310680203.587714
48 1310680203.634589
49 1310680203.681464
50 1310680203.743964
51 1310680203.790839
52 1310680203.837715
53 1310680203.884590
54 1310680203.931465
55 1310680203.978340
56 1310680204.025216
57 1310680204.072091
58 1310680204.103341
59 1310680204.165842
60 1310680204.212717
61 1310680204.275217
62 1310680204.322093
63 1310680204.368968
64 1310680204.400218
65 1310680204.447093
66 1310680204.493969
67 1310680204.540844
68 1310680204.587719
69 1310680204.634595
70 1310680204.681470
71 1310680204.728345
72 1310680204.775220
73 1310680204.822095
74 1310680204.868970
75 1310680204.915845
76 1310680204.947095
77 1310680204.993970
