0 1311030187.608749
1 1311030187.655624
2 1311030187.702499
3 1311030187.749374
4 1311030187.796249
5 1311030187.843124
6 1311030187.874375
7 1311030187.921250
8 1311030187.968125
9 1311030188.015001
10 1311030188.061876
11 1311030188.108751
12 1311030188.155626
13 1311030188.202502
14 1311030188.249377
15 1311030188.296252
16 1311030188.343128
17 1311030188.390003
18 1311030188.421253
19 1311030188.468128
20 1311030188.515004
21 1311030188.561879
22 1311030188.608754
23 1311030188.655630
24 1311030188.702505
25 1311030188.749380
26 1311030188.796256
27 1311030188.843131
28 1311030188.890006
29 1311030188.936881
30 1311030188.968131
31 1311030189.015006
32 1311030189.061881
33 1311030189.108756
34 1311030189.155631
35 1311030189.202506
36 1311030189.249381
37 1311030189.296256
38 1311030189.343131
39 1311030189.390006
40 1311030189.436881
41 1311030189.483756
42 1311030189.530631
43 1311030189.577506
44 1311030189.624381
45 1311030189.655631
46 1311030189.702506
47 1311030189.749381
48 1311030189.796256
49 1311030189.843131
50 1311030189.890006
51 1311030189.936881
52 1311030189.983756
53 1311030190.046256
54 1311030190.077506
55 1311030190.124381
56 1311030190.171256
57 1311030190.218131
58 1311030190.265006
59 1311030190.311881
60 1311030190.358756
61 1311030190.405631
62 1311030190.452506
63 1311030190.499381
64 1311030190.546256
65 1311030190.593131
66 1311030190.640006
67 1311030190.671256
68 1311030190.733756
69 1311030190.765006
70 1311030190.811881
71 1311030190.874381
72 1311030190.905631
73 1311030190.952507
74 1311030190.999382
75 1311030191.046257
76 1311030191.093132
77 1311030191.140008
78 1311030191.186883
79 1311030191.233758
80 1311030191.280634
81 1311030191.327509
82 1311030191.374384
83 1311030191.421260
84 1311030191.468135
85 1311030191.515010
86 1311030191.561885
87 1311030191.608761
88 1311030191.640011
89 1311030191.686886
90 1311030191.733762
91 1311030191.780637
92 1311030191.827512
93 1311030191.874387
94 1311030191.921262
95 1311030191.968137
96 1311030192.015012
97 1311030192.061887
98 1311030192.108762
99 1311030192.155637
100 1311030192.202512
101 1311030192.249387
102 1311030192.296262
103 1311030192.327512
104 1311030192.374387
105 1311030192.421262
106 1311030192.468137
107 1311030192.515012
108 1311030192.561887
109 1311030192.608762
110 1311030192.655637
111 1311030192.702512
112 1311030192.749387
113 1311030192.796262
114 1311030192.843137
115 1311030192.890013
116 1311030192.936888
117 1311030192.983763
118 1311030193.030638
119 1311030193.077514
120 1311030193.124389
121 1311030193.171264
122 1311030193.218140
123 1311030193.265015
124 1311030193.311890
125 1311030193.358766
126 1311030193.405641
127 1311030193.452516
128 1311030193.499391
129 1311030193.546267
130 1311030193.593142
131 1311030193.624392
132 1311030193.686893
133 1311030193.733768
134 1311030193.780643
135 1311030193.827518
136 1311030193.874393
137 1311030193.921268
138 1311030193.968143
139 1311030194.015018
140 1311030194.061893
141 1311030194.093143
142 1311030194.140018
143 1311030194.186893
144 1311030194.233768
145 1311030194.280643
146 1311030194.327518
147 1311030194.374393
148 1311030194.421268
149 1311030194.468143
150 1311030194.515018
151 1311030194.561893
152 1311030194.608768
153 1311030194.640018
154 1311030194.686893
155 1311030194.733768
156 1311030194.780643
157 1311030194.827519
158 1311030194.874394
159 1311030194.921269
160 1311030194.968144
161 1311030195.015020
162 1311030195.061895
163 1311030195.108770
164 1311030195.155646
165 1311030195.202521
166 1311030195.249396
167 1311030195.280646
168 1311030195.327522
169 1311030195.374397
170 1311030195.421272
171 1311030195.468148
172 1311030195.515023
173 1311030195.561898
174 1311030195.608774
175 1311030195.655649
176 1311030195.702524
177 1311030195.749399
178 1311030195.796275
179 1311030195.843150
180 1311030195.890025
181 1311030195.936900
182 1311030195.983775
183 1311030196.030650
184 1311030196.077525
185 1311030196.124400
186 1311030196.171275
187 1311030196.218150
188 1311030196.265025
189 1311030196.311900
190 1311030196.358775
191 1311030196.405650
192 1311030196.452525
193 1311030196.499400
194 1311030196.546275
195 1311030196.593150
196 1311030196.640025
197 1311030196.686900
198 1311030196.733775
199 1311030196.780650
200 1311030196.827525
201 1311030196.874400
202 1311030196.921276
203 1311030196.968151
204 1311030197.015026
205 1311030197.061901
206 1311030197.202527
207 1311030197.249403
208 1311030197.296278
209 1311030197.343153
210 1311030197.390029
211 1311030197.436904
212 1311030197.483779
213 1311030197.530654
214 1311030197.577530
215 1311030197.624405
216 1311030197.655655
217 1311030197.702531
218 1311030197.749406
219 1311030197.796281
220 1311030197.843156
221 1311030197.890031
222 1311030197.936906
223 1311030197.983781
224 1311030198.030656
225 1311030198.077531
226 1311030198.124406
227 1311030198.171281
228 1311030198.218156
229 1311030198.265031
230 1311030198.311906
231 1311030198.358781
232 1311030198.405656
233 1311030198.452531
234 1311030198.483781
235 1311030198.530656
236 1311030198.577531
237 1311030198.624406
238 1311030198.671281
239 1311030198.718156
240 1311030198.765031
241 1311030198.811906
242 1311030198.858782
243 1311030198.905657
244 1311030198.952532
245 1311030198.999407
246 1311030199.046283
247 1311030199.093158
248 1311030199.140033
249 1311030199.186909
250 1311030199.233784
251 1311030199.280659
252 1311030199.327535
