0 1310580844.856468
1 1310580844.903343
2 1310580844.950219
3 1310580844.997094
4 1310580845.043969
5 1310580845.090845
6 1310580845.137720
7 1310580845.184595
8 1310580845.231471
9 1310580845.278346
10 1310580845.325221
11 1310580845.372096
12 1310580845.403347
13 1310580845.450222
14 1310580845.512722
15 1310580845.559597
16 1310580845.590847
17 1310580845.684597
18 1310580845.731472
19 1310580845.778347
20 1310580845.809597
21 1310580845.856472
22 1310580845.903347
23 1310580845.950222
24 1310580845.997097
25 1310580846.043972
26 1310580846.090847
27 1310580846.137722
28 1310580846.184597
29 1310580846.231472
30 1310580846.278347
31 1310580846.325222
32 1310580846.372097
33 1310580846.418972
34 1310580846.465847
35 1310580846.512722
36 1310580846.559598
37 1310580846.606473
38 1310580846.653348
39 1310580846.700224
40 1310580846.731474
41 1310580846.778349
42 1310580846.825224
43 1310580846.872100
44 1310580846.918975
45 1310580846.965850
46 1310580847.012726
47 1310580847.059601
48 1310580847.106476
49 1310580847.153351
50 1310580847.200227
51 1310580847.247102
52 1310580847.293977
53 1310580847.356478
54 1310580847.387728
55 1310580847.434603
56 1310580847.481479
57 1310580847.528354
58 1310580847.575229
59 1310580847.622104
60 1310580847.668980
61 1310580847.715855
62 1310580847.762730
63 1310580847.809606
64 1310580847.856481
65 1310580847.887731
66 1310580847.934606
67 1310580847.981482
68 1310580848.028357
69 1310580848.075232
70 1310580848.122108
71 1310580848.168983
72 1310580848.215858
73 1310580848.262734
74 1310580848.309609
75 1310580848.356484
76 1310580848.403359
77 1310580848.450235
78 1310580848.481485
79 1310580848.528360
80 1310580848.575236
81 1310580848.622111
82 1310580848.668986
83 1310580848.715861
84 1310580848.762737
85 1310580848.809612
86 1310580848.856487
87 1310580848.903363
88 1310580848.950238
89 1310580848.997113
90 1310580849.028363
91 1310580849.075239
92 1310580849.122114
93 1310580849.168989
94 1310580849.215865
95 1310580849.262740
96 1310580849.309615
97 1310580849.356491
98 1310580849.403366
99 1310580849.450241
100 1310580849.497116
101 1310580849.543992
102 1310580849.590867
103 1310580849.622117
104 1310580849.684618
105 1310580849.715868
106 1310580849.762743
107 1310580849.825244
108 1310580849.872119
109 1310580849.918994
110 1310580849.965869
111 1310580850.028370
112 1310580850.075245
113 1310580850.122120
114 1310580850.168996
115 1310580850.215871
116 1310580850.262746
117 1310580850.309622
118 1310580850.356497
119 1310580850.403372
120 1310580850.450248
121 1310580850.497123
122 1310580850.543998
123 1310580850.590873
124 1310580850.622124
125 1310580850.668999
126 1310580850.715874
127 1310580850.762750
128 1310580850.809625
129 1310580850.856500
130 1310580850.903375
131 1310580850.950251
132 1310580850.997126
133 1310580851.044001
134 1310580851.090877
135 1310580851.137752
136 1310580851.184627
137 1310580851.231503
138 1310580851.278378
139 1310580851.325253
140 1310580851.372128
