0 1311030923.984720
1 1311030924.031595
2 1311030924.078470
3 1311030924.125345
4 1311030924.172220
5 1311030924.219095
6 1311030924.265970
7 1311030924.312845
8 1311030924.359720
9 1311030924.406595
10 1311030924.453470
11 1311030924.515970
12 1311030924.547220
13 1311030924.594095
14 1311030924.640970
15 1311030924.687845
16 1311030924.734720
17 1311030924.781595
18 1311030924.844096
19 1311030924.890971
20 1311030924.937846
21 1311030924.984722
22 1311030925.015972
23 1311030925.062847
24 1311030925.109722
25 1311030925.156598
26 1311030925.203473
27 1311030925.250348
28 1311030925.312849
29 1311030925.359724
30 1311030925.406599
31 1311030925.469100
32 1311030925.500350
33 1311030925.547225
34 1311030925.594100
35 1311030925.640976
36 1311030925.687851
37 1311030925.734726
38 1311030925.781602
39 1311030925.828477
40 1311030925.875352
41 1311030925.922227
42 1311030925.969102
43 1311030926.015977
44 1311030926.062852
45 1311030926.125352
46 1311030926.172227
47 1311030926.219102
48 1311030926.250352
49 1311030926.297227
50 1311030926.344102
51 1311030926.390977
52 1311030926.437852
53 1311030926.484727
54 1311030926.531602
55 1311030926.578477
56 1311030926.625352
57 1311030926.672227
58 1311030926.719102
59 1311030926.765977
60 1311030926.812852
61 1311030926.859727
62 1311030926.890977
63 1311030926.937852
64 1311030926.984727
65 1311030927.031602
66 1311030927.078477
67 1311030927.125352
68 1311030927.172227
69 1311030927.219102
70 1311030927.281602
71 1311030927.328477
72 1311030927.359727
73 1311030927.406602
74 1311030927.453477
75 1311030927.500352
76 1311030927.547227
77 1311030927.594102
78 1311030927.640977
79 1311030927.687852
80 1311030927.734727
81 1311030927.781602
82 1311030927.828477
83 1311030927.875352
84 1311030927.922228
85 1311030927.969103
86 1311030928.015978
87 1311030928.062853
88 1311030928.109729
89 1311030928.156604
90 1311030928.203479
91 1311030928.250355
92 1311030928.297230
93 1311030928.344105
94 1311030928.437856
95 1311030928.484731
96 1311030928.531606
97 1311030928.578482
98 1311030928.625357
99 1311030928.672232
100 1311030928.719108
101 1311030928.765983
102 1311030928.812858
103 1311030928.859733
104 1311030928.906608
105 1311030928.953483
106 1311030929.000358
107 1311030929.047233
108 1311030929.094108
109 1311030929.140983
110 1311030929.187858
111 1311030929.234733
112 1311030929.281608
113 1311030929.328483
114 1311030929.375358
115 1311030929.422233
116 1311030929.469108
117 1311030929.531608
118 1311030929.578483
119 1311030929.609733
120 1311030929.656608
121 1311030929.719108
122 1311030929.750358
123 1311030929.797233
124 1311030929.859734
125 1311030929.890984
126 1311030929.953484
127 1311030930.000359
128 1311030930.062860
129 1311030930.109735
130 1311030930.156610
131 1311030930.203486
132 1311030930.250361
133 1311030930.297236
134 1311030930.344112
135 1311030930.390987
136 1311030930.437862
137 1311030930.484738
138 1311030930.531613
139 1311030930.562863
140 1311030930.609738
141 1311030930.656614
142 1311030930.703489
143 1311030930.750364
144 1311030930.797240
145 1311030930.844115
146 1311030930.906615
147 1311030930.953490
148 1311030931.000365
149 1311030931.047240
150 1311030931.094115
151 1311030931.140990
152 1311030931.187865
153 1311030931.234740
154 1311030931.281615
155 1311030931.328490
156 1311030931.375365
157 1311030931.422240
158 1311030931.469115
159 1311030931.515990
160 1311030931.562865
161 1311030931.609740
162 1311030931.656615
163 1311030931.703490
164 1311030931.750365
165 1311030931.797240
166 1311030931.844115
167 1311030931.890990
168 1311030931.937865
169 1311030931.984740
170 1311030932.031615
171 1311030932.078490
172 1311030932.125365
173 1311030932.172240
174 1311030932.219115
175 1311030932.265990
176 1311030932.312865
177 1311030932.359740
178 1311030932.406615
179 1311030932.453490
180 1311030932.500365
181 1311030932.547240
182 1311030932.594115
183 1311030932.640990
184 1311030932.687865
185 1311030932.734740
186 1311030932.781615
187 1311030932.828490
188 1311030932.875365
189 1311030932.922240
190 1311030932.969116
191 1311030933.015991
192 1311030933.062866
193 1311030933.109742
194 1311030933.156617
195 1311030933.203492
196 1311030933.250367
197 1311030933.297243
198 1311030933.344118
199 1311030933.390993
200 1311030933.437869
201 1311030933.484744
202 1311030933.531619
203 1311030933.578495
204 1311030933.625370
205 1311030933.672245
206 1311030933.719120
207 1311030933.765996
208 1311030933.812871
209 1311030933.859746
210 1311030933.906621
211 1311030933.953496
212 1311030934.000371
213 1311030934.047246
214 1311030934.078496
215 1311030934.125371
216 1311030934.172246
