0 1309548635.350068
1 1309548635.396945
2 1309548635.443822
3 1309548635.490699
4 1309548635.537576
5 1309548635.584452
6 1309548635.631329
7 1309548635.678206
8 1309548635.709457
9 1309548635.756334
10 1309548635.803211
11 1309548635.850087
12 1309548635.896964
13 1309548635.943840
14 1309548635.990717
15 1309548636.037593
16 1309548636.084470
17 1309548636.131346
18 1309548636.178223
19 1309548636.225099
20 1309548636.256350
21 1309548636.303227
22 1309548636.350103
23 1309548636.396980
24 1309548636.443856
25 1309548636.490733
26 1309548636.537609
27 1309548636.584486
28 1309548636.631362
29 1309548636.678239
30 1309548636.725115
31 1309548636.771992
32 1309548636.818868
33 1309548636.850120
34 1309548636.912622
35 1309548636.943873
36 1309548636.990750
37 1309548637.037627
38 1309548637.084504
39 1309548637.131380
40 1309548637.178257
41 1309548637.225134
42 1309548637.272011
43 1309548637.318888
44 1309548637.365764
45 1309548637.412641
46 1309548637.459518
47 1309548637.506395
48 1309548637.553272
49 1309548637.600148
50 1309548637.631400
51 1309548637.678276
52 1309548637.725153
53 1309548637.772030
54 1309548637.818907
55 1309548637.865783
56 1309548637.912660
57 1309548637.959536
58 1309548638.006413
59 1309548638.053289
60 1309548638.100166
61 1309548638.147042
62 1309548638.193919
63 1309548638.240795
64 1309548638.287672
65 1309548638.334548
66 1309548638.381425
67 1309548638.428301
68 1309548638.459552
69 1309548638.506429
70 1309548638.553305
71 1309548638.600182
72 1309548638.647058
73 1309548638.693935
74 1309548638.740811
75 1309548638.787688
76 1309548638.834564
77 1309548638.881441
78 1309548638.928318
79 1309548638.975195
80 1309548639.022072
81 1309548639.053323
82 1309548639.100200
83 1309548639.147076
84 1309548639.193953
85 1309548639.240830
86 1309548639.287707
87 1309548639.334584
88 1309548639.381460
89 1309548639.428337
90 1309548639.475214
91 1309548639.522091
92 1309548639.553342
93 1309548639.600219
94 1309548639.647096
