0 1310684643.087139
1 1310684643.134014
2 1310684643.180889
3 1310684643.227764
4 1310684643.274639
5 1310684643.321514
6 1310684643.368389
7 1310684643.415264
8 1310684643.462139
9 1310684643.509014
10 1310684643.540264
11 1310684643.587139
12 1310684643.634014
13 1310684643.680889
14 1310684643.727764
15 1310684643.774640
16 1310684643.821515
17 1310684643.868390
18 1310684643.915266
19 1310684643.962141
20 1310684644.009016
21 1310684644.055891
22 1310684644.102767
23 1310684644.134017
24 1310684644.180892
25 1310684644.227768
26 1310684644.274643
27 1310684644.321518
28 1310684644.368393
29 1310684644.415269
30 1310684644.462144
31 1310684644.509019
32 1310684644.555895
33 1310684644.602770
34 1310684644.649645
35 1310684644.680895
36 1310684644.727771
37 1310684644.774646
38 1310684644.821521
39 1310684644.868397
40 1310684644.915272
41 1310684644.962147
42 1310684645.009023
43 1310684645.055898
44 1310684645.102773
45 1310684645.149648
46 1310684645.196524
47 1310684645.243399
48 1310684645.290274
49 1310684645.337150
50 1310684645.384025
51 1310684645.430900
52 1310684645.477776
53 1310684645.524651
54 1310684645.555901
55 1310684645.602776
56 1310684645.649652
57 1310684645.696527
58 1310684645.743402
59 1310684645.790277
60 1310684645.837152
61 1310684645.884027
62 1310684645.930902
63 1310684645.977777
64 1310684646.024652
65 1310684646.071527
66 1310684646.118402
67 1310684646.165277
68 1310684646.212152
69 1310684646.259027
70 1310684646.305902
71 1310684646.352777
72 1310684646.415277
73 1310684646.446527
74 1310684646.493402
75 1310684646.540277
76 1310684646.587152
77 1310684646.634027
78 1310684646.680902
79 1310684646.727777
80 1310684646.774652
81 1310684646.821528
82 1310684646.868403
83 1310684646.915278
84 1310684646.946529
85 1310684646.993404
86 1310684647.040279
87 1310684647.087154
88 1310684647.134030
89 1310684647.180905
90 1310684647.227780
91 1310684647.274656
92 1310684647.321531
93 1310684647.368406
94 1310684647.415282
95 1310684647.462157
96 1310684647.493407
97 1310684647.540282
98 1310684647.587158
99 1310684647.634033
100 1310684647.680908
101 1310684647.727784
102 1310684647.774659
103 1310684647.821534
104 1310684647.868409
105 1310684647.915284
106 1310684647.962159
107 1310684648.009034
108 1310684648.055909
109 1310684648.102784
110 1310684648.149659
111 1310684648.196534
112 1310684648.243409
113 1310684648.290284
114 1310684648.337159
115 1310684648.384034
116 1310684648.415284
117 1310684648.462159
118 1310684648.509034
119 1310684648.555909
120 1310684648.602784
121 1310684648.649659
122 1310684648.696534
123 1310684648.743409
124 1310684648.790284
125 1310684648.837159
126 1310684648.884035
127 1310684648.930910
128 1310684648.977785
129 1310684649.024660
130 1310684649.055911
131 1310684649.102786
132 1310684649.149661
133 1310684649.196537
134 1310684649.243412
135 1310684649.290287
136 1310684649.337162
137 1310684649.384038
138 1310684649.430913
139 1310684649.477788
140 1310684649.524664
141 1310684649.571539
142 1310684649.618414
143 1310684649.665290
144 1310684649.712165
145 1310684649.743415
146 1310684649.790290
147 1310684649.837165
148 1310684649.899665
149 1310684649.930915
150 1310684649.977790
151 1310684650.040290
152 1310684650.087165
153 1310684650.134040
154 1310684650.180915
155 1310684650.227790
156 1310684650.274665
157 1310684650.321540
158 1310684650.368415
159 1310684650.415290
160 1310684650.462165
161 1310684650.509040
162 1310684650.555915
163 1310684650.602790
164 1310684650.649665
165 1310684650.696540
166 1310684650.743415
167 1310684650.790290
168 1310684650.837166
169 1310684650.884041
170 1310684650.915291
171 1310684650.962166
172 1310684651.009042
173 1310684651.055917
174 1310684651.102792
175 1310684651.149668
176 1310684651.196543
177 1310684651.243418
178 1310684651.290294
179 1310684651.337169
180 1310684651.384044
181 1310684651.430919
182 1310684651.477795
183 1310684651.524670
184 1310684651.555920
185 1310684651.602796
186 1310684651.649671
187 1310684651.696546
188 1310684651.743421
189 1310684651.790297
190 1310684651.837172
191 1310684651.884047
192 1310684651.930923
193 1310684651.977798
194 1310684652.024673
195 1310684652.071549
196 1310684652.118424
197 1310684652.165299
198 1310684652.212174
199 1310684652.259050
200 1310684652.290300
201 1310684652.337175
202 1310684652.384051
203 1310684652.430926
204 1310684652.477801
205 1310684652.524676
206 1310684652.571552
207 1310684652.618427
208 1310684652.680927
209 1310684652.727803
210 1310684652.759053
211 1310684652.805928
212 1310684652.852803
213 1310684652.899678
214 1310684652.946553
215 1310684652.993428
216 1310684653.040303
217 1310684653.087178
218 1310684653.134053
219 1310684653.180928
220 1310684653.227803
221 1310684653.274678
222 1310684653.305928
223 1310684653.352803
224 1310684653.399678
225 1310684653.462178
226 1310684653.493428
227 1310684653.540303
228 1310684653.587178
229 1310684653.634053
230 1310684653.680928
231 1310684653.727803
232 1310684653.774678
233 1310684653.821553
234 1310684653.868429
235 1310684653.915304
236 1310684653.962179
237 1310684654.009055
238 1310684654.055930
239 1310684654.102805
240 1310684654.134055
241 1310684654.180931
242 1310684654.227806
243 1310684654.274681
244 1310684654.321557
245 1310684654.368432
246 1310684654.415307
247 1310684654.462182
248 1310684654.509058
249 1310684654.555933
250 1310684654.602808
251 1310684654.649684
252 1310684654.680934
253 1310684654.727809
254 1310684654.774684
255 1310684654.821559
256 1310684654.868434
257 1310684654.915309
258 1310684654.962184
259 1310684655.009059
260 1310684655.055934
261 1310684655.102809
262 1310684655.149684
263 1310684655.180934
264 1310684655.227809
265 1310684655.274684
266 1310684655.321559
267 1310684655.368434
268 1310684655.415309
269 1310684655.462184
270 1310684655.509059
271 1310684655.555934
272 1310684655.602809
273 1310684655.634059
274 1310684655.680934
275 1310684655.727809
276 1310684655.774684
277 1310684655.821560
278 1310684655.868435
279 1310684655.915310
280 1310684655.962186
281 1310684656.009061
282 1310684656.055936
283 1310684656.102812
284 1310684656.149687
285 1310684656.180937
286 1310684656.227812
287 1310684656.274688
288 1310684656.337188
289 1310684656.384063
290 1310684656.430939
291 1310684656.477814
292 1310684656.524689
293 1310684656.571565
294 1310684656.618440
295 1310684656.665315
296 1310684656.696565
297 1310684656.743441
298 1310684656.790316
299 1310684656.837191
300 1310684656.884066
301 1310684656.930941
302 1310684656.977816
303 1310684657.024691
304 1310684657.071566
305 1310684657.118441
306 1310684657.165316
307 1310684657.212191
308 1310684657.259066
309 1310684657.290316
310 1310684657.352816
311 1310684657.399691
312 1310684657.446566
313 1310684657.493441
314 1310684657.540316
315 1310684657.587191
316 1310684657.634066
317 1310684657.680941
318 1310684657.727816
319 1310684657.774691
320 1310684657.805941
321 1310684657.852816
322 1310684657.899692
323 1310684657.946567
324 1310684657.993442
325 1310684658.040318
326 1310684658.087193
327 1310684658.134068
328 1310684658.180943
329 1310684658.227819
330 1310684658.274694
331 1310684658.321569
332 1310684658.352820
333 1310684658.399695
334 1310684658.446570
335 1310684658.493445
336 1310684658.540321
337 1310684658.587196
338 1310684658.634071
339 1310684658.680947
340 1310684658.727822
341 1310684658.774697
342 1310684658.821573
343 1310684658.868448
344 1310684658.915323
345 1310684658.962198
346 1310684658.993449
347 1310684659.040324
348 1310684659.087199
349 1310684659.134075
350 1310684659.180950
351 1310684659.227825
352 1310684659.274700
353 1310684659.321576
354 1310684659.368451
355 1310684659.415326
356 1310684659.462202
357 1310684659.509077
358 1310684659.555952
359 1310684659.602828
360 1310684659.649703
361 1310684659.680953
362 1310684659.727828
363 1310684659.790328
364 1310684659.821578
365 1310684659.868453
366 1310684659.915328
367 1310684659.962203
368 1310684660.009078
369 1310684660.055953
370 1310684660.102828
371 1310684660.149703
372 1310684660.196578
373 1310684660.243453
374 1310684660.290328
375 1310684660.337203
376 1310684660.384078
377 1310684660.430953
378 1310684660.462203
379 1310684660.509078
380 1310684660.555953
381 1310684660.602828
382 1310684660.649703
383 1310684660.696578
384 1310684660.743453
385 1310684660.790329
386 1310684660.837204
387 1310684660.884079
388 1310684660.930955
389 1310684660.962205
390 1310684661.024705
391 1310684661.071581
392 1310684661.118456
393 1310684661.149706
394 1310684661.196581
395 1310684661.243457
396 1310684661.290332
397 1310684661.337207
398 1310684661.384083
399 1310684661.430958
400 1310684661.477833
401 1310684661.524708
402 1310684661.571584
403 1310684661.618459
404 1310684661.665334
405 1310684661.712210
406 1310684661.759085
407 1310684661.790335
408 1310684661.837210
409 1310684661.884085
410 1310684661.930960
411 1310684661.977835
412 1310684662.024710
413 1310684662.071585
414 1310684662.118460
415 1310684662.165335
416 1310684662.212210
417 1310684662.259085
418 1310684662.305960
419 1310684662.352835
420 1310684662.399710
421 1310684662.446585
422 1310684662.477835
423 1310684662.524710
424 1310684662.571585
425 1310684662.618460
426 1310684662.665335
427 1310684662.712210
428 1310684662.759085
429 1310684662.805960
430 1310684662.852836
431 1310684662.899711
432 1310684662.946586
433 1310684662.993461
434 1310684663.024712
435 1310684663.071587
436 1310684663.118462
437 1310684663.165338
438 1310684663.212213
439 1310684663.259088
440 1310684663.305963
441 1310684663.352839
442 1310684663.399714
443 1310684663.446589
444 1310684663.493465
445 1310684663.540340
446 1310684663.587215
447 1310684663.634091
448 1310684663.665341
449 1310684663.712216
450 1310684663.759091
451 1310684663.805967
452 1310684663.852842
453 1310684663.899717
454 1310684663.946593
455 1310684663.993468
456 1310684664.040343
457 1310684664.087218
458 1310684664.134094
459 1310684664.180969
460 1310684664.227844
461 1310684664.274720
462 1310684664.321595
463 1310684664.368470
464 1310684664.415346
465 1310684664.462221
466 1310684664.493471
467 1310684664.540346
468 1310684664.587222
469 1310684664.634097
470 1310684664.680972
471 1310684664.727848
472 1310684664.774723
473 1310684664.821598
474 1310684664.868473
475 1310684664.915348
476 1310684664.962223
477 1310684665.009098
478 1310684665.040348
479 1310684665.087223
480 1310684665.134098
481 1310684665.180973
482 1310684665.227848
483 1310684665.274723
484 1310684665.321598
485 1310684665.384098
486 1310684665.415348
487 1310684665.462223
488 1310684665.509098
489 1310684665.555973
490 1310684665.602848
491 1310684665.665348
492 1310684665.696598
493 1310684665.743473
494 1310684665.790348
495 1310684665.837223
496 1310684665.884099
497 1310684665.930974
498 1310684665.977849
499 1310684666.024724
500 1310684666.071600
501 1310684666.118475
502 1310684666.165350
503 1310684666.212226
504 1310684666.259101
505 1310684666.305976
506 1310684666.352852
507 1310684666.399727
508 1310684666.446602
509 1310684666.477852
510 1310684666.524728
511 1310684666.571603
512 1310684666.618478
513 1310684666.665354
514 1310684666.712229
515 1310684666.759104
516 1310684666.805979
517 1310684666.852854
518 1310684666.899729
519 1310684666.946604
520 1310684666.993479
521 1310684667.040354
522 1310684667.087229
523 1310684667.134104
524 1310684667.165354
525 1310684667.212229
526 1310684667.259104
527 1310684667.305979
528 1310684667.352854
529 1310684667.399729
530 1310684667.446604
531 1310684667.493479
532 1310684667.540354
533 1310684667.587229
534 1310684667.634104
535 1310684667.665354
536 1310684667.712229
537 1310684667.759104
538 1310684667.805979
539 1310684667.852855
540 1310684667.899730
541 1310684667.946605
542 1310684667.993481
543 1310684668.040356
544 1310684668.087231
545 1310684668.134107
546 1310684668.180982
547 1310684668.227857
548 1310684668.274732
549 1310684668.321608
550 1310684668.368483
551 1310684668.415358
552 1310684668.462234
553 1310684668.493484
554 1310684668.540359
555 1310684668.587234
556 1310684668.634110
557 1310684668.680985
558 1310684668.727860
559 1310684668.774735
560 1310684668.821610
561 1310684668.868485
562 1310684668.915360
563 1310684668.962235
564 1310684669.009110
565 1310684669.040360
566 1310684669.087235
567 1310684669.134110
568 1310684669.180985
569 1310684669.227860
570 1310684669.274735
571 1310684669.321610
572 1310684669.368485
573 1310684669.415360
574 1310684669.462235
575 1310684669.509110
576 1310684669.540360
577 1310684669.587235
578 1310684669.634110
579 1310684669.680985
580 1310684669.727860
581 1310684669.790361
582 1310684669.821611
583 1310684669.868486
584 1310684669.915362
585 1310684669.962237
586 1310684670.009112
587 1310684670.055987
588 1310684670.102863
589 1310684670.149738
590 1310684670.196613
591 1310684670.243489
592 1310684670.290364
593 1310684670.337239
594 1310684670.384115
595 1310684670.415365
596 1310684670.462240
597 1310684670.509115
