0 1311031491.271805
1 1311031491.318680
2 1311031491.365555
3 1311031491.412431
4 1311031491.459306
5 1311031491.506181
6 1311031491.553057
7 1311031491.599932
8 1311031491.646807
9 1311031491.693683
10 1311031491.740558
11 1311031491.771808
12 1311031491.818683
13 1311031491.865559
14 1311031491.928059
15 1311031491.959309
16 1311031492.006185
17 1311031492.068685
18 1311031492.115560
19 1311031492.162436
20 1311031492.209311
21 1311031492.256186
22 1311031492.303061
23 1311031492.349937
24 1311031492.396812
25 1311031492.443687
26 1311031492.490563
27 1311031492.537438
28 1311031492.584313
29 1311031492.631189
30 1311031492.678064
31 1311031492.724939
32 1311031492.771814
33 1311031492.818690
34 1311031492.865566
35 1311031492.912441
36 1311031492.959317
37 1311031492.990567
38 1311031493.037443
39 1311031493.084318
40 1311031493.131194
41 1311031493.178070
42 1311031493.224945
43 1311031493.271821
44 1311031493.318696
45 1311031493.365572
46 1311031493.412448
47 1311031493.459323
48 1311031493.506199
49 1311031493.553074
50 1311031493.599950
51 1311031493.646826
52 1311031493.693701
53 1311031493.740577
54 1311031493.787452
55 1311031493.834328
56 1311031493.881203
57 1311031493.928078
58 1311031493.974954
59 1311031494.021829
60 1311031494.068704
61 1311031494.115579
62 1311031494.162455
63 1311031494.209330
64 1311031494.256205
65 1311031494.303081
66 1311031494.349956
67 1311031494.396831
68 1311031494.443707
69 1311031494.490582
70 1311031494.537457
71 1311031494.584332
72 1311031494.631208
73 1311031494.678083
74 1311031494.724958
75 1311031494.771834
76 1311031494.803084
77 1311031494.849959
78 1311031494.896834
79 1311031494.943710
80 1311031494.990585
81 1311031495.037460
82 1311031495.084336
83 1311031495.131211
84 1311031495.178086
85 1311031495.224962
86 1311031495.271837
87 1311031495.318712
88 1311031495.365587
89 1311031495.412463
90 1311031495.459338
91 1311031495.506213
92 1311031495.537464
93 1311031495.584339
94 1311031495.631214
95 1311031495.678089
96 1311031495.724965
97 1311031495.771840
98 1311031495.818715
99 1311031495.865591
100 1311031495.912466
101 1311031495.959341
102 1311031496.006217
103 1311031496.053092
104 1311031496.099967
105 1311031496.146842
106 1311031496.193718
107 1311031496.240593
108 1311031496.287468
109 1311031496.334344
110 1311031496.365594
111 1311031496.412469
112 1311031496.459344
113 1311031496.506220
114 1311031496.553095
115 1311031496.599970
116 1311031496.646846
117 1311031496.693721
118 1311031496.740596
119 1311031496.787472
120 1311031496.834347
121 1311031496.881222
122 1311031496.928097
123 1311031496.974973
124 1311031497.021848
125 1311031497.068723
126 1311031497.115599
127 1311031497.162474
128 1311031497.209349
129 1311031497.256225
130 1311031497.303100
131 1311031497.349975
132 1311031497.396850
133 1311031497.443726
134 1311031497.490601
135 1311031497.537476
136 1311031497.584352
137 1311031497.631227
138 1311031497.678102
139 1311031497.724978
140 1311031497.771853
141 1311031497.818728
142 1311031497.865603
143 1311031497.896854
144 1311031497.943729
145 1311031497.990604
146 1311031498.037480
147 1311031498.084355
148 1311031498.131230
149 1311031498.178105
150 1311031498.224981
151 1311031498.271856
152 1311031498.318731
153 1311031498.365607
154 1311031498.412482
155 1311031498.459357
156 1311031498.506233
157 1311031498.537483
158 1311031498.599983
159 1311031498.631233
160 1311031498.693734
161 1311031498.756234
162 1311031498.787484
163 1311031498.834360
164 1311031498.881235
165 1311031498.928110
166 1311031498.974986
167 1311031499.021861
168 1311031499.068736
169 1311031499.131237
170 1311031499.162487
171 1311031499.224987
172 1311031499.271862
173 1311031499.303113
174 1311031499.365613
175 1311031499.412488
176 1311031499.459364
177 1311031499.506239
178 1311031499.553114
179 1311031499.599990
180 1311031499.646865
181 1311031499.693740
