0 1311031618.802909
1 1311031618.834160
2 1311031618.881035
3 1311031618.927910
4 1311031618.974786
5 1311031619.021661
6 1311031619.068536
7 1311031619.115411
8 1311031619.162287
9 1311031619.209162
10 1311031619.256037
11 1311031619.302913
12 1311031619.349788
13 1311031619.381038
14 1311031619.427913
15 1311031619.474789
16 1311031619.521664
17 1311031619.568539
18 1311031619.615415
19 1311031619.662290
20 1311031619.709165
21 1311031619.756041
22 1311031619.802916
23 1311031619.849791
24 1311031619.896666
25 1311031619.943542
26 1311031619.990417
27 1311031620.052917
28 1311031620.099793
29 1311031620.146668
30 1311031620.193543
31 1311031620.240419
32 1311031620.287294
33 1311031620.334169
34 1311031620.381045
35 1311031620.427920
36 1311031620.474795
37 1311031620.521670
38 1311031620.568546
39 1311031620.615421
40 1311031620.662296
41 1311031620.709172
42 1311031620.756047
43 1311031620.802922
44 1311031620.849798
45 1311031620.896673
46 1311031620.943548
47 1311031620.990423
48 1311031621.037299
49 1311031621.084174
50 1311031621.131049
51 1311031621.177925
52 1311031621.224800
53 1311031621.271675
54 1311031621.318551
55 1311031621.365426
56 1311031621.427926
57 1311031621.474802
58 1311031621.521677
59 1311031621.568552
60 1311031621.615427
61 1311031621.646678
62 1311031621.693553
63 1311031621.740428
64 1311031621.787304
65 1311031621.834179
66 1311031621.881054
67 1311031621.943555
68 1311031621.990430
69 1311031622.021680
70 1311031622.068555
71 1311031622.115431
72 1311031622.162306
73 1311031622.209181
74 1311031622.256057
75 1311031622.302932
76 1311031622.349807
77 1311031622.412308
78 1311031622.459183
79 1311031622.506058
80 1311031622.552933
81 1311031622.599809
82 1311031622.646684
83 1311031622.693559
84 1311031622.740435
85 1311031622.787310
86 1311031622.834185
87 1311031622.881061
88 1311031622.927936
89 1311031622.974811
90 1311031623.006061
91 1311031623.052937
92 1311031623.115437
93 1311031623.146687
94 1311031623.193563
95 1311031623.240438
96 1311031623.287313
97 1311031623.334188
98 1311031623.381064
99 1311031623.427939
100 1311031623.474814
101 1311031623.521690
102 1311031623.568565
103 1311031623.615440
104 1311031623.662316
105 1311031623.709191
106 1311031623.756066
107 1311031623.802941
108 1311031623.849817
109 1311031623.896692
110 1311031623.943567
111 1311031623.990443
112 1311031624.037318
113 1311031624.084193
114 1311031624.131069
115 1311031624.177944
116 1311031624.224819
117 1311031624.271694
118 1311031624.318570
119 1311031624.349820
120 1311031624.396695
121 1311031624.443571
122 1311031624.490446
123 1311031624.537321
124 1311031624.584196
125 1311031624.631072
126 1311031624.677947
127 1311031624.724822
128 1311031624.771698
129 1311031624.818573
130 1311031624.865448
131 1311031624.912324
132 1311031624.959199
133 1311031625.006074
134 1311031625.052949
135 1311031625.099825
136 1311031625.146700
137 1311031625.193575
138 1311031625.240451
139 1311031625.287326
140 1311031625.334201
141 1311031625.381077
142 1311031625.412327
143 1311031625.474827
144 1311031625.506077
145 1311031625.552953
146 1311031625.599828
147 1311031625.646703
148 1311031625.693579
149 1311031625.740454
150 1311031625.787329
151 1311031625.834204
152 1311031625.881080
153 1311031625.927955
154 1311031625.974830
155 1311031626.037331
156 1311031626.068581
157 1311031626.131081
158 1311031626.162332
159 1311031626.209207
160 1311031626.256082
161 1311031626.302957
162 1311031626.381083
163 1311031626.412333
164 1311031626.459208
165 1311031626.521709
166 1311031626.568584
167 1311031626.615459
168 1311031626.662335
169 1311031626.709210
170 1311031626.756085
171 1311031626.802961
172 1311031626.865461
173 1311031626.912336
174 1311031626.959212
175 1311031627.006087
176 1311031627.052962
177 1311031627.099838
178 1311031627.146713
179 1311031627.193588
180 1311031627.240463
181 1311031627.302964
182 1311031627.349839
183 1311031627.381089
184 1311031627.427965
185 1311031627.474840
186 1311031627.568591
187 1311031627.599841
188 1311031627.662341
189 1311031627.709216
190 1311031627.756092
191 1311031627.802967
192 1311031627.849842
193 1311031627.896718
194 1311031627.943593
195 1311031627.990468
196 1311031628.037344
