0 1309548245.837155
1 1309548245.884031
2 1309548245.946533
3 1309548245.993409
4 1309548246.040285
5 1309548246.102787
6 1309548246.165289
7 1309548246.196539
8 1309548246.243416
9 1309548246.305917
10 1309548246.368419
11 1309548246.415295
12 1309548246.462171
13 1309548246.509047
14 1309548246.555924
15 1309548246.602800
16 1309548246.649676
17 1309548246.696552
18 1309548246.743428
19 1309548246.790305
20 1309548246.837181
21 1309548246.884057
22 1309548246.915308
23 1309548246.962185
24 1309548247.009061
25 1309548247.055938
26 1309548247.102814
27 1309548247.149691
28 1309548247.196567
29 1309548247.243444
30 1309548247.290320
31 1309548247.337197
32 1309548247.384073
33 1309548247.430950
34 1309548247.477826
35 1309548247.524703
36 1309548247.571579
37 1309548247.618456
38 1309548247.649707
39 1309548247.696583
40 1309548247.743460
41 1309548247.790336
42 1309548247.837213
43 1309548247.884089
44 1309548247.930966
45 1309548247.977842
46 1309548248.024719
47 1309548248.071595
48 1309548248.118472
49 1309548248.165348
50 1309548248.212225
51 1309548248.259101
52 1309548248.305978
53 1309548248.352854
54 1309548248.399731
55 1309548248.446607
56 1309548248.493484
57 1309548248.540360
58 1309548248.571611
59 1309548248.618488
60 1309548248.665364
61 1309548248.712241
62 1309548248.759117
63 1309548248.805994
64 1309548248.852870
65 1309548248.899746
66 1309548248.946623
67 1309548248.993499
68 1309548249.040375
69 1309548249.087251
70 1309548249.134127
71 1309548249.165378
72 1309548249.212254
73 1309548249.259131
74 1309548249.306007
75 1309548249.352883
76 1309548249.399759
77 1309548249.446635
78 1309548249.493512
79 1309548249.540388
80 1309548249.587264
81 1309548249.634140
82 1309548249.665391
83 1309548249.712267
84 1309548249.759143
85 1309548249.806020
86 1309548249.852896
87 1309548249.899772
88 1309548249.946649
89 1309548249.993525
90 1309548250.056027
91 1309548250.102904
92 1309548250.149780
93 1309548250.212282
94 1309548250.259159
95 1309548250.306035
96 1309548250.352912
97 1309548250.399788
98 1309548250.431039
99 1309548250.477916
100 1309548250.524792
101 1309548250.571669
102 1309548250.618545
103 1309548250.665422
104 1309548250.712298
105 1309548250.759175
106 1309548250.806051
107 1309548250.852928
108 1309548250.899804
109 1309548250.931055
110 1309548250.977931
111 1309548251.056058
112 1309548251.087309
113 1309548251.134185
114 1309548251.181061
115 1309548251.227937
116 1309548251.274814
117 1309548251.321690
118 1309548251.368566
119 1309548251.415442
120 1309548251.462318
121 1309548251.509195
122 1309548251.556071
123 1309548251.618572
124 1309548251.665449
125 1309548251.712325
126 1309548251.759201
127 1309548251.806077
128 1309548251.852953
129 1309548251.899830
130 1309548251.946706
131 1309548251.977957
132 1309548252.024834
133 1309548252.071710
134 1309548252.118587
135 1309548252.165463
136 1309548252.212340
137 1309548252.259216
138 1309548252.321718
139 1309548252.384220
140 1309548252.415471
141 1309548252.477973
142 1309548252.524850
143 1309548252.571726
144 1309548252.618603
145 1309548252.665479
146 1309548252.712356
147 1309548252.759232
148 1309548252.806109
149 1309548252.852985
150 1309548252.899862
151 1309548252.946738
152 1309548253.009239
