0 1309539637.637555
1 1309539637.684430
2 1309539637.731305
3 1309539637.762556
4 1309539637.809431
5 1309539637.856306
6 1309539637.903181
7 1309539637.950057
8 1309539637.996932
9 1309539638.043807
10 1309539638.090683
11 1309539638.137558
12 1309539638.184433
13 1309539638.231309
14 1309539638.278184
15 1309539638.309434
16 1309539638.356309
17 1309539638.403185
18 1309539638.450060
19 1309539638.496935
20 1309539638.543811
21 1309539638.590686
22 1309539638.637561
23 1309539638.684437
24 1309539638.731312
25 1309539638.778188
26 1309539638.825064
27 1309539638.856314
28 1309539638.903190
29 1309539638.950065
30 1309539638.996941
31 1309539639.043816
32 1309539639.106317
33 1309539639.153193
34 1309539639.200068
35 1309539639.246944
36 1309539639.293820
37 1309539639.340695
38 1309539639.387571
39 1309539639.434446
40 1309539639.481322
41 1309539639.528198
42 1309539639.575073
43 1309539639.621949
44 1309539639.668824
45 1309539639.715699
46 1309539639.762575
47 1309539639.809450
48 1309539639.856325
49 1309539639.903201
50 1309539639.950076
51 1309539639.981326
52 1309539640.028201
53 1309539640.075077
54 1309539640.121952
55 1309539640.168827
56 1309539640.215703
57 1309539640.278203
58 1309539640.325078
59 1309539640.371954
60 1309539640.418829
61 1309539640.465704
62 1309539640.512580
63 1309539640.575080
64 1309539640.621955
65 1309539640.668831
66 1309539640.700081
67 1309539640.746956
68 1309539640.793831
69 1309539640.840707
70 1309539640.887582
71 1309539640.934457
72 1309539640.981333
73 1309539641.028208
74 1309539641.075083
75 1309539641.121958
76 1309539641.168834
77 1309539641.215709
78 1309539641.262584
79 1309539641.309460
80 1309539641.340710
81 1309539641.387585
82 1309539641.434460
83 1309539641.481336
84 1309539641.528211
85 1309539641.575086
86 1309539641.621962
87 1309539641.668837
88 1309539641.715713
89 1309539641.762588
90 1309539641.809464
91 1309539641.840714
92 1309539641.887590
93 1309539641.934466
94 1309539641.981341
95 1309539642.028217
96 1309539642.075092
97 1309539642.121968
98 1309539642.168844
99 1309539642.215719
100 1309539642.262595
101 1309539642.309470
102 1309539642.371971
103 1309539642.403222
104 1309539642.481348
105 1309539642.512598
106 1309539642.559474
107 1309539642.606349
108 1309539642.653225
109 1309539642.700100
110 1309539642.746975
111 1309539642.793851
112 1309539642.840726
113 1309539642.887601
114 1309539642.934476
115 1309539642.981352
116 1309539643.028227
117 1309539643.075102
118 1309539643.121978
119 1309539643.168853
120 1309539643.200103
121 1309539643.246978
122 1309539643.293854
123 1309539643.340729
124 1309539643.387604
