0 1310582251.389148
1 1310582251.451649
2 1310582251.498524
3 1310582251.545399
4 1310582251.592275
5 1310582251.639150
6 1310582251.686025
7 1310582251.732900
8 1310582251.779776
9 1310582251.842276
10 1310582251.889151
11 1310582251.936027
12 1310582251.982902
13 1310582252.029777
14 1310582252.076653
15 1310582252.123528
16 1310582252.170403
17 1310582252.217279
18 1310582252.264154
19 1310582252.326654
20 1310582252.373530
21 1310582252.420405
22 1310582252.467280
23 1310582252.514155
24 1310582252.561031
25 1310582252.607906
26 1310582252.670406
27 1310582252.717282
28 1310582252.764157
29 1310582252.811032
30 1310582252.857908
31 1310582252.904783
32 1310582252.951658
33 1310582252.998534
34 1310582253.045409
35 1310582253.107909
36 1310582253.154785
37 1310582253.201660
38 1310582253.248535
39 1310582253.295410
40 1310582253.342286
41 1310582253.389161
42 1310582253.436036
43 1310582253.482912
44 1310582253.545412
45 1310582253.592287
46 1310582253.639163
47 1310582253.686038
48 1310582253.732913
49 1310582253.779789
50 1310582253.826664
51 1310582253.873539
52 1310582253.936040
53 1310582253.982915
54 1310582254.029790
55 1310582254.076665
56 1310582254.123541
57 1310582254.186041
58 1310582254.232916
59 1310582254.279792
60 1310582254.326667
61 1310582254.373542
62 1310582254.420418
63 1310582254.467293
64 1310582254.514168
65 1310582254.561044
66 1310582254.607919
67 1310582254.670419
68 1310582254.717295
69 1310582254.764170
70 1310582254.811045
71 1310582254.857920
72 1310582254.904796
73 1310582254.951671
74 1310582254.998546
75 1310582255.045422
76 1310582255.107922
77 1310582255.154797
78 1310582255.201673
79 1310582255.248548
80 1310582255.295423
81 1310582255.342299
82 1310582255.389174
83 1310582255.436049
84 1310582255.498550
85 1310582255.545425
86 1310582255.592300
87 1310582255.639175
88 1310582255.686051
89 1310582255.732926
90 1310582255.779801
91 1310582255.842302
92 1310582255.889177
93 1310582255.936052
94 1310582255.982928
95 1310582256.029803
96 1310582256.076678
97 1310582256.123554
98 1310582256.170429
99 1310582256.232929
100 1310582256.279805
101 1310582256.326680
102 1310582256.373555
103 1310582256.420430
104 1310582256.467306
105 1310582256.514181
106 1310582256.561056
107 1310582256.607932
108 1310582256.670432
109 1310582256.717307
110 1310582256.764183
111 1310582256.811058
112 1310582256.857933
113 1310582256.904809
114 1310582256.951684
115 1310582256.998559
116 1310582257.045434
117 1310582257.107935
118 1310582257.154810
119 1310582257.201685
120 1310582257.248561
121 1310582257.295436
122 1310582257.342311
123 1310582257.389187
124 1310582257.436062
125 1310582257.482937
126 1310582257.545438
127 1310582257.592313
128 1310582257.639188
129 1310582257.686064
130 1310582257.732939
131 1310582257.779814
