0 1311032137.954989
1 1311032138.001864
2 1311032138.048739
3 1311032138.095615
4 1311032138.142490
5 1311032138.189365
6 1311032138.236240
7 1311032138.283116
8 1311032138.329991
9 1311032138.376866
10 1311032138.423742
11 1311032138.454992
12 1311032138.501867
13 1311032138.548742
14 1311032138.595618
15 1311032138.642493
16 1311032138.689368
17 1311032138.736244
18 1311032138.783119
19 1311032138.829994
20 1311032138.876870
21 1311032138.923745
22 1311032138.970620
23 1311032139.017495
24 1311032139.064371
25 1311032139.111246
26 1311032139.158121
27 1311032139.204997
28 1311032139.251872
29 1311032139.298747
30 1311032139.345623
31 1311032139.392498
32 1311032139.439373
33 1311032139.486248
34 1311032139.533124
35 1311032139.579999
36 1311032139.642499
37 1311032139.673750
38 1311032139.736250
39 1311032139.767500
40 1311032139.814376
41 1311032139.861251
42 1311032139.908126
43 1311032139.955001
44 1311032140.001876
45 1311032140.048751
46 1311032140.095626
47 1311032140.142501
48 1311032140.189376
49 1311032140.236251
50 1311032140.283126
51 1311032140.330001
52 1311032140.376876
53 1311032140.423751
54 1311032140.470626
55 1311032140.517501
56 1311032140.564376
57 1311032140.611251
58 1311032140.658126
59 1311032140.705001
60 1311032140.751876
61 1311032140.798751
62 1311032140.845626
63 1311032140.892501
64 1311032140.939376
65 1311032141.001877
66 1311032141.033127
67 1311032141.080002
68 1311032141.126878
69 1311032141.173753
70 1311032141.220628
71 1311032141.283129
72 1311032141.314379
73 1311032141.361254
74 1311032141.408129
75 1311032141.455005
76 1311032141.501880
77 1311032141.548755
78 1311032141.595631
79 1311032141.642506
80 1311032141.689381
81 1311032141.736256
82 1311032141.783132
