0 1310161106.635946
1 1310161106.698446
2 1310161106.745322
3 1310161106.792198
4 1310161106.823448
5 1310161106.870324
6 1310161106.917199
7 1310161106.964075
8 1310161107.010950
9 1310161107.057826
10 1310161107.104702
11 1310161107.151577
12 1310161107.198453
13 1310161107.245328
14 1310161107.292204
15 1310161107.339080
16 1310161107.370330
17 1310161107.417206
18 1310161107.464081
19 1310161107.510957
20 1310161107.557832
21 1310161107.604707
22 1310161107.651583
23 1310161107.698458
24 1310161107.745333
25 1310161107.792208
26 1310161107.839084
27 1310161107.885959
28 1310161107.932834
29 1310161107.979710
30 1310161108.026585
31 1310161108.073460
32 1310161108.104710
33 1310161108.151586
34 1310161108.198461
35 1310161108.245336
36 1310161108.292212
37 1310161108.339087
38 1310161108.385962
39 1310161108.432838
40 1310161108.479713
41 1310161108.526588
42 1310161108.573463
43 1310161108.620339
44 1310161108.651589
45 1310161108.698464
46 1310161108.745340
47 1310161108.792215
48 1310161108.839090
49 1310161108.885965
50 1310161108.932841
51 1310161108.979716
52 1310161109.026591
53 1310161109.073467
54 1310161109.120342
55 1310161109.167217
56 1310161109.198467
57 1310161109.245343
58 1310161109.292218
59 1310161109.339093
60 1310161109.385969
61 1310161109.432844
62 1310161109.479719
63 1310161109.526595
64 1310161109.573470
65 1310161109.620346
66 1310161109.667222
67 1310161109.714097
68 1310161109.760973
69 1310161109.807848
70 1310161109.854724
71 1310161109.901600
72 1310161109.948475
73 1310161109.995351
74 1310161110.042226
75 1310161110.089102
76 1310161110.135978
77 1310161110.182853
78 1310161110.214104
79 1310161110.260979
80 1310161110.307855
81 1310161110.354730
82 1310161110.401606
83 1310161110.448482
84 1310161110.495357
85 1310161110.542232
86 1310161110.589108
87 1310161110.635983
88 1310161110.682858
89 1310161110.729734
90 1310161110.776609
91 1310161110.823484
92 1310161110.870360
93 1310161110.917235
94 1310161110.964110
95 1310161111.010985
96 1310161111.057861
97 1310161111.104736
98 1310161111.151611
99 1310161111.182862
100 1310161111.229737
101 1310161111.276612
102 1310161111.323487
103 1310161111.370363
104 1310161111.417238
105 1310161111.464113
106 1310161111.510989
107 1310161111.557864
108 1310161111.604739
109 1310161111.651615
110 1310161111.698490
111 1310161111.745365
112 1310161111.776615
113 1310161111.823491
114 1310161111.870366
115 1310161111.917241
116 1310161111.964117
117 1310161112.010992
118 1310161112.057867
119 1310161112.104742
120 1310161112.151618
121 1310161112.198493
122 1310161112.245368
123 1310161112.292244
124 1310161112.339119
125 1310161112.385994
126 1310161112.432870
127 1310161112.479745
128 1310161112.526620
129 1310161112.573496
130 1310161112.620372
131 1310161112.667247
132 1310161112.714123
133 1310161112.760998
134 1310161112.823499
135 1310161112.870375
136 1310161112.917250
137 1310161112.964126
138 1310161113.011002
139 1310161113.057877
140 1310161113.104753
141 1310161113.151628
142 1310161113.198504
143 1310161113.245380
144 1310161113.292255
145 1310161113.339131
146 1310161113.386006
147 1310161113.432882
148 1310161113.479758
149 1310161113.511008
150 1310161113.573508
151 1310161113.604758
152 1310161113.651634
153 1310161113.698509
154 1310161113.854760
155 1310161113.901635
156 1310161113.948511
157 1310161113.995386
158 1310161114.042261
159 1310161114.089137
160 1310161114.136012
161 1310161114.182887
162 1310161114.229762
163 1310161114.276638
164 1310161114.307888
165 1310161114.354763
166 1310161114.401639
167 1310161114.448514
168 1310161114.495389
169 1310161114.542264
170 1310161114.589140
171 1310161114.636015
172 1310161114.682890
173 1310161114.729766
