0 1310681868.301160
1 1310681868.348035
2 1310681868.394910
3 1310681868.441786
4 1310681868.488661
5 1310681868.535536
6 1310681868.582412
7 1310681868.629287
8 1310681868.660537
9 1310681868.707412
10 1310681868.754287
11 1310681868.801162
12 1310681868.848037
13 1310681868.894912
14 1310681868.941787
15 1310681868.988662
16 1310681869.035537
17 1310681869.082412
18 1310681869.129287
19 1310681869.191787
20 1310681869.223037
21 1310681869.285537
22 1310681869.316787
23 1310681869.363662
24 1310681869.410537
25 1310681869.457412
26 1310681869.504287
27 1310681869.551162
28 1310681869.598037
29 1310681869.644912
30 1310681869.691787
31 1310681869.738663
32 1310681869.785538
33 1310681869.832413
34 1310681869.863663
35 1310681869.910539
36 1310681869.957414
37 1310681870.004289
38 1310681870.051165
39 1310681870.098040
40 1310681870.144915
41 1310681870.191790
42 1310681870.238666
43 1310681870.285541
44 1310681870.332416
45 1310681870.379292
46 1310681870.426167
47 1310681870.473042
48 1310681870.504292
49 1310681870.551168
50 1310681870.598043
51 1310681870.644918
52 1310681870.691794
53 1310681870.738669
54 1310681870.785544
55 1310681870.832419
56 1310681870.879294
57 1310681870.926169
58 1310681870.973044
59 1310681871.019919
60 1310681871.051169
61 1310681871.098044
62 1310681871.144919
63 1310681871.191794
64 1310681871.238669
65 1310681871.285544
66 1310681871.332419
67 1310681871.379294
68 1310681871.426169
69 1310681871.473044
70 1310681871.519919
71 1310681871.566794
72 1310681871.598044
73 1310681871.644919
74 1310681871.691794
75 1310681871.738669
76 1310681871.785544
77 1310681871.832419
78 1310681871.879294
79 1310681871.926169
80 1310681871.973044
81 1310681872.019919
82 1310681872.066794
83 1310681872.113669
84 1310681872.160544
85 1310681872.191794
86 1310681872.238669
87 1310681872.285544
88 1310681872.332419
89 1310681872.379294
90 1310681872.426169
91 1310681872.473044
92 1310681872.519919
93 1310681872.566794
94 1310681872.613669
95 1310681872.660544
96 1310681872.707419
97 1310681872.754294
98 1310681872.785544
99 1310681872.832420
100 1310681872.879295
101 1310681872.941795
102 1310681872.973045
103 1310681873.019921
104 1310681873.066796
105 1310681873.113671
106 1310681873.160547
107 1310681873.207422
108 1310681873.254297
109 1310681873.301173
110 1310681873.348048
111 1310681873.394923
112 1310681873.457424
113 1310681873.488674
114 1310681873.535549
115 1310681873.582424
116 1310681873.629300
117 1310681873.676175
118 1310681873.723050
119 1310681873.769925
120 1310681873.816800
121 1310681873.863675
122 1310681873.910550
123 1310681873.957425
124 1310681874.004300
125 1310681874.051175
126 1310681874.098050
127 1310681874.144925
128 1310681874.191800
129 1310681874.238675
130 1310681874.269925
131 1310681874.316800
132 1310681874.363675
133 1310681874.410550
134 1310681874.457425
135 1310681874.504300
136 1310681874.551175
137 1310681874.598050
138 1310681874.644925
139 1310681874.691800
140 1310681874.738675
141 1310681874.785551
142 1310681874.832426
143 1310681874.879301
144 1310681874.926177
145 1310681874.973052
146 1310681875.019927
147 1310681875.066802
148 1310681875.113678
149 1310681875.144928
150 1310681875.191803
151 1310681875.238679
152 1310681875.285554
153 1310681875.332429
154 1310681875.379304
155 1310681875.426180
156 1310681875.473055
157 1310681875.519930
158 1310681875.566806
159 1310681875.613681
160 1310681875.660556
161 1310681875.691806
162 1310681875.738682
163 1310681875.785557
164 1310681875.832432
165 1310681875.879307
166 1310681875.926182
167 1310681875.973057
168 1310681876.019932
169 1310681876.066807
170 1310681876.113682
171 1310681876.160557
172 1310681876.207432
173 1310681876.254307
174 1310681876.301182
175 1310681876.348057
176 1310681876.379307
177 1310681876.426182
178 1310681876.473057
179 1310681876.519932
180 1310681876.566807
181 1310681876.613682
182 1310681876.660557
183 1310681876.707432
184 1310681876.754307
185 1310681876.801182
186 1310681876.848057
187 1310681876.894932
188 1310681876.926182
189 1310681876.973057
190 1310681877.019932
191 1310681877.066807
192 1310681877.113682
193 1310681877.176182
194 1310681877.223057
195 1310681877.285557
196 1310681877.316807
197 1310681877.363682
198 1310681877.410557
199 1310681877.457432
200 1310681877.504307
201 1310681877.551182
202 1310681877.598057
203 1310681877.644932
204 1310681877.691807
205 1310681877.738682
206 1310681877.785557
207 1310681877.832432
208 1310681877.879308
209 1310681877.910558
210 1310681877.957433
211 1310681878.004308
212 1310681878.051184
213 1310681878.098059
214 1310681878.144934
215 1310681878.191810
216 1310681878.238685
217 1310681878.301185
218 1310681878.332436
219 1310681878.379311
220 1310681878.426186
221 1310681878.473061
222 1310681878.519937
223 1310681878.566812
224 1310681878.613687
225 1310681878.660563
226 1310681878.707438
227 1310681878.754313
228 1310681878.801188
