0 1309980284.699326
1 1309980284.730576
2 1309980284.777452
3 1309980284.824327
4 1309980284.871203
5 1309980284.918078
6 1309980284.964954
7 1309980285.011830
8 1309980285.058705
9 1309980285.105581
10 1309980285.152456
11 1309980285.199331
12 1309980285.246207
13 1309980285.293082
14 1309980285.339957
15 1309980285.386833
16 1309980285.433708
17 1309980285.480583
18 1309980285.511833
19 1309980285.558709
20 1309980285.605584
21 1309980285.652459
22 1309980285.699335
23 1309980285.746210
24 1309980285.793085
25 1309980285.839961
26 1309980285.886836
27 1309980285.933711
28 1309980285.980586
29 1309980286.027462
30 1309980286.074337
31 1309980286.121212
32 1309980286.168088
33 1309980286.214963
34 1309980286.261838
35 1309980286.308714
36 1309980286.355589
37 1309980286.386839
38 1309980286.433714
39 1309980286.480590
40 1309980286.527465
41 1309980286.574340
42 1309980286.621216
43 1309980286.668091
44 1309980286.714966
45 1309980286.761841
46 1309980286.808717
47 1309980286.855592
48 1309980286.902467
49 1309980286.949343
50 1309980286.996218
51 1309980287.027468
52 1309980287.074343
53 1309980287.121219
54 1309980287.168094
55 1309980287.214969
56 1309980287.261845
57 1309980287.308720
58 1309980287.355595
59 1309980287.402471
60 1309980287.449346
61 1309980287.496221
62 1309980287.543096
63 1309980287.574347
64 1309980287.621222
65 1309980287.668097
66 1309980287.714973
67 1309980287.761848
68 1309980287.824348
69 1309980287.855598
70 1309980287.902474
71 1309980287.949349
72 1309980287.996224
73 1309980288.043100
74 1309980288.089975
75 1309980288.136850
76 1309980288.183726
77 1309980288.230602
78 1309980288.277477
79 1309980288.324353
80 1309980288.371228
81 1309980288.418104
82 1309980288.464980
83 1309980288.496230
84 1309980288.543106
85 1309980288.589981
86 1309980288.636857
87 1309980288.683732
88 1309980288.730608
89 1309980288.777484
90 1309980288.824359
91 1309980288.871235
92 1309980288.918110
93 1309980288.964986
94 1309980289.011862
95 1309980289.043112
96 1309980289.089988
97 1309980289.136863
98 1309980289.183738
99 1309980289.230614
100 1309980289.277489
101 1309980289.324364
102 1309980289.371240
103 1309980289.418115
104 1309980289.464990
105 1309980289.511865
106 1309980289.558741
107 1309980289.605616
108 1309980289.652491
109 1309980289.699367
110 1309980289.746242
111 1309980289.793117
112 1309980289.839993
113 1309980289.886868
114 1309980289.933743
115 1309980289.980618
116 1309980290.011869
117 1309980290.058744
118 1309980290.105619
119 1309980290.152495
120 1309980290.199370
121 1309980290.246245
122 1309980290.293120
123 1309980290.339996
124 1309980290.386871
125 1309980290.433746
126 1309980290.480622
127 1309980290.527497
128 1309980290.574372
129 1309980290.621248
130 1309980290.668123
131 1309980290.714998
132 1309980290.761873
133 1309980290.808749
134 1309980290.855624
135 1309980290.902499
136 1309980290.949375
137 1309980290.996250
138 1309980291.043125
139 1309980291.090001
140 1309980291.121251
141 1309980291.183751
142 1309980291.230626
143 1309980291.261877
144 1309980291.308752
145 1309980291.355627
146 1309980291.402503
147 1309980291.449378
148 1309980291.496253
149 1309980291.543128
150 1309980291.590004
151 1309980291.636879
152 1309980291.683754
153 1309980291.730630
154 1309980291.777505
155 1309980291.824380
156 1309980291.871256
157 1309980291.918131
158 1309980291.965006
159 1309980292.011881
160 1309980292.058757
161 1309980292.105632
162 1309980292.152507
163 1309980292.199383
164 1309980292.246258
165 1309980292.277508
166 1309980292.324383
167 1309980292.371259
168 1309980292.418134
169 1309980292.465009
170 1309980292.511885
171 1309980292.558760
172 1309980292.605635
173 1309980292.652511
174 1309980292.699386
175 1309980292.746261
176 1309980292.793136
177 1309980292.840012
178 1309980292.871262
179 1309980292.918137
180 1309980292.965013
181 1309980293.011888
182 1309980293.058763
183 1309980293.105638
184 1309980293.152514
185 1309980293.199390
186 1309980293.246265
187 1309980293.293141
188 1309980293.340016
189 1309980293.386892
190 1309980293.433768
191 1309980293.465018
192 1309980293.511894
193 1309980293.558769
194 1309980293.605645
195 1309980293.668146
196 1309980293.699396
197 1309980293.746272
198 1309980293.808772
199 1309980293.840023
200 1309980293.886898
201 1309980293.949399
202 1309980293.996275
203 1309980294.043150
204 1309980294.090026
205 1309980294.136901
206 1309980294.183777
207 1309980294.230652
208 1309980294.293152
209 1309980294.324403
210 1309980294.371278
211 1309980294.418153
212 1309980294.465029
213 1309980294.527529
214 1309980294.574404
215 1309980294.621280
216 1309980294.668155
217 1309980294.715030
218 1309980294.761905
