0 1309542928.792494
1 1309542928.839370
2 1309542928.886247
3 1309542928.933123
4 1309542928.995625
5 1309542929.042502
6 1309542929.089378
7 1309542929.136255
8 1309542929.183131
9 1309542929.214382
10 1309542929.261259
11 1309542929.323761
12 1309542929.355012
13 1309542929.401888
14 1309542929.448765
15 1309542929.495641
16 1309542929.542518
17 1309542929.589394
18 1309542929.636271
19 1309542929.683147
20 1309542929.730024
21 1309542929.776900
22 1309542929.823777
23 1309542929.855028
24 1309542929.901904
25 1309542929.948781
26 1309542930.011283
27 1309542930.042534
28 1309542930.089410
29 1309542930.136287
30 1309542930.183163
31 1309542930.230040
32 1309542930.276916
33 1309542930.323793
34 1309542930.370669
35 1309542930.433171
36 1309542930.480048
37 1309542930.526924
38 1309542930.573801
39 1309542930.620677
40 1309542930.667554
41 1309542930.714430
42 1309542930.761307
43 1309542930.808183
44 1309542930.855060
45 1309542930.901936
46 1309542930.933187
47 1309542930.980064
48 1309542931.026940
49 1309542931.073817
50 1309542931.136319
51 1309542931.183195
52 1309542931.214446
53 1309542931.261323
54 1309542931.308199
55 1309542931.355076
56 1309542931.401952
57 1309542931.448829
58 1309542931.495705
59 1309542931.542582
60 1309542931.589458
61 1309542931.636335
62 1309542931.683211
63 1309542931.730088
64 1309542931.776964
65 1309542931.823841
66 1309542931.870717
