0 1310580774.816183
1 1310580774.863059
2 1310580774.909934
3 1310580774.956809
4 1310580775.003684
5 1310580775.050560
6 1310580775.097435
7 1310580775.144310
8 1310580775.175561
9 1310580775.222436
10 1310580775.269311
11 1310580775.316186
12 1310580775.363062
13 1310580775.409937
14 1310580775.456812
15 1310580775.503688
16 1310580775.550563
17 1310580775.597438
18 1310580775.644314
19 1310580775.691189
20 1310580775.738064
21 1310580775.784939
22 1310580775.816190
23 1310580775.863065
24 1310580775.909940
25 1310580775.956816
26 1310580776.003691
27 1310580776.050566
28 1310580776.097441
29 1310580776.144317
30 1310580776.191192
31 1310580776.238067
32 1310580776.284943
33 1310580776.331818
34 1310580776.363068
35 1310580776.409943
36 1310580776.456819
37 1310580776.503694
38 1310580776.550569
39 1310580776.597445
40 1310580776.644320
41 1310580776.691195
42 1310580776.738071
43 1310580776.784946
44 1310580776.831821
45 1310580776.878696
46 1310580776.925572
47 1310580776.972447
48 1310580777.019322
49 1310580777.066198
50 1310580777.113073
51 1310580777.159948
52 1310580777.206824
53 1310580777.253699
54 1310580777.300574
55 1310580777.347449
56 1310580777.394325
57 1310580777.441200
58 1310580777.488075
59 1310580777.519326
60 1310580777.566201
61 1310580777.613076
62 1310580777.659951
63 1310580777.706827
64 1310580777.753702
65 1310580777.800577
66 1310580777.847453
67 1310580777.894328
68 1310580777.941203
69 1310580777.988079
70 1310580778.034954
71 1310580778.081829
72 1310580778.128704
73 1310580778.175580
74 1310580778.222455
75 1310580778.269330
76 1310580778.300581
77 1310580778.347456
78 1310580778.394331
79 1310580778.441206
80 1310580778.488082
81 1310580778.534957
82 1310580778.581832
83 1310580778.628708
84 1310580778.675583
85 1310580778.722458
86 1310580778.769334
87 1310580778.816209
88 1310580778.847459
89 1310580778.894334
90 1310580778.941210
91 1310580778.988085
92 1310580779.034960
93 1310580779.081836
94 1310580779.128711
95 1310580779.175586
96 1310580779.222461
97 1310580779.269337
98 1310580779.316212
99 1310580779.363087
100 1310580779.409963
101 1310580779.441213
102 1310580779.488088
103 1310580779.534963
104 1310580779.581839
105 1310580779.628714
106 1310580779.675589
107 1310580779.722465
108 1310580779.769340
109 1310580779.816215
110 1310580779.863091
111 1310580779.909966
112 1310580779.956841
113 1310580780.003716
114 1310580780.050592
115 1310580780.081842
116 1310580780.128717
117 1310580780.175593
118 1310580780.222468
119 1310580780.269343
120 1310580780.316218
121 1310580780.363094
122 1310580780.409969
123 1310580780.456844
124 1310580780.503720
125 1310580780.550595
126 1310580780.597470
127 1310580780.628720
128 1310580780.675596
129 1310580780.722471
130 1310580780.769346
131 1310580780.816222
132 1310580780.863097
133 1310580780.909972
134 1310580780.956848
135 1310580781.003723
136 1310580781.050598
137 1310580781.097473
138 1310580781.144349
139 1310580781.191224
140 1310580781.222474
141 1310580781.269350
142 1310580781.316225
143 1310580781.363100
144 1310580781.409975
