0 1310512528.471038
1 1310512528.502288
2 1310512528.549164
3 1310512528.596039
4 1310512528.642914
5 1310512528.689789
6 1310512528.736665
7 1310512528.783540
8 1310512528.830415
9 1310512528.877291
10 1310512528.924166
11 1310512528.971041
12 1310512529.033542
13 1310512529.064792
14 1310512529.111667
15 1310512529.158542
16 1310512529.205418
17 1310512529.252293
18 1310512529.299168
19 1310512529.346044
20 1310512529.392919
21 1310512529.439794
22 1310512529.486670
23 1310512529.533545
24 1310512529.580420
25 1310512529.627295
26 1310512529.658546
27 1310512529.705421
28 1310512529.767921
29 1310512529.814797
30 1310512529.861672
31 1310512529.908547
32 1310512529.955423
33 1310512530.002298
34 1310512530.049173
35 1310512530.096048
36 1310512530.142924
37 1310512530.189799
38 1310512530.236674
39 1310512530.283550
40 1310512530.314800
41 1310512530.361675
42 1310512530.408550
43 1310512530.455425
44 1310512530.502300
45 1310512530.549175
46 1310512530.596050
47 1310512530.642925
48 1310512530.689800
49 1310512530.736675
50 1310512530.783550
51 1310512530.830425
52 1310512530.877300
53 1310512530.908550
54 1310512530.955425
55 1310512531.017925
56 1310512531.049175
57 1310512531.096050
58 1310512531.142925
59 1310512531.189800
60 1310512531.236675
61 1310512531.283550
62 1310512531.330425
63 1310512531.377300
64 1310512531.424176
65 1310512531.471051
66 1310512531.517926
67 1310512531.564801
68 1310512531.611677
69 1310512531.642927
