0 1311187001.122200
1 1311187001.184701
2 1311187001.231576
3 1311187001.278451
4 1311187001.325327
5 1311187001.372202
6 1311187001.419077
7 1311187001.465952
8 1311187001.512828
9 1311187001.559703
10 1311187001.606578
11 1311187001.653454
12 1311187001.700329
13 1311187001.747204
14 1311187001.778454
15 1311187001.825330
16 1311187001.872205
17 1311187001.919080
18 1311187001.965956
19 1311187002.012831
20 1311187002.059706
21 1311187002.106582
22 1311187002.153457
23 1311187002.200332
24 1311187002.247207
25 1311187002.294083
26 1311187002.340958
27 1311187002.372208
28 1311187002.419083
29 1311187002.465958
30 1311187002.512833
31 1311187002.559708
32 1311187002.622208
33 1311187002.653458
34 1311187002.700333
35 1311187002.747208
36 1311187002.794083
37 1311187002.840958
38 1311187002.887833
39 1311187002.934708
40 1311187002.981583
41 1311187003.044083
42 1311187003.090958
43 1311187003.137833
44 1311187003.184708
45 1311187003.247208
46 1311187003.278458
47 1311187003.325333
48 1311187003.372208
49 1311187003.419084
50 1311187003.465959
51 1311187003.512834
52 1311187003.559709
53 1311187003.606585
54 1311187003.669085
55 1311187003.700335
56 1311187003.747211
57 1311187003.794086
58 1311187003.840961
59 1311187003.887837
60 1311187003.934712
61 1311187003.981587
62 1311187004.028462
63 1311187004.075338
64 1311187004.122213
65 1311187004.169088
66 1311187004.215964
67 1311187004.262839
68 1311187004.309714
69 1311187004.340964
70 1311187004.387840
71 1311187004.434715
72 1311187004.481590
73 1311187004.528466
74 1311187004.575341
75 1311187004.622216
76 1311187004.669092
77 1311187004.715967
78 1311187004.762842
79 1311187004.809717
80 1311187004.856593
81 1311187004.903468
82 1311187004.950343
83 1311187004.997219
84 1311187005.044094
85 1311187005.075344
86 1311187005.122219
87 1311187005.169095
88 1311187005.215970
89 1311187005.262845
90 1311187005.309721
91 1311187005.356596
92 1311187005.403471
93 1311187005.450346
94 1311187005.497221
95 1311187005.544096
96 1311187005.590971
97 1311187005.637846
98 1311187005.684721
99 1311187005.731596
100 1311187005.778471
101 1311187005.825346
102 1311187005.856596
103 1311187005.903471
104 1311187005.950346
105 1311187005.997221
106 1311187006.044096
107 1311187006.090971
108 1311187006.137846
109 1311187006.184721
110 1311187006.231596
111 1311187006.278471
112 1311187006.325346
113 1311187006.372221
114 1311187006.419096
115 1311187006.465972
116 1311187006.512847
117 1311187006.559722
118 1311187006.606598
119 1311187006.653473
120 1311187006.684723
121 1311187006.731598
122 1311187006.778474
123 1311187006.825349
124 1311187006.872224
125 1311187006.919100
126 1311187006.965975
127 1311187007.012850
128 1311187007.059725
129 1311187007.106601
130 1311187007.153476
131 1311187007.200351
132 1311187007.231602
133 1311187007.278477
134 1311187007.325352
135 1311187007.372227
136 1311187007.419103
137 1311187007.465978
138 1311187007.512853
139 1311187007.559729
140 1311187007.606604
141 1311187007.653479
142 1311187007.700355
143 1311187007.747230
144 1311187007.794105
145 1311187007.840980
146 1311187007.919106
147 1311187007.965981
148 1311187008.012857
149 1311187008.059732
150 1311187008.106607
151 1311187008.153482
152 1311187008.200358
153 1311187008.231608
154 1311187008.278483
155 1311187008.325358
156 1311187008.372233
157 1311187008.419108
158 1311187008.465983
159 1311187008.512858
160 1311187008.559733
161 1311187008.606608
162 1311187008.653483
163 1311187008.700358
164 1311187008.747233
165 1311187008.794108
166 1311187008.825358
167 1311187008.872233
168 1311187008.919108
169 1311187008.965983
170 1311187009.012858
171 1311187009.059733
172 1311187009.106608
173 1311187009.153483
174 1311187009.200358
175 1311187009.247233
176 1311187009.294108
177 1311187009.340984
178 1311187009.387859
179 1311187009.434734
180 1311187009.481610
181 1311187009.512860
182 1311187009.559735
183 1311187009.606610
184 1311187009.653486
185 1311187009.700361
186 1311187009.747236
187 1311187009.794112
188 1311187009.840987
189 1311187009.887862
190 1311187009.934737
191 1311187009.981613
192 1311187010.028488
193 1311187010.075363
194 1311187010.122239
195 1311187010.169114
196 1311187010.200364
197 1311187010.247239
198 1311187010.294115
199 1311187010.340990
200 1311187010.387865
201 1311187010.434741
202 1311187010.481616
203 1311187010.528491
204 1311187010.575367
205 1311187010.622242
206 1311187010.669117
207 1311187010.715992
208 1311187010.762868
209 1311187010.794118
210 1311187010.840993
211 1311187010.887869
212 1311187010.934744
213 1311187010.981619
214 1311187011.028494
215 1311187011.075370
216 1311187011.122245
217 1311187011.169120
218 1311187011.215996
219 1311187011.262871
220 1311187011.309746
221 1311187011.356622
222 1311187011.403497
223 1311187011.450372
224 1311187011.497247
225 1311187011.544123
226 1311187011.590998
227 1311187011.637873
228 1311187011.684749
229 1311187011.731624
230 1311187011.778499
231 1311187011.825375
232 1311187011.856625
233 1311187011.903500
234 1311187011.950375
235 1311187011.997251
236 1311187012.044126
237 1311187012.091001
238 1311187012.137877
239 1311187012.184752
240 1311187012.231627
241 1311187012.278502
242 1311187012.325378
243 1311187012.372253
244 1311187012.419128
245 1311187012.450378
246 1311187012.512878
247 1311187012.544128
248 1311187012.591003
249 1311187012.637878
250 1311187012.684753
251 1311187012.731628
