0 1309564125.633022
1 1309564125.679898
2 1309564125.726774
3 1309564125.773650
4 1309564125.820526
5 1309564125.867402
6 1309564125.914278
7 1309564125.961153
8 1309564126.008029
9 1309564126.054905
10 1309564126.101781
11 1309564126.133032
12 1309564126.179908
13 1309564126.226784
14 1309564126.273659
15 1309564126.320535
16 1309564126.367411
17 1309564126.414287
18 1309564126.461163
19 1309564126.508039
20 1309564126.554915
21 1309564126.601791
22 1309564126.648667
23 1309564126.695543
24 1309564126.742418
25 1309564126.773669
26 1309564126.820545
27 1309564126.867421
28 1309564126.914297
29 1309564126.961173
30 1309564127.008049
31 1309564127.054924
32 1309564127.101800
33 1309564127.148676
34 1309564127.195552
35 1309564127.242428
36 1309564127.273679
37 1309564127.320555
38 1309564127.367430
39 1309564127.414306
40 1309564127.461182
41 1309564127.508058
42 1309564127.554934
43 1309564127.601810
44 1309564127.648686
45 1309564127.695562
46 1309564127.742438
47 1309564127.789314
48 1309564127.836189
49 1309564127.883065
50 1309564127.929941
51 1309564127.976817
52 1309564128.023693
53 1309564128.086194
54 1309564128.117445
55 1309564128.179946
56 1309564128.226822
57 1309564128.258073
58 1309564128.304948
59 1309564128.351824
60 1309564128.398700
61 1309564128.445576
62 1309564128.492452
63 1309564128.554953
64 1309564128.586204
65 1309564128.633080
66 1309564128.679956
67 1309564128.726832
68 1309564128.773707
69 1309564128.820583
70 1309564128.867459
71 1309564128.914335
72 1309564128.961211
73 1309564129.008087
74 1309564129.054963
75 1309564129.101839
76 1309564129.148715
77 1309564129.195591
78 1309564129.226841
79 1309564129.289342
80 1309564129.336218
81 1309564129.383094
82 1309564129.429970
83 1309564129.476846
84 1309564129.523722
85 1309564129.570598
86 1309564129.617474
87 1309564129.664350
88 1309564129.711225
89 1309564129.758101
90 1309564129.789352
91 1309564129.883104
92 1309564129.929980
93 1309564129.976856
94 1309564130.023731
95 1309564130.070607
96 1309564130.117483
97 1309564130.164359
98 1309564130.211235
99 1309564130.258111
100 1309564130.304987
101 1309564130.351863
102 1309564130.383113
103 1309564130.445615
104 1309564130.492490
105 1309564130.539366
106 1309564130.586242
107 1309564130.633118
108 1309564130.664369
109 1309564130.711245
110 1309564130.758121
111 1309564130.804996
112 1309564130.851872
113 1309564130.898748
114 1309564130.945624
115 1309564130.992500
116 1309564131.039376
117 1309564131.086252
118 1309564131.133128
119 1309564131.180004
120 1309564131.226880
121 1309564131.273755
122 1309564131.320631
123 1309564131.367507
124 1309564131.398758
125 1309564131.445634
126 1309564131.492510
127 1309564131.539386
128 1309564131.586261
129 1309564131.633137
130 1309564131.680013
131 1309564131.726889
132 1309564131.773765
133 1309564131.820641
134 1309564131.883142
135 1309564131.914393
136 1309564131.961269
137 1309564132.008145
138 1309564132.055020
139 1309564132.101896
140 1309564132.148772
141 1309564132.195648
142 1309564132.242524
143 1309564132.289400
144 1309564132.336276
145 1309564132.383152
146 1309564132.430028
147 1309564132.476904
148 1309564132.523779
149 1309564132.570655
150 1309564132.617531
151 1309564132.664407
152 1309564132.695658
153 1309564132.742534
