0 1309546026.602377
1 1309546026.633627
2 1309546026.680503
3 1309546026.727378
4 1309546026.789879
5 1309546026.836755
6 1309546026.883630
7 1309546026.930506
8 1309546026.977382
9 1309546027.024257
10 1309546027.071133
11 1309546027.118008
12 1309546027.164884
13 1309546027.211760
14 1309546027.243010
15 1309546027.289886
16 1309546027.336761
17 1309546027.383637
18 1309546027.430512
19 1309546027.477388
20 1309546027.524264
21 1309546027.571139
22 1309546027.618015
23 1309546027.664890
24 1309546027.711766
25 1309546027.758642
26 1309546027.789892
27 1309546027.836768
28 1309546027.899268
29 1309546027.961769
30 1309546028.008645
31 1309546028.055520
32 1309546028.102396
33 1309546028.149272
34 1309546028.196147
35 1309546028.243023
36 1309546028.289898
37 1309546028.336774
38 1309546028.383650
39 1309546028.414900
40 1309546028.461776
41 1309546028.508651
42 1309546028.555527
43 1309546028.602402
44 1309546028.649278
45 1309546028.711779
46 1309546028.758654
47 1309546028.805530
48 1309546028.852406
49 1309546028.899281
50 1309546028.946157
51 1309546028.993032
52 1309546029.039908
53 1309546029.086784
54 1309546029.133659
55 1309546029.164910
56 1309546029.211785
57 1309546029.258661
58 1309546029.305536
59 1309546029.352412
60 1309546029.399288
61 1309546029.446163
62 1309546029.493039
63 1309546029.539914
64 1309546029.602415
65 1309546029.649291
66 1309546029.696166
67 1309546029.743042
68 1309546029.789918
69 1309546029.821168
70 1309546029.868044
71 1309546029.914919
72 1309546029.961795
73 1309546030.024296
74 1309546030.071171
75 1309546030.118047
76 1309546030.164922
77 1309546030.227423
78 1309546030.274299
79 1309546030.321174
80 1309546030.368050
81 1309546030.399300
82 1309546030.446176
83 1309546030.493052
84 1309546030.555552
85 1309546030.602428
86 1309546030.649304
87 1309546030.696179
88 1309546030.743055
89 1309546030.789930
90 1309546030.836806
91 1309546030.883682
92 1309546030.930557
93 1309546030.977433
94 1309546031.024308
95 1309546031.055559
