0 1311113647.284762
1 1311113647.316012
2 1311113647.378513
3 1311113647.425388
4 1311113647.472263
5 1311113647.519138
6 1311113647.566013
7 1311113647.612888
8 1311113647.659763
9 1311113647.706638
10 1311113647.753513
11 1311113647.784763
12 1311113647.831638
13 1311113647.878513
14 1311113647.925388
15 1311113647.972263
16 1311113648.019138
17 1311113648.066013
18 1311113648.112888
19 1311113648.159763
20 1311113648.206638
21 1311113648.253513
22 1311113648.284763
23 1311113648.347263
24 1311113648.394138
25 1311113648.441013
26 1311113648.487888
27 1311113648.534764
28 1311113648.581639
29 1311113648.628514
30 1311113648.675390
31 1311113648.722265
32 1311113648.769140
33 1311113648.816015
34 1311113648.862891
35 1311113648.909766
36 1311113648.956641
37 1311113649.003517
38 1311113649.050392
39 1311113649.097267
40 1311113649.144143
41 1311113649.191018
42 1311113649.237893
43 1311113649.284768
44 1311113649.331644
45 1311113649.378519
46 1311113649.425394
47 1311113649.472269
48 1311113649.519144
49 1311113649.566019
50 1311113649.597269
51 1311113649.644144
52 1311113649.691019
53 1311113649.737894
54 1311113649.800394
55 1311113649.847269
56 1311113649.909769
57 1311113649.956644
58 1311113650.019144
59 1311113650.066019
60 1311113650.112894
61 1311113650.159769
62 1311113650.206644
63 1311113650.253519
64 1311113650.300394
65 1311113650.347269
66 1311113650.394144
67 1311113650.441019
68 1311113650.487895
69 1311113650.534770
70 1311113650.566020
71 1311113650.612896
72 1311113650.659771
73 1311113650.706646
74 1311113650.753521
75 1311113650.800397
76 1311113650.847272
77 1311113650.894147
78 1311113650.941023
79 1311113650.987898
80 1311113651.034773
81 1311113651.081649
82 1311113651.128524
83 1311113651.159774
84 1311113651.206649
85 1311113651.269150
86 1311113651.316025
87 1311113651.362900
88 1311113651.409775
89 1311113651.456650
90 1311113651.503525
91 1311113651.550400
92 1311113651.597275
93 1311113651.644150
94 1311113651.691025
95 1311113651.737900
96 1311113651.784775
97 1311113651.831650
98 1311113651.878525
99 1311113651.925400
100 1311113651.972275
101 1311113652.019150
102 1311113652.066025
103 1311113652.097275
104 1311113652.144150
105 1311113652.191025
106 1311113652.237900
107 1311113652.284775
108 1311113652.331650
109 1311113652.378525
110 1311113652.425401
111 1311113652.472276
112 1311113652.519151
113 1311113652.566027
