0 1309981784 45151
1 1309981784 76401
2 1309981784 123276
3 1309981784 170152
4 1309981784 217027
5 1309981784 263902
6 1309981784 310778
7 1309981784 357653
8 1309981784 404528
9 1309981784 451403
10 1309981784 498279
11 1309981784 545154
12 1309981784 592029
13 1309981784 638905
14 1309981784 685780
15 1309981784 732655
16 1309981784 763905
17 1309981784 810781
18 1309981784 857656
19 1309981784 904531
20 1309981784 951407
21 1309981784 998282
22 1309981785 45157
23 1309981785 92033
24 1309981785 138908
25 1309981785 185784
26 1309981785 232659
27 1309981785 279535
28 1309981785 310785
29 1309981785 373286
30 1309981785 420162
31 1309981785 467037
32 1309981785 513913
33 1309981785 560788
34 1309981785 607664
35 1309981785 654540
36 1309981785 701415
37 1309981785 748291
38 1309981785 795166
39 1309981785 826417
40 1309981785 873292
41 1309981785 920168
42 1309981785 967044
43 1309981786 13919
44 1309981786 60795
45 1309981786 107670
46 1309981786 154546
47 1309981786 201421
48 1309981786 248296
49 1309981786 295172
50 1309981786 342047
51 1309981786 388922
52 1309981786 420172
53 1309981786 467048
54 1309981786 513923
55 1309981786 560798
56 1309981786 607674
57 1309981786 654549
58 1309981786 701424
59 1309981786 748300
60 1309981786 795175
61 1309981786 842050
62 1309981786 888925
63 1309981786 935801
64 1309981786 982676
65 1309981787 29551
66 1309981787 60802
67 1309981787 107677
68 1309981787 154552
69 1309981787 201427
70 1309981787 263928
71 1309981787 310803
72 1309981787 357678
73 1309981787 404554
74 1309981787 451429
75 1309981787 498304
76 1309981787 545180
77 1309981787 592055
78 1309981787 638930
79 1309981787 685806
80 1309981787 732681
81 1309981787 779556
82 1309981787 826431
83 1309981787 873307
84 1309981787 920182
85 1309981787 967057
86 1309981788 13933
87 1309981788 60808
88 1309981788 107683
89 1309981788 154559
90 1309981788 201434
91 1309981788 248310
92 1309981788 279560
93 1309981788 326436
94 1309981788 373312
95 1309981788 420187
96 1309981788 467063
97 1309981788 513938
98 1309981788 560814
99 1309981788 607690
100 1309981788 654565
101 1309981788 701441
102 1309981788 748316
103 1309981788 795192
104 1309981788 842068
105 1309981788 873318
106 1309981788 920194
107 1309981788 967069
108 1309981789 13945
109 1309981789 60820
