0 1310161048.516083
1 1310161048.562958
2 1310161048.609833
3 1310161048.656708
4 1310161048.703584
5 1310161048.750459
6 1310161048.797334
7 1310161048.844210
8 1310161048.891085
9 1310161048.937960
10 1310161048.984836
11 1310161049.031711
12 1310161049.078586
13 1310161049.125461
14 1310161049.172337
15 1310161049.203587
16 1310161049.250462
17 1310161049.297338
18 1310161049.344213
19 1310161049.391088
20 1310161049.437963
21 1310161049.484839
22 1310161049.531714
23 1310161049.578589
24 1310161049.625465
25 1310161049.672340
26 1310161049.719215
27 1310161049.766091
28 1310161049.797341
29 1310161049.844216
30 1310161049.891091
31 1310161049.937967
32 1310161049.984842
33 1310161050.031717
34 1310161050.078593
35 1310161050.125468
36 1310161050.172343
37 1310161050.219218
38 1310161050.266094
39 1310161050.312969
40 1310161050.344219
41 1310161050.391095
42 1310161050.437970
43 1310161050.484845
44 1310161050.531721
45 1310161050.578596
46 1310161050.625472
47 1310161050.672348
48 1310161050.719223
49 1310161050.766099
50 1310161050.812974
51 1310161050.859850
52 1310161050.891100
53 1310161050.937976
54 1310161050.984852
55 1310161051.031727
56 1310161051.078603
57 1310161051.125478
58 1310161051.172354
59 1310161051.219230
60 1310161051.281730
61 1310161051.312981
62 1310161051.359856
63 1310161051.406732
64 1310161051.453608
65 1310161051.500483
66 1310161051.547358
67 1310161051.594234
68 1310161051.641109
69 1310161051.687984
70 1310161051.734860
71 1310161051.781735
72 1310161051.828610
73 1310161051.859860
74 1310161051.906736
75 1310161051.953611
76 1310161052.000486
77 1310161052.047362
78 1310161052.094237
79 1310161052.141112
80 1310161052.187987
81 1310161052.234863
82 1310161052.281738
83 1310161052.328613
84 1310161052.375489
85 1310161052.422364
86 1310161052.469239
87 1310161052.516115
88 1310161052.562990
89 1310161052.594240
90 1310161052.641115
91 1310161052.687991
92 1310161052.734866
93 1310161052.781741
94 1310161052.828617
95 1310161052.875492
96 1310161052.922367
97 1310161052.969242
98 1310161053.016118
99 1310161053.062993
100 1310161053.109868
101 1310161053.141119
102 1310161053.187994
103 1310161053.234869
104 1310161053.281744
105 1310161053.328620
106 1310161053.375495
107 1310161053.422370
108 1310161053.469246
109 1310161053.516121
110 1310161053.562997
111 1310161053.609872
112 1310161053.641123
113 1310161053.687998
114 1310161053.750499
115 1310161053.781750
116 1310161053.828625
117 1310161053.875501
118 1310161053.922376
119 1310161053.969252
120 1310161054.016128
121 1310161054.063003
122 1310161054.109879
123 1310161054.156754
124 1310161054.203630
125 1310161054.250506
126 1310161054.297381
127 1310161054.344257
128 1310161054.391132
129 1310161054.438008
130 1310161054.484884
131 1310161054.531759
132 1310161054.563009
133 1310161054.609884
134 1310161054.656760
135 1310161054.703635
136 1310161054.750510
137 1310161054.797386
138 1310161054.844261
139 1310161054.891136
140 1310161054.938011
141 1310161054.984887
142 1310161055.031762
143 1310161055.078637
144 1310161055.109888
145 1310161055.156763
146 1310161055.203638
147 1310161055.250513
148 1310161055.297389
149 1310161055.344264
150 1310161055.391139
151 1310161055.438015
152 1310161055.484890
153 1310161055.531765
154 1310161055.578641
155 1310161055.625516
156 1310161055.672391
157 1310161055.719266
158 1310161055.750517
159 1310161055.797392
160 1310161055.844267
161 1310161055.891143
