0 1310075871.402458
1 1310075871.449334
2 1310075871.496209
3 1310075871.543084
4 1310075871.589959
5 1310075871.636835
6 1310075871.683710
7 1310075871.730585
8 1310075871.777461
9 1310075871.824336
10 1310075871.871211
11 1310075871.918087
12 1310075871.964962
13 1310075872.011837
14 1310075872.043087
15 1310075872.089963
16 1310075872.136838
17 1310075872.183713
18 1310075872.230589
19 1310075872.277464
20 1310075872.324339
21 1310075872.371214
22 1310075872.418090
23 1310075872.464965
24 1310075872.511840
25 1310075872.543091
26 1310075872.589966
27 1310075872.636841
28 1310075872.683716
29 1310075872.730592
30 1310075872.777467
31 1310075872.824342
32 1310075872.871218
33 1310075872.918093
34 1310075872.964968
35 1310075873.011844
36 1310075873.058719
37 1310075873.089969
38 1310075873.136844
39 1310075873.183720
40 1310075873.230595
41 1310075873.277470
42 1310075873.324346
43 1310075873.371221
44 1310075873.418096
45 1310075873.464971
46 1310075873.511847
47 1310075873.558722
48 1310075873.589972
49 1310075873.652473
50 1310075873.683723
51 1310075873.730598
52 1310075873.777473
53 1310075873.824349
54 1310075873.871224
55 1310075873.918099
56 1310075873.964975
57 1310075874.011850
58 1310075874.058725
59 1310075874.105601
60 1310075874.152476
61 1310075874.199351
62 1310075874.246226
63 1310075874.293102
64 1310075874.339977
65 1310075874.386852
66 1310075874.418103
67 1310075874.464978
68 1310075874.511853
69 1310075874.558728
70 1310075874.605604
71 1310075874.652479
72 1310075874.699354
73 1310075874.746230
74 1310075874.793105
75 1310075874.839980
76 1310075874.886856
77 1310075874.933731
78 1310075874.964981
79 1310075875.011856
80 1310075875.058732
81 1310075875.105607
82 1310075875.152482
83 1310075875.199358
84 1310075875.246233
85 1310075875.293108
86 1310075875.339983
87 1310075875.386859
88 1310075875.433734
89 1310075875.480609
90 1310075875.527485
91 1310075875.574360
92 1310075875.605610
93 1310075875.652485
94 1310075875.699361
95 1310075875.746236
96 1310075875.793111
97 1310075875.839987
