0 1310682142.238838
1 1310682142.270088
2 1310682142.316964
3 1310682142.363839
4 1310682142.410714
5 1310682142.457590
6 1310682142.504465
7 1310682142.551340
8 1310682142.598215
9 1310682142.645091
10 1310682142.691966
11 1310682142.738841
12 1310682142.785716
13 1310682142.832591
14 1310682142.863841
15 1310682142.910716
16 1310682142.957591
17 1310682143.004466
18 1310682143.051341
19 1310682143.098216
20 1310682143.145091
21 1310682143.191966
22 1310682143.238841
23 1310682143.285716
24 1310682143.332591
25 1310682143.379466
26 1310682143.426341
27 1310682143.457591
28 1310682143.504466
29 1310682143.551341
30 1310682143.613841
31 1310682143.645091
32 1310682143.691966
33 1310682143.738841
34 1310682143.785716
35 1310682143.832591
36 1310682143.879466
37 1310682143.926341
38 1310682143.973216
39 1310682144.020091
40 1310682144.066966
41 1310682144.113841
42 1310682144.160716
43 1310682144.207591
44 1310682144.238841
45 1310682144.285716
46 1310682144.332591
47 1310682144.379466
48 1310682144.426341
49 1310682144.473216
50 1310682144.520091
51 1310682144.566966
52 1310682144.613841
53 1310682144.660716
54 1310682144.707591
55 1310682144.754466
56 1310682144.785717
57 1310682144.832592
58 1310682144.879467
59 1310682144.926343
60 1310682144.973218
61 1310682145.020093
62 1310682145.066968
63 1310682145.113844
64 1310682145.160719
65 1310682145.207594
66 1310682145.254470
67 1310682145.301345
68 1310682145.348220
69 1310682145.395096
70 1310682145.441971
71 1310682145.488846
72 1310682145.535721
73 1310682145.582597
74 1310682145.629472
75 1310682145.660722
76 1310682145.707597
77 1310682145.754472
78 1310682145.801347
79 1310682145.848222
80 1310682145.895097
81 1310682145.941972
82 1310682145.988847
83 1310682146.035722
84 1310682146.082597
85 1310682146.129472
86 1310682146.176347
87 1310682146.207597
88 1310682146.254472
89 1310682146.301347
90 1310682146.348222
91 1310682146.395097
92 1310682146.441972
93 1310682146.488847
94 1310682146.535722
95 1310682146.582597
96 1310682146.629472
97 1310682146.676347
98 1310682146.723223
99 1310682146.770098
100 1310682146.816973
101 1310682146.863849
102 1310682146.910724
103 1310682146.941974
104 1310682146.988849
105 1310682147.051350
106 1310682147.098225
107 1310682147.129475
108 1310682147.176351
109 1310682147.238851
110 1310682147.270101
111 1310682147.316976
112 1310682147.363852
113 1310682147.410727
114 1310682147.457602
115 1310682147.504478
116 1310682147.551353
117 1310682147.598228
118 1310682147.645104
119 1310682147.691979
120 1310682147.738854
121 1310682147.785729
122 1310682147.832604
123 1310682147.863854
124 1310682147.910729
125 1310682147.957604
126 1310682148.004479
127 1310682148.051354
128 1310682148.098229
129 1310682148.145104
130 1310682148.191979
131 1310682148.238854
132 1310682148.285729
133 1310682148.332604
134 1310682148.379479
135 1310682148.426354
136 1310682148.473229
137 1310682148.504479
138 1310682148.551354
139 1310682148.598229
140 1310682148.645104
141 1310682148.691979
142 1310682148.738854
143 1310682148.785729
144 1310682148.832604
145 1310682148.879479
146 1310682148.926354
147 1310682148.973229
148 1310682149.004479
149 1310682149.051354
150 1310682149.098229
151 1310682149.145104
152 1310682149.191979
153 1310682149.238854
154 1310682149.285729
155 1310682149.332604
156 1310682149.379479
157 1310682149.426354
158 1310682149.473229
159 1310682149.520104
160 1310682149.566979
161 1310682149.598229
162 1310682149.645104
163 1310682149.691979
164 1310682149.738854
165 1310682149.785729
166 1310682149.832605
167 1310682149.879480
168 1310682149.926355
169 1310682149.973231
170 1310682150.020106
171 1310682150.066981
172 1310682150.113857
173 1310682150.160732
174 1310682150.191982
175 1310682150.254482
176 1310682150.301358
177 1310682150.332608
178 1310682150.379483
179 1310682150.426359
180 1310682150.473234
181 1310682150.520109
182 1310682150.566984
183 1310682150.613860
184 1310682150.660735
185 1310682150.707610
186 1310682150.754485
187 1310682150.801360
188 1310682150.848235
189 1310682150.879485
190 1310682150.926360
191 1310682150.973235
192 1310682151.020110
193 1310682151.082610
194 1310682151.113860
195 1310682151.160735
196 1310682151.207610
197 1310682151.254485
198 1310682151.301360
199 1310682151.348235
200 1310682151.410735
201 1310682151.457610
202 1310682151.504485
203 1310682151.551360
204 1310682151.598235
205 1310682151.645110
206 1310682151.676360
207 1310682151.723235
208 1310682151.770110
209 1310682151.816985
210 1310682151.863860
211 1310682151.910735
212 1310682151.957610
213 1310682152.004485
214 1310682152.051360
215 1310682152.098235
216 1310682152.145110
217 1310682152.191985
218 1310682152.223235
219 1310682152.270110
220 1310682152.316985
221 1310682152.363860
222 1310682152.410735
223 1310682152.457610
224 1310682152.504485
225 1310682152.551360
226 1310682152.598235
227 1310682152.645110
228 1310682152.691985
229 1310682152.738861
230 1310682152.785736
231 1310682152.832611
232 1310682152.863861
233 1310682152.910737
234 1310682152.957612
235 1310682153.004487
236 1310682153.051363
237 1310682153.098238
238 1310682153.145113
239 1310682153.191988
240 1310682153.238864
241 1310682153.285739
242 1310682153.332614
243 1310682153.379490
244 1310682153.410740
245 1310682153.457615
246 1310682153.504490
247 1310682153.551366
248 1310682153.598241
249 1310682153.645116
250 1310682153.691991
251 1310682153.738866
252 1310682153.785741
253 1310682153.832616
254 1310682153.879491
255 1310682153.926366
256 1310682153.957616
257 1310682154.004491
258 1310682154.051366
259 1310682154.098241
260 1310682154.145116
261 1310682154.191991
262 1310682154.238866
263 1310682154.285741
264 1310682154.332616
265 1310682154.379491
266 1310682154.426366
267 1310682154.473241
268 1310682154.520116
269 1310682154.551366
270 1310682154.598241
271 1310682154.645116
272 1310682154.691992
273 1310682154.738867
274 1310682154.785742
275 1310682154.832618
276 1310682154.879493
277 1310682154.926368
278 1310682154.973243
279 1310682155.020119
280 1310682155.066994
281 1310682155.098244
282 1310682155.145120
283 1310682155.191995
284 1310682155.238870
285 1310682155.285745
286 1310682155.348246
287 1310682155.395121
288 1310682155.441996
289 1310682155.488872
290 1310682155.613873
291 1310682155.660748
292 1310682155.707623
293 1310682155.754498
294 1310682155.801373
295 1310682155.848248
296 1310682155.895123
297 1310682155.941998
298 1310682155.988873
299 1310682156.035748
300 1310682156.082623
301 1310682156.129498
302 1310682156.160748
303 1310682156.238873
304 1310682156.270123
305 1310682156.316998
306 1310682156.363873
307 1310682156.410748
308 1310682156.457623
309 1310682156.504498
310 1310682156.551373
311 1310682156.598248
312 1310682156.645123
313 1310682156.691998
314 1310682156.738873
315 1310682156.770123
316 1310682156.816998
317 1310682156.863873
318 1310682156.910748
319 1310682156.957623
320 1310682157.004498
321 1310682157.051373
322 1310682157.098248
323 1310682157.145123
324 1310682157.191998
325 1310682157.238873
