0 1310510002.943186
1 1310510002.990061
2 1310510003.036936
3 1310510003.083812
4 1310510003.130687
5 1310510003.177562
6 1310510003.224438
7 1310510003.255688
8 1310510003.302563
9 1310510003.349438
10 1310510003.396314
11 1310510003.443189
12 1310510003.490064
13 1310510003.536939
14 1310510003.583814
15 1310510003.630689
16 1310510003.677564
17 1310510003.724439
18 1310510003.771314
19 1310510003.833814
20 1310510003.865064
21 1310510003.911939
22 1310510003.958814
23 1310510004.005689
24 1310510004.052564
25 1310510004.099439
26 1310510004.146314
27 1310510004.193189
28 1310510004.240064
29 1310510004.286939
30 1310510004.333814
31 1310510004.380689
32 1310510004.427564
33 1310510004.474439
34 1310510004.505689
35 1310510004.552565
36 1310510004.599440
37 1310510004.646315
38 1310510004.693191
39 1310510004.740066
40 1310510004.786941
41 1310510004.833816
42 1310510004.880692
43 1310510004.927567
44 1310510004.974442
45 1310510005.021318
46 1310510005.052568
47 1310510005.099443
48 1310510005.146318
49 1310510005.193194
50 1310510005.240069
51 1310510005.286944
52 1310510005.333820
53 1310510005.380695
54 1310510005.427570
55 1310510005.474445
56 1310510005.521320
57 1310510005.568195
58 1310510005.599445
59 1310510005.646320
60 1310510005.693195
61 1310510005.740070
62 1310510005.786945
63 1310510005.833820
64 1310510005.880695
65 1310510005.927570
66 1310510005.974445
67 1310510006.021320
68 1310510006.068195
69 1310510006.115070
70 1310510006.161945
71 1310510006.208820
72 1310510006.255695
73 1310510006.302570
74 1310510006.349445
75 1310510006.396320
76 1310510006.443195
77 1310510006.490071
78 1310510006.536946
79 1310510006.583821
80 1310510006.630697
81 1310510006.677572
82 1310510006.708822
83 1310510006.755697
84 1310510006.802573
85 1310510006.849448
86 1310510006.896323
87 1310510006.943199
88 1310510006.990074
89 1310510007.036949
90 1310510007.083824
91 1310510007.130700
92 1310510007.177575
93 1310510007.224450
94 1310510007.271326
95 1310510007.318201
96 1310510007.365076
97 1310510007.411952
98 1310510007.458827
99 1310510007.505702
100 1310510007.552577
101 1310510007.599453
102 1310510007.646328
103 1310510007.677578
104 1310510007.724454
105 1310510007.771329
106 1310510007.818204
107 1310510007.880705
