0 1309979786.796929
1 1309979786.843804
2 1309979786.890680
3 1309979786.937556
4 1309979786.984431
5 1309979787.031307
6 1309979787.078182
7 1309979787.125058
8 1309979787.171933
9 1309979787.218809
10 1309979787.265684
11 1309979787.312559
12 1309979787.343810
13 1309979787.390685
14 1309979787.437560
15 1309979787.484435
16 1309979787.531311
17 1309979787.578186
18 1309979787.625061
19 1309979787.671937
20 1309979787.718812
21 1309979787.765687
22 1309979787.812563
23 1309979787.843813
24 1309979787.890688
25 1309979787.937563
26 1309979787.984439
27 1309979788.031314
28 1309979788.078189
29 1309979788.140690
30 1309979788.171940
31 1309979788.218815
32 1309979788.265690
33 1309979788.312566
34 1309979788.359441
35 1309979788.406316
36 1309979788.453192
37 1309979788.500067
38 1309979788.546942
39 1309979788.593818
40 1309979788.640693
41 1309979788.687568
42 1309979788.718818
43 1309979788.765694
44 1309979788.812569
45 1309979788.859444
46 1309979788.906320
47 1309979788.953195
48 1309979789.000070
49 1309979789.046945
50 1309979789.093821
51 1309979789.140696
52 1309979789.187571
53 1309979789.234447
54 1309979789.281322
55 1309979789.328197
56 1309979789.375073
57 1309979789.421948
58 1309979789.453198
59 1309979789.500073
60 1309979789.546949
61 1309979789.593824
62 1309979789.640699
63 1309979789.687575
64 1309979789.734450
65 1309979789.781325
66 1309979789.828200
67 1309979789.875076
68 1309979789.921951
69 1309979789.968826
70 1309979790.015702
71 1309979790.062577
72 1309979790.109452
73 1309979790.140702
74 1309979790.203203
75 1309979790.234454
76 1309979790.281329
77 1309979790.328205
78 1309979790.390706
79 1309979790.421956
80 1309979790.468832
81 1309979790.515707
82 1309979790.562583
83 1309979790.609458
84 1309979790.656334
85 1309979790.703210
86 1309979790.750085
87 1309979790.796961
88 1309979790.843836
89 1309979790.890712
90 1309979790.937588
91 1309979790.984463
92 1309979791.031339
93 1309979791.078214
94 1309979791.125090
95 1309979791.171965
96 1309979791.218841
97 1309979791.265716
98 1309979791.296966
99 1309979791.343842
100 1309979791.390717
101 1309979791.437592
102 1309979791.484467
103 1309979791.531343
104 1309979791.578218
105 1309979791.625093
106 1309979791.671969
107 1309979791.718844
108 1309979791.765719
109 1309979791.812595
110 1309979791.859470
111 1309979791.906345
112 1309979791.953220
113 1309979792.000096
114 1309979792.046971
115 1309979792.078221
116 1309979792.125097
117 1309979792.171972
118 1309979792.218847
119 1309979792.265722
120 1309979792.312598
121 1309979792.359473
122 1309979792.406348
123 1309979792.453224
124 1309979792.500099
125 1309979792.546974
126 1309979792.593850
127 1309979792.625100
128 1309979792.671975
129 1309979792.718850
130 1309979792.765726
131 1309979792.812601
132 1309979792.859476
133 1309979792.906352
134 1309979792.953227
135 1309979793.000102
136 1309979793.046977
137 1309979793.093853
138 1309979793.140728
139 1309979793.187603
140 1309979793.234479
141 1309979793.281354
142 1309979793.328229
143 1309979793.375105
144 1309979793.406355
145 1309979793.453230
146 1309979793.500105
147 1309979793.546981
148 1309979793.609481
149 1309979793.640731
150 1309979793.687607
151 1309979793.734482
152 1309979793.781357
153 1309979793.828232
154 1309979793.875108
155 1309979793.921983
156 1309979793.968858
157 1309979794.015734
158 1309979794.062609
159 1309979794.109484
160 1309979794.156360
161 1309979794.203235
162 1309979794.250110
163 1309979794.296985
164 1309979794.343861
165 1309979794.390736
166 1309979794.437611
167 1309979794.468862
168 1309979794.515737
169 1309979794.562612
170 1309979794.609487
171 1309979794.671988
172 1309979794.703238
173 1309979794.750113
174 1309979794.796989
175 1309979794.843864
176 1309979794.890739
177 1309979794.937615
178 1309979794.984490
179 1309979795.031365
180 1309979795.078240
181 1309979795.125116
182 1309979795.171991
183 1309979795.218867
184 1309979795.265742
185 1309979795.296993
186 1309979795.343868
187 1309979795.390744
188 1309979795.437620
189 1309979795.484495
190 1309979795.531371
