0 1310510091.587173
1 1310510091.618423
2 1310510091.665299
3 1310510091.712174
4 1310510091.759049
5 1310510091.805925
6 1310510091.852800
7 1310510091.899675
8 1310510091.946551
9 1310510091.993426
10 1310510092.040301
11 1310510092.087176
12 1310510092.134052
13 1310510092.180927
14 1310510092.227802
15 1310510092.274678
16 1310510092.321553
17 1310510092.368428
18 1310510092.415303
19 1310510092.462178
20 1310510092.509053
21 1310510092.555928
22 1310510092.602803
23 1310510092.649678
24 1310510092.696553
25 1310510092.743428
26 1310510092.790303
27 1310510092.821553
28 1310510092.868428
29 1310510092.930928
30 1310510092.962178
31 1310510093.009053
32 1310510093.055928
33 1310510093.102803
34 1310510093.149678
35 1310510093.196553
36 1310510093.243428
37 1310510093.290303
38 1310510093.337178
39 1310510093.399678
40 1310510093.430929
41 1310510093.477804
42 1310510093.524679
43 1310510093.587180
44 1310510093.618430
45 1310510093.665305
46 1310510093.712180
47 1310510093.759056
48 1310510093.805931
49 1310510093.868431
50 1310510093.899682
51 1310510093.946557
52 1310510093.993432
53 1310510094.040308
54 1310510094.087183
55 1310510094.134058
56 1310510094.180933
57 1310510094.227809
58 1310510094.274684
59 1310510094.321559
60 1310510094.368435
61 1310510094.415310
62 1310510094.462185
63 1310510094.509061
64 1310510094.540311
65 1310510094.587186
66 1310510094.634061
67 1310510094.680937
68 1310510094.727812
69 1310510094.774687
70 1310510094.821563
71 1310510094.868438
72 1310510094.915313
73 1310510094.962188
74 1310510095.009064
75 1310510095.040314
76 1310510095.087189
77 1310510095.134065
78 1310510095.180940
79 1310510095.227815
80 1310510095.274690
81 1310510095.321566
82 1310510095.368441
83 1310510095.415316
84 1310510095.462191
85 1310510095.509066
86 1310510095.555941
87 1310510095.602816
88 1310510095.649691
89 1310510095.696566
90 1310510095.727816
91 1310510095.774691
92 1310510095.821566
93 1310510095.868441
94 1310510095.915316
95 1310510095.962191
96 1310510096.009066
97 1310510096.055941
98 1310510096.102816
99 1310510096.149691
100 1310510096.196566
101 1310510096.243441
102 1310510096.290316
103 1310510096.337191
104 1310510096.368441
105 1310510096.415316
106 1310510096.477817
107 1310510096.509067
108 1310510096.555942
109 1310510096.602818
110 1310510096.649693
111 1310510096.712193
112 1310510096.759069
113 1310510096.805944
114 1310510096.852819
115 1310510096.899694
116 1310510096.946570
117 1310510096.993445
118 1310510097.024695
119 1310510097.071571
120 1310510097.118446
121 1310510097.165321
122 1310510097.212196
123 1310510097.259072
124 1310510097.305947
125 1310510097.352822
126 1310510097.399698
127 1310510097.446573
128 1310510097.493448
129 1310510097.540324
130 1310510097.587199
131 1310510097.634074
132 1310510097.680949
133 1310510097.727825
134 1310510097.774700
135 1310510097.821575
136 1310510097.868451
137 1310510097.915326
138 1310510097.962201
139 1310510098.009077
140 1310510098.040327
141 1310510098.087202
142 1310510098.134077
143 1310510098.180953
144 1310510098.227828
145 1310510098.274703
146 1310510098.321579
147 1310510098.368454
148 1310510098.415329
149 1310510098.462204
150 1310510098.509079
151 1310510098.555954
152 1310510098.602829
153 1310510098.649704
154 1310510098.696579
155 1310510098.743454
156 1310510098.790329
157 1310510098.837204
158 1310510098.884079
159 1310510098.915329
160 1310510098.993454
161 1310510099.040329
162 1310510099.087204
163 1310510099.134079
164 1310510099.180954
165 1310510099.212204
166 1310510099.274704
167 1310510099.321579
168 1310510099.368454
169 1310510099.415329
170 1310510099.446579
171 1310510099.509080
172 1310510099.540330
173 1310510099.587205
174 1310510099.634081
175 1310510099.680956
176 1310510099.727831
177 1310510099.774706
178 1310510099.821582
179 1310510099.868457
180 1310510099.915332
181 1310510099.962208
182 1310510100.009083
183 1310510100.055958
184 1310510100.102834
185 1310510100.134084
186 1310510100.180959
187 1310510100.227834
188 1310510100.274710
189 1310510100.321585
190 1310510100.384085
191 1310510100.430961
192 1310510100.462211
193 1310510100.509086
194 1310510100.555961
195 1310510100.602837
196 1310510100.649712
197 1310510100.696587
198 1310510100.743463
199 1310510100.790338
200 1310510100.837213
201 1310510100.884089
202 1310510100.930964
203 1310510100.977839
204 1310510101.024714
