0 1309541695.022071
1 1309541695.068947
2 1309541695.115824
3 1309541695.162700
4 1309541695.209577
5 1309541695.256453
6 1309541695.303330
7 1309541695.350206
8 1309541695.397083
9 1309541695.428334
10 1309541695.475210
11 1309541695.522087
12 1309541695.568963
13 1309541695.615840
14 1309541695.662716
15 1309541695.709593
16 1309541695.756469
17 1309541695.803346
18 1309541695.850222
19 1309541695.897099
20 1309541695.928350
21 1309541695.975226
22 1309541696.022103
23 1309541696.084605
24 1309541696.131481
25 1309541696.178358
26 1309541696.225234
27 1309541696.272111
28 1309541696.318987
29 1309541696.365864
30 1309541696.412740
31 1309541696.459617
32 1309541696.506493
33 1309541696.553370
34 1309541696.600246
35 1309541696.631497
36 1309541696.678374
37 1309541696.725251
38 1309541696.772128
39 1309541696.819004
40 1309541696.865881
41 1309541696.912758
42 1309541696.959635
43 1309541697.006512
44 1309541697.053388
45 1309541697.100265
46 1309541697.131516
47 1309541697.178393
48 1309541697.225270
49 1309541697.272147
50 1309541697.319024
51 1309541697.365900
52 1309541697.412777
53 1309541697.459654
54 1309541697.506531
55 1309541697.553408
56 1309541697.600284
57 1309541697.647161
58 1309541697.694038
59 1309541697.740914
60 1309541697.772165
61 1309541697.819042
62 1309541697.881544
63 1309541697.912795
64 1309541697.959671
65 1309541698.006548
66 1309541698.053424
67 1309541698.100301
68 1309541698.147177
69 1309541698.194054
70 1309541698.240930
71 1309541698.287807
72 1309541698.334683
73 1309541698.381560
74 1309541698.412811
75 1309541698.475313
76 1309541698.522189
77 1309541698.553440
78 1309541698.600317
79 1309541698.647193
80 1309541698.694070
81 1309541698.740946
82 1309541698.787823
83 1309541698.834699
84 1309541698.881576
85 1309541698.928452
86 1309541698.975329
87 1309541699.022205
88 1309541699.069082
89 1309541699.115958
90 1309541699.147209
91 1309541699.194086
92 1309541699.240962
93 1309541699.287839
94 1309541699.334715
95 1309541699.381592
96 1309541699.428468
97 1309541699.475345
98 1309541699.522221
99 1309541699.569098
