0 1310682949.995581
1 1310682950.042456
2 1310682950.089331
3 1310682950.136206
4 1310682950.183081
5 1310682950.214331
6 1310682950.261206
7 1310682950.308081
8 1310682950.354956
9 1310682950.401831
10 1310682950.448706
11 1310682950.495581
12 1310682950.542456
13 1310682950.589331
14 1310682950.636206
15 1310682950.683081
16 1310682950.729956
17 1310682950.776831
18 1310682950.823706
19 1310682950.870581
20 1310682950.901831
21 1310682950.964331
22 1310682951.011206
23 1310682951.073706
24 1310682951.120581
25 1310682951.167456
26 1310682951.198706
27 1310682951.245581
28 1310682951.292456
29 1310682951.339331
30 1310682951.386206
31 1310682951.433081
32 1310682951.479956
33 1310682951.526831
34 1310682951.589331
35 1310682951.620581
36 1310682951.667456
37 1310682951.714331
38 1310682951.761207
39 1310682951.808082
40 1310682951.854957
41 1310682951.901833
42 1310682951.948708
43 1310682951.995583
44 1310682952.042458
45 1310682952.089334
46 1310682952.136209
47 1310682952.183084
48 1310682952.214335
49 1310682952.261210
50 1310682952.339335
51 1310682952.370586
52 1310682952.417461
53 1310682952.464336
54 1310682952.511211
55 1310682952.558087
56 1310682952.604962
57 1310682952.651837
58 1310682952.698713
59 1310682952.745588
60 1310682952.792463
61 1310682952.839338
62 1310682952.886213
63 1310682952.933088
64 1310682952.964338
65 1310682953.011213
66 1310682953.058088
67 1310682953.104963
68 1310682953.151838
69 1310682953.198713
70 1310682953.245588
71 1310682953.292463
72 1310682953.339338
73 1310682953.386213
74 1310682953.433088
75 1310682953.479963
76 1310682953.511213
77 1310682953.558088
78 1310682953.604963
79 1310682953.651838
80 1310682953.698713
81 1310682953.745588
82 1310682953.792463
83 1310682953.839339
84 1310682953.886214
85 1310682953.933089
86 1310682953.979964
87 1310682954.026840
88 1310682954.073715
89 1310682954.120590
90 1310682954.167466
91 1310682954.198716
92 1310682954.245591
93 1310682954.292466
94 1310682954.354967
95 1310682954.386217
96 1310682954.433092
97 1310682954.479968
98 1310682954.526843
99 1310682954.573718
100 1310682954.620594
101 1310682954.667469
102 1310682954.729969
103 1310682954.776844
104 1310682954.823719
105 1310682954.870594
106 1310682954.917469
107 1310682954.964344
108 1310682954.995594
109 1310682955.042469
110 1310682955.089344
111 1310682955.136219
112 1310682955.183094
113 1310682955.229969
114 1310682955.276844
115 1310682955.323719
116 1310682955.370594
117 1310682955.417469
118 1310682955.464344
119 1310682955.511219
120 1310682955.542469
121 1310682955.589344
122 1310682955.636219
123 1310682955.683094
124 1310682955.729969
125 1310682955.776844
126 1310682955.823719
127 1310682955.870594
128 1310682955.917469
129 1310682955.964344
130 1310682956.011219
131 1310682956.058094
132 1310682956.104969
133 1310682956.151844
134 1310682956.198719
135 1310682956.245594
136 1310682956.292469
137 1310682956.339344
138 1310682956.370594
139 1310682956.417469
140 1310682956.464344
141 1310682956.511219
142 1310682956.558094
143 1310682956.604969
144 1310682956.651844
145 1310682956.698719
146 1310682956.745594
147 1310682956.792470
148 1310682956.839345
149 1310682956.886220
150 1310682956.933096
151 1310682956.964346
152 1310682957.011221
153 1310682957.058096
154 1310682957.104972
155 1310682957.151847
156 1310682957.198722
157 1310682957.245598
158 1310682957.292473
159 1310682957.339348
160 1310682957.386223
161 1310682957.433099
162 1310682957.479974
163 1310682957.526849
164 1310682957.573725
165 1310682957.620600
166 1310682957.667475
167 1310682957.714350
168 1310682957.761225
169 1310682957.792475
170 1310682957.839350
171 1310682957.886225
172 1310682957.933100
173 1310682957.979975
174 1310682958.026850
175 1310682958.073725
176 1310682958.120600
177 1310682958.167475
178 1310682958.214350
179 1310682958.261225
180 1310682958.308100
181 1310682958.354975
182 1310682958.386225
183 1310682958.433100
184 1310682958.479975
185 1310682958.526850
186 1310682958.573725
187 1310682958.620600
188 1310682958.667475
189 1310682958.714351
190 1310682958.761226
191 1310682958.808101
192 1310682958.854976
193 1310682958.901852
194 1310682958.948727
195 1310682958.995602
196 1310682959.042478
197 1310682959.089353
198 1310682959.120603
199 1310682959.167478
200 1310682959.214354
201 1310682959.261229
202 1310682959.323729
203 1310682959.370605
204 1310682959.417480
205 1310682959.464355
206 1310682959.511231
207 1310682959.558106
208 1310682959.604981
209 1310682959.651857
210 1310682959.698732
211 1310682959.745607
212 1310682959.792482
213 1310682959.839357
214 1310682959.886232
215 1310682959.933107
216 1310682959.979982
217 1310682960.026857
218 1310682960.058107
219 1310682960.120607
220 1310682960.167482
221 1310682960.214357
222 1310682960.261232
223 1310682960.308107
224 1310682960.339357
225 1310682960.401857
226 1310682960.448732
227 1310682960.495607
228 1310682960.542482
229 1310682960.589357
230 1310682960.636232
231 1310682960.683107
232 1310682960.729982
233 1310682960.776857
234 1310682960.808107
235 1310682960.854982
236 1310682960.901857
237 1310682960.948732
238 1310682960.995607
239 1310682961.042482
240 1310682961.089357
241 1310682961.136232
242 1310682961.183107
243 1310682961.229982
244 1310682961.276857
245 1310682961.323732
246 1310682961.370607
247 1310682961.417482
248 1310682961.464357
249 1310682961.511232
250 1310682961.558107
251 1310682961.604982
252 1310682961.636232
253 1310682961.683107
254 1310682961.729982
255 1310682961.776857
256 1310682961.823733
257 1310682961.870608
258 1310682961.917483
259 1310682961.964359
260 1310682962.011234
261 1310682962.058109
262 1310682962.104984
263 1310682962.151860
264 1310682962.183110
265 1310682962.229985
266 1310682962.276861
267 1310682962.323736
268 1310682962.370611
269 1310682962.417486
270 1310682962.464362
271 1310682962.511237
272 1310682962.558112
273 1310682962.604988
274 1310682962.651863
275 1310682962.698738
276 1310682962.745613
277 1310682962.792488
278 1310682962.839363
279 1310682962.886238
280 1310682962.933113
281 1310682962.964363
282 1310682963.011238
283 1310682963.058113
284 1310682963.104988
285 1310682963.151863
286 1310682963.198738
287 1310682963.245613
288 1310682963.292488
289 1310682963.339363
290 1310682963.386238
291 1310682963.448738
292 1310682963.495613
293 1310682963.542488
294 1310682963.589363
295 1310682963.636238
296 1310682963.667488
297 1310682963.714363
298 1310682963.761238
299 1310682963.808113
300 1310682963.854988
301 1310682963.901863
302 1310682963.948738
303 1310682963.995613
304 1310682964.042488
305 1310682964.089363
306 1310682964.136238
307 1310682964.183113
308 1310682964.229988
309 1310682964.276863
310 1310682964.323738
311 1310682964.370613
312 1310682964.417488
313 1310682964.464363
314 1310682964.511238
315 1310682964.558113
316 1310682964.589363
317 1310682964.636238
318 1310682964.683113
319 1310682964.729988
320 1310682964.776864
321 1310682964.823739
322 1310682964.870614
323 1310682964.917490
324 1310682964.964365
325 1310682965.011240
326 1310682965.058116
327 1310682965.104991
328 1310682965.151866
329 1310682965.183116
330 1310682965.229992
331 1310682965.276867
332 1310682965.323742
333 1310682965.370618
334 1310682965.417493
335 1310682965.464368
336 1310682965.511243
337 1310682965.558119
338 1310682965.604994
339 1310682965.651869
340 1310682965.683120
341 1310682965.729995
342 1310682965.776870
343 1310682965.823745
344 1310682965.870620
345 1310682965.917495
346 1310682965.964370
347 1310682966.011245
348 1310682966.058120
349 1310682966.104995
350 1310682966.151870
351 1310682966.198745
352 1310682966.245620
353 1310682966.276870
354 1310682966.323745
355 1310682966.370620
356 1310682966.417495
357 1310682966.464370
358 1310682966.511245
359 1310682966.558120
360 1310682966.604995
361 1310682966.651870
362 1310682966.698745
363 1310682966.745620
364 1310682966.792495
365 1310682966.823745
366 1310682966.870621
367 1310682966.917496
368 1310682966.964371
369 1310682967.011247
370 1310682967.058122
371 1310682967.104997
372 1310682967.151873
373 1310682967.198748
374 1310682967.245623
375 1310682967.292498
376 1310682967.323749
377 1310682967.370624
378 1310682967.417499
