0 1309980231.452660
1 1309980231.515161
2 1309980231.546411
3 1309980231.608911
4 1309980231.640162
5 1309980231.687037
6 1309980231.733912
7 1309980231.780788
8 1309980231.827663
9 1309980231.874538
10 1309980231.921413
11 1309980231.968289
12 1309980232.015164
13 1309980232.062039
14 1309980232.108915
15 1309980232.155790
16 1309980232.202665
17 1309980232.249541
18 1309980232.296416
19 1309980232.343291
20 1309980232.390166
21 1309980232.421417
22 1309980232.468292
23 1309980232.515167
24 1309980232.562043
25 1309980232.608918
26 1309980232.655793
27 1309980232.702668
28 1309980232.749544
29 1309980232.796419
30 1309980232.843294
31 1309980232.890170
32 1309980232.937045
33 1309980232.983920
34 1309980233.015170
35 1309980233.062046
36 1309980233.124546
37 1309980233.171421
38 1309980233.218297
39 1309980233.265172
40 1309980233.312047
41 1309980233.358923
42 1309980233.405798
43 1309980233.452673
44 1309980233.499549
45 1309980233.546424
46 1309980233.593299
47 1309980233.640174
48 1309980233.687050
49 1309980233.749550
50 1309980233.796425
51 1309980233.827676
52 1309980233.874551
53 1309980233.937051
54 1309980233.983927
55 1309980234.030802
56 1309980234.077677
57 1309980234.124553
58 1309980234.171428
59 1309980234.218304
60 1309980234.265179
61 1309980234.312055
62 1309980234.358930
63 1309980234.405806
64 1309980234.452682
65 1309980234.499557
66 1309980234.546433
67 1309980234.593308
68 1309980234.640184
69 1309980234.671434
70 1309980234.718310
71 1309980234.765186
72 1309980234.812061
73 1309980234.874562
74 1309980234.905812
75 1309980234.952688
76 1309980234.999564
77 1309980235.046439
78 1309980235.093315
79 1309980235.140190
80 1309980235.187066
81 1309980235.233941
82 1309980235.280816
83 1309980235.327692
84 1309980235.374567
85 1309980235.421442
86 1309980235.468318
87 1309980235.515193
88 1309980235.562068
89 1309980235.593318
90 1309980235.640194
91 1309980235.687069
92 1309980235.733944
93 1309980235.780820
94 1309980235.827695
95 1309980235.874570
96 1309980235.921445
97 1309980235.968321
98 1309980236.015196
99 1309980236.062071
100 1309980236.108947
101 1309980236.155822
102 1309980236.202697
103 1309980236.233947
104 1309980236.280823
105 1309980236.327698
106 1309980236.374573
107 1309980236.421449
108 1309980236.468324
109 1309980236.530824
110 1309980236.562075
111 1309980236.608950
112 1309980236.655825
113 1309980236.702700
114 1309980236.749576
115 1309980236.796451
116 1309980236.843326
117 1309980236.905827
118 1309980236.937077
119 1309980236.983952
120 1309980237.030828
121 1309980237.077703
122 1309980237.124578
123 1309980237.171453
124 1309980237.218329
125 1309980237.265204
126 1309980237.312079
127 1309980237.358955
128 1309980237.405830
129 1309980237.452705
130 1309980237.499581
131 1309980237.546456
132 1309980237.593331
133 1309980237.624581
134 1309980237.671457
135 1309980237.718332
136 1309980237.765207
137 1309980237.812083
138 1309980237.858958
139 1309980237.905833
140 1309980237.968334
141 1309980238.015209
142 1309980238.046459
143 1309980238.093334
144 1309980238.140210
145 1309980238.187085
146 1309980238.233961
147 1309980238.280836
148 1309980238.327712
149 1309980238.374588
150 1309980238.421463
151 1309980238.468339
152 1309980238.515214
153 1309980238.562090
154 1309980238.608966
155 1309980238.655841
156 1309980238.687092
157 1309980238.733967
158 1309980238.780843
159 1309980238.827718
160 1309980238.874594
161 1309980238.921470
162 1309980238.968345
163 1309980239.015221
164 1309980239.062096
165 1309980239.108972
166 1309980239.155848
167 1309980239.202723
168 1309980239.249598
169 1309980239.280848
170 1309980239.327724
171 1309980239.374599
172 1309980239.421474
173 1309980239.468350
174 1309980239.515225
175 1309980239.562100
176 1309980239.608975
177 1309980239.655851
178 1309980239.702726
179 1309980239.749601
180 1309980239.796477
181 1309980239.843352
182 1309980239.890227
183 1309980239.921477
184 1309980239.968353
185 1309980240.015228
186 1309980240.062103
187 1309980240.108979
188 1309980240.155854
189 1309980240.202729
190 1309980240.249605
191 1309980240.296480
192 1309980240.343355
193 1309980240.390230
194 1309980240.437106
195 1309980240.468356
196 1309980240.515231
197 1309980240.562107
198 1309980240.608982
199 1309980240.655857
200 1309980240.702732
201 1309980240.749608
202 1309980240.796483
203 1309980240.843358
204 1309980240.890234
205 1309980240.937109
206 1309980240.983984
207 1309980241.030860
208 1309980241.077735
209 1309980241.124610
210 1309980241.171485
211 1309980241.218361
212 1309980241.265236
213 1309980241.296486
214 1309980241.343362
215 1309980241.390237
216 1309980241.437112
217 1309980241.483987
218 1309980241.530863
219 1309980241.577738
220 1309980241.624613
221 1309980241.671489
