0 1311032616.738770
1 1311032616.770020
2 1311032616.816896
3 1311032616.863771
4 1311032616.926271
5 1311032616.957521
6 1311032617.004397
7 1311032617.051272
8 1311032617.098147
9 1311032617.145023
10 1311032617.191898
11 1311032617.238773
12 1311032617.285649
13 1311032617.332524
14 1311032617.379399
15 1311032617.426274
16 1311032617.473150
17 1311032617.520025
18 1311032617.566900
19 1311032617.613776
20 1311032617.660651
21 1311032617.707526
22 1311032617.754402
23 1311032617.801277
24 1311032617.848152
25 1311032617.895027
26 1311032617.941903
27 1311032617.988778
28 1311032618.035653
29 1311032618.082529
30 1311032618.129404
31 1311032618.176279
32 1311032618.223155
33 1311032618.270030
34 1311032618.316905
35 1311032618.363780
36 1311032618.410656
37 1311032618.457531
38 1311032618.504406
39 1311032618.535657
40 1311032618.582532
41 1311032618.629407
42 1311032618.676282
43 1311032618.723158
44 1311032618.770033
45 1311032618.816908
46 1311032618.863784
47 1311032618.910659
48 1311032618.957534
49 1311032619.004410
50 1311032619.051285
51 1311032619.098160
52 1311032619.145035
53 1311032619.191911
54 1311032619.238786
55 1311032619.285661
56 1311032619.316912
57 1311032619.363787
58 1311032619.410662
59 1311032619.457537
60 1311032619.504413
61 1311032619.551288
62 1311032619.598163
63 1311032619.645039
64 1311032619.691914
65 1311032619.738789
66 1311032619.785665
67 1311032619.832540
68 1311032619.879416
69 1311032619.910666
70 1311032619.957542
71 1311032620.004417
72 1311032620.051293
73 1311032620.098168
74 1311032620.145044
75 1311032620.191920
76 1311032620.238795
77 1311032620.285671
78 1311032620.332546
79 1311032620.379422
80 1311032620.426298
81 1311032620.473173
82 1311032620.520049
83 1311032620.566924
84 1311032620.613800
85 1311032620.660676
86 1311032620.707551
87 1311032620.738802
88 1311032620.801302
89 1311032620.848178
90 1311032620.895053
91 1311032620.941928
92 1311032620.988804
93 1311032621.035679
94 1311032621.082554
95 1311032621.129430
96 1311032621.160680
97 1311032621.223180
98 1311032621.270055
99 1311032621.316931
100 1311032621.363806
101 1311032621.410681
102 1311032621.457557
103 1311032621.504432
104 1311032621.535682
105 1311032621.582557
106 1311032621.629433
107 1311032621.676308
108 1311032621.723183
109 1311032621.770059
110 1311032621.816934
111 1311032621.863809
112 1311032621.910685
113 1311032621.957560
114 1311032622.004435
115 1311032622.051310
116 1311032622.098186
117 1311032622.129436
118 1311032622.176311
119 1311032622.223187
120 1311032622.270062
121 1311032622.316937
122 1311032622.363812
123 1311032622.410688
124 1311032622.457563
125 1311032622.504438
126 1311032622.551314
127 1311032622.598189
128 1311032622.645064
129 1311032622.691940
130 1311032622.738815
131 1311032622.785690
132 1311032622.832565
133 1311032622.879441
134 1311032622.926316
135 1311032622.973191
136 1311032623.020067
137 1311032623.066942
138 1311032623.113817
139 1311032623.145067
140 1311032623.191943
141 1311032623.238818
142 1311032623.285693
143 1311032623.332569
144 1311032623.379444
145 1311032623.426319
146 1311032623.473195
147 1311032623.520070
148 1311032623.566945
149 1311032623.613820
150 1311032623.660696
151 1311032623.707571
152 1311032623.754446
153 1311032623.801322
154 1311032623.848197
155 1311032623.879448
156 1311032623.926323
157 1311032623.988824
158 1311032624.020074
159 1311032624.066950
160 1311032624.113826
161 1311032624.160701
162 1311032624.207577
163 1311032624.254452
164 1311032624.301328
165 1311032624.348204
166 1311032624.395079
167 1311032624.441955
168 1311032624.488830
169 1311032624.535706
170 1311032624.582582
171 1311032624.629457
172 1311032624.676333
173 1311032624.707583
174 1311032624.770084
175 1311032624.816960
176 1311032624.863835
177 1311032624.895085
178 1311032624.941960
179 1311032624.988836
180 1311032625.035711
181 1311032625.082586
182 1311032625.129462
183 1311032625.176337
184 1311032625.223212
185 1311032625.270087
186 1311032625.316963
187 1311032625.363838
188 1311032625.410713
189 1311032625.457589
190 1311032625.504464
191 1311032625.551339
192 1311032625.598215
193 1311032625.660715
194 1311032625.691965
195 1311032625.738840
196 1311032625.801341
197 1311032625.832591
198 1311032625.895091
199 1311032625.926342
200 1311032625.973217
201 1311032626.035717
202 1311032626.066968
203 1311032626.113843
204 1311032626.160718
205 1311032626.207593
206 1311032626.254469
207 1311032626.301344
208 1311032626.348219
209 1311032626.410720
210 1311032626.457595
211 1311032626.504470
212 1311032626.551346
213 1311032626.598221
214 1311032626.645096
215 1311032626.691972
216 1311032626.738847
217 1311032626.785722
218 1311032626.816972
219 1311032626.863848
220 1311032626.910723
221 1311032626.957598
222 1311032627.004474
223 1311032627.051349
224 1311032627.098224
225 1311032627.145099
226 1311032627.191975
227 1311032627.238850
228 1311032627.285725
229 1311032627.332601
230 1311032627.379476
231 1311032627.426351
232 1311032627.473227
233 1311032627.520102
234 1311032627.566977
235 1311032627.613852
236 1311032627.660728
237 1311032627.707603
238 1311032627.754478
239 1311032627.801354
240 1311032627.832604
241 1311032627.895105
242 1311032627.926355
243 1311032627.973231
244 1311032628.020106
245 1311032628.082607
246 1311032628.113858
247 1311032628.160733
248 1311032628.207609
249 1311032628.254484
250 1311032628.301360
251 1311032628.348236
252 1311032628.395111
253 1311032628.441987
254 1311032628.488862
255 1311032628.535738
256 1311032628.598239
257 1311032628.645114
258 1311032628.691990
259 1311032628.738866
260 1311032628.785741
261 1311032628.832617
262 1311032628.879492
263 1311032628.926367
264 1311032628.973243
265 1311032629.020118
266 1311032629.066993
267 1311032629.113868
268 1311032629.160744
269 1311032629.207619
270 1311032629.254494
271 1311032629.301370
272 1311032629.348245
273 1311032629.410745
274 1311032629.457621
275 1311032629.504496
276 1311032629.551371
277 1311032629.582621
278 1311032629.645122
279 1311032629.691997
280 1311032629.738872
281 1311032629.770123
