0 1309542270.738259
1 1309542270.785135
2 1309542270.832012
3 1309542270.878888
4 1309542270.910139
5 1309542270.957016
6 1309542271.003892
7 1309542271.050769
8 1309542271.097645
9 1309542271.144522
10 1309542271.191398
11 1309542271.253900
12 1309542271.300777
13 1309542271.347653
14 1309542271.394530
15 1309542271.441406
16 1309542271.488283
17 1309542271.519534
18 1309542271.566410
19 1309542271.613287
20 1309542271.660163
21 1309542271.707040
22 1309542271.753916
23 1309542271.800793
24 1309542271.847669
25 1309542271.894546
26 1309542271.941422
27 1309542271.988299
28 1309542272.035175
29 1309542272.082052
30 1309542272.128928
31 1309542272.175805
32 1309542272.222681
33 1309542272.253932
34 1309542272.316434
35 1309542272.363311
36 1309542272.410187
37 1309542272.457064
38 1309542272.519566
39 1309542272.550817
40 1309542272.597693
41 1309542272.644570
42 1309542272.691446
43 1309542272.738323
44 1309542272.785199
45 1309542272.832075
46 1309542272.894577
47 1309542272.941453
48 1309542272.988329
49 1309542273.035205
50 1309542273.082081
51 1309542273.128958
52 1309542273.175834
53 1309542273.222710
54 1309542273.269586
55 1309542273.316462
56 1309542273.363339
57 1309542273.410215
58 1309542273.457091
59 1309542273.503967
60 1309542273.550843
61 1309542273.597720
62 1309542273.644596
63 1309542273.707097
64 1309542273.753974
65 1309542273.785225
66 1309542273.832101
67 1309542273.878978
68 1309542273.941480
69 1309542273.988356
70 1309542274.035233
71 1309542274.082109
72 1309542274.128986
73 1309542274.175862
74 1309542274.222739
75 1309542274.269615
76 1309542274.300866
77 1309542274.363368
78 1309542274.410245
79 1309542274.457121
80 1309542274.503998
81 1309542274.550874
82 1309542274.582125
83 1309542274.629002
84 1309542274.675878
85 1309542274.722755
86 1309542274.769631
87 1309542274.816508
88 1309542274.863384
89 1309542274.910261
90 1309542274.957137
91 1309542275.004014
92 1309542275.050890
93 1309542275.097767
94 1309542275.144643
95 1309542275.191520
96 1309542275.238396
97 1309542275.269647
98 1309542275.316524
99 1309542275.363400
100 1309542275.410277
101 1309542275.457153
102 1309542275.504030
103 1309542275.550906
104 1309542275.597783
105 1309542275.644659
106 1309542275.691536
107 1309542275.738412
108 1309542275.785288
109 1309542275.832165
110 1309542275.879041
111 1309542275.925917
112 1309542275.957168
113 1309542276.004044
114 1309542276.050920
115 1309542276.097796
116 1309542276.144673
117 1309542276.191549
118 1309542276.238425
119 1309542276.285301
120 1309542276.332177
121 1309542276.379054
122 1309542276.425930
123 1309542276.472806
124 1309542276.519682
125 1309542276.582184
126 1309542276.613435
127 1309542276.660311
128 1309542276.707187
129 1309542276.754063
130 1309542276.800940
131 1309542276.847816
132 1309542276.894693
133 1309542276.941569
134 1309542276.988446
135 1309542277.035322
136 1309542277.082199
137 1309542277.129075
138 1309542277.175952
139 1309542277.207203
140 1309542277.269705
141 1309542277.316581
142 1309542277.363458
143 1309542277.410334
144 1309542277.472836
145 1309542277.519713
146 1309542277.566589
147 1309542277.613466
148 1309542277.644717
149 1309542277.691593
150 1309542277.738470
151 1309542277.785346
152 1309542277.832223
153 1309542277.879099
154 1309542277.925976
155 1309542277.972852
156 1309542278.019729
157 1309542278.066605
158 1309542278.113482
159 1309542278.160358
160 1309542278.207235
161 1309542278.254111
162 1309542278.300988
163 1309542278.347864
164 1309542278.394741
165 1309542278.441617
166 1309542278.488494
167 1309542278.535370
168 1309542278.566621
169 1309542278.613498
170 1309542278.660374
171 1309542278.707251
172 1309542278.754127
173 1309542278.801003
174 1309542278.863505
175 1309542278.894756
176 1309542278.941632
177 1309542278.988508
178 1309542279.035384
179 1309542279.082261
180 1309542279.129137
181 1309542279.176013
182 1309542279.222889
183 1309542279.269765
184 1309542279.316642
185 1309542279.379143
186 1309542279.410394
187 1309542279.472896
188 1309542279.535397
189 1309542279.566648
190 1309542279.613524
191 1309542279.660400
192 1309542279.707277
193 1309542279.754153
194 1309542279.801029
195 1309542279.847906
196 1309542279.894782
197 1309542279.941659
198 1309542279.988535
199 1309542280.035412
200 1309542280.082288
201 1309542280.129165
202 1309542280.176041
203 1309542280.222918
204 1309542280.269794
205 1309542280.316671
206 1309542280.347922
207 1309542280.394798
208 1309542280.441675
209 1309542280.504177
210 1309542280.535428
211 1309542280.582304
212 1309542280.629181
213 1309542280.676057
214 1309542280.722934
215 1309542280.769810
216 1309542280.832312
217 1309542280.863563
218 1309542280.910439
219 1309542280.957315
220 1309542281.004191
221 1309542281.051067
222 1309542281.097944
223 1309542281.144820
224 1309542281.191696
225 1309542281.238572
226 1309542281.285448
227 1309542281.332325
228 1309542281.379201
229 1309542281.410452
230 1309542281.457328
231 1309542281.504204
232 1309542281.551080
233 1309542281.597956
234 1309542281.644833
235 1309542281.691709
236 1309542281.738585
237 1309542281.785462
238 1309542281.832338
239 1309542281.879215
240 1309542281.926091
241 1309542281.972968
242 1309542282.004219
243 1309542282.051095
244 1309542282.097972
245 1309542282.144848
246 1309542282.191725
247 1309542282.238601
248 1309542282.285478
249 1309542282.332354
250 1309542282.379231
251 1309542282.426107
252 1309542282.472984
253 1309542282.535486
254 1309542282.582362
255 1309542282.629239
256 1309542282.676115
257 1309542282.722992
258 1309542282.769868
259 1309542282.816745
260 1309542282.863621
261 1309542282.894872
262 1309542282.957374
263 1309542283.004251
264 1309542283.035502
265 1309542283.082378
266 1309542283.129255
267 1309542283.176131
268 1309542283.223008
269 1309542283.269884
270 1309542283.316761
271 1309542283.363637
272 1309542283.410514
273 1309542283.457390
274 1309542283.504267
275 1309542283.551143
276 1309542283.598020
277 1309542283.644896
278 1309542283.691773
279 1309542283.738649
280 1309542283.785525
281 1309542283.816776
282 1309542283.863652
283 1309542283.910528
284 1309542283.957405
285 1309542284.004281
286 1309542284.051157
287 1309542284.098033
288 1309542284.144909
289 1309542284.191786
290 1309542284.238662
291 1309542284.285538
292 1309542284.332414
293 1309542284.379290
294 1309542284.426167
295 1309542284.473043
296 1309542284.519919
297 1309542284.566795
298 1309542284.598046
299 1309542284.644922
300 1309542284.691798
301 1309542284.738675
302 1309542284.785551
303 1309542284.832428
304 1309542284.879304
305 1309542284.926181
306 1309542284.973057
307 1309542285.019934
308 1309542285.066810
309 1309542285.113687
310 1309542285.160563
311 1309542285.191814
312 1309542285.238691
313 1309542285.285567
314 1309542285.332444
315 1309542285.379320
316 1309542285.426197
317 1309542285.473073
318 1309542285.519950
319 1309542285.566826
320 1309542285.613703
321 1309542285.660579
322 1309542285.707456
323 1309542285.754332
324 1309542285.801208
325 1309542285.848084
326 1309542285.894961
327 1309542285.926211
328 1309542285.988713
329 1309542286.035589
330 1309542286.066840
331 1309542286.113716
332 1309542286.160592
333 1309542286.207469
334 1309542286.254345
335 1309542286.301221
336 1309542286.348097
337 1309542286.394973
338 1309542286.441850
339 1309542286.488726
340 1309542286.535602
341 1309542286.582478
342 1309542286.629354
343 1309542286.676231
344 1309542286.738732
345 1309542286.785609
346 1309542286.832485
347 1309542286.863736
348 1309542286.910613
349 1309542286.957489
350 1309542287.004366
351 1309542287.051242
352 1309542287.098119
353 1309542287.144995
354 1309542287.191872
355 1309542287.238748
356 1309542287.285625
357 1309542287.332501
358 1309542287.379378
359 1309542287.426254
360 1309542287.473131
361 1309542287.520007
362 1309542287.566884
363 1309542287.613760
364 1309542287.676262
365 1309542287.707513
366 1309542287.754390
367 1309542287.801266
368 1309542287.848143
369 1309542287.895019
370 1309542287.941896
371 1309542287.988772
372 1309542288.035649
373 1309542288.082525
374 1309542288.129402
375 1309542288.176278
376 1309542288.223155
377 1309542288.270031
378 1309542288.316908
