0 1309564058.911216
1 1309564058.942467
2 1309564058.989343
3 1309564059.036219
4 1309564059.083094
5 1309564059.129970
6 1309564059.176846
7 1309564059.223722
8 1309564059.270598
9 1309564059.317474
10 1309564059.364350
11 1309564059.411226
12 1309564059.458102
13 1309564059.504978
14 1309564059.551853
15 1309564059.598729
16 1309564059.645605
17 1309564059.676856
18 1309564059.723732
19 1309564059.770608
20 1309564059.817484
21 1309564059.864359
22 1309564059.911235
23 1309564059.958111
24 1309564060.004987
25 1309564060.051863
26 1309564060.098739
27 1309564060.145615
28 1309564060.192491
29 1309564060.223742
30 1309564060.270618
31 1309564060.317494
32 1309564060.364370
33 1309564060.411246
34 1309564060.458123
35 1309564060.504999
36 1309564060.551875
37 1309564060.598751
38 1309564060.645627
39 1309564060.692504
40 1309564060.739380
41 1309564060.786256
42 1309564060.848758
43 1309564060.895634
44 1309564060.942510
45 1309564060.989386
46 1309564061.036262
47 1309564061.083139
48 1309564061.130015
49 1309564061.176891
50 1309564061.223767
51 1309564061.270643
52 1309564061.317519
53 1309564061.364395
54 1309564061.411271
55 1309564061.458146
56 1309564061.505022
57 1309564061.551898
58 1309564061.598774
59 1309564061.645650
60 1309564061.676901
61 1309564061.723777
62 1309564061.770652
63 1309564061.817528
64 1309564061.864404
65 1309564061.911280
66 1309564061.958156
67 1309564062.005032
68 1309564062.051908
69 1309564062.098784
70 1309564062.145660
71 1309564062.192536
72 1309564062.239411
73 1309564062.286287
74 1309564062.333163
75 1309564062.364414
76 1309564062.411290
77 1309564062.458166
78 1309564062.505042
79 1309564062.551917
80 1309564062.598793
81 1309564062.645669
82 1309564062.692545
83 1309564062.739421
84 1309564062.786297
85 1309564062.833173
86 1309564062.864423
87 1309564062.911299
88 1309564062.958175
89 1309564063.005051
90 1309564063.051927
91 1309564063.098803
92 1309564063.145679
93 1309564063.192555
94 1309564063.239431
95 1309564063.286307
96 1309564063.333182
97 1309564063.380058
98 1309564063.426934
99 1309564063.473810
100 1309564063.520686
101 1309564063.551937
102 1309564063.598813
103 1309564063.645688
104 1309564063.692564
105 1309564063.739440
106 1309564063.786316
107 1309564063.833192
108 1309564063.880068
109 1309564063.926944
110 1309564063.973820
111 1309564064.020696
112 1309564064.067572
113 1309564064.098822
114 1309564064.145698
115 1309564064.192574
116 1309564064.239450
117 1309564064.286326
118 1309564064.333202
119 1309564064.380078
120 1309564064.426953
121 1309564064.473829
122 1309564064.520705
123 1309564064.567581
124 1309564064.614457
125 1309564064.661333
126 1309564064.708209
127 1309564064.755085
128 1309564064.801961
129 1309564064.848837
130 1309564064.895712
131 1309564064.942588
132 1309564064.989464
133 1309564065.036340
134 1309564065.067591
135 1309564065.114467
136 1309564065.161343
137 1309564065.208218
138 1309564065.255094
139 1309564065.301970
140 1309564065.348846
141 1309564065.395722
142 1309564065.442598
143 1309564065.489474
144 1309564065.536350
145 1309564065.583226
146 1309564065.630102
147 1309564065.676977
148 1309564065.708228
149 1309564065.755104
150 1309564065.801980
