0 1311187558.234027
1 1311187558.280902
2 1311187558.327778
3 1311187558.374653
4 1311187558.421528
5 1311187558.468404
6 1311187558.515279
7 1311187558.562154
8 1311187558.609030
9 1311187558.655905
10 1311187558.702780
11 1311187558.749655
12 1311187558.796531
13 1311187558.827781
14 1311187558.890281
15 1311187558.937157
16 1311187558.984032
17 1311187559.030907
18 1311187559.077783
19 1311187559.124658
20 1311187559.171533
21 1311187559.218408
22 1311187559.265284
23 1311187559.312159
24 1311187559.359034
25 1311187559.405909
26 1311187559.452784
27 1311187559.484034
28 1311187559.530909
29 1311187559.577784
30 1311187559.624659
31 1311187559.687159
32 1311187559.718409
33 1311187559.765284
34 1311187559.812159
35 1311187559.859034
36 1311187559.905909
37 1311187559.952784
38 1311187559.999659
39 1311187560.046534
40 1311187560.093409
41 1311187560.140284
42 1311187560.187159
43 1311187560.234034
44 1311187560.280909
45 1311187560.327784
46 1311187560.374659
47 1311187560.421535
48 1311187560.452785
49 1311187560.499660
50 1311187560.546536
51 1311187560.593411
52 1311187560.640286
53 1311187560.687161
54 1311187560.734037
55 1311187560.780912
56 1311187560.843412
57 1311187560.874663
58 1311187560.921538
59 1311187560.968413
60 1311187561.015289
61 1311187561.062164
62 1311187561.109039
63 1311187561.155914
64 1311187561.202790
65 1311187561.249665
66 1311187561.296540
67 1311187561.343416
68 1311187561.390291
69 1311187561.421541
70 1311187561.468416
71 1311187561.515292
72 1311187561.562167
73 1311187561.609042
74 1311187561.655918
75 1311187561.702793
76 1311187561.749668
77 1311187561.796544
78 1311187561.843419
79 1311187561.890294
80 1311187561.937169
81 1311187561.968420
82 1311187562.015295
83 1311187562.062170
84 1311187562.124671
85 1311187562.155921
86 1311187562.202796
87 1311187562.249671
88 1311187562.296547
89 1311187562.343422
90 1311187562.390297
91 1311187562.437173
92 1311187562.484048
93 1311187562.530923
94 1311187562.577799
95 1311187562.624674
96 1311187562.671549
97 1311187562.718424
98 1311187562.765300
99 1311187562.812175
100 1311187562.859050
101 1311187562.905926
102 1311187562.952801
103 1311187562.984051
104 1311187563.030926
105 1311187563.077802
106 1311187563.124677
107 1311187563.171552
108 1311187563.218428
109 1311187563.265303
110 1311187563.312178
111 1311187563.359053
112 1311187563.405928
113 1311187563.452803
114 1311187563.499678
115 1311187563.546553
116 1311187563.577803
117 1311187563.624678
118 1311187563.671553
119 1311187563.718428
120 1311187563.765303
121 1311187563.812178
122 1311187563.859053
123 1311187563.905928
124 1311187563.952803
125 1311187563.999678
126 1311187564.046553
127 1311187564.093428
128 1311187564.140303
129 1311187564.171553
130 1311187564.218428
131 1311187564.265303
132 1311187564.312178
133 1311187564.359054
134 1311187564.405929
135 1311187564.452804
136 1311187564.499679
137 1311187564.546555
138 1311187564.593430
139 1311187564.640305
140 1311187564.687181
141 1311187564.734056
142 1311187564.780931
143 1311187564.812181
144 1311187564.859057
145 1311187564.905932
146 1311187564.952807
147 1311187564.999683
148 1311187565.046558
149 1311187565.093433
150 1311187565.140309
151 1311187565.187184
152 1311187565.234059
153 1311187565.280934
154 1311187565.327810
155 1311187565.374685
156 1311187565.421560
157 1311187565.468436
158 1311187565.515311
