0 1309564213.905335
1 1309564213.952211
2 1309564213.983462
3 1309564214.030338
4 1309564214.077214
5 1309564214.124090
6 1309564214.170966
7 1309564214.217841
8 1309564214.264717
9 1309564214.311593
10 1309564214.358469
11 1309564214.405345
12 1309564214.452221
13 1309564214.499097
14 1309564214.545973
15 1309564214.592849
16 1309564214.624099
17 1309564214.670975
18 1309564214.717851
19 1309564214.780352
20 1309564214.827228
21 1309564214.874104
22 1309564214.920980
23 1309564214.967856
24 1309564215.014732
25 1309564215.061608
26 1309564215.108484
27 1309564215.155359
28 1309564215.202235
29 1309564215.249111
30 1309564215.295987
31 1309564215.342863
32 1309564215.374114
33 1309564215.420990
34 1309564215.467865
35 1309564215.514741
36 1309564215.561617
37 1309564215.608493
38 1309564215.655369
39 1309564215.702245
40 1309564215.749121
41 1309564215.795997
42 1309564215.842873
43 1309564215.889749
44 1309564215.936624
45 1309564215.983500
46 1309564216.014751
47 1309564216.061627
48 1309564216.108503
49 1309564216.155379
50 1309564216.202255
51 1309564216.249130
52 1309564216.296006
53 1309564216.342882
54 1309564216.389758
55 1309564216.436634
56 1309564216.483510
57 1309564216.530386
58 1309564216.577262
59 1309564216.624138
60 1309564216.671014
61 1309564216.717889
62 1309564216.749140
63 1309564216.796016
64 1309564216.842892
65 1309564216.889768
66 1309564216.936644
67 1309564216.983520
68 1309564217.030395
69 1309564217.077271
70 1309564217.124147
71 1309564217.171023
72 1309564217.217899
73 1309564217.264775
74 1309564217.311651
75 1309564217.358527
76 1309564217.389777
77 1309564217.436653
78 1309564217.483529
79 1309564217.530405
80 1309564217.577281
81 1309564217.624157
82 1309564217.671033
83 1309564217.717909
84 1309564217.764785
85 1309564217.811660
86 1309564217.858536
87 1309564217.905412
88 1309564217.936663
89 1309564217.983539
90 1309564218.030415
91 1309564218.077291
92 1309564218.124166
93 1309564218.171042
94 1309564218.217918
95 1309564218.264794
96 1309564218.311670
97 1309564218.358546
98 1309564218.405422
99 1309564218.452298
100 1309564218.499174
101 1309564218.530424
102 1309564218.577300
103 1309564218.624176
104 1309564218.671052
105 1309564218.717928
106 1309564218.764804
107 1309564218.811680
108 1309564218.858556
109 1309564218.905431
110 1309564218.952307
111 1309564218.999183
112 1309564219.046059
113 1309564219.092935
114 1309564219.139811
115 1309564219.186687
116 1309564219.233563
117 1309564219.264813
118 1309564219.311689
119 1309564219.358565
120 1309564219.405441
121 1309564219.483568
122 1309564219.530443
123 1309564219.577319
124 1309564219.624195
125 1309564219.671071
126 1309564219.717947
127 1309564219.749198
128 1309564219.796074
129 1309564219.842949
130 1309564219.889825
131 1309564219.936701
132 1309564219.983577
133 1309564220.030453
134 1309564220.077329
135 1309564220.124205
136 1309564220.171081
137 1309564220.217957
138 1309564220.264833
139 1309564220.311708
140 1309564220.358584
141 1309564220.405460
142 1309564220.436711
143 1309564220.483587
144 1309564220.530463
145 1309564220.577339
146 1309564220.624214
