0 1309540826.584367
1 1309540826.631243
2 1309540826.678119
3 1309540826.724996
4 1309540826.771872
5 1309540826.803123
6 1309540826.850000
7 1309540826.896876
8 1309540826.943753
9 1309540826.990629
10 1309540827.037506
11 1309540827.084382
12 1309540827.131259
13 1309540827.178135
14 1309540827.225012
15 1309540827.271888
16 1309540827.303139
17 1309540827.350016
18 1309540827.396892
19 1309540827.443769
20 1309540827.490645
21 1309540827.537522
22 1309540827.584398
23 1309540827.631275
24 1309540827.678151
25 1309540827.725028
26 1309540827.771904
27 1309540827.818780
28 1309540827.865656
29 1309540827.912532
30 1309540827.959409
31 1309540828.006285
32 1309540828.053161
33 1309540828.100037
34 1309540828.131288
35 1309540828.178164
36 1309540828.225040
37 1309540828.271917
38 1309540828.318793
39 1309540828.365669
40 1309540828.412545
41 1309540828.459421
42 1309540828.506298
43 1309540828.553174
44 1309540828.600050
45 1309540828.646926
46 1309540828.693802
47 1309540828.725053
48 1309540828.787555
49 1309540828.834431
50 1309540828.881307
51 1309540828.928183
52 1309540828.959434
53 1309540829.006310
54 1309540829.053187
55 1309540829.100063
56 1309540829.146939
57 1309540829.193815
58 1309540829.240691
59 1309540829.303193
60 1309540829.350069
61 1309540829.396945
62 1309540829.443822
63 1309540829.506323
64 1309540829.553199
65 1309540829.600076
66 1309540829.646952
67 1309540829.693828
68 1309540829.740704
69 1309540829.787580
70 1309540829.818831
71 1309540829.865707
72 1309540829.912584
73 1309540829.959460
74 1309540830.006336
75 1309540830.053212
76 1309540830.100088
77 1309540830.146965
78 1309540830.209466
79 1309540830.256342
80 1309540830.303219
81 1309540830.350095
82 1309540830.396971
83 1309540830.443847
84 1309540830.490723
85 1309540830.521974
86 1309540830.568850
87 1309540830.631352
88 1309540830.678228
89 1309540830.725104
90 1309540830.771981
91 1309540830.818857
92 1309540830.865733
93 1309540830.912609
94 1309540830.959485
95 1309540831.006362
96 1309540831.053238
97 1309540831.084489
98 1309540831.131365
99 1309540831.178241
100 1309540831.225117
101 1309540831.271993
102 1309540831.318870
103 1309540831.365746
104 1309540831.412622
105 1309540831.459498
106 1309540831.506374
107 1309540831.553251
108 1309540831.584501
109 1309540831.631378
110 1309540831.678254
111 1309540831.740755
112 1309540831.787632
113 1309540831.834508
114 1309540831.881384
115 1309540831.928260
116 1309540831.975136
117 1309540832.022013
118 1309540832.068889
119 1309540832.115765
120 1309540832.162641
121 1309540832.209517
122 1309540832.256394
123 1309540832.287644
124 1309540832.334521
125 1309540832.381397
126 1309540832.428273
127 1309540832.475149
128 1309540832.522025
129 1309540832.568902
130 1309540832.615778
131 1309540832.662654
132 1309540832.709530
133 1309540832.756407
134 1309540832.803283
135 1309540832.850160
136 1309540832.897036
137 1309540832.943913
138 1309540832.990789
139 1309540833.022040
140 1309540833.084542
141 1309540833.131419
142 1309540833.162670
143 1309540833.209546
144 1309540833.256423
145 1309540833.303299
146 1309540833.350176
147 1309540833.397052
148 1309540833.443929
149 1309540833.490805
150 1309540833.537682
151 1309540833.584558
152 1309540833.631435
153 1309540833.678311
154 1309540833.725188
155 1309540833.772064
156 1309540833.818940
157 1309540833.850191
158 1309540833.897067
159 1309540833.943943
160 1309540833.990819
161 1309540834.037696
162 1309540834.084572
163 1309540834.131448
164 1309540834.178324
165 1309540834.225200
166 1309540834.272077
167 1309540834.318953
168 1309540834.365829
169 1309540834.412705
170 1309540834.459581
171 1309540834.506458
172 1309540834.553334
173 1309540834.600210
174 1309540834.647086
175 1309540834.693962
