0 1309979031.637029
1 1309979031.683904
2 1309979031.715154
3 1309979031.762030
4 1309979031.808905
5 1309979031.855780
6 1309979031.902656
7 1309979031.949531
8 1309979031.996406
9 1309979032.043281
10 1309979032.090157
11 1309979032.137032
12 1309979032.183907
13 1309979032.230782
14 1309979032.277657
15 1309979032.308907
16 1309979032.355782
17 1309979032.402657
18 1309979032.449532
19 1309979032.496407
20 1309979032.543282
21 1309979032.590157
22 1309979032.637032
23 1309979032.683907
24 1309979032.730782
25 1309979032.777657
26 1309979032.824532
27 1309979032.871407
28 1309979032.918282
29 1309979032.965157
30 1309979032.996407
31 1309979033.043282
32 1309979033.090157
33 1309979033.137032
34 1309979033.183907
35 1309979033.230783
36 1309979033.277658
37 1309979033.324533
38 1309979033.371409
39 1309979033.418284
40 1309979033.465159
41 1309979033.512034
42 1309979033.558910
43 1309979033.590160
44 1309979033.637035
45 1309979033.683911
46 1309979033.730786
47 1309979033.777661
48 1309979033.824536
49 1309979033.871412
50 1309979033.918287
51 1309979033.965162
52 1309979034.012038
53 1309979034.058913
54 1309979034.105788
55 1309979034.152664
56 1309979034.199539
57 1309979034.246414
58 1309979034.277664
59 1309979034.324540
60 1309979034.371415
61 1309979034.418290
62 1309979034.465166
63 1309979034.512041
64 1309979034.558916
65 1309979034.605791
66 1309979034.652667
67 1309979034.699542
68 1309979034.746417
69 1309979034.793293
70 1309979034.840168
71 1309979034.887043
72 1309979034.918293
73 1309979034.965169
74 1309979035.012044
75 1309979035.058919
76 1309979035.105795
77 1309979035.152670
78 1309979035.199545
79 1309979035.246421
80 1309979035.293296
81 1309979035.340171
82 1309979035.387046
83 1309979035.433922
84 1309979035.480797
85 1309979035.527672
86 1309979035.574548
87 1309979035.605798
88 1309979035.652673
89 1309979035.699548
90 1309979035.746424
91 1309979035.793299
92 1309979035.840174
93 1309979035.887050
94 1309979035.933925
95 1309979035.980800
96 1309979036.027676
97 1309979036.074551
98 1309979036.121426
99 1309979036.168301
100 1309979036.215177
101 1309979036.246427
102 1309979036.293302
103 1309979036.340178
104 1309979036.387053
105 1309979036.433928
106 1309979036.480803
107 1309979036.527679
108 1309979036.574554
109 1309979036.621429
110 1309979036.668305
111 1309979036.715180
112 1309979036.762055
113 1309979036.808931
114 1309979036.855806
115 1309979036.902681
116 1309979036.949556
117 1309979036.996432
118 1309979037.043307
119 1309979037.090182
120 1309979037.137058
121 1309979037.183933
122 1309979037.230808
