0 1309565697.404837
1 1309565697.451714
2 1309565697.498591
3 1309565697.545468
4 1309565697.592346
5 1309565697.639223
6 1309565697.686100
7 1309565697.732977
8 1309565697.779854
9 1309565697.826731
10 1309565697.873608
11 1309565697.920485
12 1309565697.967362
13 1309565697.998614
14 1309565698.045491
15 1309565698.092368
16 1309565698.139245
17 1309565698.186122
18 1309565698.232999
19 1309565698.279876
20 1309565698.326753
21 1309565698.373631
22 1309565698.420508
23 1309565698.467385
24 1309565698.514262
25 1309565698.561139
26 1309565698.608016
27 1309565698.654893
28 1309565698.686145
29 1309565698.733022
30 1309565698.779899
31 1309565698.826776
32 1309565698.873653
33 1309565698.920530
34 1309565698.967407
35 1309565699.014284
36 1309565699.076787
37 1309565699.123664
38 1309565699.170541
39 1309565699.217418
40 1309565699.264295
41 1309565699.311173
42 1309565699.358050
43 1309565699.404927
44 1309565699.451804
45 1309565699.498681
46 1309565699.529932
47 1309565699.576809
48 1309565699.623687
49 1309565699.670564
50 1309565699.717441
51 1309565699.764318
52 1309565699.811195
53 1309565699.858072
54 1309565699.904949
55 1309565699.951826
56 1309565699.998703
57 1309565700.045580
58 1309565700.092458
59 1309565700.139335
60 1309565700.186212
61 1309565700.217463
62 1309565700.264340
63 1309565700.311217
64 1309565700.358094
65 1309565700.404972
66 1309565700.451849
67 1309565700.498726
68 1309565700.545603
69 1309565700.592480
70 1309565700.639357
71 1309565700.686234
72 1309565700.733111
73 1309565700.779988
74 1309565700.826865
