0 1311190055.538932
1 1311190055.585808
2 1311190055.632683
3 1311190055.679558
4 1311190055.726433
5 1311190055.773309
6 1311190055.820184
7 1311190055.867059
8 1311190055.913935
9 1311190055.960810
10 1311190056.007685
11 1311190056.054561
12 1311190056.101436
13 1311190056.148311
14 1311190056.179561
15 1311190056.226437
16 1311190056.273312
17 1311190056.320187
18 1311190056.367063
19 1311190056.413938
20 1311190056.460813
21 1311190056.507688
22 1311190056.554564
23 1311190056.601439
24 1311190056.648314
25 1311190056.695190
26 1311190056.726440
27 1311190056.773315
28 1311190056.835816
29 1311190056.867066
30 1311190056.913941
31 1311190056.960816
32 1311190057.007692
33 1311190057.054567
34 1311190057.101442
35 1311190057.148318
36 1311190057.195193
37 1311190057.242068
38 1311190057.288943
39 1311190057.335819
40 1311190057.382694
41 1311190057.429569
42 1311190057.476445
43 1311190057.523320
44 1311190057.570195
45 1311190057.601445
46 1311190057.648321
