0 1310078408.197134
1 1310078408.228384
2 1310078408.275260
3 1310078408.322135
4 1310078408.369010
5 1310078408.415885
6 1310078408.462761
7 1310078408.509636
8 1310078408.556511
9 1310078408.603387
10 1310078408.650262
11 1310078408.697137
12 1310078408.744013
13 1310078408.790888
14 1310078408.822138
15 1310078408.869013
16 1310078408.915889
17 1310078408.962764
18 1310078409.009639
19 1310078409.056515
20 1310078409.103390
21 1310078409.150265
22 1310078409.197140
23 1310078409.244016
24 1310078409.290891
25 1310078409.337766
26 1310078409.384642
27 1310078409.431517
28 1310078409.478392
29 1310078409.525268
30 1310078409.572143
31 1310078409.603393
32 1310078409.650268
33 1310078409.697144
34 1310078409.744019
35 1310078409.790894
36 1310078409.837770
37 1310078409.884645
38 1310078409.931520
39 1310078409.978395
40 1310078410.040896
41 1310078410.087771
42 1310078410.134646
43 1310078410.181522
44 1310078410.212772
45 1310078410.259647
46 1310078410.306523
47 1310078410.353398
48 1310078410.400273
49 1310078410.447148
50 1310078410.494024
51 1310078410.540899
52 1310078410.587774
53 1310078410.634650
54 1310078410.681525
55 1310078410.712775
56 1310078410.759650
57 1310078410.806526
58 1310078410.853401
59 1310078410.900276
60 1310078410.947152
61 1310078410.994027
62 1310078411.040902
63 1310078411.087778
64 1310078411.134653
65 1310078411.181528
66 1310078411.228403
67 1310078411.275279
68 1310078411.306529
69 1310078411.353404
70 1310078411.400280
71 1310078411.447155
72 1310078411.494030
73 1310078411.540905
74 1310078411.587781
75 1310078411.634656
