0 1309565247.171647
1 1309565247.218524
2 1309565247.265401
3 1309565247.312278
4 1309565247.359155
5 1309565247.390407
6 1309565247.437284
7 1309565247.484161
8 1309565247.531038
9 1309565247.577915
10 1309565247.624792
11 1309565247.671669
12 1309565247.718547
13 1309565247.765424
14 1309565247.812301
15 1309565247.859178
16 1309565247.906055
17 1309565247.937306
18 1309565247.984183
19 1309565248.031061
20 1309565248.077938
21 1309565248.124815
22 1309565248.171692
23 1309565248.218569
24 1309565248.265446
25 1309565248.312323
26 1309565248.359200
27 1309565248.406077
28 1309565248.452954
29 1309565248.484206
30 1309565248.531083
31 1309565248.577960
32 1309565248.624837
33 1309565248.671714
34 1309565248.718591
35 1309565248.765468
36 1309565248.812346
37 1309565248.859223
38 1309565248.906100
39 1309565248.952977
40 1309565248.999854
41 1309565249.046731
42 1309565249.093608
43 1309565249.140485
44 1309565249.187362
45 1309565249.234239
46 1309565249.281117
47 1309565249.327994
48 1309565249.359245
49 1309565249.406122
50 1309565249.452999
51 1309565249.499876
52 1309565249.546753
53 1309565249.593631
54 1309565249.640508
55 1309565249.687385
56 1309565249.734262
57 1309565249.781139
58 1309565249.828016
59 1309565249.874893
60 1309565249.921770
61 1309565249.968647
62 1309565250.015524
63 1309565250.062402
64 1309565250.109279
65 1309565250.156156
66 1309565250.203033
67 1309565250.234284
68 1309565250.281162
69 1309565250.328039
70 1309565250.374916
71 1309565250.421794
72 1309565250.468671
73 1309565250.515549
74 1309565250.562426
75 1309565250.609303
76 1309565250.656181
77 1309565250.703058
78 1309565250.749936
79 1309565250.796813
80 1309565250.843690
81 1309565250.890568
82 1309565250.937445
83 1309565250.968697
84 1309565251.015574
85 1309565251.078077
86 1309565251.109329
87 1309565251.156206
88 1309565251.203084
89 1309565251.249961
90 1309565251.296838
91 1309565251.359341
92 1309565251.390592
93 1309565251.437470
94 1309565251.484347
95 1309565251.531224
96 1309565251.578101
97 1309565251.624978
98 1309565251.671855
99 1309565251.718732
100 1309565251.765609
101 1309565251.812486
102 1309565251.859363
103 1309565251.921866
104 1309565251.968743
105 1309565252.015620
106 1309565252.062498
107 1309565252.109375
108 1309565252.156252
109 1309565252.203129
110 1309565252.234380
111 1309565252.296883
112 1309565252.343760
113 1309565252.390637
114 1309565252.437514
115 1309565252.468766
116 1309565252.515643
117 1309565252.562520
118 1309565252.609397
119 1309565252.656274
120 1309565252.703151
121 1309565252.750028
122 1309565252.796905
123 1309565252.843783
124 1309565252.890660
125 1309565252.937537
126 1309565252.984414
127 1309565253.031291
128 1309565253.078168
129 1309565253.109419
130 1309565253.156297
131 1309565253.203174
132 1309565253.250051
133 1309565253.296928
134 1309565253.343805
135 1309565253.390682
136 1309565253.437559
137 1309565253.484436
138 1309565253.531313
139 1309565253.578190
140 1309565253.625068
141 1309565253.671945
142 1309565253.718822
143 1309565253.750073
144 1309565253.796950
145 1309565253.843827
146 1309565253.890704
147 1309565253.937582
148 1309565253.984459
149 1309565254.031336
150 1309565254.078213
151 1309565254.125090
152 1309565254.171967
153 1309565254.218844
154 1309565254.265721
155 1309565254.312598
156 1309565254.421978
157 1309565254.468855
158 1309565254.515732
159 1309565254.562610
160 1309565254.609487
161 1309565254.640738
162 1309565254.687615
163 1309565254.734492
164 1309565254.781369
165 1309565254.828246
166 1309565254.875124
167 1309565254.922001
168 1309565254.968878
169 1309565255.015755
170 1309565255.062632
171 1309565255.109509
172 1309565255.140760
173 1309565255.187638
174 1309565255.234515
175 1309565255.281392
176 1309565255.328269
177 1309565255.375146
178 1309565255.422023
179 1309565255.468900
180 1309565255.515777
181 1309565255.562654
182 1309565255.609531
183 1309565255.656409
184 1309565255.703286
185 1309565255.750163
186 1309565255.797040
187 1309565255.843917
188 1309565255.890794
189 1309565255.937671
190 1309565255.968923
191 1309565256.015800
192 1309565256.062677
193 1309565256.109554
194 1309565256.156431
195 1309565256.203308
196 1309565256.250185
197 1309565256.297062
198 1309565256.343939
199 1309565256.390816
200 1309565256.437694
201 1309565256.484571
202 1309565256.515822
203 1309565256.562699
204 1309565256.609576
205 1309565256.656453
206 1309565256.703330
207 1309565256.750208
208 1309565256.797085
209 1309565256.843962
210 1309565256.890839
211 1309565256.937716
212 1309565256.984593
213 1309565257.031470
214 1309565257.062722
215 1309565257.109599
216 1309565257.156476
217 1309565257.203353
218 1309565257.250230
219 1309565257.297107
220 1309565257.343984
221 1309565257.390861
222 1309565257.437738
223 1309565257.484615
224 1309565257.531493
225 1309565257.578370
226 1309565257.625247
227 1309565257.656498
228 1309565257.703375
229 1309565257.750252
230 1309565257.797129
231 1309565257.859632
232 1309565257.890884
233 1309565257.937761
234 1309565257.984638
235 1309565258.031515
236 1309565258.078392
237 1309565258.125269
238 1309565258.172146
239 1309565258.234649
240 1309565258.265900
241 1309565258.312778
242 1309565258.359655
243 1309565258.406532
244 1309565258.453409
245 1309565258.500286
246 1309565258.547163
247 1309565258.594040
248 1309565258.640917
249 1309565258.687794
250 1309565258.734671
251 1309565258.781549
252 1309565258.828426
253 1309565258.875303
254 1309565258.922180
255 1309565258.953431
256 1309565259.000308
257 1309565259.047185
258 1309565259.094063
259 1309565259.140940
260 1309565259.187817
261 1309565259.234694
262 1309565259.281571
263 1309565259.328448
264 1309565259.375325
265 1309565259.422202
266 1309565259.469079
267 1309565259.515956
268 1309565259.562834
269 1309565259.625336
270 1309565259.656588
271 1309565259.703465
272 1309565259.750342
273 1309565259.797219
274 1309565259.844096
275 1309565259.890973
276 1309565259.937850
277 1309565259.984727
278 1309565260.031605
279 1309565260.078482
280 1309565260.125359
281 1309565260.172236
282 1309565260.219113
283 1309565260.265990
284 1309565260.297241
285 1309565260.344119
286 1309565260.390996
287 1309565260.437873
288 1309565260.484750
289 1309565260.531627
290 1309565260.578504
291 1309565260.625381
292 1309565260.672258
293 1309565260.719135
294 1309565260.766012
295 1309565260.812890
296 1309565260.859767
297 1309565260.906644
298 1309565260.953521
299 1309565260.984772
300 1309565261.031649
301 1309565261.078526
302 1309565261.125404
303 1309565261.172281
304 1309565261.219158
305 1309565261.266035
306 1309565261.312912
307 1309565261.359789
308 1309565261.406666
309 1309565261.453543
310 1309565261.500420
311 1309565261.547297
312 1309565261.578549
313 1309565261.641052
314 1309565261.672303
315 1309565261.719180
316 1309565261.766057
317 1309565261.812934
318 1309565261.859811
319 1309565261.906689
320 1309565261.953566
321 1309565262.000443
322 1309565262.047320
323 1309565262.094197
324 1309565262.141074
325 1309565262.187951
326 1309565262.219203
327 1309565262.266080
328 1309565262.312957
329 1309565262.359834
330 1309565262.406711
331 1309565262.453588
332 1309565262.500465
333 1309565262.547342
334 1309565262.594219
335 1309565262.641096
336 1309565262.687974
337 1309565262.734851
338 1309565262.781728
339 1309565262.828605
340 1309565262.875482
341 1309565262.937985
342 1309565262.969236
343 1309565263.016113
344 1309565263.062990
345 1309565263.109867
346 1309565263.156745
347 1309565263.203622
348 1309565263.250499
349 1309565263.297376
350 1309565263.344253
351 1309565263.391130
352 1309565263.438007
353 1309565263.484884
354 1309565263.531761
355 1309565263.578638
356 1309565263.625516
357 1309565263.672393
358 1309565263.719270
359 1309565263.766147
360 1309565263.813024
361 1309565263.844275
362 1309565263.891152
363 1309565263.938030
364 1309565263.984907
365 1309565264.031784
366 1309565264.078661
367 1309565264.125538
368 1309565264.172415
369 1309565264.219292
370 1309565264.266169
371 1309565264.313046
372 1309565264.344298
373 1309565264.391175
374 1309565264.438052
375 1309565264.484929
376 1309565264.531806
377 1309565264.578683
378 1309565264.625560
379 1309565264.672437
380 1309565264.719315
381 1309565264.766192
382 1309565264.813069
383 1309565264.844320
384 1309565264.891197
385 1309565264.938074
386 1309565264.984951
387 1309565265.031829
388 1309565265.078706
389 1309565265.125583
390 1309565265.172460
391 1309565265.219337
392 1309565265.266214
393 1309565265.313091
394 1309565265.359968
395 1309565265.391220
396 1309565265.438097
397 1309565265.484974
398 1309565265.531851
399 1309565265.578728
400 1309565265.625605
401 1309565265.672482
402 1309565265.719359
403 1309565265.766236
404 1309565265.813114
405 1309565265.859991
406 1309565265.906868
407 1309565265.953745
