0 1311031934.907599
1 1311031934.985725
2 1311031935.016975
3 1311031935.063850
4 1311031935.110726
5 1311031935.157601
6 1311031935.204476
7 1311031935.251351
8 1311031935.298227
9 1311031935.345102
10 1311031935.391977
11 1311031935.438853
12 1311031935.485728
13 1311031935.532603
14 1311031935.579479
15 1311031935.626354
16 1311031935.673229
17 1311031935.720104
18 1311031935.751355
19 1311031935.798230
20 1311031935.845105
21 1311031935.891981
22 1311031935.938856
23 1311031935.985731
24 1311031936.048232
25 1311031936.079482
26 1311031936.126357
27 1311031936.188857
28 1311031936.220108
29 1311031936.266983
30 1311031936.313858
31 1311031936.360734
32 1311031936.407609
33 1311031936.454484
34 1311031936.501359
35 1311031936.548235
36 1311031936.595110
37 1311031936.641985
38 1311031936.688861
39 1311031936.735736
40 1311031936.782611
41 1311031936.829487
42 1311031936.876362
43 1311031936.923237
44 1311031936.954487
45 1311031937.001363
46 1311031937.063863
47 1311031937.110738
48 1311031937.157614
49 1311031937.204489
50 1311031937.251364
51 1311031937.282614
52 1311031937.329490
53 1311031937.376365
54 1311031937.423240
55 1311031937.470116
56 1311031937.516991
57 1311031937.563866
58 1311031937.610742
59 1311031937.657617
60 1311031937.704492
61 1311031937.751367
62 1311031937.798243
63 1311031937.845118
64 1311031937.891993
65 1311031937.938869
66 1311031937.985744
67 1311031938.032619
68 1311031938.079495
69 1311031938.126370
70 1311031938.173245
71 1311031938.220120
72 1311031938.266996
73 1311031938.313871
74 1311031938.360746
75 1311031938.391997
76 1311031938.438872
77 1311031938.485747
78 1311031938.532622
79 1311031938.579498
80 1311031938.626373
81 1311031938.673248
82 1311031938.720124
83 1311031938.766999
84 1311031938.813874
85 1311031938.860750
86 1311031938.907625
87 1311031938.954500
88 1311031939.001375
89 1311031939.048251
90 1311031939.095126
91 1311031939.142001
92 1311031939.188877
93 1311031939.235752
94 1311031939.282627
95 1311031939.329503
96 1311031939.376378
97 1311031939.423253
98 1311031939.470128
99 1311031939.517004
100 1311031939.563879
101 1311031939.610754
102 1311031939.657630
103 1311031939.704505
104 1311031939.751380
105 1311031939.798256
106 1311031939.845131
107 1311031939.892006
108 1311031939.938881
109 1311031939.985757
110 1311031940.048257
111 1311031940.079507
112 1311031940.126383
113 1311031940.173258
114 1311031940.220133
115 1311031940.267009
116 1311031940.313884
117 1311031940.360759
118 1311031940.407634
119 1311031940.454510
120 1311031940.501385
121 1311031940.548260
122 1311031940.595136
123 1311031940.657636
124 1311031940.688886
125 1311031940.735762
126 1311031940.782637
