0 1310079146.066390
1 1310079146.113266
2 1310079146.160141
3 1310079146.207016
4 1310079146.253892
5 1310079146.300767
6 1310079146.332017
7 1310079146.378892
8 1310079146.425768
9 1310079146.488268
10 1310079146.535143
11 1310079146.582019
12 1310079146.628894
13 1310079146.675769
14 1310079146.722645
15 1310079146.769520
16 1310079146.816395
17 1310079146.863271
18 1310079146.910146
19 1310079146.957021
20 1310079147.003896
21 1310079147.050772
22 1310079147.082022
23 1310079147.128897
24 1310079147.175773
25 1310079147.222648
26 1310079147.269523
27 1310079147.316398
28 1310079147.363274
29 1310079147.410149
30 1310079147.457024
31 1310079147.503900
32 1310079147.566400
33 1310079147.613275
34 1310079147.644526
35 1310079147.691401
36 1310079147.738276
37 1310079147.785151
38 1310079147.832027
39 1310079147.878902
40 1310079147.925778
41 1310079147.972653
42 1310079148.019529
43 1310079148.066404
44 1310079148.113280
45 1310079148.160156
46 1310079148.191406
47 1310079148.238282
48 1310079148.285157
