0.179688 1.410156 -0.352539 1310511143.745595
-0.049805 1.509766 -0.339844 1310511143.769671
-0.093750 1.504883 -0.310547 1310511143.805645
-0.237305 1.529297 -0.391602 1310511143.849669
-0.401367 1.255859 -0.526367 1310511143.871604
-0.514648 1.019531 -0.597656 1310511143.896616
-0.417969 0.898438 -0.411133 1310511143.949610
-0.458984 0.481445 -0.362305 1310511143.965673
-0.512695 0.253906 -0.242188 1310511143.999667
-0.448242 0.101562 -0.046875 1310511144.054620
-0.495117 0.017578 0.072266 1310511144.079583
-0.469727 -0.056641 0.072266 1310511144.100611
-0.454102 -0.076172 0.192383 1310511144.124582
-0.392578 0.082031 0.320312 1310511144.169647
-0.403320 0.125000 0.344727 1310511144.191640
-0.434570 0.207031 0.312500 1310511144.235670
-0.499023 0.289062 0.338867 1310511144.277587
-0.599609 0.293945 0.303711 1310511144.300626
-0.689453 0.203125 0.053711 1310511144.324679
-0.724609 0.183594 0.240234 1310511144.362642
-0.758789 0.163086 0.290039 1310511144.405689
-0.775391 0.128906 0.280273 1310511144.427656
-0.825195 0.065430 0.331055 1310511144.450615
-0.825195 0.065430 0.331055 1310511144.471618
-0.860352 -0.035156 0.189453 1310511144.519681
-0.861328 -0.056641 0.138672 1310511144.541685
-0.793945 -0.057617 -0.065430 1310511144.596577
-0.723633 -0.199219 -0.191406 1310511144.619637
-0.765625 -0.322266 -0.363281 1310511144.641677
-0.711914 -0.322266 -0.363281 1310511144.666604
-0.694336 -0.545898 -0.803711 1310511144.709612
-0.729492 -0.772461 -1.057617 1310511144.752750
-0.728516 -0.977539 -1.413086 1310511144.774607
-0.666016 -1.259766 -1.925781 1310511144.796677
-0.524414 -1.984375 -1.982422 1310511144.825682
-0.192383 -1.984375 -1.983398 1310511144.904569
0.129883 -1.975586 -1.979492 1310511144.905568
1.068359 -0.429688 -0.687500 1310511144.949597
1.394531 1.276367 -1.016602 1310511144.971611
1.975586 -1.842773 0.161133 1310511144.992609
1.666992 0.727539 1.126953 1310511145.037710
-0.602539 1.148438 1.289062 1310511145.060635
0.314453 0.464844 1.035156 1310511145.104654
-0.152344 0.746094 1.009766 1310511145.147688
0.085938 1.527344 1.148438 1310511145.170617
-0.120117 0.836914 0.744141 1310511145.194643
0.225586 0.609375 0.554688 1310511145.215636
0.306641 0.742188 0.645508 1310511145.259609
0.155273 0.740234 0.450195 1310511145.286614
0.226562 0.679688 0.435547 1310511145.362689
0.274414 0.737305 0.308594 1310511145.384647
0.273438 0.755859 0.208984 1310511145.385606
0.273438 0.755859 0.208984 1310511145.401704
0.367188 0.685547 0.052734 1310511145.450657
0.350586 0.666016 -0.039062 1310511145.499608
0.515625 0.742188 0.104492 1310511145.520641
0.500000 0.797852 0.067383 1310511145.541634
0.526367 0.775391 -0.160156 1310511145.585635
0.753906 0.835938 -0.160156 1310511145.607627
0.824219 0.852539 0.038086 1310511145.651616
0.702148 0.757812 -0.164062 1310511145.676589
0.894531 0.815430 0.015625 1310511145.721611
0.966797 0.908203 0.041992 1310511145.742667
0.962891 0.626953 -0.112305 1310511145.765670
0.977539 0.606445 -0.098633 1310511145.817619
1.002930 0.597656 -0.071289 1310511145.839617
0.975586 0.554688 -0.041992 1310511145.860634
0.979492 0.533203 -0.055664 1310511145.904719
0.956055 0.540039 -0.035156 1310511145.926635
0.981445 0.457031 -0.025391 1310511145.951642
0.984375 0.369141 -0.014648 1310511146.009613
0.981445 0.294922 -0.043945 1310511146.031643
0.974609 0.263672 -0.021484 1310511146.054676
