0.981445 0.072266 -0.037109 1310684739.823979
0.973633 0.112305 -0.106445 1310684739.867987
0.964844 0.139648 -0.112305 1310684739.889974
0.941406 0.074219 -0.112305 1310684739.912981
0.984375 0.056641 -0.160156 1310684739.957981
0.962891 0.103516 -0.131836 1310684740.000977
0.938477 0.073242 -0.134766 1310684740.022980
0.981445 0.060547 -0.100586 1310684740.043962
0.958008 0.061523 -0.124023 1310684740.087989
0.967773 0.029297 -0.115234 1310684740.110992
0.956055 0.079102 -0.140625 1310684740.153987
0.943359 0.070312 -0.119141 1310684740.174966
0.974609 0.152344 -0.130859 1310684740.218992
0.977539 0.158203 -0.157227 1310684740.241001
0.946289 0.175781 -0.105469 1310684740.265000
0.946289 0.175781 -0.105469 1310684740.308987
0.959961 0.143555 -0.092773 1310684740.351990
0.938477 0.134766 -0.118164 1310684740.373989
0.922852 0.132812 -0.117188 1310684740.410991
0.969727 0.189453 -0.098633 1310684740.434992
0.957031 0.188477 -0.099609 1310684740.457989
0.957031 0.188477 -0.099609 1310684740.483991
0.958984 0.312500 -0.154297 1310684740.530002
0.901367 0.312500 -0.110352 1310684740.579001
0.932617 0.194336 -0.184570 1310684740.604991
0.932617 0.193359 -0.159180 1310684740.627996
0.925781 0.124023 -0.152344 1310684740.650001
0.956055 0.156250 -0.111328 1310684740.694992
0.946289 0.163086 -0.119141 1310684740.722996
0.932617 0.261719 -0.142578 1310684740.778000
0.937500 0.243164 -0.109375 1310684740.793995
0.917969 0.188477 -0.110352 1310684740.815998
0.924805 0.278320 -0.150391 1310684740.846998
0.860352 0.298828 -0.143555 1310684740.889994
0.833984 0.255859 -0.145508 1310684740.913997
0.849609 0.289062 -0.165039 1310684740.958998
0.783203 0.307617 -0.191406 1310684740.980996
0.777344 0.336914 -0.227539 1310684741.024001
0.787109 0.277344 -0.266602 1310684741.045013
0.818359 0.277344 -0.266602 1310684741.071987
0.827148 0.307617 -0.189453 1310684741.115006
0.845703 0.265625 -0.255859 1310684741.159006
0.779297 0.250000 -0.393555 1310684741.180002
0.902344 0.275391 -0.327148 1310684741.203002
0.909180 0.275391 -0.327148 1310684741.247011
0.951172 0.438477 -0.192383 1310684741.275009
0.935547 0.287109 -0.313477 1310684741.308011
0.900391 0.356445 -0.375000 1310684741.330001
0.859375 0.511719 -0.293945 1310684741.374012
0.788086 0.541016 -0.265625 1310684741.400010
0.743164 0.534180 -0.351562 1310684741.423017
0.861328 0.614258 -0.252930 1310684741.468012
0.742188 0.666016 -0.317383 1310684741.493012
0.707031 0.616211 -0.330078 1310684741.535009
0.839844 0.748047 -0.208008 1310684741.558011
0.796875 0.705078 -0.309570 1310684741.600012
0.844727 0.703125 -0.269531 1310684741.643988
0.864258 0.728516 -0.200195 1310684741.666006
0.832031 0.696289 -0.176758 1310684741.688012
0.652344 0.675781 -0.100586 1310684741.733132
0.587891 0.758789 -0.079102 1310684741.755014
0.604492 0.686523 -0.043945 1310684741.778015
0.604492 0.648438 -0.077148 1310684741.834022
0.630859 0.667969 -0.071289 1310684741.900028
0.620117 0.638672 -0.022461 1310684741.901003
0.631836 0.608398 0.052734 1310684741.923000
0.683594 0.685547 0.098633 1310684741.944017
0.644531 0.741211 0.098633 1310684741.967022
0.617188 0.751953 0.128906 1310684742.013019
0.553711 0.706055 0.172852 1310684742.061013
0.514648 0.656250 0.221680 1310684742.083016
0.518555 0.663086 0.278320 1310684742.126019
0.518555 0.693359 0.264648 1310684742.148034
0.456055 0.638672 0.162109 1310684742.169018
0.467773 0.687500 0.195312 1310684742.214020
0.473633 0.689453 0.276367 1310684742.236024
0.496094 0.683594 0.243164 1310684742.279027
0.465820 0.765625 0.288086 1310684742.306025
0.429688 0.625000 0.275391 1310684742.333027
0.429688 0.625000 0.275391 1310684742.354047
0.425781 0.611328 0.323242 1310684742.419027
0.433594 0.589844 0.353516 1310684742.440031
0.464844 0.662109 0.299805 1310684742.461025
0.442383 0.607422 0.284180 1310684742.505030
0.422852 0.630859 0.333984 1310684742.528013
0.422852 0.630859 0.333984 1310684742.551036
0.429688 0.652344 0.305664 1310684742.595033
0.441406 0.653320 0.315430 1310684742.639031
0.381836 0.707031 0.303711 1310684742.661035
0.404297 0.684570 0.276367 1310684742.705035
0.418945 0.691406 0.258789 1310684742.706027
0.412109 0.655273 0.290039 1310684742.750035
0.422852 0.679688 0.310547 1310684742.785035
0.415039 0.675781 0.293945 1310684742.830054
0.387695 0.721680 0.261719 1310684742.853036
0.415039 0.679688 0.269531 1310684742.874037
0.414062 0.705078 0.261719 1310684742.921041
0.444336 0.694336 0.245117 1310684742.941039
0.436523 0.686523 0.254883 1310684742.985038
0.419922 0.723633 0.268555 1310684743.008039
0.390625 0.742188 0.254883 1310684743.051037
0.380859 0.700195 0.244141 1310684743.076021
0.397461 0.740234 0.245117 1310684743.098039
0.367188 0.695312 0.245117 1310684743.171054
0.410156 0.719727 0.253906 1310684743.190040
0.397461 0.760742 0.224609 1310684743.213046
0.400391 0.722656 0.205078 1310684743.234042
0.383789 0.757812 0.188477 1310684743.283047
0.420898 0.773438 0.201172 1310684743.304048
0.436523 0.725586 0.209961 1310684743.348026
0.416016 0.696289 0.173828 1310684743.370051
0.430664 0.698242 0.186523 1310684743.413023
0.427734 0.779297 0.201172 1310684743.435043
0.410156 0.729492 0.162109 1310684743.458023
0.419922 0.728516 0.166992 1310684743.504052
0.425781 0.717773 0.157227 1310684743.533054
0.415039 0.703125 0.125000 1310684743.556052
0.447266 0.750977 0.129883 1310684743.599042
0.456055 0.806641 0.188477 1310684743.623054
0.460938 0.742188 0.138672 1310684743.666056
0.420898 0.767578 0.098633 1310684743.688053
0.467773 0.781250 0.098633 1310684743.731050
0.447266 0.812500 0.051758 1310684743.752048
0.461914 0.776367 -0.012695 1310684743.794060
0.625000 0.912109 0.086914 1310684743.815052
0.618164 0.849609 0.017578 1310684743.843057
0.576172 0.841797 -0.046875 1310684743.886055
0.510742 0.869141 -0.097656 1310684743.918054
0.507812 0.730469 -0.122070 1310684743.961058
0.675781 0.688477 -0.136719 1310684743.984063
0.776367 0.634766 -0.144531 1310684744.029050
0.810547 0.548828 -0.142578 1310684744.031061
0.810547 0.548828 -0.142578 1310684744.075059
0.735352 0.585938 -0.164062 1310684744.120062
0.740234 0.634766 -0.156250 1310684744.141062
0.849609 0.560547 -0.162109 1310684744.184041
0.908203 0.496094 -0.111328 1310684744.206040
0.918945 0.452148 -0.184570 1310684744.229066
0.997070 0.443359 -0.105469 1310684744.275062
1.068359 0.376953 -0.204102 1310684744.303068
1.000977 0.304688 -0.172852 1310684744.345044
0.974609 0.228516 -0.157227 1310684744.368068
1.047852 0.104492 -0.134766 1310684744.465067
0.797852 0.104492 -0.134766 1310684744.466063
0.929688 0.101562 -0.098633 1310684744.488069
0.921875 0.148438 -0.077148 1310684744.489063
0.905273 0.170898 -0.079102 1310684744.531072
0.895508 0.224609 -0.060547 1310684744.554076
0.944336 0.179688 -0.067383 1310684744.596075
0.889648 0.179688 -0.067383 1310684744.619067
0.860352 0.172852 -0.131836 1310684744.664077
0.787109 0.140625 -0.129883 1310684744.685069
0.781250 0.116211 -0.166992 1310684744.715072
0.815430 0.116211 -0.180664 1310684744.756072
0.782227 0.092773 -0.208984 1310684744.779062
0.793945 0.033203 -0.166992 1310684744.823073
0.791016 0.032227 -0.152344 1310684744.844036
0.851562 0.065430 -0.160156 1310684744.889077
0.922852 0.083008 -0.151367 1310684744.914077
0.964844 0.069336 -0.147461 1310684744.938078
0.995117 0.098633 -0.138672 1310684744.983078
1.027344 0.082031 -0.083008 1310684745.026073
1.036133 0.124023 -0.060547 1310684745.049076
1.014648 0.120117 -0.014648 1310684745.071079
0.985352 0.140625 0.039062 1310684745.114082
0.965820 0.148438 0.041992 1310684745.135082
0.963867 0.047852 0.050781 1310684745.158079
0.972656 0.041016 -0.011719 1310684745.223083
0.938477 -0.006836 -0.038086 1310684745.245061
0.968750 0.011719 -0.067383 1310684745.268085
0.979492 0.016602 -0.103516 1310684745.291079
1.009766 0.012695 -0.106445 1310684745.328079
0.946289 0.012695 -0.106445 1310684745.350086
0.950195 0.041992 -0.106445 1310684745.396095
0.930664 -0.024414 -0.091797 1310684745.446085
0.933594 0.023438 -0.066406 1310684745.468095
0.962891 0.037109 -0.021484 1310684745.491074
0.986328 0.033203 -0.045898 1310684745.536092
0.978516 0.036133 -0.045898 1310684745.558090
0.961914 0.069336 -0.073242 1310684745.603086
0.961914 0.095703 -0.084961 1310684745.625085
0.926758 0.100586 -0.095703 1310684745.669090
1.000000 0.129883 -0.102539 1310684745.745096
0.997070 0.077148 -0.060547 1310684745.746086
0.955078 0.090820 -0.086914 1310684745.759088
0.986328 0.063477 -0.071289 1310684745.783091
0.940430 0.046875 -0.067383 1310684745.820089
0.959961 0.048828 -0.087891 1310684745.843089
0.988281 0.077148 -0.095703 1310684745.886093
0.958984 0.059570 -0.101562 1310684745.909095
0.974609 0.048828 -0.092773 1310684745.955094
0.952148 0.058594 -0.094727 1310684745.978095
0.973633 0.050781 -0.112305 1310684746.023116
1.000000 0.060547 -0.083984 1310684746.045092
0.976562 0.072266 -0.083008 1310684746.089103
0.977539 0.078125 -0.085938 1310684746.113103
0.991211 0.082031 -0.072266 1310684746.141108
0.973633 0.067383 -0.079102 1310684746.164104
0.921875 0.035156 -0.109375 1310684746.209097
0.945312 0.029297 -0.113281 1310684746.230102
0.906250 0.055664 -0.136719 1310684746.276104
0.952148 0.048828 -0.149414 1310684746.298099
0.952148 0.048828 -0.149414 1310684746.321109
0.949219 0.177734 -0.139648 1310684746.368103
0.910156 0.245117 -0.115234 1310684746.389083
0.945312 0.202148 -0.194336 1310684746.433111
0.920898 0.239258 -0.159180 1310684746.455104
0.920898 0.239258 -0.159180 1310684746.479088
0.855469 0.228516 -0.157227 1310684746.540108
0.791992 0.238281 -0.170898 1310684746.563109
0.860352 0.263672 -0.108398 1310684746.609107
0.899414 0.250000 -0.127930 1310684746.611105
0.816406 0.237305 -0.123047 1310684746.656101
0.856445 0.237305 -0.123047 1310684746.679122
0.881836 0.299805 -0.083008 1310684746.723108
0.889648 0.342773 -0.043945 1310684746.765116
0.827148 0.495117 0.018555 1310684746.788112
0.807617 0.509766 -0.108398 1310684746.830110
0.794922 0.247070 -0.251953 1310684746.838092
0.969727 0.603516 -0.031250 1310684746.883115
0.909180 0.575195 -0.125000 1310684746.905107
0.841797 0.285156 -0.250977 1310684746.948116
0.891602 0.345703 -0.283203 1310684747.036116
0.944336 0.514648 -0.198242 1310684747.056124
0.979492 0.526367 -0.135742 1310684747.058108
0.821289 0.529297 -0.145508 1310684747.078123
0.729492 0.553711 -0.216797 1310684747.120122
0.666016 0.594727 -0.188477 1310684747.143122
0.675781 0.637695 -0.177734 1310684747.185121
0.668945 0.503906 -0.273438 1310684747.208125
0.749023 0.596680 -0.273438 1310684747.231123
0.786133 0.746094 -0.299805 1310684747.268178
0.780273 0.673828 -0.358398 1310684747.311124
0.782227 0.673828 -0.292969 1310684747.334114
0.724609 0.752930 -0.239258 1310684747.381124
0.676758 0.632812 -0.307617 1310684747.403143
0.646484 0.632812 -0.307617 1310684747.425124
0.674805 0.755859 -0.175781 1310684747.468132
0.645508 0.689453 -0.238281 1310684747.491123
0.660156 0.744141 -0.182617 1310684747.534127
0.567383 0.702148 -0.116211 1310684747.556158
0.543945 0.653320 -0.106445 1310684747.579160
0.632812 0.712891 -0.075195 1310684747.623111
0.641602 0.760742 -0.036133 1310684747.648131
0.642578 0.804688 -0.028320 1310684747.690095
0.573242 0.829102 0.020508 1310684747.715171
0.457031 0.760742 0.047852 1310684747.750093
0.396484 0.730469 0.036133 1310684747.775099
0.446289 0.779297 0.107422 1310684747.818118
0.448242 0.765625 0.113281 1310684747.840124
0.421875 0.790039 0.079102 1310684747.885137
0.463867 0.820312 0.180664 1310684747.910140
0.459961 0.733398 0.213867 1310684747.933139
0.391602 0.697266 0.130859 1310684747.979160
0.448242 0.745117 0.145508 1310684748.003165
0.459961 0.734375 0.186523 1310684748.045138
0.431641 0.689453 0.167969 1310684748.066130
0.413086 0.741211 0.139648 1310684748.110141
0.348633 0.790039 0.155273 1310684748.133136
0.357422 0.822266 0.155273 1310684748.176140
0.365234 0.800781 0.131836 1310684748.205134
0.350586 0.762695 0.186523 1310684748.226137
0.347656 0.757812 0.159180 1310684748.304152
0.362305 0.752930 0.181641 1310684748.328139
0.358398 0.781250 0.182617 1310684748.329131
0.313477 0.833984 0.130859 1310684748.349114
0.366211 0.779297 0.146484 1310684748.394147
0.397461 0.783203 0.146484 1310684748.417206
0.393555 0.804688 0.115234 1310684748.483144
0.397461 0.753906 0.133789 1310684748.484142
0.389648 0.737305 0.140625 1310684748.530147
0.389648 0.737305 0.140625 1310684748.553149
0.384766 0.789062 0.196289 1310684748.596153
0.372070 0.779297 0.195312 1310684748.639154
0.362305 0.794922 0.186523 1310684748.661143
0.340820 0.786133 0.153320 1310684748.685151
0.346680 0.758789 0.184570 1310684748.708148
0.362305 0.758789 0.184570 1310684748.753149
0.376953 0.714844 0.182617 1310684748.800163
0.389648 0.756836 0.149414 1310684748.823150
0.352539 0.761719 0.167969 1310684748.844163
0.362305 0.774414 0.204102 1310684748.886157
0.386719 0.765625 0.143555 1310684748.909155
0.397461 0.764648 0.183594 1310684748.941155
0.371094 0.761719 0.185547 1310684748.985154
0.372070 0.778320 0.193359 1310684749.006144
0.377930 0.763672 0.170898 1310684749.031163
0.362305 0.767578 0.189453 1310684749.074156
0.391602 0.771484 0.208984 1310684749.095157
0.377930 0.749023 0.172852 1310684749.139184
0.358398 0.773438 0.170898 1310684749.161162
0.340820 0.763672 0.189453 1310684749.205162
0.359375 0.725586 0.144531 1310684749.229158
0.386719 0.823242 0.160156 1310684749.254142
0.384766 0.757812 0.169922 1310684749.300168
0.337891 0.729492 0.184570 1310684749.344150
0.356445 0.780273 0.176758 1310684749.366169
0.333008 0.774414 0.193359 1310684749.411168
0.344727 0.757812 0.137695 1310684749.434176
0.384766 0.772461 0.201172 1310684749.455164
0.374023 0.522461 0.201172 1310684749.479170
0.352539 0.729492 0.117188 1310684749.523171
0.403320 0.777344 0.132812 1310684749.610166
0.413086 0.790039 0.115234 1310684749.611157
0.440430 0.757812 0.078125 1310684749.631170
0.421875 0.791016 0.149414 1310684749.653173
0.416992 0.754883 0.131836 1310684749.675161
0.426758 0.699219 0.026367 1310684749.723176
0.589844 0.792969 -0.052734 1310684749.744153
0.661133 0.831055 -0.134766 1310684749.791163
0.675781 1.056641 -0.173828 1310684749.813143
0.711914 0.951172 -0.130859 1310684749.835163
0.672852 0.708984 -0.034180 1310684749.879181
0.664062 0.616211 -0.205078 1310684749.906175
0.761719 0.621094 -0.233398 1310684749.949192
0.773438 0.577148 -0.213867 1310684749.971177
0.755859 0.551758 -0.259766 1310684750.015179
0.776367 0.605469 -0.226562 1310684750.038181
0.749023 0.552734 -0.241211 1310684750.059184
0.788086 0.571289 -0.139648 1310684750.103179
0.820312 0.498047 -0.277344 1310684750.126181
0.908203 0.491211 -0.194336 1310684750.174178
1.011719 0.396484 -0.222656 1310684750.195156
0.978516 0.326172 -0.222656 1310684750.217170
1.136719 0.326172 -0.222656 1310684750.263200
1.151367 0.196289 -0.201172 1310684750.291178
1.085938 0.061523 -0.256836 1310684750.344182
1.093750 0.028320 -0.135742 1310684750.358190
0.920898 -0.007812 -0.109375 1310684750.383194
0.885742 -0.008789 -0.129883 1310684750.428188
0.856445 0.098633 -0.125977 1310684750.470191
0.869141 0.125000 -0.149414 1310684750.514192
0.844727 0.121094 -0.207031 1310684750.515183
0.766602 0.098633 -0.189453 1310684750.544183
0.750977 0.115234 -0.186523 1310684750.576195
0.739258 0.115234 -0.186523 1310684750.619188
0.727539 0.091797 -0.174805 1310684750.644191
0.772461 0.109375 -0.190430 1310684750.689189
0.846680 0.091797 -0.174805 1310684750.711193
0.915039 0.118164 -0.149414 1310684750.755211
1.035156 0.121094 -0.117188 1310684750.778191
1.096680 0.121094 -0.117188 1310684750.800188
1.063477 0.044922 -0.028320 1310684750.864222
0.990234 -0.042969 0.175781 1310684750.901179
0.930664 0.093750 0.071289 1310684750.903220
0.959961 0.194336 0.023438 1310684750.944194
0.977539 0.095703 -0.078125 1310684750.966190
0.929688 0.063477 -0.148438 1310684751.010192
0.961914 0.027344 -0.174805 1310684751.034197
0.953125 0.026367 -0.135742 1310684751.076213
0.989258 0.026367 -0.133789 1310684751.121193
1.002930 0.008789 -0.062500 1310684751.122189
0.996094 -0.036133 -0.054688 1310684751.167188
0.994141 0.029297 -0.052734 1310684751.209204
1.019531 0.038086 -0.082031 1310684751.230205
0.981445 0.003906 -0.107422 1310684751.274203
0.954102 0.049805 -0.119141 1310684751.296200
0.958984 0.008789 -0.099609 1310684751.323201
0.974609 0.010742 -0.099609 1310684751.345199
0.985352 0.015625 -0.125000 1310684751.411199
1.002930 0.015625 -0.085938 1310684751.435215
0.991211 0.024414 -0.072266 1310684751.455202
0.949219 0.035156 -0.091797 1310684751.499204
0.960938 0.038086 -0.075195 1310684751.524209
0.977539 0.055664 -0.075195 1310684751.547209
0.955078 0.043945 -0.091797 1310684751.577209
0.959961 0.062500 -0.114258 1310684751.611206
0.979492 0.024414 -0.075195 1310684751.654205
0.977539 0.023438 -0.088867 1310684751.676207
0.948242 -0.003906 -0.102539 1310684751.724207
0.963867 0.008789 -0.094727 1310684751.747207
0.983398 -0.019531 -0.079102 1310684751.791197
0.964844 -0.002930 -0.096680 1310684751.814219
0.952148 0.026367 -0.079102 1310684751.857209
0.971680 0.046875 -0.114258 1310684751.880232
0.942383 0.070312 -0.090820 1310684751.901205
1.012695 0.084961 -0.095703 1310684751.944216
0.960938 0.123047 -0.089844 1310684751.966209
0.910156 0.129883 -0.113281 1310684752.010215
0.885742 0.124023 -0.099609 1310684752.032228
0.884766 0.072266 -0.079102 1310684752.065234
0.897461 0.076172 -0.143555 1310684752.086219
0.899414 0.076172 -0.143555 1310684752.185219
0.897461 0.115234 -0.119141 1310684752.206211
0.881836 0.148438 -0.166016 1310684752.207209
0.903320 0.162109 -0.112305 1310684752.221217
0.913086 0.214844 -0.102539 1310684752.270220
0.928711 0.263672 -0.102539 1310684752.292222
0.933594 0.272461 -0.086914 1310684752.340222
0.933594 0.337891 -0.078125 1310684752.362218
0.898438 0.335938 -0.077148 1310684752.385219
0.875977 0.302734 -0.100586 1310684752.422217
0.820312 0.410156 -0.135742 1310684752.445226
0.911133 0.335938 0.114258 1310684752.488224
0.853516 0.249023 0.065430 1310684752.512239
0.741211 0.205078 -0.024414 1310684752.559486
0.905273 0.325195 -0.153320 1310684752.601223
0.883789 0.483398 -0.249023 1310684752.624226
0.854492 0.440430 -0.139648 1310684752.647228
0.843750 0.440430 -0.139648 1310684752.674240
0.854492 0.421875 -0.231445 1310684752.729228
0.931641 0.376953 -0.118164 1310684752.750228
0.900391 0.446289 -0.153320 1310684752.771211
0.829102 0.544922 -0.198242 1310684752.819233
0.877930 0.451172 -0.162109 1310684752.841234
0.773438 0.517578 -0.162109 1310684752.864239
0.799805 0.533203 -0.150391 1310684752.915229
0.792969 0.494141 -0.119141 1310684752.936245
0.803711 0.577148 -0.156250 1310684752.979230
0.797852 0.481445 -0.189453 1310684753.002237
0.750000 0.468750 -0.169922 1310684753.040234
0.823242 0.486328 -0.243164 1310684753.062226
0.859375 0.482422 -0.209961 1310684753.105242
0.845703 0.454102 -0.223633 1310684753.130214
0.889648 0.494141 -0.156250 1310684753.174234
0.831055 0.517578 -0.170898 1310684753.196239
0.807617 0.638672 -0.107422 1310684753.220236
0.755859 0.700195 -0.111328 1310684753.270239
0.748047 0.661133 -0.079102 1310684753.292239
0.763672 0.689453 -0.083008 1310684753.335242
0.746094 0.805664 -0.014648 1310684753.356238
0.762695 0.871094 -0.007812 1310684753.404239
0.612305 0.810547 -0.007812 1310684753.405236
0.502930 0.812500 0.017578 1310684753.457237
0.482422 0.743164 0.019531 1310684753.482242
0.406250 0.798828 -0.018555 1310684753.526222
0.435547 0.774414 0.064453 1310684753.547246
0.486328 0.841797 0.102539 1310684753.572255
0.451172 0.828125 0.102539 1310684753.605243
0.455078 0.695312 0.114258 1310684753.647244
0.467773 0.748047 0.173828 1310684753.691247
0.533203 0.772461 0.184570 1310684753.712268
0.404297 0.656250 0.212891 1310684753.754255
0.392578 0.661133 0.246094 1310684753.775249
0.392578 0.661133 0.246094 1310684753.796261
0.392578 0.635742 0.333008 1310684753.841247
0.385742 0.613281 0.301758 1310684753.885254
0.315430 0.654297 0.278320 1310684753.907243
0.357422 0.744141 0.268555 1310684753.931263
0.365234 0.718750 0.336914 1310684753.969259
0.333984 0.718750 0.336914 1310684753.991247
0.288086 0.745117 0.340820 1310684754.035253
0.244141 0.689453 0.346680 1310684754.079247
0.309570 0.627930 0.302734 1310684754.104263
0.331055 0.667969 0.298828 1310684754.125253
0.354492 0.724609 0.298828 1310684754.169255
0.329102 0.759766 0.234375 1310684754.212251
0.265625 0.772461 0.246094 1310684754.234260
0.304688 0.750000 0.300781 1310684754.279263
0.333984 0.731445 0.300781 1310684754.301261
0.372070 0.710938 0.286133 1310684754.322260
0.370117 0.721680 0.286133 1310684754.345256
0.370117 0.687500 0.288086 1310684754.389266
0.373047 0.712891 0.276367 1310684754.431260
0.349609 0.697266 0.279297 1310684754.454258
0.358398 0.704102 0.244141 1310684754.497258
0.334961 0.709961 0.272461 1310684754.520263
0.326172 0.684570 0.267578 1310684754.562246
0.376953 0.717773 0.253906 1310684754.585271
0.352539 0.697266 0.282227 1310684754.619279
0.375000 0.720703 0.268555 1310684754.644259
0.340820 0.705078 0.277344 1310684754.687251
0.363281 0.733398 0.262695 1310684754.762273
0.363281 0.733398 0.262695 1310684754.764265
0.317383 0.723633 0.269531 1310684754.805266
0.343750 0.737305 0.276367 1310684754.806269
0.325195 0.701172 0.281250 1310684754.830275
0.337891 0.735352 0.287109 1310684754.866267
0.355469 0.720703 0.285156 1310684754.922254
0.345703 0.714844 0.285156 1310684754.944271
0.340820 0.747070 0.309570 1310684754.961271
0.360352 0.695312 0.303711 1310684755.002284
0.340820 0.715820 0.265625 1310684755.025273
0.353516 0.747070 0.273438 1310684755.067284
0.335938 0.717773 0.270508 1310684755.090285
0.330078 0.692383 0.259766 1310684755.134277
0.322266 0.660156 0.261719 1310684755.156274
0.357422 0.704102 0.252930 1310684755.199261
0.327148 0.703125 0.228516 1310684755.242278
0.335938 0.728516 0.228516 1310684755.265282
0.369141 0.813477 0.187500 1310684755.288273
0.373047 0.813477 0.187500 1310684755.312280
0.388672 0.761719 0.247070 1310684755.364278
0.361328 0.647461 0.197266 1310684755.374280
0.412109 0.755859 0.145508 1310684755.425286
0.475586 0.778320 0.135742 1310684755.446277
0.479492 0.675781 0.135742 1310684755.472287
0.505859 0.675781 0.135742 1310684755.517289
0.655273 1.077148 0.154297 1310684755.542281
0.639648 1.109375 0.083984 1310684755.596290
0.603516 0.912109 0.046875 1310684755.619281
0.548828 0.645508 -0.060547 1310684755.640262
0.577148 0.633789 -0.053711 1310684755.684288
0.702148 0.643555 -0.088867 1310684755.731284
0.764648 0.580078 -0.154297 1310684755.752285
0.806641 0.581055 -0.152344 1310684755.775286
0.784180 0.492188 -0.215820 1310684755.797253
0.822266 0.568359 -0.108398 1310684755.840293
0.822266 0.568359 -0.108398 1310684755.862289
0.894531 0.458008 -0.228516 1310684755.906324
1.041016 0.408203 -0.181641 1310684755.929277
1.091797 0.397461 -0.180664 1310684755.957292
1.117188 0.275391 -0.331055 1310684756.031293
1.169922 0.198242 -0.301758 1310684756.056287
1.040039 0.198242 -0.301758 1310684756.057283
0.936523 0.112305 -0.105469 1310684756.102295
0.878906 0.086914 -0.142578 1310684756.126305
0.859375 0.099609 -0.153320 1310684756.172299
0.806641 0.195312 -0.166016 1310684756.196293
0.816406 0.116211 -0.168945 1310684756.224305
0.751953 0.130859 -0.136719 1310684756.259297
0.704102 0.125000 -0.194336 1310684756.303299
0.698242 0.055664 -0.211914 1310684756.326297
0.783203 0.021484 -0.194336 1310684756.352300
0.883789 0.025391 -0.209961 1310684756.397270
0.925781 0.113281 -0.209961 1310684756.420319
0.992188 0.099609 -0.170898 1310684756.459308
0.988281 0.144531 -0.093750 1310684756.502297
0.952148 0.141602 -0.058594 1310684756.527305
0.966797 0.159180 -0.000977 1310684756.550309
0.981445 0.165039 0.030273 1310684756.571325
0.956055 0.117188 -0.073242 1310684756.617304
1.008789 0.104492 -0.083984 1310684756.640279
0.983398 0.085938 -0.083008 1310684756.684312
0.965820 0.042969 -0.095703 1310684756.705305
0.955078 -0.007812 -0.070312 1310684756.750304
0.948242 -0.007812 -0.067383 1310684756.772308
0.948242 -0.007812 -0.067383 1310684756.794307
0.958984 -0.007812 -0.067383 1310684756.837310
0.964844 0.026367 -0.069336 1310684756.864317
0.974609 0.074219 -0.090820 1310684756.907241
0.985352 0.082031 -0.083008 1310684756.952314
0.958008 0.108398 -0.088867 1310684756.974306
0.945312 0.103516 -0.088867 1310684756.997314
0.954102 0.092773 -0.069336 1310684757.027309
0.942383 0.058594 -0.063477 1310684757.070324
0.961914 0.075195 -0.101562 1310684757.109317
0.977539 0.059570 -0.075195 1310684757.137312
0.974609 0.059570 -0.105469 1310684757.156315
0.931641 0.109375 -0.081055 1310684757.202316
0.960938 0.079102 -0.114258 1310684757.227317
0.972656 0.083008 -0.101562 1310684757.285321
0.974609 0.068359 -0.120117 1310684757.350301
0.961914 0.062500 -0.109375 1310684757.351317
0.954102 0.076172 -0.107422 1310684757.352315
1.002930 0.071289 -0.107422 1310684757.387323
0.963867 0.019531 -0.098633 1310684757.411318
0.976562 0.076172 -0.091797 1310684757.457324
0.930664 0.095703 -0.087891 1310684757.480318
0.916016 0.166016 -0.083008 1310684757.522324
0.919922 0.154297 -0.083008 1310684757.545323
0.924805 0.172852 -0.134766 1310684757.575314
0.924805 0.176758 -0.133789 1310684757.606321
0.884766 0.166992 -0.153320 1310684757.655318
0.925781 0.161133 -0.108398 1310684757.677320
0.902344 0.096680 -0.134766 1310684757.700326
0.898438 0.114258 -0.133789 1310684757.743326
0.804688 0.156250 -0.125977 1310684757.789327
0.785156 0.089844 -0.082031 1310684757.812333
0.861328 0.216797 -0.096680 1310684757.836326
0.895508 0.210938 -0.098633 1310684757.860331
0.853516 0.106445 -0.172852 1310684757.907332
0.853516 0.106445 -0.172852 1310684757.925326
0.918945 0.208984 -0.110352 1310684757.992335
0.841797 0.249023 -0.133789 1310684758.014331
0.841797 0.259766 -0.137695 1310684758.036336
0.919922 0.268555 -0.189453 1310684758.061294
0.905273 0.224609 -0.215820 1310684758.084334
0.885742 0.327148 -0.219727 1310684758.126333
0.904297 0.367188 -0.237305 1310684758.148332
0.994141 0.442383 -0.250977 1310684758.192334
1.018555 0.333984 -0.204102 1310684758.236401
0.992188 0.463867 -0.220703 1310684758.279333
0.928711 0.425781 -0.292969 1310684758.280330
0.910156 0.455078 -0.223633 1310684758.325335
0.903320 0.539062 -0.182617 1310684758.347341
0.858398 0.540039 -0.229492 1310684758.391347
0.829102 0.413086 -0.218750 1310684758.436337
0.853516 0.475586 -0.157227 1310684758.437331
0.819336 0.520508 -0.157227 1310684758.482333
0.788086 0.570312 -0.206055 1310684758.525347
0.827148 0.582031 -0.185547 1310684758.546339
0.856445 0.586914 -0.211914 1310684758.589358
0.857422 0.552734 -0.191406 1310684758.629342
0.830078 0.570312 -0.197266 1310684758.650350
0.842773 0.615234 -0.174805 1310684758.672350
0.821289 0.615234 -0.174805 1310684758.696345
0.782227 0.560547 -0.227539 1310684758.732344
0.759766 0.581055 -0.210938 1310684758.775343
0.738281 0.636719 -0.165039 1310684758.820356
0.692383 0.604492 -0.138672 1310684758.841346
0.689453 0.604492 -0.138672 1310684758.862352
0.698242 0.617188 -0.073242 1310684758.906341
0.691406 0.648438 -0.049805 1310684758.931355
0.697266 0.750000 -0.081055 1310684758.956356
0.690430 0.720703 -0.025391 1310684759.000352
0.606445 0.687500 -0.011719 1310684759.024348
0.548828 0.710938 -0.033203 1310684759.050327
0.530273 0.689453 -0.008789 1310684759.115373
0.541992 0.658203 0.066406 1310684759.137360
0.553711 0.731445 0.080078 1310684759.159350
0.546875 0.691406 0.128906 1310684759.181354
0.473633 0.722656 0.095703 1310684759.225353
0.455078 0.773438 0.154297 1310684759.255359
0.453125 0.764648 0.219727 1310684759.279356
0.412109 0.736328 0.153320 1310684759.321353
0.413086 0.688477 0.162109 1310684759.365355
0.430664 0.677734 0.182617 1310684759.387269
0.463867 0.671875 0.168945 1310684759.409353
0.467773 0.641602 0.150391 1310684759.454360
0.479492 0.719727 0.201172 1310684759.476362
0.473633 0.719727 0.168945 1310684759.520361
0.436523 0.779297 0.137695 1310684759.541360
0.450195 0.777344 0.191406 1310684759.585361
0.440430 0.698242 0.191406 1310684759.598363
0.416016 0.718750 0.191406 1310684759.640343
0.467773 0.744141 0.198242 1310684759.685364
0.439453 0.703125 0.186523 1310684759.709367
0.416992 0.709961 0.170898 1310684759.739365
0.431641 0.729492 0.202148 1310684759.761355
0.438477 0.690430 0.170898 1310684759.812368
0.428711 0.748047 0.181641 1310684759.835374
0.427734 0.787109 0.152344 1310684759.912360
0.421875 0.746094 0.167969 1310684759.945362
0.408203 0.740234 0.130859 1310684759.959372
0.448242 0.732422 0.169922 1310684759.961363
0.448242 0.732422 0.169922 1310684759.982366
0.428711 0.752930 0.154297 1310684760.026380
0.456055 0.741211 0.192383 1310684760.070714
0.430664 0.723633 0.166992 1310684760.114371
0.462891 0.745117 0.167969 1310684760.115382
0.417969 0.749023 0.156250 1310684760.161374
0.457031 0.753906 0.143555 1310684760.205375
0.428711 0.760742 0.133789 1310684760.227378
0.444336 0.750000 0.123047 1310684760.270369
0.421875 0.703125 0.152344 1310684760.292378
0.467773 0.751953 0.149414 1310684760.315378
0.438477 0.750000 0.151367 1310684760.338374
0.420898 0.750000 0.151367 1310684760.381370
0.399414 0.764648 0.112305 1310684760.419381
0.441406 0.734375 0.144531 1310684760.441377
0.458008 0.732422 0.160156 1310684760.484378
0.460938 0.734375 0.148438 1310684760.506401
0.451172 0.742188 0.112305 1310684760.550365
0.450195 0.744141 0.129883 1310684760.571371
0.455078 0.761719 0.137695 1310684760.615383
0.425781 0.773438 0.144531 1310684760.636384
0.441406 0.734375 0.167969 1310684760.680363
0.415039 0.750000 0.139648 1310684760.704388
0.447266 0.500000 0.139648 1310684760.727387
0.413086 0.728516 0.169922 1310684760.794384
0.430664 0.775391 0.142578 1310684760.816385
0.461914 0.739258 0.125000 1310684760.839387
0.473633 0.771484 0.119141 1310684760.861385
0.421875 0.769531 0.100586 1310684760.905394
0.415039 0.760742 0.121094 1310684760.932394
0.413086 0.787109 0.138672 1310684760.967388
0.428711 0.746094 0.131836 1310684760.990388
0.412109 0.744141 0.109375 1310684761.035404
0.462891 0.786133 0.126953 1310684761.057376
0.436523 0.736328 0.121094 1310684761.101391
0.416992 0.736328 0.121094 1310684761.124386
0.449219 0.838867 0.032227 1310684761.197389
0.485352 0.810547 0.079102 1310684761.199394
0.443359 0.787109 0.052734 1310684761.217389
0.495117 0.827148 0.051758 1310684761.242393
0.565430 0.724609 0.112305 1310684761.277392
0.635742 0.795898 -0.083008 1310684761.325395
0.630859 0.867188 -0.101562 1310684761.369432
0.739258 0.703125 -0.043945 1310684761.391404
0.820312 0.708984 -0.062500 1310684761.414392
0.760742 0.645508 -0.096680 1310684761.435402
0.816406 0.634766 -0.212891 1310684761.479409
0.842773 0.490234 -0.283203 1310684761.504392
0.863281 0.417969 -0.192383 1310684761.549396
0.894531 0.438477 -0.218750 1310684761.574421
0.955078 0.517578 -0.140625 1310684761.612402
0.955078 0.434570 -0.153320 1310684761.655393
0.835938 0.393555 -0.153320 1310684761.677398
0.978516 0.281250 -0.158203 1310684761.722399
1.097656 0.217773 -0.120117 1310684761.744405
1.043945 0.193359 -0.175781 1310684761.766409
1.161133 0.191406 -0.071289 1310684761.811410
1.064453 0.061523 -0.120117 1310684761.834399
0.945312 0.025391 -0.121094 1310684761.857406
0.922852 0.038086 -0.128906 1310684761.902402
0.879883 0.046875 -0.134766 1310684761.946406
0.911133 0.103516 -0.141602 1310684761.967405
0.884766 0.077148 -0.167969 1310684762.002407
0.873047 0.103516 -0.209961 1310684762.024411
0.856445 0.103516 -0.209961 1310684762.072428
0.826172 0.147461 -0.156250 1310684762.090412
0.749023 0.141602 -0.137695 1310684762.119415
0.795898 0.090820 -0.186523 1310684762.165414
0.794922 0.120117 -0.165039 1310684762.187417
0.772461 0.048828 -0.150391 1310684762.209411
0.849609 0.087891 -0.109375 1310684762.251416
0.910156 0.121094 -0.085938 1310684762.294415
0.946289 0.116211 -0.085938 1310684762.304558
0.946289 0.116211 -0.085938 1310684762.350421
0.928711 0.151367 -0.003906 1310684762.375415
0.988281 0.234375 0.072266 1310684762.403419
1.088867 0.233398 0.074219 1310684762.451415
1.086914 0.133789 -0.058594 1310684762.490409
0.968750 0.066406 -0.075195 1310684762.511414
0.910156 0.031250 -0.102539 1310684762.534417
0.929688 -0.025391 -0.092773 1310684762.579404
0.970703 0.050781 -0.092773 1310684762.607417
1.014648 0.095703 -0.125977 1310684762.651416
0.964844 0.130859 -0.062500 1310684762.672518
0.939453 0.104492 -0.052734 1310684762.695413
0.943359 0.061523 -0.077148 1310684762.740424
0.946289 0.024414 -0.073242 1310684762.794421
0.937500 0.024414 -0.073242 1310684762.795428
0.946289 0.083008 -0.064453 1310684762.826415
0.965820 0.122070 -0.093750 1310684762.857402
0.960938 0.125977 -0.089844 1310684762.901397
0.929688 0.125000 -0.077148 1310684762.936419
0.944336 0.081055 -0.094727 1310684762.959420
0.952148 0.081055 -0.094727 1310684762.980388
0.958008 0.110352 -0.075195 1310684763.029417
0.997070 0.115234 -0.099609 1310684763.064433
0.929688 0.112305 -0.082031 1310684763.087431
0.988281 0.103516 -0.103516 1310684763.130429
0.962891 0.083984 -0.117188 1310684763.151435
0.962891 0.065430 -0.133789 1310684763.173428
0.942383 0.040039 -0.092773 1310684763.238427
0.966797 0.074219 -0.134766 1310684763.265436
0.979492 0.081055 -0.097656 1310684763.290435
0.946289 0.076172 -0.098633 1310684763.311436
0.956055 0.122070 -0.138672 1310684763.332426
1.009766 0.118164 -0.091797 1310684763.377432
0.998047 0.127930 -0.134766 1310684763.421448
0.982422 0.180664 -0.138672 1310684763.446438
0.900391 0.255859 -0.079102 1310684763.490434
0.919922 0.179688 -0.113281 1310684763.511444
0.912109 0.291992 -0.125977 1310684763.533414
0.918945 0.339844 -0.130859 1310684763.576451
0.876953 0.266602 -0.134766 1310684763.618438
0.762695 0.259766 -0.153320 1310684763.640404
0.742188 0.261719 -0.155273 1310684763.666433
0.752930 0.271484 -0.183594 1310684763.706445
0.766602 0.247070 -0.183594 1310684763.775444
0.831055 0.250000 -0.157227 1310684763.796442
0.842773 0.291992 -0.203125 1310684763.797421
0.809570 0.285156 -0.216797 1310684763.861447
0.903320 0.278320 -0.256836 1310684763.862435
0.898438 0.402344 -0.284180 1310684763.896449
0.900391 0.405273 -0.254883 1310684763.922442
0.887695 0.439453 -0.274414 1310684763.971443
0.871094 0.399414 -0.327148 1310684763.993426
0.965820 0.465820 -0.178711 1310684764.015453
0.884766 0.421875 -0.012695 1310684764.061452
0.840820 0.327148 -0.132812 1310684764.085431
0.852539 0.327148 -0.132812 1310684764.127456
0.870117 0.417969 -0.111328 1310684764.155454
0.911133 0.562500 -0.139648 1310684764.177444
0.799805 0.716797 -0.215820 1310684764.220462
0.725586 0.672852 -0.294922 1310684764.241434
0.711914 0.833008 -0.291992 1310684764.283412
0.708984 0.678711 -0.333008 1310684764.327437
0.697266 0.630859 -0.292969 1310684764.350450
0.742188 0.732422 -0.247070 1310684764.373459
0.713867 0.630859 -0.264648 1310684764.417439
0.703125 0.618164 -0.268555 1310684764.438436
0.750000 0.660156 -0.233398 1310684764.482456
0.690430 0.718750 -0.187500 1310684764.516462
0.593750 0.679688 -0.216797 1310684764.537453
0.581055 0.738281 -0.179688 1310684764.575455
0.639648 0.757812 -0.190430 1310684764.597455
0.646484 0.680664 -0.164062 1310684764.643457
0.620117 0.699219 -0.094727 1310684764.663463
0.620117 0.699219 -0.094727 1310684764.687469
0.573242 0.792969 -0.105469 1310684764.733454
0.547852 0.861328 -0.036133 1310684764.780461
0.509766 0.871094 -0.015625 1310684764.802461
0.452148 0.852539 0.031250 1310684764.825460
0.449219 0.852539 0.031250 1310684764.847467
0.434570 0.748047 0.073242 1310684764.893593
0.466797 0.783203 0.083984 1310684764.936472
0.557617 0.794922 0.037109 1310684764.958442
0.532227 0.755859 0.036133 1310684764.983444
0.516602 0.790039 0.024414 1310684765.060467
0.496094 0.790039 0.024414 1310684765.061463
0.470703 0.738281 0.010742 1310684765.102467
0.465820 0.783203 0.093750 1310684765.125468
0.445312 0.755859 0.136719 1310684765.147471
0.427734 0.757812 0.100586 1310684765.191479
0.436523 0.798828 0.120117 1310684765.213472
0.465820 0.785156 0.090820 1310684765.239475
0.453125 0.769531 0.087891 1310684765.282466
0.428711 0.734375 0.141602 1310684765.306470
0.424805 0.712891 0.170898 1310684765.343476
0.439453 0.665039 0.176758 1310684765.387477
0.422852 0.701172 0.176758 1310684765.408472
0.439453 0.674805 0.180664 1310684765.431434
0.396484 0.734375 0.180664 1310684765.475475
0.339844 0.779297 0.223633 1310684765.520462
0.362305 0.763672 0.187500 1310684765.541477
0.312500 0.790039 0.203125 1310684765.565486
0.309570 0.768555 0.276367 1310684765.606476
0.305664 0.757812 0.261719 1310684765.650478
0.320312 0.779297 0.232422 1310684765.672483
0.332031 0.747070 0.245117 1310684765.695485
0.331055 0.728516 0.243164 1310684765.737458
0.350586 0.725586 0.192383 1310684765.760479
0.374023 0.753906 0.192383 1310684765.803488
0.374023 0.725586 0.191406 1310684765.826486
0.366211 0.744141 0.190430 1310684765.868487
0.366211 0.795898 0.205078 1310684765.893492
0.327148 0.786133 0.208008 1310684765.917483
0.330078 0.788086 0.182617 1310684765.957486
0.346680 0.738281 0.234375 1310684765.978483
0.346680 0.738281 0.234375 1310684766.023465
0.352539 0.749023 0.228516 1310684766.067484
0.349609 0.766602 0.201172 1310684766.090494
0.365234 0.791016 0.190430 1310684766.112492
0.359375 0.766602 0.179688 1310684766.155487
0.359375 0.766602 0.179688 1310684766.177490
0.359375 0.756836 0.195312 1310684766.222489
0.365234 0.744141 0.220703 1310684766.245477
0.326172 0.752930 0.237305 1310684766.312516
0.381836 0.746094 0.189453 1310684766.351506
0.340820 0.770508 0.213867 1310684766.371471
0.320312 0.764648 0.217773 1310684766.372471
0.358398 0.805664 0.184570 1310684766.413486
0.331055 0.833984 0.184570 1310684766.436472
0.338867 0.790039 0.204102 1310684766.480478
0.332031 0.736328 0.228516 1310684766.506477
0.287109 0.806641 0.245117 1310684766.551491
0.309570 0.728516 0.250000 1310684766.576492
0.321289 0.679688 0.279297 1310684766.598476
0.347656 0.752930 0.245117 1310684766.641497
0.355469 0.658203 0.242188 1310684766.663510
0.282227 0.640625 0.258789 1310684766.708501
0.313477 0.676758 0.295898 1310684766.731503
0.305664 0.689453 0.237305 1310684766.756500
0.337891 0.714844 0.170898 1310684766.800532
0.357422 0.788086 0.118164 1310684766.827252
0.269531 0.859375 0.105469 1310684766.873479
0.340820 0.603516 0.242188 1310684766.897513
0.519531 0.603516 0.242188 1310684766.920514
0.475586 0.710938 -0.008789 1310684766.958466
0.702148 0.804688 -0.056641 1310684767.002520
0.897461 0.916992 -0.207031 1310684767.013515
0.970703 0.862305 0.065430 1310684767.046497
0.679688 0.573242 0.017578 1310684767.090512
0.697266 0.823242 0.017578 1310684767.112506
0.665039 0.732422 -0.028320 1310684767.160474
0.709961 0.660156 -0.130859 1310684767.181507
0.876953 0.578125 -0.152344 1310684767.225495
0.830078 0.470703 -0.217773 1310684767.246511
0.827148 0.621094 -0.140625 1310684767.291505
0.811523 0.529297 -0.184570 1310684767.315488
0.807617 0.521484 -0.209961 1310684767.352519
1.000977 0.455078 -0.118164 1310684767.373507
0.979492 0.388672 -0.189453 1310684767.417512
1.082031 0.361328 -0.158203 1310684767.440507
1.128906 0.240234 -0.101562 1310684767.461504
1.125977 0.240234 -0.101562 1310684767.506525
1.032227 0.093750 -0.109375 1310684767.531513
0.933594 -0.075195 -0.022461 1310684767.600530
0.849609 0.009766 -0.040039 1310684767.601492
0.819336 0.034180 -0.104492 1310684767.640500
0.795898 0.021484 -0.146484 1310684767.661486
0.781250 0.075195 -0.181641 1310684767.705534
0.823242 0.060547 -0.206055 1310684767.727533
0.732422 0.073242 -0.196289 1310684767.770511
0.753906 0.115234 -0.182617 1310684767.815527
0.820312 0.109375 -0.147461 1310684767.816515
0.847656 0.137695 -0.153320 1310684767.857532
0.874023 0.157227 -0.118164 1310684767.893501
0.912109 0.093750 -0.145508 1310684767.917514
0.927734 0.112305 -0.137695 1310684767.960532
0.994141 0.121094 -0.126953 1310684767.981525
0.963867 0.102539 -0.116211 1310684768.023531
0.964844 0.070312 -0.090820 1310684768.046525
0.973633 0.019531 -0.062500 1310684768.091508
0.979492 0.031250 -0.080078 1310684768.115539
1.002930 0.088867 -0.077148 1310684768.142539
0.934570 0.140625 -0.055664 1310684768.176527
0.930664 0.175781 -0.025391 1310684768.220515
0.930664 0.175781 -0.025391 1310684768.242519
