0.964844 0.040039 -0.028320 1310680746.146276
1.008789 0.008789 -0.049805 1310680746.173276
0.944336 -0.016602 -0.062500 1310680746.230256
0.937500 0.052734 -0.049805 1310680746.254109
0.894531 0.108398 0.005859 1310680746.264286
0.864258 0.052734 0.023438 1310680746.309365
0.815430 -0.197266 0.023438 1310680746.333359
0.562500 -0.056641 0.574219 1310680746.376361
0.751953 0.394531 1.014648 1310680746.401354
0.859375 0.548828 1.249023 1310680746.444365
1.442383 0.548828 1.249023 1310680746.468287
1.992188 1.037109 1.605469 1310680746.498336
1.984375 1.507812 1.361328 1310680746.568312
1.986328 1.834961 0.963867 1310680746.569357
1.984375 1.447266 0.694336 1310680746.614359
1.570312 1.043945 0.312500 1310680746.615361
0.958984 0.874023 0.049805 1310680746.754368
0.724609 0.703125 0.004883 1310680746.755322
0.681641 0.569336 -0.120117 1310680746.756320
0.776367 0.476562 -0.167969 1310680746.759315
0.897461 0.306641 -0.272461 1310680746.789363
0.838867 0.198242 -0.284180 1310680746.812372
0.754883 0.083984 -0.291992 1310680746.888298
0.701172 0.055664 -0.246094 1310680746.899319
0.772461 -0.014648 -0.148438 1310680746.921375
0.781250 -0.621094 -0.308594 1310680746.950309
-0.141602 -1.492188 -0.191406 1310680746.995354
-0.583984 -1.982422 -0.353516 1310680747.016327
-1.833984 -1.982422 -0.353516 1310680747.038371
-1.717773 -1.982422 -0.445312 1310680747.083312
-1.399414 -1.983398 -0.715820 1310680747.116330
-0.429688 -1.501953 -0.527344 1310680747.143377
0.645508 -0.481445 -0.369141 1310680747.189335
1.606445 0.148438 -0.418945 1310680747.206331
1.982422 0.452148 -0.723633 1310680747.256371
1.982422 0.557617 -0.644531 1310680747.280335
1.979492 0.784180 -0.487305 1310680747.326375
1.979492 0.687500 -0.166016 1310680747.349372
1.983398 0.333008 -0.645508 1310680747.371387
1.981445 0.083008 -0.645508 1310680747.394348
1.983398 0.113281 0.144531 1310680747.441320
1.763672 1.302734 0.939453 1310680747.486338
1.988281 1.608398 1.364258 1310680747.510330
1.919922 1.980469 1.990234 1310680747.531343
1.989258 1.981445 1.988281 1310680747.574380
1.984375 1.300781 1.989258 1310680747.596301
1.983398 0.953125 1.709961 1310680747.646384
1.988281 1.447266 1.166016 1310680747.669390
1.721680 1.423828 0.749023 1310680747.691332
1.275391 1.014648 0.302734 1310680747.735384
1.208984 0.645508 0.012695 1310680747.758362
1.458984 0.645508 0.012695 1310680747.779488
1.441406 0.583984 -0.205078 1310680747.828323
1.701172 0.645508 -0.158203 1310680747.854372
1.741211 0.577148 -0.260742 1310680747.896320
1.694336 0.489258 -0.334961 1310680747.928388
1.469727 0.483398 -0.448242 1310680748.000355
1.349609 0.522461 -0.473633 1310680748.001308
1.045898 0.171875 -0.393555 1310680748.016360
-0.042969 -0.487305 -0.363281 1310680748.059356
-1.033203 -1.177734 -0.568359 1310680748.081360
-1.679688 -1.965820 -0.439453 1310680748.106388
-0.855469 -1.984375 -0.439453 1310680748.151347
-0.573242 -1.984375 -0.367188 1310680748.186394
-0.822266 -1.983398 -0.333984 1310680748.209320
-0.604492 -1.969727 -0.290039 1310680748.256398
-0.185547 -1.411133 -0.354492 1310680748.278360
0.686523 -0.614258 -0.319336 1310680748.321371
1.975586 0.032227 -0.101562 1310680748.343329
1.979492 0.478516 -0.235352 1310680748.366398
1.936523 0.730469 -0.455078 1310680748.404376
1.817383 0.524414 -0.476562 1310680748.428408
1.852539 0.472656 -0.429688 1310680748.471402
1.936523 0.420898 -0.238281 1310680748.494369
1.936523 0.420898 -0.238281 1310680748.518401
1.854492 0.393555 -0.473633 1310680748.560407
1.716797 0.838867 -0.106445 1310680748.604409
1.515625 1.983398 1.985352 1310680748.633410
1.986328 1.982422 1.991211 1310680748.656372
1.992188 1.983398 1.991211 1310680748.700388
1.988281 1.982422 1.991211 1310680748.736410
1.986328 1.129883 1.989258 1310680748.761364
1.988281 1.417969 1.343750 1310680748.784380
1.904297 1.411133 0.690430 1310680748.830398
1.319336 1.043945 0.314453 1310680748.854368
1.261719 0.733398 -0.036133 1310680748.891400
1.557617 0.593750 -0.170898 1310680748.924409
1.718750 0.595703 -0.184570 1310680748.956388
1.760742 0.597656 -0.190430 1310680748.988418
1.712891 0.493164 -0.318359 1310680749.030410
1.625000 0.476562 -0.318359 1310680749.043421
1.615234 0.500000 -0.305664 1310680749.078408
1.536133 0.500000 -0.305664 1310680749.120384
1.347656 0.164062 -0.461914 1310680749.149419
0.838867 -0.802734 -0.998047 1310680749.196360
-1.887695 -1.982422 -1.967773 1310680749.219425
-1.183594 -1.982422 -1.523438 1310680749.296345
-1.740234 -1.982422 -1.523438 1310680749.316391
-0.443359 -1.983398 -1.182617 1310680749.319467
0.154297 -1.637695 -0.954102 1310680749.343357
1.000000 -0.452148 -0.679688 1310680749.365419
1.883789 -0.344727 -0.517578 1310680749.410380
1.982422 0.252930 -0.491211 1310680749.434428
1.983398 0.916992 -0.491211 1310680749.457368
1.981445 0.526367 0.022461 1310680749.504390
1.980469 0.205078 -0.119141 1310680749.525374
1.981445 0.135742 -0.224609 1310680749.569430
1.853516 -0.009766 -0.250977 1310680749.594501
1.819336 -0.175781 -0.108398 1310680749.638424
1.740234 0.564453 -0.108398 1310680749.661428
1.740234 0.564453 -0.108398 1310680749.684391
1.989258 1.455078 1.971680 1310680749.720388
1.984375 1.416992 1.988281 1310680749.753393
1.983398 1.307617 1.988281 1310680749.796371
1.981445 0.388672 1.526367 1310680749.820416
1.985352 0.388672 1.526367 1310680749.843369
1.985352 0.965820 0.835938 1310680749.889435
1.259766 0.808594 0.623047 1310680749.931429
0.982422 0.931641 0.396484 1310680749.954426
1.205078 0.776367 0.121094 1310680749.998375
1.605469 0.697266 -0.128906 1310680749.999360
1.723633 0.642578 -0.180664 1310680750.050438
1.808594 0.490234 -0.091797 1310680750.074446
1.829102 0.541992 -0.169922 1310680750.120365
1.831055 0.514648 -0.311523 1310680750.145448
1.797852 0.272461 -0.491211 1310680750.166434
1.413086 -0.106445 -0.573242 1310680750.210417
0.960938 -0.319336 -0.741211 1310680750.254434
-0.718750 -1.375977 -0.944336 1310680750.275387
-1.990234 -1.982422 -1.169922 1310680750.298435
-1.415039 -1.821289 -1.121094 1310680750.345380
-0.847656 -1.982422 -1.090820 1310680750.368436
-0.426758 -1.982422 -0.890625 1310680750.391390
-0.195312 -1.982422 -0.890625 1310680750.428375
0.414062 -1.228516 -0.355469 1310680750.463400
1.297852 -0.607422 -0.306641 1310680750.586432
1.981445 -0.069336 -0.303711 1310680750.589399
1.981445 0.525391 -0.321289 1310680750.590397
1.981445 0.525391 -0.321289 1310680750.591442
1.851562 0.603516 -0.044922 1310680750.634414
1.647461 0.373047 -0.499023 1310680750.656722
1.980469 0.321289 -0.291016 1310680750.700387
1.846680 -0.044922 -0.280273 1310680750.721442
1.741211 0.228516 -0.262695 1310680750.744443
1.663086 0.947266 0.539062 1310680750.789444
1.915039 1.454102 0.570312 1310680750.813436
1.988281 1.976562 1.694336 1310680750.861438
1.990234 1.988281 1.983398 1310680750.894378
1.980469 0.509766 1.991211 1310680750.915377
1.981445 0.916992 1.713867 1310680750.959441
1.985352 1.391602 1.569336 1310680750.982465
1.985352 1.391602 1.569336 1310680750.998452
1.384766 1.233398 0.411133 1310680751.046442
1.416992 0.851562 -0.107422 1310680751.089455
1.693359 0.592773 -0.268555 1310680751.110459
1.749023 0.630859 -0.115234 1310680751.154398
1.981445 0.608398 -0.112305 1310680751.178458
1.981445 0.505859 -0.282227 1310680751.220433
1.945312 0.345703 -0.374023 1310680751.243456
1.869141 0.178711 -0.430664 1310680751.286406
1.709961 -0.115234 -0.605469 1310680751.309435
1.399414 -0.365234 -0.605469 1310680751.331460
0.365234 -0.980469 -0.798828 1310680751.374425
-1.375977 -1.398438 -0.855469 1310680751.399451
-1.641602 -1.981445 -1.114258 1310680751.443431
-1.984375 -1.984375 -1.124023 1310680751.488398
-1.314453 -1.982422 -0.875000 1310680751.489377
-0.819336 -1.982422 -0.875000 1310680751.529462
-0.087891 -1.325195 -0.633789 1310680751.574429
0.733398 -0.654297 -0.175781 1310680751.598414
1.391602 -0.060547 -0.054688 1310680751.643392
1.689453 0.235352 -0.192383 1310680751.666398
1.595703 0.463867 -0.129883 1310680751.698415
1.416992 0.356445 -0.110352 1310680751.721396
1.339844 0.394531 -0.199219 1310680751.764392
1.375000 0.435547 -0.178711 1310680751.785464
1.458984 0.355469 -0.176758 1310680751.864480
1.479492 0.486328 0.067383 1310680751.865466
1.436523 0.342773 0.316406 1310680751.878415
1.883789 0.834961 0.964844 1310680751.923450
1.985352 1.080078 0.985352 1310680751.946422
1.989258 1.980469 1.138672 1310680751.989412
1.746094 1.772461 1.391602 1310680752.013395
1.739258 1.032227 1.002930 1310680752.055484
1.299805 0.436523 0.753906 1310680752.076397
1.000977 0.941406 0.711914 1310680752.099466
0.532227 1.106445 0.432617 1310680752.145408
0.346680 0.722656 0.044922 1310680752.188422
0.459961 0.492188 -0.077148 1310680752.211416
0.541992 0.283203 -0.129883 1310680752.234407
0.755859 0.191406 -0.129883 1310680752.264418
1.202148 0.208984 -0.083008 1310680752.308393
1.552734 0.114258 -0.059570 1310680752.351392
1.019531 -0.012695 -0.212891 1310680752.374426
0.804688 0.097656 -0.181641 1310680752.401475
0.891602 0.191406 -0.070312 1310680752.431395
0.842773 0.285156 -0.059570 1310680752.471428
0.712891 0.285156 -0.059570 1310680752.484450
0.705078 0.190430 -0.091797 1310680752.529432
0.832031 0.155273 -0.089844 1310680752.596471
0.966797 0.132812 -0.114258 1310680752.599473
1.020508 0.115234 -0.108398 1310680752.643415
1.002930 0.158203 -0.108398 1310680752.644401
0.972656 0.241211 -0.000977 1310680752.716436
0.951172 0.257812 0.037109 1310680752.720427
0.970703 0.205078 0.083008 1310680752.749491
1.027344 0.179688 0.077148 1310680752.790410
0.988281 0.040039 0.139648 1310680752.814455
0.976562 0.073242 0.274414 1310680752.858412
0.948242 0.870117 0.248047 1310680752.880462
0.934570 0.547852 0.069336 1310680752.923491
0.909180 0.298828 -0.002930 1310680752.945487
