1.136719 -0.058594 0.289062 1310160621.607040
1.056641 0.044922 0.233398 1310160621.626015
0.982422 0.226562 0.233398 1310160621.653997
0.982422 0.226562 0.233398 1310160621.698057
0.903320 0.402344 -0.016602 1310160621.726048
0.760742 0.310547 -0.002930 1310160621.771041
0.664062 0.512695 -0.139648 1310160621.792054
0.437500 0.074219 0.147461 1310160621.842060
0.375000 0.517578 0.147461 1310160621.844045
0.380859 0.648438 -0.306641 1310160621.891053
0.436523 0.518555 -0.471680 1310160621.936058
0.536133 0.523438 -0.638672 1310160621.957053
0.551758 0.690430 -0.794922 1310160622.001053
0.443359 0.896484 -1.125000 1310160622.022055
0.296875 0.929688 -1.442383 1310160622.046056
-0.010742 1.096680 -1.628906 1310160622.088054
0.297852 1.474609 -1.806641 1310160622.111060
0.490234 1.391602 -1.908203 1310160622.154038
0.452148 1.408203 -1.976562 1310160622.177063
0.307617 1.738281 -1.669922 1310160622.227060
0.291016 0.928711 -1.162109 1310160622.251056
0.033203 0.576172 -0.700195 1310160622.277065
-0.217773 0.191406 -0.421875 1310160622.319042
-0.271484 -0.046875 -0.474609 1310160622.342074
-0.479492 0.161133 -0.183594 1310160622.364061
-0.670898 -0.111328 0.161133 1310160622.411042
-0.675781 -0.539062 0.086914 1310160622.454061
-0.621094 -0.426758 0.143555 1310160622.504078
-0.231445 -0.836914 -0.067383 1310160622.505065
0.462891 -0.505859 0.431641 1310160622.541063
1.983398 0.689453 0.908203 1310160622.583067
1.977539 -0.494141 0.015625 1310160622.585065
-0.496094 -0.128906 0.015625 1310160622.634067
1.624023 0.532227 0.678711 1310160622.677044
1.752930 1.803711 -0.375000 1310160622.737070
1.989258 1.865234 0.252930 1310160622.759067
0.513672 -0.634766 0.406250 1310160622.761066
-0.523438 0.263672 0.134766 1310160622.783070
-1.007812 0.263672 0.134766 1310160622.829065
-1.415039 0.457031 0.710938 1310160622.854073
-1.068359 0.534180 0.394531 1310160622.897070
-1.202148 1.824219 0.093750 1310160622.921067
-0.769531 1.608398 0.276367 1310160622.964077
-0.894531 1.238281 -0.045898 1310160623.021087
-0.862305 0.937500 -0.109375 1310160623.022066
-0.790039 0.703125 -0.059570 1310160623.066082
-0.639648 0.609375 -0.216797 1310160623.089073
-0.766602 0.724609 -0.509766 1310160623.112080
-0.532227 0.634766 -0.591797 1310160623.157074
-0.698242 0.757812 -0.591797 1310160623.172082
-1.367188 1.970703 -1.924805 1310160623.221077
-1.037109 1.972656 -1.668945 1310160623.243079
-1.033203 1.356445 -1.660156 1310160623.278079
-1.097656 1.214844 -1.402344 1310160623.319089
-0.990234 0.733398 -1.314453 1310160623.341080
-0.865234 0.450195 -1.041016 1310160623.384082
-0.895508 -0.340820 -0.474609 1310160623.407081
-1.247070 -0.666992 -0.315430 1310160623.449064
-0.965820 -0.457031 -0.483398 1310160623.472083
-0.234375 -0.388672 0.121094 1310160623.517084
1.057617 0.634766 0.499023 1310160623.519081
1.981445 0.157227 0.041992 1310160623.566083
1.982422 0.358398 0.519531 1310160623.612077
0.346680 -0.375977 -0.515625 1310160623.634035
-0.400391 0.195312 0.178711 1310160623.678034
1.651367 0.878906 0.151367 1310160623.687074
1.990234 1.446289 -0.348633 1310160623.739107
1.715820 1.446289 -0.348633 1310160623.837097
0.206055 -0.511719 0.411133 1310160623.840088
-0.218750 0.655273 0.336914 1310160623.858090
-0.713867 0.892578 0.306641 1310160623.859088
-0.606445 1.072266 1.514648 1310160623.882092
-0.857422 1.982422 0.764648 1310160623.926088
-1.217773 1.980469 0.410156 1310160623.957094
-0.898438 1.703125 0.182617 1310160623.991267
-1.025391 1.981445 -0.185547 1310160624.034096
-0.824219 0.821289 -0.423828 1310160624.056094
-0.667969 0.535156 -0.437500 1310160624.081096
-0.667969 0.535156 -0.437500 1310160624.104091
-0.525391 0.437500 -0.387695 1310160624.176095
-0.275391 0.437500 -0.387695 1310160624.177095
-0.251953 0.384766 -0.405273 1310160624.221091
-0.381836 0.698242 -0.506836 1310160624.243109
-0.428711 0.783203 -0.869141 1310160624.291103
-0.428711 0.783203 -0.869141 1310160624.292097
-0.955078 1.850586 -1.385742 1310160624.353102
-1.000000 1.773438 -1.263672 1310160624.377082
-1.041016 1.927734 -1.232422 1310160624.429101
-0.963867 1.982422 -0.722656 1310160624.444096
-1.044922 1.181641 -0.642578 1310160624.472144
-1.054688 0.981445 -0.598633 1310160624.497103
-1.110352 0.814453 -0.410156 1310160624.541104
-0.738281 0.528320 -0.529297 1310160624.568103
-0.374023 -0.402344 -0.707031 1310160624.593110
0.328125 -0.635742 -0.414062 1310160624.638107
1.814453 0.186523 0.538086 1310160624.661102
1.979492 0.128906 0.554688 1310160624.709113
1.975586 -0.136719 0.007812 1310160624.731105
0.251953 -0.587891 -0.688477 1310160624.767112
0.991211 0.568359 0.196289 1310160624.798109
1.598633 1.709961 -0.237305 1310160624.819107
1.265625 0.817383 -0.082031 1310160624.844112
0.611328 0.817383 -0.082031 1310160624.894113
0.055664 0.099609 0.155273 1310160624.919140
-0.250977 1.130859 0.331055 1310160624.964106
-0.568359 1.522461 0.492188 1310160624.977116
-0.849609 1.982422 0.389648 1310160625.096122
-1.241211 1.982422 1.121094 1310160625.142106
0.383789 1.979492 0.633789 1310160625.143112
-1.137695 1.457031 -0.690430 1310160625.148116
1.452148 0.410156 0.090820 1310160625.164117
-0.603516 1.074219 -0.407227 1310160625.186119
-0.329102 0.555664 -0.333008 1310160625.211125
-0.508789 0.330078 -0.333008 1310160625.234124
-0.477539 0.703125 -0.431641 1310160625.276119
-0.406250 0.762695 -0.480469 1310160625.309108
-0.204102 0.454102 -0.417969 1310160625.351115
-0.208984 0.430664 -0.478516 1310160625.373121
-0.346680 0.618164 -0.701172 1310160625.417101
-0.451172 0.718750 -0.693359 1310160625.441119
-0.534180 1.102539 -0.704102 1310160625.462006
-0.425781 1.980469 -0.674805 1310160625.507121
0.316406 1.979492 -1.119141 1310160625.529123
-0.323242 1.981445 -1.012695 1310160625.574124
-0.098633 1.980469 -0.473633 1310160625.597130
-0.067383 1.730469 -0.473633 1310160625.618120
-0.121094 1.136719 0.198242 1310160625.670073
-0.506836 0.139648 -0.002930 1310160625.713129
-1.208984 -0.887695 -0.310547 1310160625.734118
-0.743164 -0.122070 -0.227539 1310160625.758131
0.063477 0.311523 -0.227539 1310160625.780136
1.688477 -0.114258 0.102539 1310160625.828127
1.978516 -0.375000 0.429688 1310160625.851130
1.981445 0.476562 -0.729492 1310160625.879124
-0.180664 0.143555 0.226562 1310160625.924157
1.379883 0.359375 0.186523 1310160625.947133
1.978516 1.715820 -0.313477 1310160625.976137
1.647461 0.310547 0.228516 1310160626.022143
-0.351562 -0.708984 0.548828 1310160626.064131
-0.391602 0.614258 0.389648 1310160626.089132
-0.791016 1.025391 0.364258 1310160626.116134
-0.297852 0.789062 0.953125 1310160626.137131
-0.297852 0.789062 0.953125 1310160626.181139
-0.697266 1.986328 0.243164 1310160626.221137
-0.753906 1.905273 0.213867 1310160626.244138
-0.700195 1.826172 0.041016 1310160626.288143
-0.719727 1.409180 -0.009766 1310160626.309137
-0.625977 0.964844 -0.064453 1310160626.412142
-0.625977 0.964844 -0.064453 1310160626.432147
-0.498047 0.533203 -0.188477 1310160626.435143
-0.544922 0.485352 -0.184570 1310160626.446160
-0.554688 0.560547 -0.107422 1310160626.497092
-0.072266 0.622070 0.054688 1310160626.509298
-0.227539 0.592773 -0.370117 1310160626.531091
-0.544922 0.715820 -0.337891 1310160626.574123
-0.726562 1.257812 -0.587891 1310160626.585144
-0.850586 1.741211 -0.672852 1310160626.632147
-0.727539 1.884766 -0.439453 1310160626.668151
-0.723633 1.842773 -0.353516 1310160626.696166
-0.605469 1.458008 -0.135742 1310160626.719149
-0.610352 1.980469 0.025391 1310160626.763146
-0.958008 1.436523 -0.041992 1310160626.811148
-0.843750 1.186523 0.121094 1310160626.829146
-1.122070 0.726562 -0.075195 1310160626.874147
-1.139648 0.116211 -0.142578 1310160626.879153
-1.134766 -0.662109 -0.297852 1310160626.924149
-0.966797 -1.267578 -0.374023 1310160626.971157
0.072266 -0.383789 -0.111328 1310160626.994152
1.818359 0.243164 0.188477 1310160627.017149
1.982422 0.041992 0.188477 1310160627.041159
1.977539 -0.382812 -0.538086 1310160627.088131
0.291016 0.641602 -0.241211 1310160627.110165
1.894531 1.470703 -0.445312 1310160627.134151
1.985352 0.847656 0.304688 1310160627.180151
1.204102 -0.050781 0.790039 1310160627.203159
-0.080078 0.177734 0.500000 1310160627.249155
-0.253906 0.810547 0.977539 1310160627.273159
-0.248047 0.361328 0.977539 1310160627.296161
-0.179688 1.269531 0.612305 1310160627.341165
-0.192383 1.828125 0.463867 1310160627.364160
-0.200195 1.980469 0.368164 1310160627.409162
-0.341797 1.982422 0.316406 1310160627.432154
-0.394531 1.437500 0.242188 1310160627.476159
-0.333008 1.331055 0.139648 1310160627.489169
-0.303711 1.331055 0.139648 1310160627.522168
-0.233398 1.031250 -0.056641 1310160627.576164
-0.310547 0.916016 -0.042969 1310160627.597166
-0.252930 0.880859 0.027344 1310160627.671141
-0.201172 0.690430 -0.002930 1310160627.697125
-0.221680 0.452148 -0.062500 1310160627.717144
-0.222656 0.661133 0.018555 1310160627.718140
0.081055 0.894531 0.263672 1310160627.749140
0.276367 0.675781 0.156250 1310160627.786143
0.254883 1.048828 0.122070 1310160627.811143
0.014648 0.706055 0.122070 1310160627.855215
0.018555 0.880859 0.296875 1310160627.897148
-0.005859 1.148438 0.257812 1310160627.918171
0.159180 1.132812 0.262695 1310160627.961166
0.177734 1.019531 0.203125 1310160627.984173
0.161133 0.954102 0.183594 1310160628.008171
0.206055 0.823242 0.172852 1310160628.032174
0.145508 0.857422 0.167969 1310160628.076180
0.103516 0.746094 0.133789 1310160628.119175
0.089844 0.693359 0.069336 1310160628.143173
0.058594 0.894531 0.072266 1310160628.189166
0.224609 0.717773 0.048828 1310160628.213176
0.474609 0.717773 0.048828 1310160628.236169
0.371094 0.717773 0.048828 1310160628.261172
0.492188 0.724609 0.163086 1310160628.317178
0.522461 0.650391 0.162109 1310160628.339175
0.507812 0.674805 0.159180 1310160628.362200
0.500977 0.593750 0.215820 1310160628.408179
0.639648 0.806641 0.254883 1310160628.433168
0.521484 0.621094 0.191406 1310160628.477183
0.314453 0.312500 0.016602 1310160628.498182
0.025391 0.215820 -0.060547 1310160628.542183
0.179688 0.430664 -0.011719 1310160628.564182
0.342773 0.546875 0.119141 1310160628.587168
0.606445 0.574219 0.084961 1310160628.637154
0.941406 0.537109 0.186523 1310160628.659212
1.741211 0.582031 0.382812 1310160628.702218
1.717773 0.076172 0.092773 1310160628.724191
1.106445 0.099609 0.153320 1310160628.747206
0.914062 0.132812 0.312500 1310160628.790192
0.983398 -0.314453 0.212891 1310160628.814189
