0.903320 0.159180 0.111328 1309541324.631105
0.872070 0.147461 0.131836 1309541324.653104
0.928711 0.129883 0.132812 1309541324.680173
0.919922 0.115234 0.176758 1309541324.723107
0.964844 0.104492 0.195312 1309541324.745105
0.948242 0.058594 0.261719 1309541324.790103
0.971680 0.057617 0.333984 1309541324.810110
0.988281 0.032227 0.333984 1309541324.843112
1.059570 -0.003906 0.504883 1309541324.868099
1.112305 0.005859 0.568359 1309541324.957109
1.106445 0.031250 0.603516 1309541324.958106
1.118164 0.230469 0.733398 1309541324.978110
1.138672 0.170898 0.662109 1309541325.000111
1.215820 0.247070 0.643555 1309541325.021087
1.215820 0.247070 0.643555 1309541325.064470
1.142578 0.470703 0.643555 1309541325.108121
1.066406 0.441406 0.593750 1309541325.154110
1.021484 0.468750 0.536133 1309541325.155110
0.902344 0.572266 0.531250 1309541325.198110
0.818359 0.572266 0.531250 1309541325.221088
0.737305 0.554688 0.337891 1309541325.265124
0.523438 0.584961 0.308594 1309541325.308118
0.423828 0.556641 0.323242 1309541325.332125
0.299805 0.426758 0.242188 1309541325.353110
0.124023 0.390625 0.186523 1309541325.396119
0.011719 0.297852 0.112305 1309541325.419118
-0.106445 0.091797 -0.016602 1309541325.462122
-0.251953 -0.063477 -0.120117 1309541325.485122
-0.327148 -0.255859 -0.254883 1309541325.531122
-0.364258 -0.313477 -0.307617 1309541325.552129
-0.339844 -0.510742 -0.439453 1309541325.596125
-0.339844 -0.510742 -0.439453 1309541325.618125
-0.490234 -0.984375 -0.820312 1309541325.647124
-0.512695 -1.102539 -0.912109 1309541325.690122
-0.495117 -1.239258 -0.964844 1309541325.711128
-0.500000 -1.140625 -0.838867 1309541325.735125
-0.558594 -1.030273 -0.732422 1309541325.782132
-0.523438 -0.806641 -0.539062 1309541325.817126
-0.470703 -0.634766 -0.413086 1309541325.840118
-0.445312 -0.445312 -0.313477 1309541325.887134
-0.414062 -0.255859 -0.209961 1309541325.908128
-0.360352 -0.091797 -0.078125 1309541325.932128
-0.239258 0.034180 -0.078125 1309541325.955159
-0.180664 0.213867 0.073242 1309541326.020130
-0.058594 0.294922 0.094727 1309541326.042134
0.155273 0.363281 0.221680 1309541326.063131
0.332031 0.449219 0.255859 1309541326.108137
0.352539 0.585938 0.242188 1309541326.131147
0.621094 0.607422 0.286133 1309541326.156137
0.698242 0.656250 0.333984 1309541326.246134
0.811523 0.824219 0.409180 1309541326.247131
0.891602 0.804688 0.473633 1309541326.266140
0.923828 0.954102 0.637695 1309541326.288132
0.947266 0.982422 0.824219 1309541326.332143
0.958008 1.128906 1.105469 1309541326.355137
0.935547 1.258789 1.105469 1309541326.379136
0.850586 1.314453 1.460938 1309541326.425142
0.890625 1.409180 1.495117 1309541326.453136
0.946289 1.235352 1.228516 1309541326.475139
1.047852 1.099609 1.062500 1309541326.517142
1.058594 0.885742 0.812500 1309541326.539155
1.083008 0.824219 0.743164 1309541326.586145
1.079102 0.773438 0.585938 1309541326.630143
0.971680 0.751953 0.491211 1309541326.655143
0.788086 0.706055 0.452148 1309541326.678143
0.744141 0.638672 0.366211 1309541326.725154
0.523438 0.541992 0.224609 1309541326.747147
0.314453 0.558594 0.223633 1309541326.773143
0.235352 0.408203 0.184570 1309541326.817146
0.044922 0.146484 -0.020508 1309541326.838143
-0.087891 -0.042969 -0.133789 1309541326.880147
-0.156250 -0.129883 -0.228516 1309541326.903151
-0.156250 -0.129883 -0.228516 1309541326.931148
-0.217773 -0.451172 -0.441406 1309541326.985150
-0.266602 -0.761719 -0.726562 1309541327.006149
-0.349609 -1.067383 -0.938477 1309541327.028152
-0.362305 -1.288086 -1.013672 1309541327.073159
-0.357422 -1.288086 -1.013672 1309541327.095147
-0.313477 -1.148438 -0.866211 1309541327.138151
-0.327148 -0.984375 -0.734375 1309541327.162156
-0.312500 -0.815430 -0.579102 1309541327.205148
-0.312500 -0.605469 -0.449219 1309541327.227159
-0.405273 -0.458008 -0.354492 1309541327.257148
-0.293945 -0.458008 -0.354492 1309541327.283157
-0.218750 -0.014648 0.022461 1309541327.333156
-0.200195 0.126953 0.121094 1309541327.348158
-0.153320 0.208984 0.125977 1309541327.391155
0.090820 0.434570 0.206055 1309541327.413155
0.171875 0.517578 0.293945 1309541327.460156
0.333984 0.474609 0.296875 1309541327.513165
0.496094 0.664062 0.234375 1309541327.540159
0.644531 0.865234 0.360352 1309541327.562175
0.788086 0.865234 0.333984 1309541327.586134
0.872070 0.878906 0.272461 1309541327.608162
0.831055 1.207031 0.541992 1309541327.631160
0.917969 1.078125 0.552734 1309541327.673162
0.932617 1.060547 0.798828 1309541327.717165
0.866211 1.208008 0.991211 1309541327.741139
0.940430 1.343750 1.185547 1309541327.780165
0.868164 1.400391 1.352539 1309541327.802168
0.849609 1.478516 1.376953 1309541327.847168
0.984375 1.209961 1.125000 1309541327.871169
1.065430 1.046875 0.979492 1309541327.906176
1.078125 0.914062 0.843750 1309541327.930169
1.095703 0.849609 0.656250 1309541327.976152
1.073242 0.836914 0.567383 1309541328.001141
0.972656 0.816406 0.567383 1309541328.035167
0.859375 0.748047 0.438477 1309541328.076169
0.614258 0.663086 0.330078 1309541328.090178
0.447266 0.548828 0.316406 1309541328.132172
0.250000 0.468750 0.272461 1309541328.153171
0.189453 0.324219 0.115234 1309541328.200181
0.014648 0.074219 0.115234 1309541328.225168
-0.037109 0.012695 -0.111328 1309541328.261146
-0.122070 -0.114258 -0.241211 1309541328.287165
-0.208984 -0.278320 -0.416016 1309541328.331172
-0.166992 -0.342773 -0.481445 1309541328.373176
-0.220703 -0.589844 -0.679688 1309541328.375173
-0.470703 -0.589844 -0.679688 1309541328.425176
-0.407227 -1.010742 -1.038086 1309541328.448178
-0.503906 -1.322266 -1.072266 1309541328.495235
-0.476562 -1.248047 -0.942383 1309541328.518179
-0.447266 -1.017578 -0.749023 1309541328.541151
-0.470703 -0.828125 -0.614258 1309541328.586182
-0.509766 -0.600586 -0.392578 1309541328.608180
-0.451172 -0.427734 -0.259766 1309541328.653180
-0.459961 -0.314453 -0.150391 1309541328.675180
-0.431641 -0.181641 -0.069336 1309541328.716177
-0.325195 -0.014648 0.045898 1309541328.748183
-0.237305 0.093750 0.120117 1309541328.801197
-0.113281 0.223633 0.187500 1309541328.827158
0.183594 0.498047 0.232422 1309541328.850186
0.125977 0.515625 0.250977 1309541328.877188
0.350586 0.517578 0.298828 1309541328.903189
0.482422 0.594727 0.296875 1309541328.947186
0.538086 0.731445 0.343750 1309541328.955186
0.804688 0.783203 0.363281 1309541328.997189
0.760742 0.783203 0.363281 1309541329.021171
0.859375 1.054688 0.463867 1309541329.065237
0.953125 1.110352 0.696289 1309541329.107184
0.851562 1.436523 0.973633 1309541329.130192
0.763672 1.436523 0.973633 1309541329.172209
0.775391 1.577148 1.123047 1309541329.206210
0.820312 1.450195 1.061523 1309541329.227186
0.858398 1.312500 0.958984 1309541329.250195
0.869141 1.184570 0.824219 1309541329.292193
0.889648 1.103516 0.719727 1309541329.313192
0.873047 0.853516 0.719727 1309541329.357197
0.799805 0.945312 0.500977 1309541329.391196
0.686523 0.858398 0.475586 1309541329.413196
0.601562 0.800781 0.421875 1309541329.457210
0.477539 0.688477 0.360352 1309541329.481198
0.332031 0.533203 0.319336 1309541329.506196
0.144531 0.450195 0.308594 1309541329.537198
0.144531 0.450195 0.308594 1309541329.580180
-0.055664 0.096680 0.065430 1309541329.606204
-0.125000 -0.034180 -0.020508 1309541329.648200
-0.222656 -0.155273 -0.195312 1309541329.673201
-0.214844 -0.325195 -0.373047 1309541329.695202
-0.214844 -0.325195 -0.373047 1309541329.737204
-0.326172 -0.888672 -0.848633 1309541329.768203
-0.354492 -1.183594 -1.118164 1309541329.812203
-0.345703 -1.229492 -1.073242 1309541329.833203
-0.303711 -1.217773 -0.929688 1309541329.877210
-0.313477 -0.923828 -0.711914 1309541329.900199
-0.401367 -0.792969 -0.711914 1309541329.923209
-0.476562 -0.632812 -0.369141 1309541329.970198
-0.486328 -0.450195 -0.224609 1309541329.993214
-0.405273 -0.318359 -0.130859 1309541330.036223
-0.413086 -0.158203 -0.069336 1309541330.116216
-0.411133 0.004883 -0.069336 1309541330.118207
-0.262695 0.148438 0.086914 1309541330.141182
-0.276367 0.312500 0.084961 1309541330.163208
-0.046875 0.359375 0.205078 1309541330.208217
0.155273 0.498047 0.193359 1309541330.213206
0.238281 0.610352 0.243164 1309541330.256213
0.492188 0.768555 0.291016 1309541330.277210
0.636719 0.649414 0.230469 1309541330.321212
0.772461 0.896484 0.324219 1309541330.378214
0.910156 0.881836 0.284180 1309541330.386217
0.873047 0.921875 0.255859 1309541330.430218
0.876953 1.126953 0.423828 1309541330.451215
0.876953 1.126953 0.423828 1309541330.473219
0.901367 1.056641 0.727539 1309541330.519495
0.869141 1.236328 0.943359 1309541330.553219
0.861328 1.338867 1.065430 1309541330.585224
0.885742 1.328125 1.122070 1309541330.608221
0.912109 1.392578 1.088867 1309541330.653217
0.950195 1.204102 0.946289 1309541330.676221
1.027344 1.023438 0.795898 1309541330.718222
1.066406 0.957031 0.721680 1309541330.740220
1.012695 0.903320 0.633789 1309541330.787221
1.000977 0.887695 0.523438 1309541330.816228
0.834961 0.879883 0.508789 1309541330.826227
0.794922 0.831055 0.469727 1309541330.870217
0.643555 0.753906 0.440430 1309541330.893222
0.463867 0.576172 0.326172 1309541330.937229
0.308594 0.399414 0.302734 1309541330.963248
0.136719 0.255859 0.231445 1309541331.007229
-0.038086 0.004883 -0.018555 1309541331.029223
-2.000000 0.004883 -0.018555 1309541331.051205
-0.200195 -0.217773 -0.215820 1309541331.096239
-0.136719 -0.334961 -0.345703 1309541331.121202
-0.103516 -0.453125 -0.515625 1309541331.175231
-0.182617 -0.669922 -0.707031 1309541331.196232
-0.262695 -0.919922 -0.707031 1309541331.217229
-0.368164 -0.990234 -1.065430 1309541331.263226
-0.358398 -1.171875 -1.062500 1309541331.287231
-0.370117 -1.056641 -0.949219 1309541331.312234
-0.363281 -0.968750 -0.738281 1309541331.405235
-0.396484 -0.925781 -0.573242 1309541331.406216
-0.437500 -0.925781 -0.573242 1309541331.408242
-0.415039 -0.682617 -0.362305 1309541331.453235
-0.434570 -0.465820 -0.173828 1309541331.476240
-0.455078 -0.243164 -0.104492 1309541331.521240
-0.384766 -0.112305 -0.015625 1309541331.542242
-0.221680 0.035156 0.035156 1309541331.587242
-0.133789 0.292969 0.035156 1309541331.611242
0.066406 0.385742 0.239258 1309541331.656241
0.239258 0.367188 0.217773 1309541331.678240
0.367188 0.639648 0.295898 1309541331.703237
0.409180 0.733398 0.257812 1309541331.746242
0.586914 0.746094 0.303711 1309541331.768241
0.586914 0.746094 0.303711 1309541331.793234
0.659180 0.916016 0.334961 1309541331.840242
0.745117 0.847656 0.334961 1309541331.862238
0.803711 0.793945 0.410156 1309541331.911248
0.943359 0.863281 0.486328 1309541331.946260
1.002930 0.604492 0.433594 1309541331.950236
1.024414 0.712891 0.613281 1309541331.992244
1.040039 0.722656 0.652344 1309541332.037251
1.045898 0.457031 0.455078 1309541332.061401
1.119141 0.502930 0.575195 1309541332.105254
0.991211 0.373047 0.604492 1309541332.130249
1.069336 0.337891 0.604492 1309541332.153247
1.050781 0.272461 0.368164 1309541332.203010
1.016602 0.164062 0.315430 1309541332.223257
0.949219 0.170898 0.338867 1309541332.261226
0.901367 0.154297 0.298828 1309541332.285252
0.838867 0.197266 0.280273 1309541332.307250
0.852539 0.194336 0.305664 1309541332.353260
0.864258 0.226562 0.311523 1309541332.397257
