0.938477 0.075195 -0.008789 1310680095.227700
0.887695 0.052734 -0.005859 1310680095.228662
0.856445 0.066406 -0.021484 1310680095.242702
0.712891 0.017578 -0.021484 1310680095.289621
0.540039 0.044922 -0.012695 1310680095.309680
0.472656 0.023438 0.009766 1310680095.354700
0.533203 -0.001953 -0.019531 1310680095.376632
0.850586 0.001953 0.041992 1310680095.419592
1.542969 0.093750 0.070312 1310680095.442657
1.982422 0.056641 -0.036133 1310680095.468698
1.980469 0.151367 -0.008789 1310680095.513699
1.986328 0.308594 0.051758 1310680095.536747
1.981445 0.390625 0.206055 1310680095.589637
1.306641 0.191406 0.091797 1310680095.613638
0.354492 0.104492 0.112305 1310680095.659681
-0.145508 0.104492 0.112305 1310680095.661708
-0.461914 0.061523 -0.158203 1310680095.704637
-0.062500 -0.083008 -0.208984 1310680095.728702
0.079102 0.044922 -0.194336 1310680095.772712
0.024414 0.120117 -0.195312 1310680095.794643
-0.015625 0.080078 -0.192383 1310680095.839706
0.018555 0.085938 -0.192383 1310680095.862694
0.208984 0.044922 -0.086914 1310680095.905706
0.622070 -0.019531 -0.050781 1310680095.928720
1.968750 0.149414 0.218750 1310680095.971711
1.980469 0.090820 -0.091797 1310680095.994613
1.559570 0.276367 0.366211 1310680096.016705
1.981445 0.343750 0.405273 1310680096.064712
1.979492 0.272461 0.220703 1310680096.099702
1.846680 -0.126953 0.109375 1310680096.122707
0.778320 -0.046875 0.304688 1310680096.169659
0.110352 0.226562 0.206055 1310680096.192703
-0.305664 -0.007812 0.154297 1310680096.258711
-0.258789 0.029297 -0.054688 1310680096.259706
0.000977 0.146484 -0.108398 1310680096.284762
0.082031 0.148438 -0.130859 1310680096.368681
0.099609 0.155273 -0.172852 1310680096.391722
0.061523 0.162109 -0.165039 1310680096.392660
0.133789 0.101562 -0.157227 1310680096.413636
0.535156 0.148438 -0.065430 1310680096.513678
1.559570 0.099609 0.088867 1310680096.514718
1.978516 0.017578 -0.213867 1310680096.529715
1.982422 0.285156 0.329102 1310680096.551727
1.981445 -0.012695 0.332031 1310680096.573724
1.981445 0.206055 0.082031 1310680096.595657
1.762695 0.185547 0.122070 1310680096.638611
0.850586 0.249023 0.193359 1310680096.683723
0.108398 0.167969 0.091797 1310680096.704710
-0.262695 0.149414 0.076172 1310680096.748794
-0.238281 0.279297 0.067383 1310680096.769723
-0.238281 0.279297 0.067383 1310680096.792732
0.054688 0.119141 -0.104492 1310680096.836720
-0.032227 0.072266 -0.141602 1310680096.879726
-0.010742 0.091797 -0.160156 1310680096.903721
0.051758 0.070312 -0.187500 1310680096.924665
0.279297 0.050781 -0.144531 1310680096.947728
0.753906 0.091797 -0.031250 1310680096.993736
1.979492 0.063477 0.018555 1310680097.037677
1.980469 -0.171875 -0.483398 1310680097.059735
1.983398 0.272461 0.202148 1310680097.083702
1.982422 0.489258 0.577148 1310680097.112719
1.984375 0.430664 0.467773 1310680097.154723
1.819336 0.050781 0.037109 1310680097.198725
1.039062 0.074219 -0.021484 1310680097.221731
0.198242 0.269531 0.033203 1310680097.264677
-0.332031 0.194336 -0.054688 1310680097.288732
-0.248047 0.125000 -0.039062 1310680097.313736
-0.014648 0.181641 -0.133789 1310680097.339731
-0.039062 0.160156 -0.121094 1310680097.382735
-0.008789 0.155273 -0.134766 1310680097.408732
0.005859 0.094727 -0.154297 1310680097.452691
0.000977 0.019531 -0.198242 1310680097.474737
0.102539 0.011719 -0.168945 1310680097.513682
0.579102 0.136719 0.018555 1310680097.536738
1.965820 0.224609 0.182617 1310680097.579739
1.978516 -0.104492 -0.672852 1310680097.603748
1.981445 0.305664 0.198242 1310680097.647681
1.981445 0.299805 0.696289 1310680097.669728
1.982422 0.515625 0.568359 1310680097.717680
1.330078 0.268555 0.568359 1310680097.752749
0.209961 0.013672 -0.055664 1310680097.814660
-0.431641 0.062500 0.026367 1310680097.838755
-0.410156 -0.029297 0.000977 1310680097.853707
-0.004883 0.027344 -0.074219 1310680097.856708
0.077148 0.160156 -0.077148 1310680097.892388
0.060547 0.129883 -0.077148 1310680097.914657
0.095703 0.115234 -0.143555 1310680097.957758
0.040039 0.064453 -0.205078 1310680098.002701
0.300781 0.066406 -0.131836 1310680098.024755
0.948242 0.105469 0.028320 1310680098.068757
1.982422 0.059570 -0.058594 1310680098.089739
1.980469 -0.179688 -0.420898 1310680098.132697
1.539062 0.321289 0.051758 1310680098.153710
1.858398 0.438477 0.346680 1310680098.196709
1.734375 0.355469 0.206055 1310680098.219722
1.387695 0.258789 0.088867 1310680098.241717
0.965820 0.217773 0.134766 1310680098.283760
0.670898 0.221680 0.120117 1310680098.327712
0.495117 0.272461 -0.001953 1310680098.352764
0.502930 0.087891 0.083984 1310680098.373763
0.429688 0.039062 0.188477 1310680098.421709
0.515625 0.062500 0.119141 1310680098.443765
0.736328 0.078125 0.119141 1310680098.470765
1.042969 0.111328 -0.019531 1310680098.513756
1.239258 0.159180 -0.048828 1310680098.537761
0.943359 0.182617 -0.010742 1310680098.579764
0.804688 0.112305 0.034180 1310680098.600758
0.954102 0.096680 -0.004883 1310680098.644706
1.207031 0.149414 -0.004883 1310680098.666719
1.005859 0.166016 -0.044922 1310680098.710767
0.750977 0.220703 -0.022461 1310680098.733766
0.740234 0.189453 0.075195 1310680098.777758
