0.958984 0.061523 -0.041016 1310076272.937648
0.927734 0.059570 -0.108398 1310076272.976206
0.916992 0.113281 -0.120117 1310076272.998203
0.859375 0.028320 -0.137695 1310076273.020196
0.813477 0.104492 -0.164062 1310076273.063252
0.900391 -0.042969 -0.083008 1310076273.087247
0.750000 -0.110352 -0.099609 1310076273.136246
0.682617 -0.244141 0.041992 1310076273.138244
0.474609 -0.405273 0.190430 1310076273.183242
0.418945 -0.059570 0.869141 1310076273.227259
0.908203 -0.158203 1.265625 1310076273.248230
1.985352 1.074219 1.454102 1310076273.292248
1.807617 1.573242 1.494141 1310076273.313252
1.988281 1.983398 1.525391 1310076273.358263
1.987305 1.775391 1.553711 1310076273.380250
1.983398 1.774414 1.299805 1310076273.401215
1.918945 1.430664 0.748047 1310076273.446251
1.241211 0.744141 0.309570 1310076273.535267
0.750977 0.504883 -0.069336 1310076273.562251
0.560547 0.504883 -0.069336 1310076273.563245
0.682617 0.550781 -0.164062 1310076273.588250
0.799805 0.439453 -0.163086 1310076273.637249
0.946289 0.503906 -0.100586 1310076273.653263
1.105469 0.691406 -0.009766 1310076273.677261
1.241211 0.525391 -0.190430 1310076273.718251
1.029297 -0.084961 -0.422852 1310076273.740268
1.029297 -0.084961 -0.422852 1310076273.762257
0.702148 -0.939453 -1.082031 1310076273.808257
0.483398 -1.783203 -1.504883 1310076273.832278
-0.406250 -1.984375 -1.980469 1310076273.862246
-0.772461 -1.983398 -1.654297 1310076273.905248
-0.677734 -1.978516 -1.187500 1310076273.928266
0.024414 -1.478516 -1.187500 1310076273.951265
0.391602 -0.605469 -0.340820 1310076273.995258
0.920898 0.545898 0.202148 1310076274.017280
1.478516 1.246094 0.271484 1310076274.065259
1.987305 1.613281 -0.113281 1310076274.087264
1.520508 1.216797 0.136719 1310076274.109268
1.534180 0.995117 0.331055 1310076274.152281
1.185547 0.847656 0.209961 1310076274.198279
0.905273 0.552734 -0.051758 1310076274.220253
1.063477 0.679688 0.155273 1310076274.243266
0.963867 0.175781 0.712891 1310076274.289265
1.822266 0.194336 1.198242 1310076274.322303
1.983398 -0.128906 1.988281 1310076274.345282
1.976562 -1.068359 1.987305 1310076274.387270
1.983398 0.646484 1.991211 1310076274.411259
1.981445 0.226562 1.989258 1310076274.453253
1.986328 1.099609 1.989258 1310076274.476280
1.984375 1.029297 0.753906 1310076274.507295
1.234375 0.636719 0.187500 1310076274.555280
0.909180 0.765625 -0.225586 1310076274.577275
1.025391 0.856445 -0.336914 1310076274.598292
1.156250 0.605469 -0.299805 1310076274.641289
1.282227 0.605469 -0.299805 1310076274.663296
1.699219 0.592773 -0.069336 1310076274.698285
1.753906 0.577148 -0.166016 1310076274.740285
1.619141 0.633789 -0.326172 1310076274.841254
1.553711 0.460938 -0.283203 1310076274.880258
1.257812 0.025391 -0.251953 1310076274.902250
1.257812 0.025391 -0.251953 1310076274.922241
0.082031 -1.984375 -1.695312 1310076274.925238
-0.230469 -1.984375 -1.735352 1310076274.933257
-0.192383 -1.983398 -1.405273 1310076274.967286
-0.173828 -1.985352 -1.010742 1310076274.990306
0.412109 -0.998047 -0.326172 1310076275.012286
0.962891 -0.248047 -0.326172 1310076275.056294
1.297852 0.710938 0.071289 1310076275.100283
1.888672 1.564453 0.052734 1310076275.122296
1.648438 1.469727 -0.065430 1310076275.145301
1.573242 1.218750 -0.093750 1310076275.188292
1.579102 0.998047 0.108398 1310076275.210295
1.277344 0.966797 -0.014648 1310076275.256282
1.254883 0.510742 0.092773 1310076275.278294
1.264648 0.243164 0.170898 1310076275.326290
1.007812 0.235352 0.236328 1310076275.348292
0.945312 0.611328 0.594727 1310076275.386290
1.877930 0.477539 1.985352 1310076275.412286
1.988281 -0.542969 1.993164 1310076275.438294
1.982422 0.660156 1.735352 1310076275.486284
1.981445 0.319336 1.928711 1310076275.507297
1.979492 0.630859 1.484375 1310076275.533341
1.988281 1.296875 1.075195 1310076275.573293
1.893555 1.147461 0.407227 1310076275.603292
1.312500 1.083008 0.070312 1310076275.626288
0.970703 0.925781 -0.233398 1310076275.670299
1.294922 0.671875 -0.188477 1310076275.693296
1.448242 0.499023 -0.010742 1310076275.737286
1.613281 0.738281 0.036133 1310076275.781299
1.640625 0.822266 -0.075195 1310076275.804307
1.692383 0.656250 -0.166016 1310076275.850310
1.826172 0.476562 -0.106445 1310076275.872322
1.616211 0.490234 -0.133789 1310076275.903268
1.765625 0.137695 -0.125977 1310076275.942298
1.476562 -1.263672 -1.140625 1310076275.965303
-0.387695 -1.983398 -1.803711 1310076275.988298
-0.403320 -1.982422 -1.982422 1310076276.026305
-0.344727 -1.983398 -1.572266 1310076276.048303
-0.548828 -1.984375 -1.448242 1310076276.131311
0.251953 -0.988281 -0.880859 1310076276.151307
0.929688 -0.131836 -0.386719 1310076276.152300
0.929688 -0.131836 -0.386719 1310076276.182283
1.258789 1.089844 -0.163086 1310076276.226303
1.801758 1.088867 -0.055664 1310076276.251305
1.668945 0.963867 -0.162109 1310076276.273310
1.471680 0.809570 -0.074219 1310076276.316301
1.582031 0.867188 -0.079102 1310076276.338310
1.522461 0.557617 0.143555 1310076276.380314
1.288086 0.426758 0.436523 1310076276.407313
1.375000 0.971680 0.217773 1310076276.435310
1.569336 0.746094 0.923828 1310076276.463306
1.980469 0.650391 1.757812 1310076276.505316
1.980469 0.280273 1.990234 1310076276.527297
1.980469 0.280273 1.990234 1310076276.572316
1.986328 1.025391 1.990234 1310076276.618316
1.989258 1.981445 1.990234 1310076276.661310
1.984375 1.257812 1.043945 1310076276.662306
1.901367 1.326172 0.234375 1310076276.707316
1.241211 1.326172 0.234375 1310076276.728317
1.093750 0.662109 -0.249023 1310076276.773320
1.350586 0.872070 -0.260742 1310076276.795312
1.748047 0.986328 -0.059570 1310076276.838311
1.983398 0.798828 -0.071289 1310076276.860310
1.940430 0.593750 -0.203125 1310076276.903314
1.940430 0.593750 -0.203125 1310076276.927296
1.638672 0.645508 -0.239258 1310076276.950303
1.780273 0.086914 -0.029297 1310076276.993325
1.424805 -0.535156 -0.551758 1310076277.016338
0.666016 -1.984375 -1.491211 1310076277.058315
-0.518555 -1.984375 -1.748047 1310076277.081322
0.069336 -1.982422 -1.411133 1310076277.123286
0.099609 -1.982422 -1.066406 1310076277.146299
0.006836 -1.813477 -0.679688 1310076277.190316
0.547852 -0.853516 -0.342773 1310076277.215366
1.097656 -0.033203 0.037109 1310076277.260347
1.211914 0.874023 0.109375 1310076277.271320
1.523438 1.064453 0.103516 1310076277.314330
1.880859 0.978516 -0.544922 1310076277.380338
1.984375 1.320312 0.101562 1310076277.418307
1.720703 0.939453 -0.043945 1310076277.420291
1.358398 0.791992 -0.183594 1310076277.440308
1.291016 0.561523 -0.069336 1310076277.463316
1.126953 0.518555 0.149414 1310076277.508323
0.990234 0.619141 0.497070 1310076277.563305
1.322266 0.487305 1.223633 1310076277.586335
1.983398 1.075195 1.989258 1310076277.608327
1.980469 -0.239258 1.989258 1310076277.634341
1.981445 0.531250 1.990234 1310076277.669336
1.982422 0.339844 1.989258 1310076277.710338
1.987305 1.490234 1.394531 1310076277.735350
1.983398 1.140625 0.590820 1310076277.766373
1.491211 0.726562 -0.020508 1310076277.790336
1.116211 0.695312 -0.293945 1310076277.840383
1.173828 0.683594 -0.293945 1310076277.855353
1.592773 0.646484 -0.464844 1310076277.893338
1.841797 0.551758 -0.214844 1310076277.917336
1.711914 0.309570 -0.143555 1310076277.965335
1.587891 0.388672 -0.305664 1310076278.010354
1.504883 0.562500 -0.561523 1310076278.011357
1.265625 0.444336 -0.447266 1310076278.056338
1.099609 -0.149414 -0.333984 1310076278.116331
0.833984 -1.092773 -1.033203 1310076278.117325
-0.427734 -1.982422 -1.982422 1310076278.158365
-1.571289 -1.984375 -1.988281 1310076278.181354
-0.678711 -1.982422 -1.983398 1310076278.205341
0.073242 -1.984375 -1.223633 1310076278.249354
0.716797 -0.978516 -0.371094 1310076278.281378
0.938477 -0.106445 0.014648 1310076278.325361
1.193359 0.775391 0.077148 1310076278.347384
1.594727 1.375977 0.191406 1310076278.392352
1.471680 1.238281 0.076172 1310076278.415360
1.366211 1.010742 0.091797 1310076278.458366
1.327148 1.172852 0.208984 1310076278.482397
0.819336 0.543945 0.245117 1310076278.498386
0.783203 0.592773 0.081055 1310076278.553349
0.723633 0.494141 0.469727 1310076278.576342
0.591797 0.249023 0.624023 1310076278.598346
1.341797 0.249023 0.624023 1310076278.620348
1.983398 0.032227 1.337891 1310076278.727393
1.978516 -0.553711 1.035156 1310076278.737369
1.980469 0.263672 1.182617 1310076278.747384
1.979492 0.082031 1.030273 1310076278.771328
1.040039 -0.371094 0.809570 1310076278.792384
0.590820 -0.211914 0.582031 1310076278.835334
0.353516 -0.211914 0.582031 1310076278.858361
0.142578 0.102539 0.079102 1310076278.903362
0.371094 0.123047 0.068359 1310076278.926377
0.721680 0.147461 -0.047852 1310076278.952353
1.124023 0.147461 -0.047852 1310076278.973363
1.674805 0.171875 -0.136719 1310076279.018366
1.592773 -0.090820 0.036133 1310076279.046350
0.898438 -0.129883 0.116211 1310076279.077341
0.638672 0.005859 0.111328 1310076279.125350
0.583984 0.060547 0.066406 1310076279.146355
0.810547 0.232422 0.088867 1310076279.190382
1.041016 0.345703 0.095703 1310076279.211331
0.971680 0.174805 0.106445 1310076279.256368
0.801758 0.069336 0.155273 1310076279.281343
0.792969 0.023438 0.145508 1310076279.303345
0.854492 0.018555 0.111328 1310076279.338373
0.854492 0.018555 0.111328 1310076279.363358
0.976562 0.170898 0.102539 1310076279.407381
0.930664 0.156250 0.057617 1310076279.431391
0.923828 0.095703 0.075195 1310076279.475373
0.892578 0.083984 0.119141 1310076279.497765
0.933594 0.112305 0.119141 1310076279.541359
0.920898 0.112305 0.119141 1310076279.565378
0.915039 0.114258 0.135742 1310076279.608372
0.880859 0.114258 0.147461 1310076279.632395
0.882812 0.126953 0.121094 1310076279.676350
0.961914 0.083984 0.164062 1310076279.698384
0.964844 0.070312 0.164062 1310076279.721370
0.933594 0.057617 0.123047 1310076279.768354
0.901367 0.095703 0.168945 1310076279.785374
0.905273 0.099609 0.156250 1310076279.833375
0.930664 0.088867 0.135742 1310076279.855384
0.924805 0.070312 0.144531 1310076279.881378
