0.960938 0.483398 -0.007812 1310509496.147552
0.987305 0.681641 0.196289 1310509496.168524
1.034180 0.809570 0.341797 1310509496.191566
1.124023 0.957031 0.447266 1310509496.233523
1.241211 1.020508 0.369141 1310509496.277533
1.366211 1.011719 0.382812 1310509496.299611
1.451172 1.025391 0.382812 1310509496.322611
1.518555 1.012695 0.367188 1310509496.364542
1.483398 1.012695 0.367188 1310509496.387625
1.414062 0.911133 0.300781 1310509496.433564
1.277344 0.858398 0.306641 1310509496.455565
1.135742 0.760742 0.214844 1310509496.499617
0.904297 0.655273 0.247070 1310509496.534556
0.725586 0.575195 0.247070 1310509496.587618
0.725586 0.575195 0.247070 1310509496.588554
0.326172 0.341797 0.213867 1310509496.632551
0.101562 0.276367 0.172852 1310509496.653558
-0.026367 0.220703 0.159180 1310509496.699548
-0.157227 0.130859 0.073242 1310509496.737519
-0.248047 0.146484 0.038086 1310509496.758524
-0.349609 0.146484 0.038086 1310509496.779574
-0.421875 0.034180 -0.083984 1310509496.827621
-0.406250 -0.023438 -0.115234 1310509496.849541
-0.503906 -0.114258 -0.253906 1310509496.870578
-0.633789 -0.142578 -0.374023 1310509496.919562
-0.629883 -0.134766 -0.403320 1310509496.942533
-0.712891 -0.124023 -0.428711 1310509496.963563
-0.726562 -0.099609 -0.428711 1310509497.007625
-0.787109 -0.105469 -0.519531 1310509497.052618
-0.734375 -0.103516 -0.582031 1310509497.074576
-0.734375 -0.094727 -0.584961 1310509497.110632
-0.751953 -0.164062 -0.657227 1310509497.134631
-0.751953 -0.211914 -0.657227 1310509497.157631
-0.753906 -0.273438 -0.783203 1310509497.199544
-0.717773 -0.294922 -0.808594 1310509497.247643
-0.713867 -0.376953 -0.874023 1310509497.272629
-0.683594 -0.375977 -0.904297 1310509497.294590
-0.659180 -0.375977 -0.904297 1310509497.317670
-0.623047 -0.375977 -0.904297 1310509497.358554
-0.679688 -0.477539 -0.961914 1310509497.402635
-0.729492 -0.528320 -1.004883 1310509497.423548
-0.745117 -0.528320 -0.964844 1310509497.467635
-0.696289 -0.539062 -0.958984 1310509497.488602
-0.694336 -0.522461 -0.945312 1310509497.532649
-0.708984 -0.460938 -0.877930 1310509497.555628
-0.664062 -0.418945 -0.877930 1310509497.598639
-0.672852 -0.423828 -0.798828 1310509497.619645
-0.651367 -0.377930 -0.793945 1310509497.642777
-0.629883 -0.398438 -0.799805 1310509497.687631
-0.629883 -0.398438 -0.799805 1310509497.709570
-0.622070 -0.419922 -0.724609 1310509497.753646
-0.576172 -0.375000 -0.713867 1310509497.775867
-0.526367 -0.377930 -0.676758 1310509497.819650
-0.483398 -0.355469 -0.649414 1310509497.840639
-0.448242 -0.294922 -0.577148 1310509497.863553
-0.448242 -0.294922 -0.577148 1310509497.905571
-0.355469 -0.230469 -0.471680 1310509497.950635
-0.218750 -0.175781 -0.425781 1310509498.004650
-0.072266 -0.042969 -0.385742 1310509498.030565
0.029297 0.093750 -0.230469 1310509498.032562
0.136719 0.140625 -0.109375 1310509498.053559
0.441406 0.155273 -0.030273 1310509498.117621
0.481445 0.253906 0.221680 1310509498.142630
0.558594 0.344727 0.339844 1310509498.165622
0.712891 0.357422 0.352539 1310509498.207600
0.874023 0.501953 0.470703 1310509498.229619
0.947266 0.429688 0.511719 1310509498.252651
1.136719 0.501953 0.472656 1310509498.297580
1.279297 0.510742 0.534180 1310509498.340653
1.310547 0.495117 0.567383 1310509498.362594
1.367188 0.476562 0.508789 1310509498.384554
1.437500 0.476562 0.514648 1310509498.429615
1.523438 0.476562 0.514648 1310509498.452610
1.545898 0.392578 0.451172 1310509498.489664
1.600586 0.398438 0.379883 1310509498.514659
1.576172 0.260742 0.348633 1310509498.558662
1.625000 0.408203 0.329102 1310509498.600662
1.523438 0.255859 0.288086 1310509498.640086
1.444336 0.255859 0.288086 1310509498.640601
1.428711 0.236328 0.225586 1310509498.683657
1.351562 0.247070 0.192383 1310509498.722637
1.268555 0.201172 0.167969 1310509498.743669
1.220703 0.182617 0.069336 1310509498.782632
1.231445 0.154297 0.143555 1310509498.804603
1.380859 0.430664 0.298828 1310509498.858659
1.132812 0.212891 -0.036133 1310509498.883634
1.237305 -0.000977 -0.270508 1310509498.917609
1.271484 0.023438 -0.276367 1310509498.940633
1.342773 -0.003906 -0.151367 1310509498.963669
1.420898 -0.058594 -0.110352 1310509499.007569
1.312500 -0.007812 -0.049805 1310509499.029552
1.268555 0.089844 -0.049805 1310509499.073591
1.391602 0.033203 -0.006836 1310509499.095669
1.519531 0.015625 -0.118164 1310509499.142589
1.546875 0.023438 -0.050781 1310509499.164580
1.513672 -0.002930 0.025391 1310509499.189583
1.507812 0.013672 0.035156 1310509499.309685
1.468750 0.045898 0.054688 1310509499.310668
1.424805 0.103516 0.046875 1310509499.330671
1.342773 0.257812 0.083984 1310509499.332672
1.250000 0.276367 0.132812 1310509499.352669
1.244141 0.276367 0.132812 1310509499.375645
1.237305 0.186523 0.184570 1310509499.419677
1.244141 0.234375 0.170898 1310509499.463664
1.167969 0.310547 0.246094 1310509499.485683
1.103516 0.355469 0.350586 1310509499.529618
1.087891 0.412109 0.285156 1310509499.552639
1.016602 0.408203 0.292969 1310509499.597597
0.975586 0.316406 0.241211 1310509499.643592
0.793945 0.291992 0.219727 1310509499.655630
0.667969 0.317383 0.237305 1310509499.678681
0.491211 0.280273 0.150391 1310509499.724675
0.366211 0.217773 0.129883 1310509499.745629
0.217773 0.186523 0.038086 1310509499.790635
0.076172 0.133789 -0.102539 1310509499.812678
-0.047852 0.164062 -0.126953 1310509499.834630
-0.057617 0.077148 -0.229492 1310509499.883667
-0.271484 -0.027344 -0.467773 1310509499.904629
-0.327148 -0.070312 -0.441406 1310509499.925650
-0.365234 -0.121094 -0.550781 1310509499.969683
-0.387695 -0.166016 -0.604492 1310509499.992931
-0.374023 -0.158203 -0.604492 1310509500.035692
-0.374023 -0.158203 -0.604492 1310509500.079626
-0.382812 -0.204102 -0.923828 1310509500.102648
-0.409180 -0.220703 -1.114258 1310509500.125607
-0.425781 -0.240234 -1.173828 1310509500.169689
-0.471680 -0.379883 -1.309570 1310509500.192605
-0.473633 -0.449219 -1.387695 1310509500.238692
-0.511719 -0.517578 -1.506836 1310509500.263669
-0.531250 -0.557617 -1.575195 1310509500.287698
-0.495117 -0.581055 -1.557617 1310509500.314660
-0.495117 -0.581055 -1.557617 1310509500.359691
-0.421875 -0.554688 -1.495117 1310509500.384636
-0.396484 -0.560547 -1.408203 1310509500.414662
-0.373047 -0.515625 -1.242188 1310509500.458670
-0.370117 -0.448242 -1.226562 1310509500.484689
-0.381836 -0.448242 -1.226562 1310509500.507723
-0.361328 -0.393555 -0.975586 1310509500.584604
-0.338867 -0.368164 -0.880859 1310509500.609698
-0.276367 -0.374023 -0.822266 1310509500.632695
-0.239258 -0.300781 -0.741211 1310509500.654679
-0.216797 -0.261719 -0.658203 1310509500.677702
-0.153320 -0.261719 -0.658203 1310509500.699694
-0.052734 -0.199219 -0.587891 1310509500.745626
0.059570 -0.134766 -0.536133 1310509500.792625
0.276367 -0.011719 -0.522461 1310509500.813603
0.411133 0.119141 -0.440430 1310509500.858611
0.486328 0.463867 -0.226562 1310509500.880584
0.684570 0.300781 -0.238281 1310509500.924610
1.034180 0.577148 -0.055664 1310509500.947631
1.100586 0.641602 0.130859 1310509500.968620
1.283203 0.680664 0.333984 1310509501.012621
1.307617 0.820312 0.484375 1310509501.034584
1.368164 0.797852 0.540039 1310509501.057620
1.418945 0.740234 0.600586 1310509501.100589
1.681641 0.661133 0.664062 1310509501.144591
1.661133 0.449219 0.648438 1310509501.167621
1.701172 0.445312 0.670898 1310509501.190598
1.767578 0.385742 0.641602 1310509501.223615
1.731445 0.351562 0.595703 1310509501.247606
1.698242 0.292969 0.595703 1310509501.281579
1.596680 0.268555 0.553711 1310509501.324572
1.499023 0.247070 0.528320 1310509501.367624
1.462891 0.185547 0.465820 1310509501.389705
1.435547 0.177734 0.383789 1310509501.433721
1.401367 0.177734 0.383789 1310509501.450719
1.461914 0.294922 0.468750 1310509501.495717
1.419922 0.365234 0.442383 1310509501.517708
1.433594 0.220703 0.082031 1310509501.540712
1.487305 0.152344 0.129883 1310509501.580703
1.566406 0.121094 0.166992 1310509501.603719
1.541016 0.025391 0.319336 1310509501.652714
1.396484 0.048828 0.186523 1310509501.682625
1.421875 0.125000 0.105469 1310509501.704713
1.651367 0.183594 0.023438 1310509501.745635
1.696289 0.302734 0.058594 1310509501.768632
1.595703 0.031250 0.079102 1310509501.812669
1.541992 -0.063477 0.177734 1310509501.893712
1.478516 -0.026367 0.262695 1310509501.912730
1.350586 0.122070 0.213867 1310509501.913723
1.303711 0.233398 0.246094 1310509501.933642
1.176758 0.297852 0.365234 1310509501.977722
1.140625 0.178711 0.296875 1310509501.999724
1.082031 0.162109 0.275391 1310509502.045738
1.098633 0.153320 0.285156 1310509502.079709
1.122070 0.285156 0.333984 1310509502.102652
1.140625 0.357422 0.280273 1310509502.125728
1.068359 0.314453 0.253906 1310509502.160657
0.979492 0.210938 0.167969 1310509502.185642
0.844727 0.169922 0.139648 1310509502.229708
0.609375 0.172852 0.091797 1310509502.275645
0.414062 0.181641 0.055664 1310509502.297627
0.272461 0.166016 -0.020508 1310509502.339686
0.054688 0.227539 -0.130859 1310509502.360743
0.099609 0.026367 -0.079102 1310509502.383683
-0.022461 -0.117188 -0.325195 1310509502.428738
-0.177734 -0.098633 -0.399414 1310509502.449674
-0.280273 -0.083984 -0.426758 1310509502.493686
-0.396484 -0.124023 -0.531250 1310509502.515647
-0.440430 -0.127930 -0.606445 1310509502.559688
-0.469727 -0.163086 -0.711914 1310509502.582728
-0.467773 -0.212891 -0.806641 1310509502.632694
-0.500977 -0.201172 -0.830078 1310509502.654881
-0.462891 -0.221680 -0.927734 1310509502.677667
-0.470703 -0.266602 -1.076172 1310509502.705637
-0.470703 -0.303711 -1.154297 1310509502.749676
-0.425781 -0.303711 -1.154297 1310509502.772725
-0.483398 -0.359375 -1.362305 1310509502.817763
-0.528320 -0.426758 -1.529297 1310509502.840719
-0.612305 -0.462891 -1.652344 1310509502.883697
-0.537109 -0.506836 -1.718750 1310509502.907705
-0.488281 -0.533203 -1.652344 1310509502.929647
-0.488281 -0.544922 -1.570312 1310509502.973709
-0.436523 -0.510742 -1.466797 1310509502.994693
-0.419922 -0.429688 -1.347656 1310509503.039704
-0.373047 -0.380859 -1.177734 1310509503.083729
-0.368164 -0.315430 -1.114258 1310509503.104665
-0.369141 -0.275391 -1.000000 1310509503.182756
-0.357422 -0.227539 -0.876953 1310509503.202756
-0.311523 -0.186523 -0.869141 1310509503.203744
-0.243164 -0.186523 -0.800781 1310509503.222694
-0.166992 -0.166992 -0.766602 1310509503.267750
-0.030273 -0.057617 -0.716797 1310509503.289715
0.140625 -0.040039 -0.716797 1310509503.311749
0.341797 0.037109 -0.563477 1310509503.357651
0.570312 0.093750 -0.465820 1310509503.392765
0.713867 0.259766 -0.321289 1310509503.414558
0.878906 0.335938 -0.223633 1310509503.458665
1.100586 0.346680 0.111328 1310509503.479750
1.239258 0.400391 0.111328 1310509503.502732
1.327148 0.394531 0.459961 1310509503.545711
1.352539 0.473633 0.583008 1310509503.589760
1.458008 0.474609 0.653320 1310509503.617756
1.392578 0.422852 0.743164 1310509503.653767
1.535156 0.435547 0.776367 1310509503.675725
1.494141 0.180664 0.623047 1310509503.698679
1.744141 0.180664 0.623047 1310509503.745719
1.724609 0.266602 0.591797 1310509503.789761
1.616211 0.248047 0.544922 1310509503.810764
1.590820 0.246094 0.578125 1310509503.835756
1.570312 0.155273 0.553711 1310509503.860753
1.477539 0.095703 0.470703 1310509503.913762
1.435547 0.070312 0.404297 1310509503.935749
1.339844 0.132812 0.346680 1310509503.972714
1.309570 0.154297 0.297852 1310509503.994754
1.277344 0.134766 0.249023 1310509504.024760
1.445312 0.213867 0.369141 1310509504.069671
1.432617 0.417969 0.458008 1310509504.092764
1.298828 0.263672 0.125000 1310509504.135774
1.390625 0.172852 0.066406 1310509504.180675
1.443359 0.173828 0.137695 1310509504.210681
1.539062 0.124023 0.210938 1310509504.232674
1.489258 0.079102 0.330078 1310509504.255809
1.347656 0.029297 0.195312 1310509504.295765
1.464844 0.123047 0.245117 1310509504.318769
1.654297 0.158203 0.192383 1310509504.362767
1.618164 0.167969 0.071289 1310509504.384749
1.584961 0.100586 0.069336 1310509504.408762
1.568359 0.032227 0.163086 1310509504.473691
1.495117 -0.025391 0.139648 1310509504.494774
1.438477 -0.014648 0.342773 1310509504.515769
1.396484 0.041992 0.356445 1310509504.558691
1.246094 0.132812 0.319336 1310509504.583740
1.252930 0.163086 0.356445 1310509504.604710
1.214844 0.163086 0.356445 1310509504.648720
1.125000 0.091797 0.224609 1310509504.693775
1.167969 0.173828 0.270508 1310509504.715769
1.089844 0.313477 0.256836 1310509504.738775
1.017578 0.308594 0.200195 1310509504.780691
0.919922 0.304688 0.205078 1310509504.807748
0.777344 0.304688 0.205078 1310509504.839707
0.652344 0.252930 0.088867 1310509504.872726
0.518555 0.196289 0.004883 1310509504.903779
0.337891 0.147461 -0.065430 1310509504.924712
0.208984 0.205078 -0.051758 1310509504.977745
0.146484 0.005859 -0.062500 1310509504.997786
0.014648 -0.084961 -0.208008 1310509505.044780
-0.143555 -0.063477 -0.261719 1310509505.049780
-0.235352 0.186523 -0.261719 1310509505.083770
-0.485352 0.186523 -0.261719 1310509505.127655
-0.232422 -0.018555 -0.585938 1310509505.153700
-0.313477 0.039062 -0.695312 1310509505.196783
-0.332031 0.060547 -0.795898 1310509505.219724
-0.307617 0.013672 -0.865234 1310509505.264795
-0.213867 -0.062500 -0.965820 1310509505.285772
-0.193359 -0.132812 -1.130859 1310509505.330743
-0.177734 -0.236328 -1.379883 1310509505.344791
-0.164062 -0.298828 -1.379883 1310509505.388761
-0.315430 -0.421875 -1.648438 1310509505.430890
-0.392578 -0.595703 -1.860352 1310509505.451792
-0.309570 -0.677734 -1.981445 1310509505.475744
-0.260742 -0.789062 -1.981445 1310509505.518748
-0.197266 -0.761719 -1.878906 1310509505.540744
-0.126953 -0.695312 -1.878906 1310509505.563788
-0.096680 -0.596680 -1.475586 1310509505.606803
-0.081055 -0.537109 -1.336914 1310509505.653753
-0.074219 -0.503906 -1.140625 1310509505.675741
-0.167969 -0.433594 -1.072266 1310509505.764714
-0.187500 -0.358398 -0.950195 1310509505.786705
-0.149414 -0.350586 -0.849609 1310509505.787704
-0.151367 -0.301758 -0.773438 1310509505.808708
-0.061523 -0.312500 -0.695312 1310509505.839694
0.035156 -0.302734 -0.607422 1310509505.861709
0.046875 -0.239258 -0.546875 1310509505.905804
0.117188 -0.105469 -0.665039 1310509505.948729
0.324219 -0.053711 -0.486328 1310509505.970805
0.421875 0.041992 -0.291992 1310509505.993759
0.381836 0.167969 -0.247070 1310509506.038812
0.680664 0.355469 -0.093750 1310509506.069767
0.807617 0.319336 -0.007812 1310509506.091803
0.874023 0.332031 0.017578 1310509506.113746
1.092773 0.546875 0.149414 1310509506.156755
1.216797 0.494141 0.209961 1310509506.179753
1.322266 0.674805 0.385742 1310509506.224786
1.612305 0.697266 0.494141 1310509506.266796
1.556641 0.636719 0.591797 1310509506.289757
1.713867 0.636719 0.652344 1310509506.312739
1.976562 0.478516 0.700195 1310509506.365801
1.765625 0.257812 0.573242 1310509506.388797
1.733398 0.310547 0.646484 1310509506.409775
1.768555 0.365234 0.591797 1310509506.451807
1.776367 0.249023 0.473633 1310509506.503821
1.808594 0.187500 0.491211 1310509506.504725
1.696289 0.158203 0.483398 1310509506.540782
1.566406 0.181641 0.474609 1310509506.570813
1.647461 0.214844 0.718750 1310509506.613824
1.481445 0.409180 0.803711 1310509506.635740
1.360352 0.390625 0.554688 1310509506.680763
1.405273 0.390625 0.554688 1310509506.703778
1.461914 0.359375 0.117188 1310509506.740767
1.545898 0.313477 0.183594 1310509506.763812
1.448242 0.137695 0.121094 1310509506.800916
1.454102 0.116211 0.112305 1310509506.824816
1.481445 -0.041016 -0.059570 1310509506.873746
1.760742 -0.048828 -0.059570 1310509506.894773
1.632812 0.118164 0.024414 1310509506.938806
1.474609 0.019531 0.100586 1310509506.980820
1.577148 0.181641 0.214844 1310509507.034831
1.515625 0.222656 0.211914 1310509507.061828
1.435547 0.262695 0.221680 1310509507.063789
1.325195 0.250000 0.203125 1310509507.086794
1.267578 0.229492 0.201172 1310509507.121722
1.143555 0.041992 0.169922 1310509507.165766
1.083008 0.132812 0.100586 1310509507.188822
1.107422 0.279297 0.264648 1310509507.230745
1.086914 0.392578 0.294922 1310509507.253835
1.071289 0.392578 0.294922 1310509507.277833
1.049805 0.363281 0.291992 1310509507.323833
0.968750 0.166992 0.221680 1310509507.366825
0.885742 0.173828 0.172852 1310509507.389796
0.761719 0.134766 0.127930 1310509507.411837
0.491211 0.076172 0.127930 1310509507.434795
0.241211 0.076172 0.127930 1310509507.479802
0.159180 0.066406 -0.018555 1310509507.523778
0.024414 0.108398 -0.206055 1310509507.546754
0.084961 -0.071289 -0.272461 1310509507.569789
-0.051758 -0.172852 -0.544922 1310509507.620831
-0.112305 -0.131836 -0.544922 1310509507.642841
-0.137695 -0.186523 -0.716797 1310509507.698751
-0.248047 -0.266602 -0.919922 1310509507.719834
-0.375977 -0.246094 -0.957031 1310509507.741839
-0.378906 -0.316406 -1.071289 1310509507.784842
-0.425781 -0.372070 -1.226562 1310509507.805834
-0.387695 -0.467773 -1.296875 1310509507.826836
-0.452148 -0.474609 -1.433594 1310509507.878464
-0.479492 -0.525391 -1.494141 1310509507.899795
-0.578125 -0.497070 -1.505859 1310509507.925763
-0.508789 -0.526367 -1.487305 1310509507.969840
-0.442383 -0.571289 -1.489258 1310509508.013840
-0.386719 -0.621094 -1.489258 1310509508.037811
-0.386719 -0.621094 -1.489258 1310509508.054002
-0.333984 -0.641602 -1.370117 1310509508.096795
-0.353516 -0.615234 -1.368164 1310509508.134786
-0.345703 -0.584961 -1.279297 1310509508.155749
-0.298828 -0.581055 -1.228516 1310509508.178758
-0.279297 -0.498047 -1.128906 1310509508.225759
-0.207031 -0.431641 -1.038086 1310509508.268744
-0.111328 -0.382812 -0.957031 1310509508.340853
-0.046875 -0.305664 -0.886719 1310509508.356777
0.050781 -0.247070 -0.782227 1310509508.358845
0.147461 -0.125977 -0.717773 1310509508.380763
0.287109 -0.000977 -0.642578 1310509508.403852
0.287109 -0.000977 -0.642578 1310509508.446849
0.655273 0.240234 -0.453125 1310509508.489847
0.906250 0.366211 -0.338867 1310509508.510768
1.237305 0.487305 -0.197266 1310509508.534763
1.370117 0.615234 0.135742 1310509508.573850
1.302734 0.615234 0.135742 1310509508.616762
1.302734 0.615234 0.135742 1310509508.640768
1.526367 0.701172 0.625000 1310509508.673859
1.571289 0.667969 0.694336 1310509508.716856
1.558594 0.634766 0.683594 1310509508.739765
1.647461 0.634766 0.683594 1310509508.760769
1.718750 0.588867 0.584961 1310509508.801768
1.681641 0.547852 0.553711 1310509508.844861
1.728516 0.618164 0.547852 1310509508.869850
1.727539 0.497070 0.456055 1310509508.890852
1.669922 0.517578 0.433594 1310509508.936842
1.583008 0.414062 0.433594 1310509508.959770
1.569336 0.345703 0.302734 1310509508.991848
1.516602 0.285156 0.172852 1310509509.034818
1.443359 0.347656 0.213867 1310509509.056850
1.455078 0.376953 0.284180 1310509509.100845
1.270508 0.316406 0.265625 1310509509.121989
1.247070 0.318359 0.223633 1310509509.164806
1.265625 0.300781 0.169922 1310509509.185777
1.196289 0.275391 0.169922 1310509509.208821
1.246094 0.275391 0.169922 1310509509.251872
1.293945 0.209961 -0.105469 1310509509.296831
1.423828 0.227539 -0.044922 1310509509.319868
1.432617 0.111328 -0.155273 1310509509.344065
1.426758 0.151367 -0.143555 1310509509.380763
1.263672 0.306641 -0.032227 1310509509.404815
1.316406 0.469727 0.017578 1310509509.438866
1.515625 0.440430 0.054688 1310509509.481800
1.500000 0.239258 0.054688 1310509509.504871
1.400391 0.251953 0.042969 1310509509.546822
1.431641 0.360352 0.039062 1310509509.629881
1.456055 0.226562 0.084961 1310509509.630865
1.394531 0.236328 0.176758 1310509509.647058
1.294922 0.271484 0.155273 1310509509.669844
1.228516 0.413086 0.155273 1310509509.692877
1.148438 0.388672 0.176758 1310509509.736816
1.063477 0.315430 0.067383 1310509509.779880
0.991211 0.304688 0.026367 1310509509.804871
0.905273 0.307617 0.059570 1310509509.824851
0.799805 0.367188 0.155273 1310509509.868866
0.549805 0.367188 0.155273 1310509509.890880
0.597656 0.343750 0.247070 1310509509.934874
0.462891 0.322266 0.269531 1310509509.956865
0.381836 0.279297 0.253906 1310509510.001890
0.256836 0.225586 0.231445 1310509510.026829
0.157227 0.218750 0.150391 1310509510.056812
0.157227 0.218750 0.150391 1310509510.085841
-0.145508 0.139648 0.092773 1310509510.133814
-0.281250 0.037109 0.026367 1310509510.148846
-0.431641 -0.034180 0.036133 1310509510.191849
-0.461914 -0.267578 0.118164 1310509510.216878
-0.544922 -0.279297 0.057617 1310509510.243891
-0.630859 -0.177734 -0.009766 1310509510.278899
-0.642578 -0.243164 -0.044922 1310509510.321894
-0.673828 -0.263672 -0.163086 1310509510.364853
-0.674805 -0.183594 -0.231445 1310509510.388844
-0.741211 -0.162109 -0.313477 1310509510.411893
-0.748047 -0.091797 -0.301758 1310509510.443805
-0.827148 -0.152344 -0.332031 1310509510.466797
-0.771484 0.040039 -0.381836 1310509510.510774
-0.836914 -0.005859 -0.458984 1310509510.559815
-0.778320 0.265625 -0.459961 1310509510.581812
-0.880859 -0.064453 -0.584961 1310509510.624825
-0.854492 -0.037109 -0.576172 1310509510.626890
-0.826172 -0.003906 -0.576172 1310509510.674905
-0.826172 -0.044922 -0.609375 1310509510.703893
-0.909180 -0.060547 -0.612305 1310509510.730877
-0.816406 -0.043945 -0.608398 1310509510.774893
-0.834961 0.000000 -0.574219 1310509510.795797
-0.807617 0.000000 -0.574219 1310509510.818817
-0.813477 0.000000 -0.574219 1310509510.888872
-0.826172 -0.041016 -0.820312 1310509510.928792
-0.793945 0.108398 -0.864258 1310509510.948893
-0.804688 -0.388672 -0.861328 1310509510.949868
-0.770508 -0.662109 -0.926758 1310509510.994043
-0.674805 -0.470703 -0.557617 1310509511.019905
-0.640625 -0.258789 -0.450195 1310509511.063908
-0.618164 -0.248047 -0.485352 1310509511.095902
-0.617188 -0.155273 -0.484375 1310509511.123882
-0.528320 -0.074219 -0.500977 1310509511.144820
-0.465820 -0.038086 -0.579102 1310509511.186808
-0.385742 0.046875 -0.645508 1310509511.229903
-0.352539 0.143555 -0.720703 1310509511.250819
-0.184570 0.224609 -0.769531 1310509511.294826
-0.067383 0.260742 -0.628906 1310509511.316863
0.011719 0.345703 -0.662109 1310509511.365863
0.109375 0.537109 -0.677734 1310509511.366889
0.127930 0.701172 -0.677734 1310509511.422846
0.245117 0.920898 -0.422852 1310509511.445842
0.330078 0.970703 -0.432617 1310509511.489826
0.429688 1.031250 -0.461914 1310509511.505828
0.603516 0.989258 -0.394531 1310509511.548831
0.810547 0.945312 -0.394531 1310509511.569921
0.767578 0.959961 -0.339844 1310509511.613907
0.749023 1.012695 -0.250000 1310509511.634917
0.755859 0.781250 -0.266602 1310509511.680912
1.052734 0.669922 -0.144531 1310509511.723858
1.225586 0.625977 -0.234375 1310509511.725915
1.324219 0.523438 -0.152344 1310509511.752828
1.286133 0.600586 -0.024414 1310509511.798908
1.250000 0.480469 -0.010742 1310509511.845867
1.307617 0.592773 0.138672 1310509511.887044
1.319336 0.806641 0.364258 1310509511.906926
1.070312 0.937500 0.467773 1310509511.928905
1.070312 0.937500 0.467773 1310509511.950861
1.341797 0.911133 0.333984 1310509511.995944
0.938477 0.707031 -0.314453 1310509512.038884
