0.805664 0.163086 0.135742 1311186845.395684
0.865234 0.055664 0.038086 1311186845.415475
0.825195 0.061523 -0.037109 1311186845.436483
0.842773 0.000000 0.081055 1311186845.461491
0.585938 -0.160156 0.048828 1311186845.486495
0.403320 -0.235352 0.064453 1311186845.518473
0.178711 -0.272461 0.035156 1311186845.562465
0.579102 -0.000977 0.380859 1311186845.585514
0.959961 -0.140625 0.612305 1311186845.608494
1.455078 0.285156 1.416016 1311186845.658466
1.987305 0.729492 1.985352 1311186845.682498
1.987305 1.299805 1.988281 1311186845.712521
1.986328 1.546875 1.987305 1311186845.746492
1.988281 1.329102 1.513672 1311186845.788487
1.987305 1.199219 0.878906 1311186845.811499
1.333008 0.964844 0.477539 1311186845.836491
0.680664 0.796875 0.169922 1311186845.878575
0.521484 0.715820 -0.031250 1311186845.921548
0.847656 0.662109 -0.029297 1311186845.946501
1.126953 0.517578 -0.075195 1311186845.975499
1.212891 0.437500 -0.196289 1311186846.005499
1.219727 0.363281 -0.217773 1311186846.038518
1.112305 0.363281 -0.217773 1311186846.063476
1.355469 0.080078 -0.563477 1311186846.119506
0.926758 0.355469 -0.499023 1311186846.158483
1.133789 0.054688 -0.184570 1311186846.198509
0.908203 -0.144531 0.062500 1311186846.219505
0.514648 -1.007812 0.701172 1311186846.226489
-1.140625 -1.982422 0.701172 1311186846.258283
-1.465820 -1.983398 1.030273 1311186846.302518
-1.990234 -1.982422 0.491211 1311186846.325534
-1.407227 -1.983398 -0.208984 1311186846.368504
0.047852 -1.115234 -0.484375 1311186846.393509
1.472656 -0.391602 -0.347656 1311186846.416502
1.983398 1.048828 -0.375000 1311186846.461521
1.975586 0.644531 -0.903320 1311186846.486514
1.983398 0.847656 -0.393555 1311186846.528503
1.984375 1.236328 -0.117188 1311186846.573507
1.983398 1.030273 -0.177734 1311186846.580522
1.983398 1.103516 -0.000977 1311186846.622516
1.886719 0.990234 0.249023 1311186846.646492
1.522461 0.864258 0.967773 1311186846.692535
1.312500 -0.017578 0.692383 1311186846.713485
1.387695 -0.062500 1.606445 1311186846.757497
1.567383 0.035156 1.985352 1311186846.780518
1.981445 -1.256836 1.249023 1311186846.803524
1.980469 -0.152344 1.992188 1311186846.847507
1.979492 -0.666992 1.991211 1311186846.896487
1.979492 0.181641 1.471680 1311186846.899486
1.907227 0.409180 0.701172 1311186846.956487
0.335938 0.387695 0.238281 1311186846.963590
0.999023 0.683594 0.160156 1311186847.006523
1.637695 0.539062 0.194336 1311186847.033526
1.404297 0.506836 0.003906 1311186847.078523
1.562500 0.375000 -0.176758 1311186847.100824
1.420898 0.742188 -0.288086 1311186847.126508
1.528320 0.654297 -0.418945 1311186847.170499
1.610352 0.515625 -0.562500 1311186847.196532
1.583008 0.515625 -0.562500 1311186847.219508
1.419922 0.387695 -0.514648 1311186847.262529
1.436523 0.090820 -0.207031 1311186847.305493
1.110352 -0.734375 0.263672 1311186847.330520
0.104492 -1.983398 0.819336 1311186847.366515
-0.762695 -1.981445 1.980469 1311186847.390511
-1.802734 -1.983398 1.712891 1311186847.491524
-1.987305 -1.982422 1.461914 1311186847.492489
-0.958984 -1.977539 0.388672 1311186847.493504
0.918945 -1.179688 0.235352 1311186847.516492
1.983398 0.951172 0.384766 1311186847.553524
1.931641 1.064453 -0.615234 1311186847.580519
1.849609 0.354492 -0.593750 1311186847.625553
1.866211 0.789062 -0.155273 1311186847.646516
1.895508 0.821289 -0.317383 1311186847.691522
1.833008 1.056641 -0.370117 1311186847.713531
1.828125 1.044922 -0.072266 1311186847.748533
1.739258 0.880859 0.064453 1311186847.775534
1.676758 0.967773 0.377930 1311186847.818521
1.107422 0.319336 0.842773 1311186847.840538
1.040039 0.769531 1.752930 1311186847.882510
1.111328 -0.892578 1.989258 1311186847.905560
1.972656 -1.339844 1.990234 1311186847.926531
1.974609 -1.982422 1.697266 1311186847.969554
1.989258 1.958984 1.903320 1311186848.014552
1.984375 0.431641 1.919922 1311186848.041580
1.984375 0.306641 1.216797 1311186848.072532
1.725586 0.528320 0.292969 1311186848.095721
0.787109 0.528320 0.292969 1311186848.118528
1.276367 0.528320 0.292969 1311186848.166617
1.570312 0.643555 -0.008789 1311186848.202542
1.612305 0.515625 -0.178711 1311186848.223526
1.551758 0.280273 -0.201172 1311186848.266558
1.358398 0.208984 -0.219727 1311186848.289526
1.447266 0.197266 -0.120117 1311186848.321511
1.288086 0.039062 -0.275391 1311186848.351556
1.048828 0.106445 -0.246094 1311186848.393551
1.011719 -0.003906 -0.172852 1311186848.416542
0.783203 -0.083984 -0.142578 1311186848.461541
0.669922 -0.476562 0.108398 1311186848.483549
-1.843750 -1.980469 0.351562 1311186848.528541
-1.312500 -1.982422 0.141602 1311186848.563537
-1.938477 -1.983398 0.254883 1311186848.586546
-1.350586 -1.981445 0.295898 1311186848.609542
-0.037109 -1.621094 -0.090820 1311186848.657556
1.522461 -0.946289 -0.094727 1311186848.679554
1.986328 0.591797 -0.032227 1311186848.753532
1.696289 1.163086 -0.468750 1311186848.779545
1.749023 0.689453 -0.407227 1311186848.781556
1.976562 0.633789 -0.166992 1311186848.802540
1.861328 1.106445 -0.177734 1311186848.847568
1.871094 0.991211 -0.177734 1311186848.869536
1.777344 0.837891 0.008789 1311186848.899531
1.809570 0.881836 0.133789 1311186848.948550
1.231445 0.702148 0.534180 1311186848.971549
1.204102 0.618164 0.882812 1311186849.000581
1.039062 -0.235352 1.350586 1311186849.034557
1.984375 0.742188 1.989258 1311186849.057556
1.920898 -1.982422 1.911133 1311186849.101565
1.985352 1.051758 1.994141 1311186849.143580
1.983398 -0.038086 1.214844 1311186849.186566
1.983398 0.488281 1.850586 1311186849.187532
1.981445 0.907227 0.920898 1311186849.229579
0.981445 0.907227 0.920898 1311186849.251571
1.114258 0.874023 -0.132812 1311186849.297559
1.777344 1.029297 -0.077148 1311186849.319562
1.678711 0.795898 -0.122070 1311186849.367563
1.635742 0.632812 -0.277344 1311186849.389549
1.589844 0.480469 -0.422852 1311186849.413563
1.339844 0.480469 -0.422852 1311186849.437561
1.414062 0.462891 -0.544922 1311186849.496587
1.228516 0.309570 -0.474609 1311186849.524533
1.369141 0.112305 -0.364258 1311186849.547552
1.206055 0.156250 0.117188 1311186849.592590
0.642578 -0.724609 0.988281 1311186849.621608
-1.490234 -1.982422 1.898438 1311186849.643580
-1.988281 -1.983398 0.291016 1311186849.691560
-1.990234 -1.982422 0.354492 1311186849.714562
-0.833008 -1.981445 0.189453 1311186849.758550
0.300781 -1.452148 0.071289 1311186849.799570
1.780273 -0.358398 0.186523 1311186849.801552
1.986328 1.369141 -0.178711 1311186849.844596
1.832031 0.872070 -0.942383 1311186849.874579
1.983398 0.609375 -0.702148 1311186849.894572
1.982422 0.579102 -0.320312 1311186849.959564
1.982422 0.835938 -0.230469 1311186849.982051
1.981445 1.226562 -0.000977 1311186850.051619
1.788086 0.777344 0.045898 1311186850.077540
1.505859 0.774414 0.688477 1311186850.078537
1.131836 0.409180 0.944336 1311186850.098588
1.268555 0.104492 1.226562 1311186850.123597
1.340820 0.302734 1.984375 1311186850.169450
1.970703 -1.981445 1.986328 1311186850.192650
1.979492 -0.105469 1.229492 1311186850.214565
1.987305 1.983398 1.989258 1311186850.259556
1.975586 -0.833984 1.991211 1311186850.284559
1.985352 0.541992 1.496094 1311186850.316559
1.363281 1.125977 0.459961 1311186850.363550
1.003906 0.875977 0.459961 1311186850.387593
1.889648 0.700195 0.291016 1311186850.434217
1.769531 0.679688 -0.046875 1311186850.456812
1.983398 0.684570 -0.297852 1311186850.498588
1.982422 0.436523 -0.456055 1311186850.519569
1.797852 0.311523 -0.492188 1311186850.541944
1.683594 0.152344 -0.611328 1311186850.583566
1.479492 0.103516 -0.489258 1311186850.607605
1.598633 0.162109 -0.164062 1311186850.651577
1.459961 0.196289 0.436523 1311186850.673844
1.098633 -0.938477 0.781250 1311186850.717598
0.062500 -1.983398 0.143555 1311186850.739613
-1.937500 -1.983398 0.143555 1311186850.763608
-1.990234 -1.982422 0.178711 1311186850.808578
-1.985352 -1.983398 0.446289 1311186850.832599
-0.797852 -1.792969 -0.172852 1311186850.887598
0.698242 0.101562 -0.113281 1311186850.912610
1.979492 0.138672 -0.035156 1311186850.934578
1.532227 0.730469 -0.167969 1311186850.958580
1.453125 0.393555 -0.652344 1311186851.003605
1.942383 0.556641 -0.355469 1311186851.024590
1.854492 0.473633 0.066406 1311186851.068592
1.902344 0.476562 0.048828 1311186851.092585
1.625977 0.218750 0.233398 1311186851.117571
1.253906 0.468750 0.046875 1311186851.162663
1.233398 0.810547 0.671875 1311186851.186598
1.023438 0.376953 0.482422 1311186851.229646
1.583008 0.045898 0.883789 1311186851.252597
1.980469 0.207031 1.149414 1311186851.321677
1.980469 0.207031 1.149414 1311186851.358592
1.979492 -0.619141 1.990234 1311186851.379570
0.120117 0.977539 -0.375977 1311186851.381593
1.421875 0.329102 0.469727 1311186851.413583
0.547852 0.699219 -0.781250 1311186851.459619
0.503906 -0.045898 -0.786133 1311186851.483576
0.626953 -0.045898 -0.786133 1311186851.507623
0.547852 0.187500 -0.270508 1311186851.543607
0.575195 0.134766 -0.146484 1311186851.589613
0.757812 0.155273 -0.087891 1311186851.611589
0.940430 0.263672 -0.035156 1311186851.653593
1.053711 0.259766 0.023438 1311186851.674615
1.098633 -0.025391 0.059570 1311186851.698611
1.115234 0.135742 0.203125 1311186851.747591
1.173828 -0.022461 0.356445 1311186851.768596
1.059570 -0.120117 0.117188 1311186851.812587
0.920898 0.154297 0.082031 1311186851.834606
0.834961 0.180664 -0.005859 1311186851.877606
0.878906 0.173828 -0.041016 1311186851.899584
