0.129883 0.323242 0.673828 1309981284.217446
0.118164 0.437500 0.677734 1309981284.251467
-0.017578 0.473633 0.630859 1309981284.274469
-0.109375 0.545898 0.625977 1309981284.321446
-0.151367 0.755859 0.610352 1309981284.342479
-0.401367 0.755859 0.610352 1309981284.366438
-0.463867 0.728516 0.516602 1309981284.410488
-0.516602 0.773438 0.415039 1309981284.455476
-0.539062 0.839844 0.269531 1309981284.479474
-0.502930 0.772461 0.259766 1309981284.500477
-0.566406 0.669922 0.185547 1309981284.538482
-0.566406 0.669922 0.185547 1309981284.599473
-0.621094 0.667969 -0.047852 1309981284.601446
-0.687500 0.441406 -0.120117 1309981284.647481
-0.657227 0.431641 -0.188477 1309981284.670448
-0.706055 0.384766 -0.315430 1309981284.691481
-0.820312 0.303711 -0.363281 1309981284.734479
-0.931641 0.332031 -0.463867 1309981284.781477
-1.072266 0.341797 -0.678711 1309981284.825488
-1.001953 0.484375 -0.789062 1309981284.826478
-1.022461 0.633789 -1.047852 1309981284.869482
-1.134766 0.781250 -1.266602 1309981284.891480
-1.249023 0.980469 -1.608398 1309981284.913485
-1.377930 1.283203 -1.710938 1309981284.957479
-1.521484 0.783203 -1.710938 1309981284.979495
-0.411133 0.614258 -0.370117 1309981285.024481
1.702148 -0.622070 0.829102 1309981285.067480
1.987305 1.093750 1.117188 1309981285.090513
1.746094 -0.619141 1.117188 1309981285.114499
0.710938 -0.626953 0.769531 1309981285.157484
0.077148 -0.359375 0.696289 1309981285.181495
-0.086914 -0.690430 0.649414 1309981285.227486
-0.154297 -0.531250 0.753906 1309981285.239492
-0.405273 -0.574219 0.723633 1309981285.285487
-0.165039 -0.574219 0.723633 1309981285.307489
-0.015625 -0.500977 0.679688 1309981285.366480
-0.008789 -0.540039 0.635742 1309981285.389494
0.003906 -0.505859 0.663086 1309981285.411487
0.125000 -0.521484 0.595703 1309981285.449490
0.178711 -0.551758 0.604492 1309981285.470491
0.214844 -0.472656 0.596680 1309981285.493495
0.186523 -0.472656 0.580078 1309981285.538485
0.137695 -0.472656 0.580078 1309981285.560498
0.201172 -0.235352 0.644531 1309981285.604509
0.111328 -0.177734 0.673828 1309981285.633493
0.125977 -0.166016 0.691406 1309981285.655495
0.125977 -0.166016 0.691406 1309981285.687499
0.096680 -0.042969 0.745117 1309981285.731510
0.203125 0.050781 0.781250 1309981285.775497
0.260742 0.137695 0.782227 1309981285.796482
0.205078 0.123047 0.830078 1309981285.871499
0.290039 0.228516 0.823242 1309981285.872492
0.325195 0.236328 0.801758 1309981285.905501
0.305664 0.265625 0.837891 1309981285.943504
0.330078 0.239258 0.824219 1309981285.965502
0.369141 0.261719 0.797852 1309981285.987515
0.388672 0.340820 0.829102 1309981286.010474
0.406250 0.328125 0.766602 1309981286.053521
0.413086 0.304688 0.747070 1309981286.076519
0.447266 0.252930 0.709961 1309981286.120485
0.480469 0.224609 0.696289 1309981286.163503
0.456055 0.201172 0.677734 1309981286.186491
0.501953 0.171875 0.630859 1309981286.231504
0.500000 0.165039 0.621094 1309981286.252499
0.491211 0.166016 0.617188 1309981286.290587
0.539062 0.184570 0.618164 1309981286.358512
0.563477 0.204102 0.556641 1309981286.360505
0.497070 0.232422 0.584961 1309981286.387487
0.578125 0.214844 0.568359 1309981286.432502
0.578125 0.214844 0.568359 1309981286.450712
0.565430 0.226562 0.539062 1309981286.485527
0.541016 0.231445 0.503906 1309981286.507530
0.583008 0.216797 0.541016 1309981286.528508
0.562500 0.230469 0.505859 1309981286.571521
0.567383 0.218750 0.539062 1309981286.593504
0.516602 0.218750 0.539062 1309981286.636521
