0.888672 0.308594 0.070312 1310160335.788498
0.884766 0.245117 0.137695 1310160335.833499
0.869141 0.269531 0.170898 1310160335.875490
0.817383 0.402344 0.126953 1310160335.877489
0.857422 0.402344 0.306641 1310160335.908515
0.814453 0.405273 0.444336 1310160335.952475
0.834961 0.626953 0.835938 1310160335.974497
1.000977 0.759766 1.043945 1310160336.020498
1.125977 0.899414 1.123047 1310160336.043487
1.221680 0.954102 1.243164 1310160336.092463
1.372070 1.128906 1.271484 1310160336.113490
1.554688 0.966797 1.033203 1310160336.158516
1.473633 1.093750 0.864258 1310160336.189499
1.459961 1.544922 0.740234 1310160336.212491
1.326172 1.140625 0.669922 1310160336.258477
0.961914 0.985352 0.498047 1310160336.274497
0.712891 0.918945 0.451172 1310160336.302511
0.567383 0.749023 0.291016 1310160336.345503
0.240234 0.447266 0.075195 1310160336.368477
0.163086 0.353516 0.061523 1310160336.398670
0.094727 0.231445 -0.103516 1310160336.448517
-0.016602 0.115234 -0.241211 1310160336.469501
0.233398 0.115234 -0.241211 1310160336.492495
-0.041016 -0.204102 -0.331055 1310160336.538507
-0.200195 -0.376953 -0.415039 1310160336.560510
-0.343750 -0.479492 -0.393555 1310160336.606475
-0.423828 -0.516602 -0.422852 1310160336.664506
-0.569336 -0.625000 -0.483398 1310160336.665505
-0.625977 -0.679688 -0.446289 1310160336.709478
-0.607422 -0.706055 -0.473633 1310160336.733510
-0.660156 -0.691406 -0.559570 1310160336.775506
-0.772461 -0.726562 -0.610352 1310160336.802528
-0.737305 -0.788086 -0.630859 1310160336.825512
-0.800781 -0.821289 -0.695312 1310160336.840525
-0.874023 -0.828125 -0.697266 1310160336.888487
-0.852539 -0.739258 -0.685547 1310160336.966515
-0.731445 -0.764648 -0.659180 1310160336.967509
-0.644531 -0.684570 -0.691406 1310160336.988523
-0.648438 -0.640625 -0.671875 1310160337.010500
-0.553711 -0.637695 -0.656250 1310160337.057517
-0.416992 -0.581055 -0.638672 1310160337.084521
-0.368164 -0.451172 -0.571289 1310160337.107479
-0.323242 -0.405273 -0.551758 1310160337.150510
-0.196289 -0.330078 -0.518555 1310160337.174511
-0.019531 -0.190430 -0.433594 1310160337.216504
0.083984 -0.190430 -0.433594 1310160337.238517
0.220703 0.078125 -0.324219 1310160337.280513
0.527344 0.239258 -0.081055 1310160337.323521
0.819336 0.310547 0.097656 1310160337.347517
0.842773 0.198242 0.289062 1310160337.365520
1.049805 0.228516 0.390625 1310160337.409492
1.075195 0.228516 0.390625 1310160337.432531
1.243164 0.282227 0.651367 1310160337.477791
1.241211 0.250977 0.745117 1310160337.500500
1.347656 0.296875 0.672852 1310160337.522520
1.442383 0.197266 0.608398 1310160337.559535
1.531250 0.135742 0.579102 1310160337.602528
1.678711 0.208008 0.506836 1310160337.639525
1.684570 0.210938 0.530273 1310160337.663521
1.732422 0.225586 0.597656 1310160337.685534
1.788086 0.086914 0.455078 1310160337.730483
1.645508 0.211914 0.531250 1310160337.752530
1.678711 0.024414 0.357422 1310160337.797492
1.575195 0.240234 0.387695 1310160337.819500
1.545898 0.137695 0.280273 1310160337.876515
1.392578 0.148438 0.252930 1310160337.940529
1.388672 0.002930 0.240234 1310160337.942529
1.310547 -0.037109 0.190430 1310160337.943528
1.281250 0.001953 0.208984 1310160337.989543
1.281250 0.001953 0.208984 1310160338.012512
1.274414 0.065430 0.237305 1310160338.057531
1.315430 -0.025391 0.247070 1310160338.082534
1.380859 0.085938 0.316406 1310160338.122506
1.483398 -0.004883 0.327148 1310160338.143530
1.510742 0.035156 0.327148 1310160338.168538
1.656250 0.101562 0.501953 1310160338.208540
1.621094 0.041992 0.412109 1310160338.233537
1.726562 0.197266 0.520508 1310160338.263521
1.727539 0.172852 0.530273 1310160338.307532
1.773438 0.121094 0.495117 1310160338.330546
1.779297 0.173828 0.435547 1310160338.362535
1.692383 0.174805 0.420898 1310160338.409542
1.568359 0.158203 0.424805 1310160338.434542
1.408203 0.221680 0.447266 1310160338.459540
1.322266 0.154297 0.379883 1310160338.502535
1.047852 0.136719 0.283203 1310160338.534541
0.797852 0.136719 0.283203 1310160338.557543
0.715820 0.035156 0.319336 1310160338.608543
0.513672 0.023438 0.223633 1310160338.630542
0.326172 0.058594 0.121094 1310160338.663545
0.177734 0.013672 0.102539 1310160338.687539
0.095703 0.014648 0.009766 1310160338.720591
-0.032227 -0.016602 -0.041016 1310160338.763559
-0.125977 -0.095703 -0.027344 1310160338.785536
-0.320312 -0.192383 -0.101562 1310160338.824615
-0.364258 -0.315430 -0.116211 1310160338.857546
-0.497070 -0.269531 -0.134766 1310160338.878535
-0.556641 -0.275391 -0.128906 1310160338.903557
-0.513672 -0.275391 -0.128906 1310160338.948518
-0.572266 -0.309570 -0.274414 1310160338.984541
-0.585938 -0.269531 -0.159180 1310160339.023564
-0.600586 -0.405273 -0.253906 1310160339.044534
-0.595703 -0.436523 -0.321289 1310160339.087550
-0.688477 -0.560547 -0.424805 1310160339.102552
-0.833008 -0.601562 -0.435547 1310160339.245553
-0.825195 -0.547852 -0.500000 1310160339.248531
-0.874023 -0.597656 -0.524414 1310160339.267558
-0.823242 -0.598633 -0.588867 1310160339.268550
-0.787109 -0.681641 -0.583984 1310160339.323544
-0.714844 -0.681641 -0.583984 1310160339.324545
-0.570312 -0.715820 -0.627930 1310160339.332558
-0.444336 -0.706055 -0.589844 1310160339.373534
-0.596680 -0.695312 -0.636719 1310160339.398591
-0.493164 -0.999023 -0.597656 1310160339.424543
-0.582031 -1.101562 -0.654297 1310160339.480565
-0.704102 -1.351562 -0.654297 1310160339.482541
-0.545898 -1.256836 -0.614258 1310160339.527561
-0.430664 -0.970703 -0.567383 1310160339.564534
-0.374023 -0.730469 -0.490234 1310160339.588556
-0.200195 -0.514648 -0.433594 1310160339.630572
-0.146484 -0.403320 -0.420898 1310160339.657574
-0.084961 -0.294922 -0.413086 1310160339.675564
-0.050781 -0.218750 -0.340820 1310160339.722568
0.003906 -0.079102 -0.292969 1310160339.765565
0.119141 -0.048828 -0.237305 1310160339.787560
0.242188 0.034180 -0.157227 1310160339.827568
0.516602 0.203125 -0.066406 1310160339.844567
0.815430 0.264648 0.081055 1310160339.945594
0.838867 0.096680 0.202148 1310160339.966573
1.078125 0.173828 0.317383 1310160339.988613
1.150391 0.341797 0.503906 1310160339.989562
1.382812 0.319336 0.569336 1310160340.010577
1.414062 0.175781 0.570312 1310160340.068586
1.578125 0.175781 0.570312 1310160340.082546
1.658203 0.146484 0.643555 1310160340.105589
1.833008 0.141602 0.567383 1310160340.153584
1.975586 0.096680 0.518555 1310160340.174560
1.873047 0.230469 0.626953 1310160340.218581
1.881836 0.251953 0.601562 1310160340.241581
1.870117 0.207031 0.535156 1310160340.295575
1.799805 0.310547 0.468750 1310160340.318585
1.669922 0.225586 0.317383 1310160340.341573
1.555664 0.371094 0.405273 1310160340.363586
1.467773 0.167969 0.378906 1310160340.395567
1.415039 0.090820 0.334961 1310160340.418585
1.415039 0.090820 0.334961 1310160340.537611
1.374023 0.101562 0.356445 1310160340.563583
1.348633 0.114258 0.357422 1310160340.564573
1.405273 0.089844 0.432617 1310160340.565573
1.426758 0.080078 0.458984 1310160340.585584
1.538086 0.080078 0.458984 1310160340.628597
1.651367 -0.014648 0.553711 1310160340.674611
1.736328 0.023438 0.536133 1310160340.690584
1.833008 0.045898 0.598633 1310160340.734563
1.979492 0.054688 0.599609 1310160340.757555
1.983398 -0.006836 0.563477 1310160340.799582
1.979492 0.051758 0.571289 1310160340.823588
1.980469 0.039062 0.499023 1310160340.845582
1.810547 0.011719 0.430664 1310160340.880556
1.673828 0.068359 0.425781 1310160340.927595
1.482422 0.076172 0.306641 1310160340.948611
1.318359 -0.012695 0.117188 1310160340.972585
0.999023 -0.132812 0.017578 1310160341.018601
0.737305 -0.030273 0.025391 1310160341.039566
0.754883 0.072266 0.066406 1310160341.083588
0.391602 0.124023 0.147461 1310160341.105584
0.295898 0.180664 0.108398 1310160341.152598
0.140625 0.208008 0.140625 1310160341.175606
0.025391 0.075195 0.133789 1310160341.205604
-0.004883 -0.027344 0.001953 1310160341.242573
-0.125977 -0.042969 -0.059570 1310160341.279588
-0.254883 -0.006836 -0.105469 1310160341.289598
-0.326172 -0.050781 -0.139648 1310160341.343595
-0.419922 -0.036133 -0.144531 1310160341.365584
-0.473633 -0.144531 -0.144531 1310160341.388598
-0.587891 -0.253906 -0.286133 1310160341.434588
-0.653320 -0.301758 -0.342773 1310160341.474594
-0.619141 -0.368164 -0.401367 1310160341.497594
-0.740234 -0.461914 -0.473633 1310160341.524620
-0.847656 -0.711914 -0.473633 1310160341.554602
-0.719727 -0.594727 -0.491211 1310160341.613603
-0.903320 -0.706055 -0.596680 1310160341.643600
-0.856445 -0.698242 -0.570312 1310160341.664594
-0.864258 -0.687500 -0.635742 1310160341.688603
-0.878906 -0.720703 -0.653320 1310160341.720598
-0.822266 -0.692383 -0.675781 1310160341.772605
-0.850586 -0.699219 -0.767578 1310160341.800605
-0.849609 -0.678711 -0.797852 1310160341.823610
-0.810547 -0.701172 -0.792969 1310160341.841631
-0.767578 -0.677734 -0.783203 1310160341.872608
-0.616211 -0.561523 -0.731445 1310160341.914614
-0.525391 -0.519531 -0.708008 1310160341.943608
-0.457031 -0.498047 -0.708008 1310160341.966611
-0.330078 -0.418945 -0.708008 1310160342.008622
-0.200195 -0.382812 -0.520508 1310160342.055609
-0.121094 -0.285156 -0.496094 1310160342.085604
0.047852 -0.182617 -0.417969 1310160342.095612
0.163086 -0.083008 -0.375000 1310160342.142611
0.332031 0.039062 -0.286133 1310160342.187607
0.599609 0.109375 -0.234375 1310160342.216617
0.925781 0.294922 -0.102539 1310160342.260608
1.339844 0.221680 0.087891 1310160342.287615
1.279297 0.007812 0.087891 1310160342.298620
1.424805 0.542969 0.412109 1310160342.345601
1.718750 0.640625 0.609375 1310160342.369619
1.681641 0.595703 0.736328 1310160342.415608
1.771484 0.455078 0.762695 1310160342.439611
1.946289 0.346680 0.699219 1310160342.462614
1.906250 0.457031 0.732422 1310160342.484616
1.906250 0.457031 0.732422 1310160342.528607
1.919922 0.554688 0.486328 1310160342.564601
1.978516 0.394531 0.523438 1310160342.585619
1.884766 0.217773 0.414062 1310160342.632609
1.806641 0.430664 0.368164 1310160342.668630
1.687500 0.180664 0.368164 1310160342.698621
1.476562 0.222656 0.289062 1310160342.734630
1.392578 0.200195 0.287109 1310160342.755612
1.346680 0.170898 0.249023 1310160342.784619
1.323242 0.142578 0.267578 1310160342.823623
1.270508 0.016602 0.281250 1310160342.848628
1.310547 0.145508 0.288086 1310160342.870626
1.276367 0.064453 0.279297 1310160342.914625
1.458008 0.084961 0.333984 1310160342.958627
1.548828 -0.000977 0.311523 1310160342.977628
1.652344 0.052734 0.358398 1310160343.003636
1.794922 0.005859 0.378906 1310160343.075637
1.909180 0.013672 0.397461 1310160343.097630
1.975586 -0.030273 0.370117 1310160343.098627
1.880859 0.082031 0.380859 1310160343.154626
1.724609 0.179688 0.457031 1310160343.177631
1.869141 0.128906 0.535156 1310160343.200631
1.860352 0.341797 0.520508 1310160343.233632
1.610352 0.341797 0.520508 1310160343.258638
1.601562 0.277344 0.596680 1310160343.303636
1.458008 0.231445 0.445312 1310160343.325634
1.249023 0.161133 0.371094 1310160343.368636
1.082031 0.078125 0.209961 1310160343.392636
0.904297 0.078125 0.209961 1310160343.414636
0.637695 0.047852 0.034180 1310160343.467637
0.429688 0.124023 0.041016 1310160343.514639
0.363281 -0.028320 -0.044922 1310160343.538653
0.170898 -0.105469 -0.139648 1310160343.560612
0.023438 -0.169922 -0.085938 1310160343.602640
-0.160156 -0.184570 -0.085938 1310160343.625642
-0.337891 -0.163086 -0.198242 1310160343.658648
-0.376953 -0.173828 -0.200195 1310160343.682644
-0.428711 -0.260742 -0.227539 1310160343.739658
-0.467773 -0.253906 -0.305664 1310160343.783643
-0.464844 -0.298828 -0.343750 1310160343.785643
-0.581055 -0.295898 -0.414062 1310160343.824643
-0.758789 -0.391602 -0.469727 1310160343.847660
-0.846680 -0.491211 -0.523438 1310160343.884646
-0.819336 -0.507812 -0.523438 1310160343.928645
-0.973633 -0.549805 -0.562500 1310160343.957628
-0.911133 -0.617188 -0.571289 1310160343.980654
-0.935547 -0.635742 -0.594727 1310160344.037662
-0.865234 -0.652344 -0.638672 1310160344.038640
-0.872070 -0.641602 -0.691406 1310160344.077652
-0.863281 -0.553711 -0.726562 1310160344.112644
-0.873047 -0.570312 -0.715820 1310160344.142664
-0.890625 -0.556641 -0.727539 1310160344.159646
-0.804688 -0.527344 -0.694336 1310160344.205626
-0.754883 -0.482422 -0.635742 1310160344.229636
-0.711914 -0.407227 -0.598633 1310160344.277655
-0.599609 -0.356445 -0.517578 1310160344.330656
-0.491211 -0.345703 -0.532227 1310160344.369656
-0.341797 -0.293945 -0.532227 1310160344.390635
-0.154297 -0.255859 -0.464844 1310160344.405657
-0.064453 -0.208984 -0.433594 1310160344.428646
0.161133 -0.091797 -0.359375 1310160344.450641
0.383789 -0.078125 -0.333984 1310160344.494672
0.616211 0.042969 -0.218750 1310160344.517655
0.959961 0.228516 -0.139648 1310160344.587661
1.148438 0.267578 0.002930 1310160344.605657
1.176758 0.000000 0.043945 1310160344.628654
1.479492 0.163086 0.208984 1310160344.650663
1.777344 0.507812 0.424805 1310160344.694662
1.978516 0.510742 0.569336 1310160344.718670
1.978516 0.510742 0.569336 1310160344.740689
1.982422 0.427734 0.651367 1310160344.790674
1.982422 0.554688 0.674805 1310160344.809667
1.980469 0.406250 0.760742 1310160344.853647
1.973633 0.386719 0.630859 1310160344.875666
1.922852 0.521484 0.665039 1310160344.898667
1.775391 0.277344 0.665039 1310160344.941710
1.589844 0.163086 0.358398 1310160344.984664
1.484375 0.197266 0.382812 1310160345.007664
1.366211 0.059570 0.316406 1310160345.052663
1.301758 0.015625 0.154297 1310160345.074670
1.205078 -0.001953 0.083984 1310160345.088660
1.263672 0.034180 0.129883 1310160345.143668
1.311523 0.007812 0.088867 1310160345.165669
1.405273 0.016602 0.113281 1310160345.210673
1.470703 -0.109375 0.144531 1310160345.240668
1.458984 0.004883 0.143555 1310160345.263671
1.499023 -0.049805 0.237305 1310160345.290670
1.548828 -0.109375 0.280273 1310160345.338695
1.696289 0.027344 0.269531 1310160345.392674
1.799805 -0.007812 0.358398 1310160345.393671
1.967773 -0.025391 0.342773 1310160345.437665
1.980469 0.074219 0.389648 1310160345.459661
1.918945 -0.425781 0.389648 1310160345.480666
1.792969 -0.180664 0.556641 1310160345.525701
1.680664 -0.467773 0.650391 1310160345.548670
1.593750 -0.345703 0.409180 1310160345.617681
1.596680 0.072266 0.490234 1310160345.653672
1.405273 0.087891 0.586914 1310160345.654670
1.238281 0.105469 0.586914 1310160345.696686
1.084961 0.068359 0.428711 1310160345.718677
0.922852 0.195312 0.344727 1310160345.763686
0.814453 0.156250 0.257812 1310160345.783678
0.599609 0.104492 0.093750 1310160345.806687
0.409180 0.136719 -0.045898 1310160345.853677
0.329102 0.174805 -0.120117 1310160345.875682
0.079102 0.174805 -0.120117 1310160345.897691
0.006836 -0.012695 -0.191406 1310160345.944673
-0.145508 -0.105469 -0.245117 1310160345.988684
-0.198242 -0.185547 -0.280273 1310160346.013681
-0.329102 -0.238281 -0.327148 1310160346.034681
-0.515625 -0.282227 -0.363281 1310160346.079688
-0.569336 -0.293945 -0.399414 1310160346.101692
-0.584961 -0.391602 -0.433594 1310160346.128693
-0.704102 -0.404297 -0.465820 1310160346.213696
-0.719727 -0.439453 -0.527344 1310160346.220686
-0.830078 -0.413086 -0.547852 1310160346.222687
-0.778320 -0.502930 -0.513672 1310160346.266696
-0.882812 -0.458984 -0.593750 1310160346.295695
-0.879883 -0.468750 -0.571289 1310160346.339689
-0.866211 -0.483398 -0.627930 1310160346.365686
-0.854492 -0.474609 -0.617188 1310160346.404672
-0.821289 -0.476562 -0.617188 1310160346.426695
-0.865234 -0.481445 -0.660156 1310160346.470695
-0.865234 -0.508789 -0.680664 1310160346.493674
-0.843750 -0.456055 -0.658203 1310160346.515693
-0.856445 -0.488281 -0.661133 1310160346.558695
-0.832031 -0.478516 -0.637695 1310160346.628700
-0.878906 -0.486328 -0.549805 1310160346.649692
-0.905273 -0.429688 -0.550781 1310160346.651668
-0.815430 -0.423828 -0.550781 1310160346.674699
-0.722656 -0.375977 -0.500977 1310160346.743703
-0.698242 -0.375000 -0.431641 1310160346.769706
-0.588867 -0.314453 -0.395508 1310160346.770698
-0.588867 -0.314453 -0.395508 1310160346.797698
-0.405273 -0.267578 -0.398438 1310160346.841700
-0.238281 -0.241211 -0.384766 1310160346.905708
-0.073242 -0.203125 -0.400391 1310160346.944719
0.097656 -0.099609 -0.343750 1310160346.964706
0.317383 -0.097656 -0.321289 1310160346.986688
0.511719 0.064453 -0.232422 1310160347.009674
0.761719 0.205078 -0.295898 1310160347.036703
1.027344 0.161133 -0.149414 1310160347.084709
1.321289 -0.006836 0.111328 1310160347.108708
1.583984 0.212891 0.318359 1310160347.150702
1.715820 0.084961 0.426758 1310160347.186676
1.788086 0.123047 0.490234 1310160347.209710
1.957031 0.215820 0.514648 1310160347.251705
1.984375 0.254883 0.603516 1310160347.273712
1.985352 0.373047 0.634766 1310160347.295712
1.982422 0.464844 0.721680 1310160347.336712
1.982422 0.325195 0.808594 1310160347.359710
1.982422 0.173828 0.713867 1310160347.394795
1.865234 0.273438 0.703125 1310160347.434701
1.693359 0.213867 0.582031 1310160347.458721
1.562500 0.215820 0.569336 1310160347.495705
1.452148 0.085938 0.470703 1310160347.519716
1.380859 -0.036133 0.470703 1310160347.542727
1.291016 -0.039062 0.126953 1310160347.586715
1.181641 0.038086 0.100586 1310160347.635723
1.161133 0.084961 -0.094727 1310160347.658716
1.176758 -0.068359 -0.159180 1310160347.688720
1.192383 -0.198242 -0.250977 1310160347.710724
1.170898 -0.114258 -0.250977 1310160347.748731
1.135742 -0.290039 -0.412109 1310160347.791716
1.099609 -0.200195 -0.436523 1310160347.815726
1.115234 -0.268555 -0.447266 1310160347.859724
1.120117 -0.259766 -0.454102 1310160347.881705
1.125000 -0.305664 -0.455078 1310160347.904717
1.111328 -0.264648 -0.432617 1310160347.953743
1.110352 -0.300781 -0.440430 1310160347.974741
1.154297 -0.322266 -0.402344 1310160348.023707
1.103516 -0.298828 -0.340820 1310160348.046706
0.971680 -0.212891 -0.309570 1310160348.080734
0.932617 -0.247070 -0.270508 1310160348.103728
0.908203 -0.132812 -0.275391 1310160348.146869
0.845703 -0.091797 -0.276367 1310160348.177734
0.873047 -0.245117 -0.239258 1310160348.226753
0.863281 -0.137695 -0.221680 1310160348.228728
0.859375 -0.092773 -0.206055 1310160348.266710
0.825195 -0.048828 -0.201172 1310160348.289735
0.795898 0.013672 -0.187500 1310160348.331731
0.823242 0.116211 -0.121094 1310160348.374757
0.853516 0.098633 -0.123047 1310160348.395734
0.885742 0.070312 -0.140625 1310160348.418705
0.854492 0.056641 -0.125000 1310160348.456735
0.867188 0.061523 -0.099609 1310160348.479742
0.873047 0.046875 -0.097656 1310160348.523735
0.878906 0.153320 -0.120117 1310160348.561735
0.854492 0.128906 -0.137695 1310160348.583738
0.731445 0.116211 -0.134766 1310160348.625736
0.780273 0.169922 -0.081055 1310160348.648713
0.829102 0.173828 -0.077148 1310160348.670745
0.821289 0.182617 -0.015625 1310160348.713746
0.831055 0.128906 0.028320 1310160348.739750
0.870117 0.241211 0.041016 1310160348.778742
0.849609 0.289062 0.072266 1310160348.803748
0.870117 0.257812 0.077148 1310160348.845737
0.870117 0.257812 0.077148 1310160348.866740
0.841797 0.302734 0.097656 1310160348.910764
0.791992 0.286133 0.110352 1310160348.935752
0.817383 0.264648 0.087891 1310160348.979727
0.795898 0.263672 0.116211 1310160349.003758
0.799805 0.321289 0.074219 1310160349.024720
0.781250 0.361328 0.067383 1310160349.070761
0.816406 0.373047 0.088867 1310160349.115707
0.834961 0.349609 0.069336 1310160349.135768
0.798828 0.327148 0.053711 1310160349.158753
0.802734 0.282227 0.096680 1310160349.200754
0.956055 0.333984 0.101562 1310160349.223766
1.118164 0.371094 0.083984 1310160349.270749
0.986328 0.242188 0.101562 1310160349.293766
0.894531 0.193359 0.091797 1310160349.316757
0.899414 0.263672 0.105469 1310160349.363747
0.883789 0.318359 -0.005859 1310160349.395761
0.858398 0.281250 0.125000 1310160349.416752
0.923828 0.281250 0.194336 1310160349.480736
