0.549805 0.592773 -0.502930 1310683945.853550
0.599609 0.517578 -0.525391 1310683945.878555
0.623047 0.619141 -0.407227 1310683945.923558
0.671875 0.542969 -0.436523 1310683945.938552
0.644531 0.624023 -0.485352 1310683945.982560
0.638672 0.658203 -0.480469 1310683946.003663
0.655273 0.589844 -0.468750 1310683946.028540
0.630859 0.580078 -0.468750 1310683946.071597
0.633789 0.617188 -0.423828 1310683946.097576
0.666016 0.656250 -0.313477 1310683946.141560
0.691406 0.480469 -0.359375 1310683946.214538
0.819336 0.401367 -0.257812 1310683946.216574
0.922852 0.559570 -0.187500 1310683946.257550
1.078125 0.653320 -0.138672 1310683946.258515
1.084961 0.689453 -0.038086 1310683946.302584
1.077148 0.798828 0.178711 1310683946.341579
1.046875 1.084961 0.116211 1310683946.363555
1.018555 1.287109 0.081055 1310683946.387557
1.048828 1.208008 0.053711 1310683946.431613
1.077148 1.208008 0.053711 1310683946.452609
1.061523 1.218750 -0.094727 1310683946.494605
1.027344 1.205078 -0.132812 1310683946.518572
0.914062 1.246094 -0.042969 1310683946.562547
0.656250 1.250000 -0.084961 1310683946.587624
0.465820 1.170898 -0.117188 1310683946.621615
0.220703 0.980469 -0.068359 1310683946.644545
0.026367 0.892578 -0.086914 1310683946.681549
-0.057617 0.656250 -0.022461 1310683946.726623
-0.285156 0.500977 -0.107422 1310683946.748556
-0.307617 0.259766 -0.083984 1310683946.771612
-0.336914 0.170898 -0.114258 1310683946.798567
-0.503906 -0.042969 -0.172852 1310683946.863544
-0.372070 -0.147461 -0.181641 1310683946.888551
-0.530273 -0.101562 -0.289062 1310683946.907581
-0.416992 -0.249023 -0.313477 1310683946.953593
-0.533203 -0.320312 -0.436523 1310683946.977619
-0.520508 -0.356445 -0.554688 1310683947.004588
-0.606445 -0.356445 -0.554688 1310683947.030564
-0.571289 -0.344727 -0.768555 1310683947.077624
-0.636719 -0.308594 -0.892578 1310683947.102584
-0.623047 -0.174805 -0.984375 1310683947.156596
-0.669922 -0.138672 -1.069336 1310683947.161569
-0.650391 -0.138672 -1.069336 1310683947.207592
-0.661133 -0.138672 -1.069336 1310683947.215576
-0.690430 0.086914 -1.383789 1310683947.259568
-0.733398 0.195312 -1.488281 1310683947.303559
-0.869141 0.206055 -1.625977 1310683947.326532
-0.923828 0.517578 -1.636719 1310683947.368620
-1.189453 0.517578 -1.636719 1310683947.390580
-1.273438 0.465820 -1.890625 1310683947.447563
-0.982422 0.891602 -0.949219 1310683947.448590
-0.941406 0.592773 -0.519531 1310683947.511577
0.013672 -0.027344 0.408203 1310683947.512628
0.721680 -0.470703 0.384766 1310683947.557586
1.983398 0.236328 -0.104492 1310683947.601598
0.949219 -1.660156 0.000977 1310683947.626544
-0.874023 1.218750 0.657227 1310683947.669555
1.141602 0.036133 0.785156 1310683947.691607
0.571289 0.158203 0.915039 1310683947.713609
1.071289 0.181641 1.337891 1310683947.737632
0.723633 -0.229492 1.132812 1310683947.779552
0.678711 -0.403320 0.996094 1310683947.806605
0.649414 -0.455078 0.875977 1310683947.848591
0.714844 0.132812 0.746094 1310683947.892725
0.559570 0.189453 0.875000 1310683947.913571
0.717773 -0.261719 0.625000 1310683947.936571
0.670898 0.196289 0.541016 1310683947.973573
0.707031 -0.006836 0.563477 1310683948.017638
0.757812 -0.074219 0.410156 1310683948.039575
0.637695 0.297852 0.397461 1310683948.061569
0.762695 0.126953 0.451172 1310683948.104572
0.794922 0.102539 0.451172 1310683948.126606
0.877930 0.227539 0.199219 1310683948.168641
0.992188 0.354492 0.075195 1310683948.191623
1.080078 0.518555 0.297852 1310683948.234604
1.065430 0.384766 0.185547 1310683948.258608
1.109375 0.518555 0.063477 1310683948.293554
1.109375 0.518555 0.063477 1310683948.316613
1.084961 0.628906 0.062500 1310683948.361614
1.041016 0.719727 0.053711 1310683948.383591
1.037109 0.761719 0.025391 1310683948.426569
1.000977 0.712891 -0.043945 1310683948.448590
0.984375 0.639648 -0.009766 1310683948.491586
0.915039 0.530273 -0.009766 1310683948.515609
0.916992 0.449219 -0.025391 1310683948.559573
0.867188 0.288086 -0.030273 1310683948.584617
0.846680 0.218750 0.008789 1310683948.628591
0.856445 0.232422 -0.034180 1310683948.651666
0.861328 0.188477 -0.011719 1310683948.672645
0.871094 0.132812 -0.050781 1310683948.716640
0.904297 0.154297 -0.046875 1310683948.768606
0.872070 0.166992 0.002930 1310683948.792650
0.859375 0.159180 -0.017578 1310683948.814578
1.014648 0.104492 -0.010742 1310683948.837589
0.991211 0.072266 -0.034180 1310683948.860591
0.941406 0.082031 -0.034180 1310683948.905595
0.964844 0.082031 -0.034180 1310683948.929659
0.907227 0.085938 -0.035156 1310683948.971633
0.944336 0.091797 -0.045898 1310683948.994630
0.979492 0.110352 -0.058594 1310683949.032603
0.978516 0.117188 -0.058594 1310683949.054648
0.968750 0.117188 -0.058594 1310683949.099634
0.915039 0.125000 -0.067383 1310683949.171239
0.967773 0.113281 -0.107422 1310683949.172605
0.906250 0.108398 -0.078125 1310683949.208659
0.984375 0.122070 -0.100586 1310683949.223634
0.971680 0.076172 -0.070312 1310683949.262599
0.957031 0.100586 -0.052734 1310683949.316626
0.950195 0.126953 -0.069336 1310683949.317617
0.943359 0.095703 -0.073242 1310683949.362611
0.975586 0.106445 -0.066406 1310683949.384672
1.030273 0.084961 -0.047852 1310683949.428606
0.981445 0.125000 -0.047852 1310683949.450628
0.962891 0.118164 -0.071289 1310683949.497621
0.969727 0.178711 -0.066406 1310683949.522647
0.955078 0.099609 -0.100586 1310683949.567606
0.965820 0.130859 -0.089844 1310683949.588630
1.038086 0.150391 -0.107422 1310683949.612647
0.990234 0.146484 -0.066406 1310683949.654618
0.974609 0.146484 -0.036133 1310683949.678658
0.987305 0.121094 -0.085938 1310683949.703622
0.987305 0.105469 -0.124023 1310683949.748644
1.029297 0.100586 -0.130859 1310683949.776677
0.986328 0.118164 -0.159180 1310683949.797603
0.974609 0.128906 -0.159180 1310683949.842636
