0.397461 0.343750 0.715820 1311190012.221115
0.366211 0.285156 0.679688 1311190012.242113
0.346680 0.234375 0.643555 1311190012.286116
0.384766 0.293945 0.596680 1311190012.309089
0.423828 0.279297 0.584961 1311190012.352118
0.426758 0.291016 0.568359 1311190012.374123
0.436523 0.227539 0.570312 1311190012.418117
0.471680 0.195312 0.531250 1311190012.461115
0.457031 0.233398 0.543945 1311190012.483113
0.487305 0.121094 0.589844 1311190012.513122
0.483398 0.099609 0.548828 1311190012.578126
0.385742 0.169922 0.591797 1311190012.579119
0.518555 0.121094 0.708008 1311190012.602118
0.486328 0.128906 0.630859 1311190012.646121
0.494141 0.122070 0.485352 1311190012.668127
0.436523 0.074219 0.320312 1311190012.712154
0.582031 0.308594 0.448242 1311190012.756129
0.541016 0.333984 0.292969 1311190012.757113
0.505859 0.429688 0.216797 1311190012.802127
0.807617 0.673828 0.368164 1311190012.824126
0.933594 0.515625 0.368164 1311190012.869127
1.162109 0.566406 0.410156 1311190012.891123
0.699219 0.515625 0.344727 1311190012.937141
0.831055 0.545898 0.479492 1311190012.958130
0.887695 0.601562 0.297852 1311190012.983134
0.630859 0.653320 0.122070 1311190013.034131
0.664062 0.679688 0.372070 1311190013.056135
0.750977 0.630859 0.158203 1311190013.079135
0.954102 0.653320 0.236328 1311190013.122098
0.919922 0.556641 0.236328 1311190013.167140
0.833008 0.458984 0.157227 1311190013.189156
0.952148 0.403320 0.175781 1311190013.212130
0.923828 0.459961 -0.004883 1311190013.256135
1.026367 0.284180 -0.065430 1311190013.279124
1.001953 0.259766 -0.105469 1311190013.312138
1.084961 0.103516 -0.022461 1311190013.337151
0.826172 0.267578 -0.138672 1311190013.387131
0.871094 0.140625 -0.126953 1311190013.409146
0.870117 0.117188 -0.098633 1311190013.434142
0.773438 0.138672 -0.134766 1311190013.471135
0.810547 0.087891 -0.167969 1311190013.514125
0.803711 0.167969 -0.119141 1311190013.558148
0.779297 0.211914 -0.147461 1311190013.579131
0.777344 0.193359 -0.096680 1311190013.602142
0.837891 0.193359 -0.057617 1311190013.623146
0.837891 0.193359 -0.057617 1311190013.668148
0.844727 0.187500 -0.020508 1311190013.693417
0.852539 0.161133 -0.005859 1311190013.738148
0.797852 0.214844 0.004883 1311190013.781153
0.816406 0.211914 -0.009766 1311190013.833150
0.833984 0.236328 0.010742 1311190013.834133
0.804688 0.272461 0.050781 1311190013.858127
0.841797 0.295898 0.069336 1311190013.901148
0.883789 0.252930 0.099609 1311190013.923150
0.930664 0.284180 0.127930 1311190013.959125
0.968750 0.034180 0.127930 1311190013.981152
0.954102 0.139648 0.120117 1311190014.047148
0.921875 0.251953 0.127930 1311190014.048145
0.919922 0.209961 0.148438 1311190014.093123
0.954102 0.196289 0.131836 1311190014.119149
0.913086 0.189453 0.066406 1311190014.141146
0.913086 0.189453 0.066406 1311190014.183151
0.873047 0.087891 0.094727 1311190014.209162
0.903320 0.038086 0.085938 1311190014.252155
0.943359 0.155273 0.044922 1311190014.273140
0.916992 0.226562 0.069336 1311190014.317157
