0.875977 0.186523 0.140625 1311115482.907331
0.877930 0.198242 0.114258 1311115482.951379
0.871094 0.223633 0.111328 1311115482.953371
0.853516 0.237305 0.100586 1311115482.975381
0.880859 0.269531 0.112305 1311115483.038381
0.908203 0.287109 0.083984 1311115483.060379
0.899414 0.269531 0.111328 1311115483.090386
0.907227 0.242188 0.081055 1311115483.122340
0.866211 0.230469 0.102539 1311115483.146382
0.866211 0.230469 0.102539 1311115483.177335
0.877930 0.227539 0.062500 1311115483.222387
0.869141 0.182617 0.081055 1311115483.243383
0.818359 0.179688 0.073242 1311115483.287384
0.789062 0.196289 0.004883 1311115483.331375
0.764648 0.156250 -0.026367 1311115483.332377
0.721680 0.156250 -0.026367 1311115483.403354
0.659180 0.087891 -0.077148 1311115483.432310
0.592773 0.133789 -0.074219 1311115483.433313
0.585938 0.139648 -0.034180 1311115483.477331
0.630859 0.224609 0.002930 1311115483.521350
0.708008 0.279297 0.013672 1311115483.523381
0.827148 0.267578 0.049805 1311115483.570390
0.989258 0.316406 0.084961 1311115483.616380
0.973633 0.359375 0.105469 1311115483.640386
0.882812 0.333984 0.090820 1311115483.661334
0.824219 0.353516 0.108398 1311115483.703326
0.806641 0.397461 0.083008 1311115483.726389
0.806641 0.397461 0.083008 1311115483.760403
0.858398 0.481445 0.130859 1311115483.805359
0.900391 0.551758 0.118164 1311115483.823329
0.904297 0.570312 0.126953 1311115483.868399
0.886719 0.568359 0.134766 1311115483.891394
0.720703 0.568359 0.134766 1311115483.913332
0.974609 0.677734 0.355469 1311115483.956396
1.022461 0.717773 0.362305 1311115484.000343
0.914062 0.759766 0.392578 1311115484.022389
0.824219 0.781250 0.404297 1311115484.043398
0.934570 0.807617 0.371094 1311115484.087369
0.973633 0.807617 0.371094 1311115484.111421
1.012695 0.747070 0.332031 1311115484.155392
0.960938 0.669922 0.275391 1311115484.178395
0.886719 0.607422 0.214844 1311115484.216361
0.795898 0.523438 0.191406 1311115484.238399
0.615234 0.501953 0.229492 1311115484.282402
0.322266 0.390625 0.315430 1311115484.306345
-0.082031 0.431641 0.352539 1311115484.358345
-0.125000 0.525391 0.383789 1311115484.381353
-0.002930 0.699219 0.311523 1311115484.423404
0.184570 0.763672 0.184570 1311115484.444404
0.196289 0.841797 0.165039 1311115484.466410
0.275391 0.635742 0.206055 1311115484.516358
0.233398 0.527344 0.242188 1311115484.542403
0.117188 0.910156 0.583008 1311115484.563419
0.092773 0.425781 0.761719 1311115484.607410
0.150391 0.608398 0.557617 1311115484.676416
0.215820 0.725586 0.489258 1311115484.713338
0.217773 0.588867 0.428711 1311115484.715344
0.202148 0.614258 0.436523 1311115484.736408
0.221680 0.570312 0.467773 1311115484.778353
0.230469 0.552734 0.486328 1311115484.800378
0.279297 0.554688 0.518555 1311115484.821347
0.291992 0.691406 0.518555 1311115484.843417
0.304688 0.564453 0.412109 1311115484.885415
0.296875 0.463867 0.389648 1311115484.928410
0.304688 0.502930 0.422852 1311115484.950415
0.265625 0.475586 0.468750 1311115484.997358
0.275391 0.427734 0.499023 1311115485.021417
0.274414 0.458984 0.502930 1311115485.043423
0.248047 0.473633 0.551758 1311115485.091354
0.350586 0.426758 0.625977 1311115485.112389
0.362305 0.419922 0.610352 1311115485.157421
0.386719 0.447266 0.602539 1311115485.181422
0.375977 0.451172 0.609375 1311115485.223352
0.318359 0.514648 0.573242 1311115485.246421
0.333984 0.489258 0.501953 1311115485.290424
0.316406 0.517578 0.495117 1311115485.312425
0.388672 0.519531 0.514648 1311115485.335423
0.360352 0.562500 0.473633 1311115485.382427
0.413086 0.637695 0.489258 1311115485.403350
0.391602 0.609375 0.489258 1311115485.447429
0.392578 0.514648 0.436523 1311115485.468425
0.343750 0.465820 0.383789 1311115485.512355
0.304688 0.418945 0.373047 1311115485.535418
0.311523 0.424805 0.411133 1311115485.558426
0.284180 0.474609 0.465820 1311115485.601351
0.332031 0.792969 0.652344 1311115485.650432
0.364258 0.510742 0.609375 1311115485.671427
0.248047 0.308594 0.448242 1311115485.696399
0.332031 0.524414 0.517578 1311115485.740437
0.346680 0.622070 0.492188 1311115485.763418
0.383789 0.521484 0.509766 1311115485.787429
