0.936523 0.443359 0.208984 1311113972.753878
0.822266 0.442383 0.319336 1311113972.797920
0.773438 0.572266 0.482422 1311113972.848877
0.812500 0.690430 0.526367 1311113972.851875
0.907227 0.898438 0.711914 1311113972.886877
1.014648 0.789062 0.867188 1311113972.910903
1.074219 0.676758 0.867188 1311113972.954889
1.110352 0.605469 0.935547 1311113972.998892
1.229492 0.833984 1.127930 1311113973.021892
1.256836 0.988281 1.144531 1311113973.047889
1.413086 1.219727 1.330078 1311113973.094915
1.597656 1.018555 1.466797 1311113973.161903
1.630859 0.562500 1.156250 1311113973.183878
1.663086 0.272461 0.701172 1311113973.197884
1.414062 0.229492 0.327148 1311113973.210915
1.202148 0.353516 0.078125 1311113973.238887
1.130859 0.279297 -0.072266 1311113973.271904
1.105469 0.216797 -0.111328 1311113973.310922
1.019531 0.085938 -0.141602 1311113973.335931
0.982422 -0.015625 -0.281250 1311113973.375899
0.804688 -1.159180 -0.633789 1311113973.406931
0.656250 -1.198242 -1.048828 1311113973.428896
0.656250 -1.198242 -1.048828 1311113973.471933
0.249023 -1.983398 -1.382812 1311113973.495905
0.656250 -1.920898 -0.911133 1311113973.527912
0.479492 -1.517578 -0.678711 1311113973.575903
0.250000 -0.967773 -0.632812 1311113973.596934
0.096680 -0.677734 -0.499023 1311113973.618894
0.122070 -0.558594 -0.394531 1311113973.665924
0.113281 -0.335938 -0.316406 1311113973.711914
0.131836 0.046875 -0.257812 1311113973.731897
0.259766 0.492188 -0.115234 1311113973.755898
0.601562 0.490234 -0.108398 1311113973.798910
0.917969 0.891602 -0.071289 1311113973.827919
1.424805 1.001953 0.157227 1311113973.866925
1.666016 1.018555 0.045898 1311113973.887941
1.590820 0.851562 -0.014648 1311113973.931901
1.605469 0.853516 -0.004883 1311113973.953917
1.519531 1.296875 0.143555 1311113973.996944
1.569336 1.062500 0.187500 1311113974.020915
1.674805 1.624023 0.378906 1311113974.045938
1.442383 1.980469 0.399414 1311113974.087916
1.306641 1.983398 0.487305 1311113974.136920
1.183594 1.979492 0.547852 1311113974.137968
1.234375 1.982422 0.569336 1311113974.187957
1.449219 1.910156 0.569336 1311113974.214149
1.618164 1.636719 0.434570 1311113974.248903
1.706055 1.430664 0.389648 1311113974.271962
1.755859 1.367188 0.309570 1311113974.316920
1.718750 1.082031 0.192383 1311113974.339070
1.577148 1.050781 0.104492 1311113974.378944
1.494141 0.908203 0.044922 1311113974.447959
1.316406 0.719727 0.037109 1311113974.463941
1.156250 0.588867 -0.078125 1311113974.465955
0.973633 0.444336 -0.166992 1311113974.508972
0.738281 0.303711 -0.114258 1311113974.532923
0.589844 0.216797 -0.094727 1311113974.555917
0.574219 0.166992 -0.086914 1311113974.602905
0.696289 -0.201172 -0.032227 1311113974.624348
0.685547 -0.718750 -0.178711 1311113974.668927
0.451172 -1.205078 -0.437500 1311113974.691951
0.263672 -1.724609 -0.494141 1311113974.735947
0.103516 -1.981445 -0.459961 1311113974.757953
0.604492 -1.731445 -0.459961 1311113974.801957
0.576172 -1.982422 -0.327148 1311113974.825945
0.380859 -1.714844 -0.432617 1311113974.847918
0.307617 -1.166992 -0.366211 1311113974.890930
0.137695 -0.973633 -0.337891 1311113974.913975
0.041016 -0.766602 -0.330078 1311113974.959944
-0.123047 -0.875000 -0.375000 1311113974.990943
0.066406 -0.500000 -0.238281 1311113975.012951
0.159180 -0.007812 0.050781 1311113975.058918
0.233398 0.031250 -0.009766 1311113975.082955
0.801758 0.472656 -0.026367 1311113975.112948
1.183594 0.421875 -0.026367 1311113975.138925
1.672852 1.290039 0.068359 1311113975.179214
1.256836 1.268555 0.044922 1311113975.206960
0.858398 1.203125 0.115234 1311113975.253106
0.907227 1.449219 0.125000 1311113975.275944
0.901367 1.642578 0.327148 1311113975.348959
0.910156 1.524414 0.496094 1311113975.352941
0.877930 1.494141 0.459961 1311113975.373955
0.776367 1.669922 0.449219 1311113975.396939
0.730469 1.801758 0.483398 1311113975.447052
0.765625 1.625977 0.473633 1311113975.468940
0.802734 1.609375 0.576172 1311113975.511943
0.802734 1.609375 0.576172 1311113975.533953
0.840820 1.494141 0.336914 1311113975.557962
0.869141 1.550781 0.188477 1311113975.611960
0.803711 1.557617 -0.031250 1311113975.632953
0.788086 1.618164 -0.180664 1311113975.655934
0.702148 1.513672 -0.277344 1311113975.702980
0.762695 1.522461 -0.416016 1311113975.741971
0.715820 1.392578 -0.424805 1311113975.786952
0.740234 1.128906 -0.372070 1311113975.828944
0.773438 0.910156 -0.320312 1311113975.831970
0.802734 0.695312 -0.344727 1311113975.861981
0.877930 0.572266 -0.334961 1311113975.887970
0.820312 0.233398 -0.324219 1311113975.908976
0.707031 0.028320 -0.414062 1311113975.952992
0.609375 -0.592773 -0.543945 1311113975.978023
0.703125 -0.749023 -0.686523 1311113976.021938
0.190430 -1.886719 -1.059570 1311113976.044002
0.698242 -1.747070 -0.599609 1311113976.065989
0.698242 -1.747070 -0.599609 1311113976.108965
0.866211 -1.983398 -0.497070 1311113976.152940
0.748047 -1.841797 -0.375977 1311113976.174007
0.706055 -1.611328 -0.351562 1311113976.218956
0.535156 -1.314453 -0.266602 1311113976.241977
0.444336 -0.760742 -0.016602 1311113976.266959
0.218750 -0.539062 0.007812 1311113976.313944
0.250000 -0.118164 0.036133 1311113976.336980
0.423828 0.359375 -0.201172 1311113976.367999
0.480469 0.319336 -0.293945 1311113976.416961
0.920898 0.651367 -0.125000 1311113976.438001
1.140625 0.410156 -0.375000 1311113976.463961
1.033203 1.125977 -0.082031 1311113976.510978
1.321289 0.838867 0.011719 1311113976.531952
1.098633 1.615234 0.320312 1311113976.556961
1.150391 1.522461 0.032227 1311113976.598948
0.889648 1.977539 0.188477 1311113976.637952
0.938477 1.838867 0.094727 1311113976.659978
0.963867 1.838867 0.094727 1311113976.684027
0.901367 1.568359 0.209961 1311113976.730975
0.737305 1.257812 0.113281 1311113976.755989
0.720703 1.401367 0.042969 1311113976.799007
0.708008 1.422852 0.069336 1311113976.821964
0.780273 1.475586 0.067383 1311113976.855971
0.794922 1.657227 0.161133 1311113976.899013
0.803711 1.726562 0.148438 1311113976.920967
0.964844 1.933594 0.178711 1311113976.943001
1.065430 1.879883 0.136719 1311113976.990987
1.076172 1.845703 0.041992 1311113977.029959
1.237305 1.873047 -0.016602 1311113977.052988
1.269531 1.516602 0.000977 1311113977.073964
1.301758 1.207031 0.017578 1311113977.117017
1.255859 0.776367 0.001953 1311113977.168974
1.313477 0.670898 -0.076172 1311113977.192018
1.317383 0.464844 -0.142578 1311113977.193995
1.099609 0.164062 -0.181641 1311113977.243976
0.873047 0.083984 -0.143555 1311113977.271975
0.675781 -0.468750 -0.269531 1311113977.297966
0.782227 -0.875977 -0.422852 1311113977.340982
0.980469 -1.157227 -0.434570 1311113977.361981
0.905273 -1.157227 -0.434570 1311113977.405984
0.852539 -1.981445 -0.552734 1311113977.432965
0.942383 -1.941406 -0.248047 1311113977.475971
0.575195 -1.981445 -0.504883 1311113977.520998
0.311523 -1.884766 -0.472656 1311113977.522928
0.464844 -1.434570 -0.208008 1311113977.561995
0.464844 -1.434570 -0.208008 1311113977.585986
0.308594 -0.942383 -0.341797 1311113977.631000
0.228516 -0.647461 -0.292969 1311113977.651992
0.303711 -0.278320 -0.174805 1311113977.697010
0.332031 0.025391 0.006836 1311113977.724012
0.396484 0.072266 0.068359 1311113977.768986
0.537109 0.276367 0.060547 1311113977.791040
0.983398 0.454102 0.048828 1311113977.833010
1.223633 0.619141 -0.176758 1311113977.878988
0.995117 1.427734 0.083008 1311113977.887010
1.541016 1.071289 0.192383 1311113977.922004
1.151367 1.545898 -0.090820 1311113977.943992
1.143555 1.632812 -0.066406 1311113977.993022
0.974609 1.982422 -0.029297 1311113978.017030
0.907227 1.705078 -0.114258 1311113978.059425
0.915039 1.706055 0.012695 1311113978.080979
0.937500 1.470703 0.000977 1311113978.102978
0.811523 1.358398 0.061523 1311113978.148017
0.803711 1.381836 -0.008789 1311113978.178025
0.728516 1.061523 -0.008789 1311113978.221000
0.748047 0.955078 0.011719 1311113978.244989
0.742188 1.106445 0.031250 1311113978.294983
0.716797 1.191406 0.054688 1311113978.321019
0.839844 1.441406 0.054688 1311113978.323303
0.924805 1.691406 0.054688 1311113978.367051
0.893555 1.878906 0.205078 1311113978.400989
0.893555 1.878906 0.205078 1311113978.428979
1.114258 1.983398 -0.001953 1311113978.473230
1.311523 1.827148 0.015625 1311113978.499004
1.444336 1.501953 -0.033203 1311113978.543009
1.382812 1.169922 -0.056641 1311113978.564002
1.469727 1.074219 -0.059570 1311113978.589022
1.723633 0.914062 0.012695 1311113978.636997
1.479492 0.574219 -0.217773 1311113978.658002
1.191406 0.123047 -0.323242 1311113978.678998
1.191406 0.123047 -0.323242 1311113978.725033
0.851562 -0.893555 -0.896484 1311113978.753003
0.645508 -1.094727 -1.218750 1311113978.796040
0.867188 -1.319336 -1.089844 1311113978.818009
0.899414 -1.663086 -1.153320 1311113978.841006
0.915039 -1.910156 -0.968750 1311113978.883010
0.625977 -1.790039 -0.968750 1311113978.907031
0.427734 -1.903320 -0.676758 1311113978.953012
0.539062 -1.557617 -0.450195 1311113978.982995
0.465820 -1.359375 -0.505859 1311113979.006004
0.421875 -1.058594 -0.331055 1311113979.048275
0.546875 -0.722656 -0.186523 1311113979.071013
0.554688 0.160156 0.074219 1311113979.113024
0.710938 0.151367 -0.038086 1311113979.146007
1.508789 0.147461 -0.137695 1311113979.168033
1.807617 0.291992 -0.268555 1311113979.197012
1.768555 0.029297 -0.291992 1311113979.246997
1.903320 0.771484 0.117188 1311113979.269031
1.874023 0.972656 0.337891 1311113979.316019
1.537109 1.986328 0.345703 1311113979.337036
1.666992 1.597656 0.477539 1311113979.364028
1.425781 1.982422 0.766602 1311113979.409023
1.350586 1.794922 0.813477 1311113979.453002
1.156250 1.794922 0.813477 1311113979.474338
1.016602 1.411133 0.487305 1311113979.497016
0.953125 1.200195 0.435547 1311113979.566028
0.876953 1.021484 0.292969 1311113979.603018
0.801758 0.771484 0.147461 1311113979.604015
0.757812 0.662109 0.102539 1311113979.624144
0.507812 0.662109 0.102539 1311113979.648050
0.698242 0.507812 0.050781 1311113979.701052
0.664062 0.504883 0.082031 1311113979.723023
0.591797 0.511719 0.086914 1311113979.746050
0.576172 0.509766 0.083984 1311113979.789038
0.536133 0.508789 0.125977 1311113979.812022
0.500977 0.543945 0.166016 1311113979.856051
0.511719 0.548828 0.193359 1311113979.882020
0.499023 0.478516 0.179688 1311113979.926047
0.503906 0.374023 0.106445 1311113979.947036
0.512695 0.311523 -0.011719 1311113979.978015
0.575195 0.365234 -0.081055 1311113980.001043
0.581055 0.312500 -0.082031 1311113980.047040
0.631836 0.240234 -0.058594 1311113980.088031
0.676758 0.252930 0.012695 1311113980.109054
0.652344 0.327148 0.169922 1311113980.133033
0.704102 0.368164 0.262695 1311113980.176024
0.833008 0.402344 0.325195 1311113980.198040
0.912109 0.416016 0.407227 1311113980.242040
0.975586 0.175781 0.223633 1311113980.284040
1.050781 0.299805 0.448242 1311113980.307067
1.272461 0.245117 0.617188 1311113980.333059
1.210938 0.106445 0.706055 1311113980.357031
