0.402344 0.618164 0.438477 1311115633.460266
0.380859 0.632812 0.394531 1311115633.515337
0.430664 0.629883 0.408203 1311115633.516286
0.402344 0.629883 0.408203 1311115633.538276
0.394531 0.582031 0.417969 1311115633.585309
0.354492 0.616211 0.394531 1311115633.610305
0.365234 0.602539 0.398438 1311115633.657294
0.334961 0.576172 0.361328 1311115633.678274
0.282227 0.591797 0.380859 1311115633.701310
0.237305 0.589844 0.413086 1311115633.749246
0.212891 0.630859 0.419922 1311115633.773319
0.212891 0.668945 0.403320 1311115633.811306
0.254883 0.574219 0.371094 1311115633.840300
0.263672 0.620117 0.402344 1311115633.872311
0.280273 0.718750 0.381836 1311115633.893315
0.369141 0.659180 0.342773 1311115633.936311
0.361328 0.663086 0.330078 1311115633.978320
0.390625 0.768555 0.391602 1311115634.026323
0.367188 0.746094 0.401367 1311115634.063310
0.390625 0.909180 0.333984 1311115634.065317
0.346680 0.744141 0.287109 1311115634.106315
0.283203 0.826172 0.301758 1311115634.128315
0.298828 0.875000 0.226562 1311115634.151242
0.473633 0.835938 0.085938 1311115634.196317
0.627930 0.782227 -0.026367 1311115634.218320
0.731445 0.978516 -0.114258 1311115634.262318
0.779297 0.857422 -0.114258 1311115634.285288
0.846680 0.706055 0.056641 1311115634.321289
0.941406 0.593750 0.040039 1311115634.346289
1.103516 0.494141 0.071289 1311115634.393324
1.384766 0.370117 0.053711 1311115634.416324
1.483398 0.187500 -0.035156 1311115634.439258
1.320312 0.261719 -0.071289 1311115634.483273
1.070312 0.261719 -0.071289 1311115634.512320
0.920898 0.075195 -0.019531 1311115634.557318
0.773438 0.028320 -0.040039 1311115634.582376
0.556641 0.136719 -0.125000 1311115634.604330
0.446289 0.231445 -0.144531 1311115634.647287
0.430664 0.231445 -0.144531 1311115634.670274
0.436523 0.234375 -0.041992 1311115634.716335
0.509766 0.252930 0.028320 1311115634.739319
0.573242 0.234375 0.008789 1311115634.782331
0.722656 0.199219 -0.012695 1311115634.804288
0.892578 0.214844 -0.020508 1311115634.848298
0.892578 0.214844 -0.020508 1311115634.873338
1.015625 0.141602 0.036133 1311115634.909327
0.942383 0.217773 0.090820 1311115634.932331
0.929688 0.236328 0.078125 1311115634.958322
0.888672 0.272461 0.098633 1311115634.998337
0.854492 0.251953 0.127930 1311115635.021339
0.848633 0.212891 0.128906 1311115635.067335
0.785156 0.208984 0.154297 1311115635.117345
0.840820 0.148438 0.125977 1311115635.130340
0.839844 0.170898 0.120117 1311115635.171338
0.837891 0.205078 0.092773 1311115635.214340
0.844727 0.232422 0.155273 1311115635.216330
0.875000 0.262695 0.130859 1311115635.258346
