0.889648 0.025391 0.208008 1309548466.680031
0.922852 -0.002930 0.263672 1309548466.724030
0.875977 0.030273 0.316406 1309548466.769035
0.918945 0.007812 0.316406 1309548466.789035
0.982422 -0.242188 0.316406 1309548466.811032
1.001953 -0.035156 0.603516 1309548466.856039
0.966797 -0.056641 0.606445 1309548466.879039
0.960938 0.009766 0.658203 1309548466.901020
0.951172 0.085938 0.685547 1309548466.945054
0.894531 0.188477 0.701172 1309548466.967035
0.893555 0.211914 0.744141 1309548467.011041
0.829102 0.225586 0.733398 1309548467.039042
0.735352 0.274414 0.692383 1309548467.079042
0.645508 0.273438 0.667969 1309548467.101043
0.678711 0.289062 0.643555 1309548467.124040
0.678711 0.289062 0.643555 1309548467.156041
0.514648 0.256836 0.572266 1309548467.201046
0.527344 0.361328 0.502930 1309548467.260048
0.401367 0.292969 0.454102 1309548467.281047
0.336914 0.306641 0.500000 1309548467.304043
0.328125 0.342773 0.419922 1309548467.328042
0.275391 0.313477 0.419922 1309548467.349045
0.169922 0.339844 0.315430 1309548467.394044
0.179688 0.373047 0.303711 1309548467.456050
0.098633 0.374023 0.306641 1309548467.479048
0.021484 0.445312 0.296875 1309548467.500055
0.052734 0.455078 0.297852 1309548467.524050
0.044922 0.455078 0.359375 1309548467.724056
-0.003906 0.484375 0.365234 1309548467.766055
0.008789 0.498047 0.427734 1309548467.824052
0.021484 0.556641 0.411133 1309548467.825043
0.018555 0.608398 0.422852 1309548467.826055
0.045898 0.625000 0.498047 1309548467.828052
0.004883 0.652344 0.526367 1309548467.849052
0.013672 0.724609 0.527344 1309548467.870051
0.033203 0.874023 0.546875 1309548467.871052
0.008789 0.986328 0.555664 1309548467.893031
-0.012695 1.013672 0.586914 1309548467.894026
0.033203 1.013672 0.586914 1309548467.905061
-0.040039 1.066406 0.500000 1309548467.949057
-0.043945 1.042969 0.439453 1309548467.993056
-0.088867 1.033203 0.365234 1309548468.015057
-0.109375 0.954102 0.321289 1309548468.039058
-0.205078 0.835938 0.290039 1309548468.061065
-0.184570 0.835938 0.290039 1309548468.104064
-0.187500 0.577148 0.238281 1309548468.151066
-0.234375 0.434570 0.228516 1309548468.171064
-0.247070 0.343750 0.131836 1309548468.214064
-0.231445 0.155273 0.068359 1309548468.236062
-0.250000 0.003906 0.027344 1309548468.259070
-0.183594 -0.126953 -0.043945 1309548468.282060
-0.141602 -0.305664 -0.159180 1309548468.325072
-0.136719 -0.485352 -0.261719 1309548468.368067
-0.163086 -0.787109 -0.447266 1309548468.391057
-0.270508 -1.137695 -0.577148 1309548468.438070
-0.171875 -1.458984 -0.610352 1309548468.461069
-0.171875 -1.458984 -0.610352 1309548468.484052
-0.086914 -1.701172 -0.555664 1309548468.526077
-0.125977 -1.625977 -0.514648 1309548468.545072
-0.155273 -1.546875 -0.451172 1309548468.604069
-0.204102 -1.422852 -0.456055 1309548468.619081
-0.227539 -1.198242 -0.339844 1309548468.645063
-0.310547 -0.984375 -0.279297 1309548468.690072
-0.340820 -0.875977 -0.230469 1309548468.738082
-0.416992 -0.648438 -0.180664 1309548468.756072
-0.406250 -0.444336 -0.093750 1309548468.780079
-0.359375 -0.224609 0.032227 1309548468.818074
-0.371094 -0.053711 0.032227 1309548468.839076
-0.328125 0.089844 0.117188 1309548468.909098
-0.241211 0.239258 0.139648 1309548468.946078
-0.138672 0.289062 0.217773 1309548468.990079
0.007812 0.417969 0.306641 1309548468.991067
0.009766 0.459961 0.252930 1309548468.993074
0.121094 0.636719 0.323242 1309548469.033078
0.064453 1.204102 0.476562 1309548469.079081
-0.024414 1.264648 0.473633 1309548469.118064
0.004883 1.624023 0.481445 1309548469.139107
-0.039062 1.656250 0.605469 1309548469.160079
-0.028320 1.425781 0.593750 1309548469.204082
-0.027344 1.411133 0.591797 1309548469.260081
-0.041992 1.285156 0.591797 1309548469.280084
-0.043945 1.130859 0.390625 1309548469.304077
-0.055664 1.013672 0.358398 1309548469.358088
-0.082031 0.856445 0.309570 1309548469.379087
-0.073242 0.742188 0.276367 1309548469.459085
-0.133789 0.651367 0.314453 1309548469.476083
-0.157227 0.458984 0.270508 1309548469.477082
-0.251953 0.280273 0.239258 1309548469.494075
-0.289062 0.100586 0.166992 1309548469.516088
-0.337891 -0.075195 0.102539 1309548469.562086
-0.343750 -0.218750 0.025391 1309548469.586089
-0.445312 -0.374023 -0.003906 1309548469.632067
-0.320312 -0.593750 -0.117188 1309548469.654092
-0.330078 -0.918945 -0.403320 1309548469.676090
-0.264648 -1.041992 -0.460938 1309548469.720091
-0.187500 -1.406250 -0.516602 1309548469.745093
-0.093750 -1.570312 -0.560547 1309548469.767091
-0.041016 -1.569336 -0.500977 1309548469.832092
-0.101562 -1.530273 -0.493164 1309548469.834085
-0.099609 -1.408203 -0.411133 1309548469.877094
-0.202148 -1.275391 -0.404297 1309548469.899106
-0.216797 -1.068359 -0.277344 1309548469.944106
-0.291016 -0.818359 -0.277344 1309548469.965095
-0.372070 -0.708984 -0.183594 1309548470.010098
-0.385742 -0.511719 -0.078125 1309548470.054103
-0.424805 -0.346680 -0.015625 1309548470.077102
-0.418945 -0.169922 0.096680 1309548470.115105
-0.416992 -0.041992 0.083984 1309548470.135125
-0.223633 0.208008 0.083984 1309548470.159100
-0.106445 0.384766 0.269531 1309548470.276107
0.155273 0.492188 0.330078 1309548470.319108
0.230469 0.749023 0.206055 1309548470.360111
0.206055 0.936523 0.199219 1309548470.382107
0.164062 1.222656 0.158203 1309548470.397094
0.054688 1.669922 0.328125 1309548470.414087
0.054688 1.669922 0.328125 1309548470.415107
-0.037109 1.647461 0.270508 1309548470.459097
-0.015625 1.557617 0.298828 1309548470.499104
-0.031250 1.426758 0.328125 1309548470.509098
0.001953 1.351562 0.299805 1309548470.519101
-0.020508 1.227539 0.292969 1309548470.566109
-0.016602 1.072266 0.272461 1309548470.590112
-0.014648 0.948242 0.269531 1309548470.658469
-0.089844 0.861328 0.257812 1309548470.661111
-0.124023 0.676758 0.252930 1309548470.681112
-0.162109 0.521484 0.256836 1309548470.706115
-0.227539 0.332031 0.230469 1309548470.747113
-0.305664 0.119141 0.196289 1309548470.790123
-0.315430 -0.080078 0.103516 1309548470.814114
-0.290039 -0.152344 0.040039 1309548470.835114
-0.250000 -0.375977 -0.110352 1309548470.881115
-0.280273 -0.625977 -0.110352 1309548470.893088
-0.274414 -0.887695 -0.385742 1309548470.974106
-0.250977 -1.081055 -0.370117 1309548470.975107
-0.206055 -1.374023 -0.490234 1309548470.995129
-0.179688 -1.500000 -0.469727 1309548471.037117
-0.191406 -1.567383 -0.455078 1309548471.061118
-0.191406 -1.523438 -0.439453 1309548471.084119
-0.268555 -1.410156 -0.476562 1309548471.130121
-0.278320 -1.323242 -0.392578 1309548471.217102
-0.333984 -1.196289 -0.341797 1309548471.219196
-0.335938 -0.996094 -0.248047 1309548471.220119
-0.404297 -0.812500 -0.152344 1309548471.265124
-0.404297 -0.812500 -0.152344 1309548471.287124
-0.438477 -0.476562 -0.035156 1309548471.319124
-0.426758 -0.324219 0.022461 1309548471.360128
-0.367188 -0.318359 0.020508 1309548471.384124
-0.231445 -0.054688 0.194336 1309548471.430135
-0.188477 0.010742 0.136719 1309548471.447123
-0.049805 0.186523 0.149414 1309548471.571131
0.276367 0.375000 0.294922 1309548471.586132
0.258789 0.618164 0.323242 1309548471.606129
0.259766 0.703125 0.202148 1309548471.622125
0.268555 1.066406 0.415039 1309548471.645126
0.122070 1.594727 0.598633 1309548471.647120
0.159180 1.505859 0.554688 1309548471.681133
0.066406 1.715820 0.491211 1309548471.704131
0.045898 1.511719 0.465820 1309548471.741159
0.048828 1.379883 0.414062 1309548471.784135
0.041016 1.382812 0.408203 1309548471.809133
0.004883 1.198242 0.352539 1309548471.829133
0.004883 1.198242 0.352539 1309548471.879137
0.045898 0.970703 0.360352 1309548471.949137
-0.056641 0.882812 0.355469 1309548471.994137
-0.081055 0.741211 0.300781 1309548471.995131
-0.157227 0.488281 0.313477 1309548472.010130
-0.266602 0.312500 0.283203 1309548472.032133
-0.297852 0.132812 0.033203 1309548472.057148
-0.338867 -0.054688 0.122070 1309548472.101136
-0.361328 -0.059570 0.062500 1309548472.125135
-0.253906 -0.347656 -0.025391 1309548472.170136
-0.291992 -0.652344 -0.146484 1309548472.192133
-0.269531 -0.902344 -0.146484 1309548472.235147
-0.262695 -0.993164 -0.279297 1309548472.250139
-0.260742 -1.298828 -0.313477 1309548472.285139
-0.236328 -1.429688 -0.295898 1309548472.337147
-0.175781 -1.493164 -0.227539 1309548472.360147
-0.212891 -1.422852 -0.167969 1309548472.384143
-0.286133 -1.395508 -0.164062 1309548472.427138
-0.286133 -1.395508 -0.164062 1309548472.449145
-0.401367 -1.168945 -0.095703 1309548472.495217
-0.371094 -0.985352 -0.096680 1309548472.517150
-0.452148 -0.855469 -0.048828 1309548472.562153
-0.421875 -0.670898 -0.017578 1309548472.586145
-0.453125 -0.585938 0.057617 1309548472.624149
-0.455078 -0.383789 0.092773 1309548472.647150
-0.423828 -0.190430 0.115234 1309548472.671151
-0.411133 -0.074219 0.106445 1309548472.707148
-0.291992 0.081055 0.191406 1309548472.807153
-0.148438 0.241211 0.169922 1309548472.827151
0.121094 0.322266 0.401367 1309548472.870151
0.347656 0.587891 0.421875 1309548472.871141
0.262695 0.718750 0.222656 1309548472.874156
0.217773 1.143555 0.365234 1309548472.922167
0.035156 1.379883 0.557617 1309548472.986158
0.039062 1.445312 0.545898 1309548473.024162
0.024414 1.602539 0.500977 1309548473.090157
0.036133 1.468750 0.503906 1309548473.114158
-0.018555 1.308594 0.474609 1309548473.115154
0.020508 1.174805 0.424805 1309548473.157162
0.030273 1.136719 0.420898 1309548473.159163
0.018555 0.971680 0.326172 1309548473.175153
0.052734 0.798828 0.338867 1309548473.211159
-0.013672 0.764648 0.317383 1309548473.250161
-0.102539 0.621094 0.295898 1309548473.292159
-0.204102 0.384766 0.327148 1309548473.294158
-0.330078 0.236328 0.262695 1309548473.347143
-0.369141 0.107422 0.218750 1309548473.370162
-0.369141 -0.005859 0.120117 1309548473.392163
-0.309570 -0.212891 0.097656 1309548473.417159
-0.276367 -0.367188 0.083984 1309548473.460161
-0.280273 -0.546875 0.007812 1309548473.482161
-0.224609 -0.814453 -0.097656 1309548473.505159
-0.268555 -1.113281 -0.197266 1309548473.561169
-0.224609 -1.347656 -0.314453 1309548473.584164
-0.188477 -1.550781 -0.288086 1309548473.606166
-0.115234 -1.675781 -0.186523 1309548473.649182
-0.125000 -1.760742 -0.248047 1309548473.671171
-0.180664 -1.501953 -0.227539 1309548473.716175
-0.235352 -1.476562 -0.225586 1309548473.785172
-0.258789 -1.311523 -0.232422 1309548473.802183
-0.305664 -1.145508 -0.158203 1309548473.806172
-0.339844 -0.872070 -0.107422 1309548473.849174
-0.303711 -0.668945 -0.024414 1309548473.870174
-0.248047 -0.459961 0.089844 1309548473.915168
-0.226562 -0.255859 0.061523 1309548473.936170
-0.166016 -0.144531 0.044922 1309548473.987182
-0.106445 0.001953 0.051758 1309548473.989173
0.086914 0.193359 0.239258 1309548474.044182
0.251953 0.442383 0.471680 1309548474.105181
0.145508 0.442383 0.471680 1309548474.107178
0.160156 0.398438 0.499023 1309548474.131172
0.058594 0.912109 0.690430 1309548474.174165
0.093750 1.048828 0.725586 1309548474.219188
-0.017578 0.997070 0.755859 1309548474.261183
0.007812 0.917969 0.768555 1309548474.297178
-0.041992 0.795898 0.768555 1309548474.299178
-0.000977 0.811523 0.705078 1309548474.321188
-0.008789 0.697266 0.642578 1309548474.389183
-0.013672 0.667969 0.603516 1309548474.410180
-0.049805 0.593750 0.577148 1309548474.411177
-0.024414 0.553711 0.539062 1309548474.441182
-0.068359 0.505859 0.508789 1309548474.497185
-0.054688 0.549805 0.450195 1309548474.520182
0.011719 0.494141 0.397461 1309548474.546188
0.033203 0.368164 0.358398 1309548474.590188
0.001953 0.392578 0.362305 1309548474.635185
-0.049805 0.298828 0.412109 1309548474.636181
-0.074219 0.174805 0.397461 1309548474.674197
-0.096680 0.142578 0.437500 1309548474.721196
-0.153320 0.074219 0.431641 1309548474.740193
-0.152344 0.080078 0.400391 1309548474.775196
-0.131836 0.142578 0.336914 1309548474.796183
-0.056641 0.062500 0.321289 1309548474.840193
-0.091797 0.234375 0.316406 1309548474.864193
0.086914 0.239258 0.412109 1309548474.906216
0.287109 0.076172 0.528320 1309548474.940196
0.282227 0.296875 0.587891 1309548474.975173
0.492188 0.229492 0.702148 1309548474.996191
0.612305 0.053711 0.702148 1309548475.019200
0.730469 0.007812 0.539062 1309548475.065204
1.008789 -0.003906 0.748047 1309548475.099214
1.394531 -0.070312 0.677734 1309548475.144218
1.625000 0.117188 0.661133 1309548475.164197
1.502930 0.022461 0.696289 1309548475.187199
1.191406 0.041016 0.576172 1309548475.209195
1.087891 -0.064453 0.509766 1309548475.251195
1.053711 0.076172 0.473633 1309548475.295201
