1.077148 0.144531 -0.013672 1309563484.916178
1.077148 0.144531 -0.013672 1309563484.950181
1.338867 0.356445 0.035156 1309563484.975183
1.344727 0.438477 0.202148 1309563485.020241
1.360352 0.702148 0.262695 1309563485.043177
1.367188 0.746094 0.291016 1309563485.088173
1.065430 0.763672 0.273438 1309563485.110179
0.756836 0.866211 0.357422 1309563485.135204
0.445312 0.784180 0.347656 1309563485.177182
0.049805 0.462891 0.201172 1309563485.198183
-0.055664 0.382812 0.261719 1309563485.243177
-0.157227 0.382812 0.261719 1309563485.265180
-0.312500 0.503906 0.159180 1309563485.348192
-0.476562 0.254883 0.053711 1309563485.382192
-0.654297 0.274414 0.079102 1309563485.383181
-0.758789 0.291016 0.074219 1309563485.406197
-0.848633 0.291016 0.074219 1309563485.428183
-0.977539 -0.093750 -0.005859 1309563485.461198
-1.130859 -0.210938 -0.081055 1309563485.498194
-1.252930 -0.164062 -0.030273 1309563485.527190
-1.570312 -0.287109 0.020508 1309563485.570172
-1.690430 -0.235352 -0.051758 1309563485.592193
-1.832031 -0.242188 -0.051758 1309563485.615190
-1.982422 -0.430664 -0.261719 1309563485.660204
-1.511719 0.167969 -0.012695 1309563485.683199
-0.429688 0.294922 0.149414 1309563485.727242
1.207031 0.091797 0.268555 1309563485.775199
1.982422 0.755859 0.768555 1309563485.845218
1.870117 -0.769531 -0.998047 1309563485.865199
0.167969 -1.982422 0.359375 1309563485.887205
0.166992 0.474609 0.090820 1309563485.900181
0.422852 0.349609 0.489258 1309563485.922183
0.202148 -1.393555 0.687500 1309563485.945174
-0.066406 -0.292969 0.708008 1309563485.990205
0.046875 -0.209961 0.885742 1309563486.013204
0.064453 -0.173828 0.855469 1309563486.038191
0.161133 -0.203125 0.785156 1309563486.081190
0.229492 -0.111328 0.716797 1309563486.123199
0.461914 -0.266602 0.676758 1309563486.146163
0.632812 -0.142578 0.498047 1309563486.169216
0.578125 0.032227 0.418945 1309563486.227196
0.349609 0.164062 0.623047 1309563486.229202
0.315430 0.152344 0.666016 1309563486.270195
0.107422 0.232422 0.512695 1309563486.292215
-0.345703 0.033203 0.417969 1309563486.335201
-0.250977 -0.031250 0.573242 1309563486.356215
-0.523438 -0.106445 0.606445 1309563486.400205
-0.683594 0.878906 0.461914 1309563486.443214
-0.541992 1.426758 0.816406 1309563486.468215
-0.818359 0.771484 0.764648 1309563486.490188
-0.826172 0.386719 0.818359 1309563486.523282
-0.826172 0.386719 0.818359 1309563486.557226
-1.161133 0.139648 0.588867 1309563486.592212
-1.488281 -0.070312 0.609375 1309563486.637217
-1.290039 -0.006836 0.592773 1309563486.663183
-1.337891 -0.070312 0.544922 1309563486.686215
-1.104492 -0.067383 0.438477 1309563486.729206
-1.104492 -0.067383 0.438477 1309563486.751193
-0.930664 -0.283203 0.469727 1309563486.792213
-0.977539 -0.347656 0.467773 1309563486.827193
-1.012695 -0.438477 0.364258 1309563486.848218
-1.265625 -0.463867 0.175781 1309563486.892229
-1.476562 -0.464844 0.083008 1309563486.915205
-1.572266 -0.405273 0.054688 1309563486.958222
-1.794922 -0.244141 0.054688 1309563486.981229
-1.475586 -0.100586 0.001953 1309563487.006236
-1.486328 0.092773 0.055664 1309563487.037188
-1.334961 -0.003906 0.044922 1309563487.156233
-0.966797 -0.044922 0.039062 1309563487.158197
0.858398 0.452148 0.272461 1309563487.178221
1.984375 0.816406 1.401367 1309563487.193227
1.388672 -1.982422 -0.770508 1309563487.213227
0.565430 -0.460938 0.791992 1309563487.258196
0.151367 1.576172 0.355469 1309563487.261220
0.405273 -1.090820 0.229492 1309563487.301224
0.361328 -1.340820 0.229492 1309563487.325212
0.309570 -0.329102 0.573242 1309563487.368224
0.667969 -0.708984 0.687500 1309563487.392236
0.788086 -0.722656 0.657227 1309563487.437244
0.644531 -0.080078 0.756836 1309563487.460248
0.789062 -0.080078 0.756836 1309563487.481331
0.356445 -0.191406 0.701172 1309563487.525252
0.423828 0.482422 1.084961 1309563487.568231
0.192383 0.291992 0.851562 1309563487.612235
-0.557617 -0.048828 0.653320 1309563487.635217
-1.000977 0.120117 0.627930 1309563487.657225
-1.060547 -0.015625 0.543945 1309563487.680232
-1.369141 -0.247070 0.241211 1309563487.723209
-1.416016 -0.136719 0.021484 1309563487.767236
-1.255859 -0.042969 0.080078 1309563487.791235
-1.101562 0.001953 0.103516 1309563487.821234
-1.033203 -0.119141 0.165039 1309563487.842235
-0.876953 0.064453 0.401367 1309563487.885243
-0.817383 -0.023438 0.480469 1309563487.932228
-0.576172 -0.086914 0.494141 1309563487.940243
-0.722656 -0.107422 0.595703 1309563487.996244
-0.968750 -0.246094 0.620117 1309563488.020217
-1.124023 -0.094727 0.489258 1309563488.041236
-1.441406 -0.087891 0.489258 1309563488.062237
-1.441406 -0.087891 0.489258 1309563488.106244
-1.147461 0.009766 0.577148 1309563488.188242
-1.307617 -0.058594 0.535156 1309563488.196243
-1.362305 -0.168945 0.425781 1309563488.216230
-1.423828 -0.221680 0.425781 1309563488.238251
-1.577148 -0.208008 0.117188 1309563488.263252
-1.691406 -0.144531 0.129883 1309563488.300245
-1.865234 -0.002930 0.127930 1309563488.348259
-1.844727 0.097656 0.047852 1309563488.430240
-1.723633 0.183594 -0.024414 1309563488.475248
-1.425781 -0.159180 -0.024414 1309563488.476222
-1.043945 0.537109 0.359375 1309563488.496246
1.810547 0.672852 0.813477 1309563488.497242
1.992188 0.470703 0.384766 1309563488.520253
1.574219 -1.982422 -1.115234 1309563488.553244
0.232422 0.136719 0.746094 1309563488.597239
0.732422 0.136719 0.746094 1309563488.620256
0.472656 -1.423828 0.092773 1309563488.663260
0.421875 -1.251953 0.300781 1309563488.702252
0.703125 -0.588867 0.203125 1309563488.729254
0.833984 -0.656250 0.474609 1309563488.752251
0.888672 -0.211914 0.528320 1309563488.796244
0.888672 -0.211914 0.528320 1309563488.817253
0.540039 0.038086 0.734375 1309563488.861267
0.203125 0.232422 0.916016 1309563488.884238
-0.233398 0.437500 0.862305 1309563488.906230
-0.412109 0.440430 0.953125 1309563488.948252
-0.729492 0.482422 0.964844 1309563488.971254
-0.961914 0.628906 1.106445 1309563489.018277
-1.049805 0.502930 1.123047 1309563489.039242
-1.060547 0.604492 0.945312 1309563489.081224
-0.938477 0.502930 0.665039 1309563489.111256
-0.732422 0.597656 0.571289 1309563489.136262
-0.666016 0.529297 0.521484 1309563489.160265
-0.711914 0.308594 0.522461 1309563489.204261
-0.438477 0.249023 0.542969 1309563489.251276
-0.252930 0.242188 0.568359 1309563489.273261
-0.610352 0.182617 0.544922 1309563489.294257
-0.744141 0.318359 0.751953 1309563489.341253
-0.868164 0.267578 0.724609 1309563489.351261
-0.794922 0.361328 0.725586 1309563489.416244
-0.843750 0.204102 0.689453 1309563489.438254
-0.879883 0.212891 0.663086 1309563489.459245
-0.993164 0.216797 0.611328 1309563489.519275
-1.120117 0.040039 0.480469 1309563489.542265
-1.301758 -0.035156 0.397461 1309563489.544262
-1.424805 0.130859 0.397461 1309563489.587241
-1.685547 0.124023 0.410156 1309563489.632268
-1.879883 -0.052734 0.298828 1309563489.712265
-1.981445 -0.016602 0.114258 1309563489.733263
-1.981445 0.282227 -0.110352 1309563489.734245
-1.904297 0.333008 -0.293945 1309563489.755260
-1.237305 0.359375 -0.477539 1309563489.778265
-0.294922 0.443359 0.329102 1309563489.822272
1.251953 1.082031 0.205078 1309563489.844230
1.989258 1.976562 0.826172 1309563489.888256
1.973633 -1.983398 -1.973633 1309563489.904252
0.212891 -1.876953 0.129883 1309563489.944258
0.466797 -0.126953 0.129883 1309563489.991293
1.162109 1.416016 -0.100586 1309563490.014290
0.879883 -1.348633 0.083008 1309563490.044278
0.986328 -0.800781 0.164062 1309563490.067251
1.120117 -0.424805 0.247070 1309563490.109269
1.128906 -0.298828 0.472656 1309563490.133272
0.893555 -0.171875 0.542969 1309563490.177259
0.351562 0.113281 0.510742 1309563490.199271
0.041016 0.293945 0.693359 1309563490.248273
-0.555664 0.570312 0.904297 1309563490.271272
-0.632812 0.710938 0.967773 1309563490.284266
-0.706055 1.105469 1.087891 1309563490.348265
-0.669922 1.060547 0.947266 1309563490.393298
-0.559570 0.998047 0.721680 1309563490.396280
-0.540039 1.027344 0.501953 1309563490.434265
-0.359375 1.100586 0.448242 1309563490.477272
-0.309570 1.086914 0.462891 1309563490.479269
-0.300781 1.024414 0.551758 1309563490.524268
-0.107422 1.201172 0.737305 1309563490.568279
-0.004883 0.910156 0.675781 1309563490.591291
-0.168945 0.863281 0.702148 1309563490.633291
-0.351562 0.854492 0.776367 1309563490.654262
-0.351562 0.854492 0.776367 1309563490.677280
-0.580078 0.600586 0.630859 1309563490.721323
-0.683594 0.294922 0.521484 1309563490.744325
-0.736328 0.341797 0.394531 1309563490.786265
-0.886719 0.308594 0.364258 1309563490.809315
-1.081055 0.250977 0.382812 1309563490.854270
-1.325195 0.393555 0.382812 1309563490.876277
-1.646484 0.285156 0.382812 1309563490.910283
-1.967773 0.575195 0.470703 1309563490.997285
-1.980469 0.406250 0.367188 1309563490.998255
-1.979492 0.461914 0.223633 1309563491.018247
-1.979492 0.664062 0.090820 1309563491.041312
-1.385742 0.694336 -0.029297 1309563491.057268
-0.045898 0.587891 0.054688 1309563491.127253
1.372070 0.429688 0.053711 1309563491.148285
1.987305 0.970703 0.529297 1309563491.173246
1.978516 -1.030273 -1.972656 1309563491.214253
-0.336914 -1.984375 -0.667969 1309563491.216266
0.684570 0.743164 0.343750 1309563491.261321
0.863281 0.126953 -0.042969 1309563491.308293
0.961914 -1.145508 0.046875 1309563491.329292
0.981445 -0.632812 0.249023 1309563491.376300
0.969727 -0.047852 0.378906 1309563491.397316
0.841797 0.153320 0.553711 1309563491.419304
0.354492 0.132812 0.581055 1309563491.463312
0.245117 0.101562 0.916992 1309563491.486386
-0.296875 0.219727 0.697266 1309563491.531289
-0.446289 0.321289 1.003906 1309563491.552296
-0.737305 0.583008 1.112305 1309563491.597307
-0.606445 0.671875 1.116211 1309563491.618307
-0.456055 0.765625 1.001953 1309563491.642306
-0.348633 1.013672 0.947266 1309563491.697313
-0.136719 0.746094 1.058594 1309563491.718280
0.100586 1.336914 0.790039 1309563491.763305
-0.125000 1.246094 0.643555 1309563491.786313
-0.000977 1.217773 0.664062 1309563491.809309
0.051758 0.795898 0.405273 1309563491.856325
-0.118164 0.489258 0.131836 1309563491.878304
-0.305664 0.431641 0.155273 1309563491.902294
-0.541016 0.679688 0.319336 1309563491.957302
-0.419922 0.801758 0.649414 1309563491.958314
-0.204102 0.885742 0.810547 1309563492.004317
-0.084961 1.084961 0.818359 1309563492.033329
-0.316406 0.817383 0.995117 1309563492.076317
-0.457031 0.611328 0.922852 1309563492.096313
-0.520508 0.397461 0.601562 1309563492.147308
-0.782227 0.410156 0.537109 1309563492.171310
-0.820312 0.433594 0.476562 1309563492.201309
-0.910156 0.332031 0.267578 1309563492.236340
-0.887695 0.435547 -0.041016 1309563492.287328
-0.577148 0.583984 -0.101562 1309563492.307334
-0.088867 0.476562 -0.241211 1309563492.331319
0.535156 0.593750 -0.741211 1309563492.346375
0.522461 0.296875 -0.627930 1309563492.412318
0.667969 0.498047 -0.384766 1309563492.457316
0.679688 0.298828 -0.242188 1309563492.458324
1.336914 0.861328 0.209961 1309563492.501354
0.883789 0.319336 0.032227 1309563492.523312
0.982422 0.514648 0.213867 1309563492.545331
1.670898 0.443359 0.528320 1309563492.589303
1.840820 0.154297 0.447266 1309563492.612327
1.983398 0.374023 0.410156 1309563492.648298
1.776367 0.070312 0.419922 1309563492.673319
1.191406 -0.154297 0.596680 1309563492.716327
1.191406 -0.154297 0.596680 1309563492.738359
1.109375 0.486328 0.150391 1309563492.781336
0.841797 0.090820 0.171875 1309563492.812345
0.840820 0.046875 0.203125 1309563492.857326
0.868164 0.072266 0.190430 1309563492.878291
