0.931641 0.186523 -0.053711 1309563761.612569
1.018555 0.050781 0.070312 1309563761.644562
0.923828 -0.039062 0.159180 1309563761.699567
0.994141 0.148438 0.365234 1309563761.700539
0.921875 0.042969 0.457031 1309563761.750561
1.142578 0.129883 0.640625 1309563761.774558
1.211914 0.129883 0.640625 1309563761.796562
1.302734 0.242188 1.072266 1309563761.840561
1.356445 0.568359 0.883789 1309563761.863542
1.428711 0.677734 0.678711 1309563761.905564
1.558594 1.052734 0.453125 1309563761.929575
1.629883 1.311523 0.320312 1309563761.998576
1.683594 1.173828 0.292969 1309563762.013576
1.483398 0.998047 0.198242 1309563762.035566
1.459961 1.027344 0.046875 1309563762.058569
1.374023 1.104492 -0.066406 1309563762.081568
1.239258 1.083984 -0.085938 1309563762.130569
1.125000 0.809570 -0.098633 1309563762.151567
0.875000 0.809570 -0.098633 1309563762.194549
0.875000 0.809570 -0.098633 1309563762.216552
0.534180 0.421875 -0.232422 1309563762.263556
0.620117 0.173828 -0.193359 1309563762.284574
0.478516 -0.129883 -0.089844 1309563762.328580
0.235352 -0.163086 -0.209961 1309563762.335578
0.134766 -0.474609 -0.149414 1309563762.380578
-0.144531 -0.870117 -0.117188 1309563762.424587
-0.221680 -1.258789 -0.018555 1309563762.454577
-0.216797 -1.771484 -0.115234 1309563762.478584
-0.339844 -1.845703 -0.151367 1309563762.499578
-0.253906 -1.519531 -0.151367 1309563762.544583
-0.210938 -1.346680 -0.119141 1309563762.588579
-0.333008 -1.166992 -0.125000 1309563762.668604
-0.433594 -1.091797 -0.244141 1309563762.669574
-0.455078 -0.930664 -0.285156 1309563762.689574
-0.310547 -0.671875 -0.343750 1309563762.703598
-0.341797 -0.591797 -0.296875 1309563762.724587
-0.126953 -0.421875 -0.251953 1309563762.768582
-0.017578 -0.118164 -0.290039 1309563762.829587
0.196289 0.076172 -0.350586 1309563762.849588
0.252930 0.092773 -0.284180 1309563762.878584
0.363281 0.056641 -0.206055 1309563762.900584
0.541992 0.056641 -0.206055 1309563762.923573
0.952148 0.474609 -0.140625 1309563762.968601
1.333008 0.305664 -0.112305 1309563763.011588
1.472656 0.611328 -0.111328 1309563763.033576
1.983398 0.853516 0.137695 1309563763.056586
1.986328 0.728516 0.674805 1309563763.078599
1.986328 1.228516 0.674805 1309563763.125603
1.983398 0.912109 1.236328 1309563763.166575
1.924805 1.162109 1.064453 1309563763.190585
1.898438 1.019531 1.336914 1309563763.213593
1.305664 0.687500 1.488281 1309563763.261594
1.018555 0.733398 1.090820 1309563763.290593
1.197266 0.638672 1.583008 1309563763.311585
0.913086 0.031250 1.616211 1309563763.355592
1.089844 0.316406 1.267578 1309563763.378596
1.103516 0.366211 0.880859 1309563763.421595
1.115234 0.562500 0.864258 1309563763.446596
1.220703 0.611328 0.927734 1309563763.469599
1.477539 0.644531 0.908203 1309563763.514595
1.648438 0.730469 0.858398 1309563763.554608
1.756836 0.707031 0.727539 1309563763.584602
1.661133 0.812500 0.541992 1309563763.613610
1.591797 1.080078 0.530273 1309563763.633603
1.684570 0.690430 0.530273 1309563763.676585
1.275391 0.690430 0.530273 1309563763.699598
1.235352 1.043945 0.055664 1309563763.750578
1.022461 0.769531 -0.041992 1309563763.771610
0.804688 0.714844 -0.115234 1309563763.815605
0.691406 0.605469 -0.146484 1309563763.838603
0.414062 0.355469 -0.146484 1309563763.860600
0.320312 0.347656 -0.295898 1309563763.959583
0.301758 0.152344 -0.254883 1309563764.000607
0.411133 -0.033203 -0.250977 1309563764.009608
0.358398 -0.389648 -0.129883 1309563764.023613
-0.076172 -0.927734 -0.154297 1309563764.024584
-0.148438 -0.714844 -0.279297 1309563764.048607
-0.293945 -1.545898 -0.258789 1309563764.092610
-0.375000 -1.626953 -0.383789 1309563764.138605
-0.397461 -1.475586 -0.469727 1309563764.159612
-0.394531 -1.491211 -0.440430 1309563764.216607
-0.586914 -1.443359 -0.546875 1309563764.218608
-0.586914 -1.443359 -0.546875 1309563764.253620
-0.315430 -0.802734 -0.599609 1309563764.276617
-0.175781 -0.579102 -0.461914 1309563764.323637
-0.102539 -0.313477 -0.400391 1309563764.353612
-0.015625 -0.061523 -0.369141 1309563764.374615
0.203125 0.066406 -0.337891 1309563764.428616
0.193359 -0.161133 -0.454102 1309563764.449611
0.333008 -0.054688 -0.484375 1309563764.513615
0.630859 0.115234 -0.330078 1309563764.514610
0.930664 0.337891 -0.097656 1309563764.543610
1.188477 0.243164 -0.071289 1309563764.565596
1.982422 0.695312 0.428711 1309563764.591646
1.984375 0.543945 0.322266 1309563764.634597
1.980469 0.894531 0.537109 1309563764.681607
1.748047 1.512695 0.940430 1309563764.704623
1.984375 1.105469 0.827148 1309563764.740622
1.984375 0.764648 1.296875 1309563764.784616
1.793945 0.544922 1.460938 1309563764.785619
1.737305 0.533203 1.711914 1309563764.830627
1.270508 0.478516 1.696289 1309563764.855627
1.033203 0.446289 1.600586 1309563764.891621
1.130859 -0.081055 1.295898 1309563764.935637
1.013672 -0.042969 0.935547 1309563764.966626
1.081055 0.097656 0.733398 1309563764.989613
1.157227 0.129883 0.983398 1309563765.011630
1.222656 0.228516 0.883789 1309563765.056626
1.389648 0.364258 1.016602 1309563765.080604
1.491211 0.427734 1.035156 1309563765.130640
1.526367 0.513672 0.962891 1309563765.168633
1.627930 0.263672 0.962891 1309563765.169628
1.584961 0.585938 0.661133 1309563765.249686
1.435547 0.801758 0.495117 1309563765.250591
1.396484 0.904297 0.404297 1309563765.271593
1.249023 0.864258 0.345703 1309563765.314641
1.076172 0.636719 0.143555 1309563765.330660
0.869141 0.557617 0.051758 1309563765.403633
0.578125 0.474609 -0.162109 1309563765.410606
0.496094 0.373047 -0.239258 1309563765.454633
0.428711 0.518555 -0.146484 1309563765.476640
0.388672 0.202148 -0.157227 1309563765.505620
0.298828 -0.016602 -0.201172 1309563765.531616
0.054688 -0.041016 -0.213867 1309563765.576598
0.010742 -0.327148 -0.250977 1309563765.598634
-0.572266 -1.181641 -0.502930 1309563765.641633
-0.553711 -1.007812 -0.575195 1309563765.663640
-0.732422 -1.146484 -0.797852 1309563765.709658
-0.526367 -1.439453 -0.716797 1309563765.730623
-0.167969 -1.301758 -0.506836 1309563765.753619
-0.237305 -1.256836 -0.474609 1309563765.800625
-0.475586 -1.051758 -0.670898 1309563765.823611
-0.535156 -0.975586 -0.707031 1309563765.868644
-0.350586 -0.867188 -0.576172 1309563765.889645
-0.237305 -0.721680 -0.576172 1309563765.914626
-0.317383 -0.554688 -0.422852 1309563765.959727
-0.116211 -0.326172 -0.435547 1309563765.998637
-0.060547 -0.257812 -0.360352 1309563766.020635
0.084961 -0.152344 -0.348633 1309563766.054645
0.277344 -0.029297 -0.402344 1309563766.096621
0.536133 0.189453 -0.285156 1309563766.111651
0.707031 0.531250 -0.022461 1309563766.156646
1.159180 0.372070 0.009766 1309563766.223653
1.522461 0.390625 -0.039062 1309563766.224622
1.724609 0.729492 0.027344 1309563766.246649
1.979492 0.277344 0.202148 1309563766.268665
1.983398 0.679688 0.572266 1309563766.313657
1.982422 0.586914 0.322266 1309563766.348652
1.982422 0.452148 1.337891 1309563766.369651
1.978516 0.137695 1.326172 1309563766.411636
1.980469 0.672852 1.291992 1309563766.434647
1.663086 0.340820 1.847656 1309563766.530657
1.300781 0.130859 1.778320 1309563766.531628
1.341797 0.692383 1.986328 1309563766.546649
1.142578 -0.253906 1.225586 1309563766.569633
0.795898 -0.400391 0.699219 1309563766.613643
1.202148 0.160156 0.732422 1309563766.634663
1.446289 0.091797 0.831055 1309563766.666638
1.626953 0.195312 0.903320 1309563766.688641
1.626953 0.195312 0.903320 1309563766.734649
1.649414 0.460938 0.765625 1309563766.776669
1.587891 0.716797 0.590820 1309563766.788646
1.606445 0.908203 0.500000 1309563766.840630
1.523438 0.697266 0.433594 1309563766.863649
1.226562 0.729492 0.225586 1309563766.905632
1.203125 0.814453 0.181641 1309563766.929673
0.918945 0.880859 0.077148 1309563766.995670
0.883789 0.789062 0.044922 1309563766.996626
0.690430 0.636719 -0.019531 1309563767.044675
0.690430 0.636719 -0.019531 1309563767.058656
0.322266 0.434570 -0.076172 1309563767.080677
-0.003906 0.242188 -0.118164 1309563767.125667
-0.108398 0.219727 -0.106445 1309563767.151663
-0.046875 0.158203 -0.189453 1309563767.174645
0.067383 -0.273438 -0.254883 1309563767.239628
-0.010742 -0.580078 -0.254883 1309563767.240626
-0.251953 -0.877930 -0.288086 1309563767.283661
-0.269531 -1.087891 -0.296875 1309563767.305620
-0.310547 -1.364258 -0.467773 1309563767.348636
-0.248047 -1.469727 -0.399414 1309563767.436670
-0.102539 -1.434570 -0.427734 1309563767.466663
-0.244141 -1.503906 -0.433594 1309563767.484672
-0.163086 -1.214844 -0.454102 1309563767.510663
-0.236328 -1.165039 -0.463867 1309563767.524676
-0.174805 -0.970703 -0.403320 1309563767.545672
-0.131836 -0.708984 -0.391602 1309563767.576632
-0.022461 -0.502930 -0.375000 1309563767.598659
0.067383 -0.344727 -0.385742 1309563767.641661
0.004883 -0.121094 -0.376953 1309563767.664648
-0.004883 0.238281 -0.199219 1309563767.706651
0.135742 0.137695 -0.125977 1309563767.729670
0.405273 0.284180 -0.088867 1309563767.830678
0.549805 0.725586 -0.088867 1309563767.832683
0.974609 0.690430 -0.032227 1309563767.834646
1.114258 0.884766 0.019531 1309563767.878693
1.357422 1.026367 0.008789 1309563767.901663
1.760742 0.870117 -0.034180 1309563767.924677
1.826172 1.285156 0.452148 1309563767.945675
1.983398 0.605469 0.452148 1309563767.992660
1.978516 0.126953 0.836914 1309563768.021677
1.980469 1.076172 0.863281 1309563768.045697
1.708984 0.859375 1.166992 1309563768.101691
1.549805 0.480469 1.030273 1309563768.124687
1.374023 1.085938 1.110352 1309563768.146689
1.374023 1.085938 1.110352 1309563768.168690
1.978516 -0.228516 1.990234 1309563768.224668
0.749023 -0.149414 0.312500 1309563768.248696
0.762695 0.003906 0.285156 1309563768.276686
1.042969 0.267578 0.544922 1309563768.300903
1.225586 0.298828 0.811523 1309563768.345695
1.299805 0.171875 1.004883 1309563768.389693
1.539062 0.338867 0.908203 1309563768.411656
1.496094 0.546875 0.873047 1309563768.433666
1.562500 0.701172 0.825195 1309563768.480712
1.626953 0.785156 0.753906 1309563768.503697
1.640625 0.792969 0.606445 1309563768.530700
1.591797 1.004883 0.483398 1309563768.574687
1.397461 1.172852 0.384766 1309563768.598693
1.318359 0.917969 0.254883 1309563768.643691
1.131836 0.670898 0.056641 1309563768.669704
0.999023 0.396484 -0.165039 1309563768.695674
0.952148 0.438477 -0.165039 1309563768.716666
0.872070 0.785156 -0.330078 1309563768.793705
0.866211 0.208008 -0.243164 1309563768.801698
0.617188 -0.054688 -0.207031 1309563768.824702
0.131836 -0.195312 -0.273438 1309563768.848716
-0.060547 -0.668945 -0.431641 1309563768.890697
-0.424805 -1.131836 -0.574219 1309563768.913700
-0.272461 -1.329102 -0.541992 1309563768.955704
-0.504883 -1.516602 -0.770508 1309563768.999704
-0.258789 -1.348633 -0.609375 1309563769.021704
-0.021484 -1.337891 -0.560547 1309563769.133704
-0.263672 -1.142578 -0.718750 1309563769.154676
-0.013672 -1.142578 -0.718750 1309563769.155656
-0.182617 -1.117188 -0.688477 1309563769.158661
-0.311523 -0.964844 -0.628906 1309563769.176678
-0.233398 -0.749023 -0.603516 1309563769.243704
-0.197266 -0.584961 -0.486328 1309563769.244698
0.050781 -0.263672 -0.352539 1309563769.288702
0.050781 -0.263672 -0.352539 1309563769.302707
0.126953 -0.106445 -0.231445 1309563769.351715
0.428711 0.093750 -0.203125 1309563769.394721
0.637695 0.207031 -0.133789 1309563769.414699
0.872070 0.369141 -0.265625 1309563769.436706
1.355469 0.500000 -0.121094 1309563769.473714
1.453125 0.845703 -0.005859 1309563769.525707
1.927734 0.808594 0.010742 1309563769.526711
1.959961 0.960938 0.498047 1309563769.559717
1.985352 1.710938 0.184570 1309563769.605718
1.980469 -0.023438 1.029297 1309563769.650718
1.977539 0.841797 0.644531 1309563769.651717
1.986328 1.267578 1.537109 1309563769.695711
1.536133 0.099609 1.567383 1309563769.717753
1.578125 0.433594 1.158203 1309563769.763717
1.371094 0.679688 0.966797 1309563769.785702
1.976562 -1.510742 1.988281 1309563769.830709
