0.946289 -0.132812 0.605469 1309980606.874295
0.890625 -0.095703 0.772461 1309980606.895286
0.929688 0.021484 0.918945 1309980606.919285
0.929688 0.021484 0.918945 1309980606.948296
0.963867 0.166016 0.950195 1309980606.993293
0.959961 0.363281 0.988281 1309980607.030301
1.002930 0.406250 0.862305 1309980607.053276
0.927734 0.538086 0.782227 1309980607.097295
0.850586 0.742188 0.812500 1309980607.119300
0.950195 0.742188 0.812500 1309980607.164293
0.950195 0.742188 0.812500 1309980607.198299
0.704102 0.714844 0.608398 1309980607.210300
0.570312 0.727539 0.550781 1309980607.253299
0.512695 0.677734 0.510742 1309980607.275303
0.355469 0.545898 0.367188 1309980607.352277
0.164062 0.516602 0.301758 1309980607.372299
0.053711 0.483398 0.209961 1309980607.373297
-0.008789 0.444336 0.160156 1309980607.414305
-0.087891 0.370117 0.097656 1309980607.477309
-0.204102 0.363281 0.070312 1309980607.478300
-0.227539 0.215820 0.070312 1309980607.501303
-0.213867 0.015625 0.026367 1309980607.544286
-0.267578 -0.124023 0.037109 1309980607.565300
-0.307617 -0.236328 0.083008 1309980607.610309
-0.370117 -0.394531 0.100586 1309980607.633309
-0.349609 -0.580078 0.015625 1309980607.668313
-0.369141 -0.703125 0.099609 1309980607.693304
-0.345703 -1.022461 0.117188 1309980607.738307
-0.294922 -1.171875 0.018555 1309980607.761308
-0.260742 -1.334961 0.007812 1309980607.804310
-0.312500 -1.379883 0.001953 1309980607.827310
-0.410156 -1.263672 0.091797 1309980607.870314
-0.399414 -1.179688 0.040039 1309980607.895320
-0.426758 -1.070312 0.024414 1309980607.920313
-0.442383 -1.017578 0.053711 1309980607.964312
-0.426758 -0.850586 0.075195 1309980607.987320
-0.459961 -0.806641 0.064453 1309980608.030317
-0.376953 -0.700195 0.054688 1309980608.052321
-0.468750 -0.641602 0.096680 1309980608.095316
-0.356445 -0.419922 0.045898 1309980608.127314
-0.497070 -0.288086 0.060547 1309980608.158330
-0.431641 -0.229492 0.089844 1309980608.179299
-0.463867 -0.110352 0.102539 1309980608.225323
-0.458008 -0.057617 0.142578 1309980608.252322
-0.406250 0.037109 0.167969 1309980608.294319
-0.337891 0.181641 0.148438 1309980608.318327
-0.263672 0.240234 0.186523 1309980608.343317
-0.242188 0.294922 0.267578 1309980608.387317
-0.173828 0.459961 0.318359 1309980608.408326
-0.042969 0.497070 0.360352 1309980608.450321
0.038086 0.497070 0.360352 1309980608.472326
0.157227 0.584961 0.386719 1309980608.517327
0.259766 0.576172 0.399414 1309980608.539323
0.334961 0.629883 0.428711 1309980608.635337
0.480469 0.590820 0.455078 1309980608.655299
0.576172 0.717773 0.455078 1309980608.657311
0.692383 0.591797 0.500977 1309980608.678297
0.788086 0.761719 0.594727 1309980608.713324
0.875977 0.732422 0.533203 1309980608.735329
0.867188 0.759766 0.610352 1309980608.769321
0.936523 0.839844 0.587891 1309980608.795353
0.990234 0.779297 0.511719 1309980608.839330
0.837891 0.981445 0.511719 1309980608.861330
0.929688 0.983398 0.581055 1309980608.893334
0.807617 0.983398 0.581055 1309980608.915324
0.799805 0.996094 0.653320 1309980608.977386
0.807617 1.067383 0.662109 1309980608.999329
0.791016 1.002930 0.662109 1309980609.022334
0.791016 1.002930 0.662109 1309980609.050324
0.896484 0.986328 0.554688 1309980609.093330
0.878906 1.017578 0.541016 1309980609.122359
0.932617 1.050781 0.574219 1309980609.160355
0.989258 0.981445 0.556641 1309980609.182334
0.947266 0.981445 0.556641 1309980609.205339
0.873047 0.975586 0.504883 1309980609.243337
0.749023 0.966797 0.458984 1309980609.287342
0.678711 0.947266 0.429688 1309980609.327324
0.600586 0.884766 0.418945 1309980609.349338
0.487305 0.773438 0.339844 1309980609.374328
0.398438 0.675781 0.292969 1309980609.397344
0.253906 0.675781 0.292969 1309980609.440340
0.253906 0.675781 0.292969 1309980609.468339
-0.078125 0.426758 0.153320 1309980609.523339
-0.135742 0.271484 0.096680 1309980609.544340
-0.269531 0.260742 0.116211 1309980609.570326
-0.267578 0.119141 0.106445 1309980609.632352
-0.275391 -0.033203 0.049805 1309980609.633345
-0.360352 -0.179688 0.055664 1309980609.677352
-0.433594 -0.216797 0.008789 1309980609.692325
-0.453125 -0.388672 0.065430 1309980609.733345
-0.547852 -0.473633 0.000000 1309980609.758385
-0.455078 -0.536133 0.025391 1309980609.803350
-0.524414 -0.773438 0.022461 1309980609.828346
-0.421875 -0.791992 0.117188 1309980609.852362
-0.401367 -0.833008 0.103516 1309980609.905359
-0.401367 -1.055664 0.089844 1309980609.932352
-0.401367 -1.055664 0.089844 1309980609.952357
-0.291016 -1.180664 0.096680 1309980609.999354
-0.254883 -1.148438 0.133789 1309980610.039360
-0.306641 -1.138672 0.150391 1309980610.062356
-0.317383 -1.119141 0.156250 1309980610.110359
-0.291016 -1.029297 0.164062 1309980610.112350
-0.273438 -1.028320 0.164062 1309980610.145365
-0.327148 -0.912109 0.190430 1309980610.210350
-0.359375 -0.842773 0.174805 1309980610.212341
-0.404297 -0.755859 0.177734 1309980610.247358
-0.454102 -0.629883 0.182617 1309980610.293363
-0.419922 -0.552734 0.199219 1309980610.313343
-0.474609 -0.424805 0.194336 1309980610.339343
-0.431641 -0.366211 0.198242 1309980610.383358
-0.429688 -0.231445 0.196289 1309980610.425364
-0.395508 -0.105469 0.209961 1309980610.448358
-0.396484 0.028320 0.216797 1309980610.470363
-0.385742 0.234375 0.264648 1309980610.493366
-0.289062 0.226562 0.215820 1309980610.537340
-0.230469 0.269531 0.217773 1309980610.580375
-0.117188 0.400391 0.217773 1309980610.592355
-0.052734 0.486328 0.227539 1309980610.640364
0.020508 0.620117 0.262695 1309980610.662389
0.090820 0.609375 0.262695 1309980610.685368
0.257812 0.615234 0.260742 1309980610.730408
0.296875 0.748047 0.311523 1309980610.773362
0.422852 0.772461 0.368164 1309980610.795342
0.564453 0.655273 0.300781 1309980610.840342
0.693359 0.721680 0.389648 1309980610.863370
0.795898 0.802734 0.389648 1309980610.886371
0.875977 0.837891 0.448242 1309980610.932368
0.971680 0.662109 0.437500 1309980610.954395
0.965820 0.933594 0.511719 1309980610.997351
0.937500 1.039062 0.502930 1309980611.019373
1.016602 0.791016 0.439453 1309980611.045349
1.016602 0.791016 0.439453 1309980611.070383
0.920898 0.835938 0.444336 1309980611.127373
0.867188 0.702148 0.459961 1309980611.222379
0.875977 0.854492 0.519531 1309980611.223374
0.843750 0.734375 0.536133 1309980611.225354
0.840820 0.775391 0.571289 1309980611.249406
0.854492 0.807617 0.523438 1309980611.293380
0.879883 0.861328 0.537109 1309980611.314373
0.904297 0.844727 0.530273 1309980611.359384
0.909180 0.880859 0.507812 1309980611.382383
0.963867 0.927734 0.507812 1309980611.404379
0.918945 0.992188 0.452148 1309980611.447383
0.875000 1.025391 0.444336 1309980611.483382
0.948242 1.007812 0.444336 1309980611.509407
0.956055 0.997070 0.446289 1309980611.538385
0.871094 0.968750 0.372070 1309980611.604382
0.817383 0.886719 0.374023 1309980611.605409
0.621094 0.914062 0.374023 1309980611.627381
0.609375 0.829102 0.301758 1309980611.672378
0.449219 0.640625 0.241211 1309980611.693442
0.252930 0.580078 0.219727 1309980611.737386
0.113281 0.522461 0.196289 1309980611.760384
-0.037109 0.443359 0.161133 1309980611.804386
-0.105469 0.300781 0.104492 1309980611.827386
-0.220703 0.229492 0.104492 1309980611.874388
-0.332031 0.148438 0.118164 1309980611.897386
-0.413086 0.038086 0.077148 1309980611.919388
-0.467773 -0.076172 -0.044922 1309980611.998395
-0.495117 -0.124023 -0.072266 1309980611.999388
-0.538086 -0.208984 -0.085938 1309980612.023392
-0.500000 -0.388672 -0.120117 1309980612.049396
-0.501953 -0.576172 -0.108398 1309980612.093396
-0.502930 -0.747070 -0.068359 1309980612.115393
-0.512695 -0.732422 -0.019531 1309980612.140396
-0.512695 -0.845703 -0.005859 1309980612.184393
-0.453125 -0.938477 0.244141 1309980612.207404
-0.364258 -0.965820 0.080078 1309980612.253410
-0.336914 -1.129883 0.061523 1309980612.275393
-0.378906 -1.102539 0.055664 1309980612.320379
-0.453125 -1.137695 0.018555 1309980612.342389
-0.335938 -1.099609 -0.016602 1309980612.363373
-0.340820 -1.083008 0.026367 1309980612.417374
-0.332031 -1.030273 0.050781 1309980612.465423
-0.313477 -0.986328 0.070312 1309980612.504481
-0.419922 -0.883789 0.044922 1309980612.505654
-0.429688 -0.746094 0.057617 1309980612.547413
-0.448242 -0.688477 0.054688 1309980612.572408
-0.385742 -0.621094 0.067383 1309980612.617412
-0.430664 -0.492188 0.053711 1309980612.639402
-0.382812 -0.313477 0.049805 1309980612.662399
-0.391602 -0.269531 0.090820 1309980612.704403
-0.350586 -0.111328 0.136719 1309980612.725410
-0.341797 -0.042969 0.136719 1309980612.770406
-0.290039 0.080078 0.160156 1309980612.779410
-0.278320 0.301758 0.239258 1309980612.827407
-0.170898 0.367188 0.304688 1309980612.850397
-0.117188 0.408203 0.342773 1309980612.895387
-0.021484 0.547852 0.415039 1309980612.918409
0.079102 0.626953 0.391602 1309980612.945420
0.301758 0.499023 0.374023 1309980612.989416
0.291016 0.753906 0.450195 1309980613.014434
0.399414 0.656250 0.436523 1309980613.072414
0.553711 0.589844 0.398438 1309980613.084415
0.666992 0.773438 0.494141 1309980613.127411
0.666992 0.773438 0.494141 1309980613.149413
0.860352 0.662109 0.480469 1309980613.174456
1.028320 0.676758 0.554688 1309980613.233417
0.949219 0.746094 0.562500 1309980613.234393
0.987305 0.708984 0.541992 1309980613.277399
0.958984 0.795898 0.514648 1309980613.302426
0.978516 0.802734 0.514648 1309980613.343409
0.959961 0.802734 0.572266 1309980613.374417
0.884766 0.833984 0.586914 1309980613.405415
0.858398 0.808594 0.608398 1309980613.450424
0.847656 0.882812 0.639648 1309980613.475412
0.845703 0.902344 0.620117 1309980613.497433
0.886719 0.853516 0.572266 1309980613.523426
0.906250 0.889648 0.512695 1309980613.563411
0.937500 0.877930 0.518555 1309980613.603417
0.936523 0.879883 0.479492 1309980613.624373
0.985352 0.904297 0.506836 1309980613.668390
0.940430 0.952148 0.483398 1309980613.689479
0.922852 0.901367 0.458008 1309980613.787420
0.841797 0.931641 0.471680 1309980613.788416
0.877930 0.875977 0.485352 1309980613.823431
0.703125 0.849609 0.455078 1309980613.824421
0.619141 0.836914 0.439453 1309980613.847424
0.520508 0.750000 0.360352 1309980613.928430
0.406250 0.658203 0.326172 1309980613.929429
0.242188 0.639648 0.333008 1309980613.953427
0.052734 0.644531 0.271484 1309980613.989474
-0.021484 0.571289 0.298828 1309980614.013432
-0.031250 0.323242 0.244141 1309980614.055435
-0.031250 0.323242 0.244141 1309980614.077412
-0.222656 0.206055 0.256836 1309980614.132438
-0.327148 0.083008 0.257812 1309980614.153435
-0.373047 -0.064453 0.252930 1309980614.174454
-0.403320 -0.140625 0.178711 1309980614.223437
-0.453125 -0.164062 0.142578 1309980614.245436
-0.447266 -0.302734 0.142578 1309980614.271432
-0.367188 -0.475586 0.122070 1309980614.313441
-0.427734 -0.616211 0.033203 1309980614.335434
-0.388672 -0.634766 -0.065430 1309980614.379438
-0.395508 -0.647461 -0.098633 1309980614.402412
-0.457031 -0.796875 -0.038086 1309980614.423438
-0.364258 -0.900391 -0.056641 1309980614.468424
-0.265625 -0.900391 -0.056641 1309980614.492388
-0.273438 -1.156250 0.020508 1309980614.537451
-0.193359 -1.060547 0.088867 1309980614.562446
-0.208008 -1.088867 0.105469 1309980614.628445
-0.276367 -1.207031 0.061523 1309980614.629440
-0.189453 -1.150391 0.061523 1309980614.652444
-0.264648 -1.019531 0.125000 1309980614.697441
-0.308594 -1.144531 0.100586 1309980614.719448
-0.270508 -1.015625 0.087891 1309980614.764445
-0.272461 -0.895508 0.092773 1309980614.787439
-0.337891 -0.867188 0.092773 1309980614.830447
-0.335938 -0.751953 0.077148 1309980614.852460
-0.345703 -0.661133 0.061523 1309980614.897448
-0.362305 -0.571289 0.086914 1309980614.918451
-0.370117 -0.450195 0.056641 1309980614.943425
-0.399414 -0.334961 0.094727 1309980614.998446
-0.372070 -0.273438 0.110352 1309980615.002451
-0.295898 -0.216797 0.128906 1309980615.080448
-0.327148 -0.061523 0.141602 1309980615.082424
-0.228516 0.070312 0.183594 1309980615.123456
-0.275391 0.209961 0.241211 1309980615.144453
-0.108398 0.347656 0.279297 1309980615.177442
-0.108398 0.347656 0.279297 1309980615.199453
-0.053711 0.658203 0.336914 1309980615.244460
0.166992 0.693359 0.320312 1309980615.292432
0.251953 0.779297 0.348633 1309980615.308451
0.286133 0.806641 0.292969 1309980615.330456
0.498047 0.843750 0.317383 1309980615.375463
0.498047 0.843750 0.317383 1309980615.400442
0.609375 0.875000 0.263672 1309980615.447464
0.843750 0.775391 0.292969 1309980615.469435
0.936523 0.851562 0.311523 1309980615.511471
0.889648 0.956055 0.330078 1309980615.537448
0.933594 0.898438 0.325195 1309980615.561472
0.985352 0.929688 0.381836 1309980615.606457
0.955078 0.941406 0.387695 1309980615.629460
1.011719 0.984375 0.417969 1309980615.673476
0.875977 1.002930 0.432617 1309980615.688443
0.839844 0.999023 0.422852 1309980615.733472
0.782227 1.007812 0.456055 1309980615.756467
0.782227 1.007812 0.456055 1309980615.800481
0.843750 0.936523 0.466797 1309980615.823464
0.863281 0.906250 0.452148 1309980615.870449
0.922852 0.911133 0.449219 1309980615.888468
0.844727 0.960938 0.410156 1309980615.931469
0.854492 0.960938 0.410156 1309980615.954469
0.901367 0.967773 0.422852 1309980615.984468
0.886719 0.980469 0.418945 1309980616.009475
0.860352 1.000977 0.380859 1309980616.066466
0.753906 1.060547 0.383789 1309980616.088446
0.744141 1.057617 0.375977 1309980616.111465
0.643555 1.057617 0.375977 1309980616.144479
0.576172 0.873047 0.303711 1309980616.174478
0.374023 0.858398 0.314453 1309980616.241474
0.239258 0.719727 0.315430 1309980616.243469
0.179688 0.686523 0.264648 1309980616.289479
0.038086 0.548828 0.264648 1309980616.363472
-0.114258 0.511719 0.209961 1309980616.378483
-0.206055 0.434570 0.179688 1309980616.380473
-0.247070 0.256836 0.124023 1309980616.420472
-0.360352 0.147461 0.150391 1309980616.436478
-0.362305 0.093750 0.100586 1309980616.464473
-0.460938 -0.030273 0.055664 1309980616.508492
-0.428711 -0.167969 -0.017578 1309980616.530476
-0.422852 -0.417969 -0.017578 1309980616.574475
-0.433594 -0.458008 -0.023438 1309980616.598487
-0.417969 -0.543945 -0.067383 1309980616.626486
-0.447266 -0.703125 -0.078125 1309980616.655479
-0.373047 -0.747070 0.015625 1309980616.698481
-0.321289 -0.878906 0.060547 1309980616.719477
-0.340820 -1.029297 0.068359 1309980616.761449
-0.240234 -0.941406 0.129883 1309980616.788503
-0.344727 -1.015625 0.149414 1309980616.811488
-0.391602 -1.109375 0.083984 1309980616.870486
-0.364258 -0.990234 0.083984 1309980616.874489
-0.374023 -0.990234 0.083984 1309980616.918490
-0.371094 -1.009766 0.076172 1309980616.945491
-0.294922 -1.055664 0.073242 1309980616.991491
-0.272461 -1.025391 0.068359 1309980617.015484
-0.258789 -0.973633 0.067383 1309980617.039491
-0.321289 -0.933594 0.041016 1309980617.066498
-0.316406 -0.909180 0.077148 1309980617.114494
-0.283203 -0.692383 0.082031 1309980617.155496
-0.348633 -0.689453 0.069336 1309980617.178488
-0.287109 -0.585938 0.093750 1309980617.220489
-0.272461 -0.561523 0.055664 1309980617.241492
-0.272461 -0.561523 0.055664 1309980617.271495
-0.140625 -0.287109 0.083008 1309980617.309498
-0.139648 -0.187500 0.088867 1309980617.331513
-0.068359 0.080078 0.140625 1309980617.380493
0.010742 0.154297 0.222656 1309980617.401496
-0.064453 0.486328 0.331055 1309980617.423492
0.104492 0.539062 0.331055 1309980617.467500
0.265625 0.606445 0.321289 1309980617.495492
0.518555 0.705078 0.440430 1309980617.539498
0.620117 0.756836 0.405273 1309980617.568495
0.822266 0.638672 0.450195 1309980617.615503
0.972656 0.679688 0.529297 1309980617.617458
1.103516 0.708984 0.633789 1309980617.699504
1.156250 0.582031 0.647461 1309980617.721497
1.277344 0.514648 0.691406 1309980617.723473
1.289062 0.583984 0.650391 1309980617.783485
1.256836 0.549805 0.651367 1309980617.791542
1.234375 0.460938 0.683594 1309980617.818508
1.234375 0.460938 0.683594 1309980617.839488
1.205078 0.291016 0.673828 1309980617.905501
1.203125 0.203125 0.645508 1309980617.909507
