0.548828 0.402344 0.442383 1311033479.751350
0.545898 0.418945 0.424805 1311033479.754358
0.545898 0.418945 0.424805 1311033479.756342
0.593750 0.493164 0.415039 1311033479.802370
0.577148 0.445312 0.402344 1311033479.844366
0.575195 0.452148 0.408203 1311033479.861328
0.530273 0.418945 0.427734 1311033479.889323
0.505859 0.410156 0.444336 1311033479.914353
0.529297 0.441406 0.443359 1311033479.962367
0.579102 0.458984 0.397461 1311033480.006359
0.546875 0.442383 0.386719 1311033480.028352
0.540039 0.480469 0.345703 1311033480.072356
0.517578 0.499023 0.338867 1311033480.093340
0.498047 0.533203 0.339844 1311033480.116360
0.465820 0.566406 0.354492 1311033480.159355
0.519531 0.567383 0.354492 1311033480.203356
0.536133 0.597656 0.380859 1311033480.226363
0.513672 0.627930 0.399414 1311033480.248361
0.479492 0.578125 0.390625 1311033480.291378
0.531250 0.662109 0.356445 1311033480.313347
0.595703 0.696289 0.341797 1311033480.336331
0.510742 0.599609 0.161133 1311033480.379357
0.575195 0.599609 0.161133 1311033480.406322
0.517578 0.804688 0.146484 1311033480.477365
0.541992 0.689453 0.018555 1311033480.478362
0.705078 0.886719 0.047852 1311033480.519367
0.701172 0.837891 -0.057617 1311033480.546359
0.749023 0.888672 0.089844 1311033480.567366
0.750000 0.780273 0.062500 1311033480.609367
0.736328 0.587891 0.110352 1311033480.632363
0.806641 0.583984 0.109375 1311033480.676351
0.806641 0.583984 0.109375 1311033480.697380
1.248047 0.734375 -0.070312 1311033480.741377
1.443359 0.980469 -0.369141 1311033480.784340
1.219727 0.224609 -0.435547 1311033480.807368
1.164062 0.233398 -0.250000 1311033480.830373
1.031250 0.207031 -0.244141 1311033480.854388
0.893555 0.060547 -0.244141 1311033480.881387
0.709961 -0.007812 -0.133789 1311033480.947391
0.566406 -0.018555 -0.148438 1311033480.959365
0.492188 -0.023438 -0.103516 1311033481.029396
0.487305 0.024414 -0.076172 1311033481.031378
0.549805 0.059570 -0.126953 1311033481.051376
0.618164 0.086914 -0.125000 1311033481.093368
0.709961 0.180664 -0.146484 1311033481.118370
0.764648 0.236328 -0.165039 1311033481.161381
0.870117 0.246094 -0.169922 1311033481.186379
0.872070 0.290039 -0.197266 1311033481.211383
0.921875 0.244141 -0.196289 1311033481.253385
0.966797 0.209961 -0.182617 1311033481.297387
0.966797 0.210938 -0.195312 1311033481.323393
1.022461 0.212891 -0.161133 1311033481.347380
0.959961 0.133789 -0.171875 1311033481.379388
1.004883 0.119141 -0.141602 1311033481.401384
0.970703 0.133789 -0.141602 1311033481.446412
0.957031 0.053711 -0.098633 1311033481.471387
0.947266 0.083984 -0.126953 1311033481.513387
0.988281 0.103516 -0.151367 1311033481.536384
0.980469 0.087891 -0.174805 1311033481.579391
1.006836 0.116211 -0.172852 1311033481.601391
0.948242 0.074219 -0.105469 1311033481.648388
0.991211 0.041016 -0.134766 1311033481.669386
