0.960938 0.135742 -0.095703 1311032535.367988
0.942383 0.169922 -0.098633 1311032535.446982
0.938477 0.091797 -0.149414 1311032535.447981
0.962891 0.114258 -0.078125 1311032535.449982
0.922852 0.125000 -0.041016 1311032535.492932
0.853516 0.077148 -0.035156 1311032535.514930
0.743164 0.049805 -0.003906 1311032535.557982
0.678711 0.000000 0.023438 1311032535.601934
0.588867 -0.056641 0.009766 1311032535.624933
0.456055 -0.063477 0.154297 1311032535.646933
0.421875 -0.006836 0.128906 1311032535.690991
0.440430 0.039062 0.066406 1311032535.712938
0.617188 0.106445 0.096680 1311032535.735935
0.736328 0.128906 0.036133 1311032535.777968
0.912109 0.147461 0.123047 1311032535.821966
1.024414 0.238281 0.158203 1311032535.844993
1.179688 0.274414 0.085938 1311032535.887993
1.385742 0.379883 0.080078 1311032535.889990
1.454102 0.371094 0.080078 1311032535.934993
1.510742 0.399414 0.056641 1311032535.991993
1.375000 0.385742 0.060547 1311032535.992992
1.345703 0.416992 0.124023 1311032536.045994
1.304688 0.432617 0.171875 1311032536.066990
1.225586 0.432617 0.171875 1311032536.111997
1.072266 0.394531 0.124023 1311032536.132993
0.923828 0.493164 0.237305 1311032536.156997
0.868164 0.631836 0.326172 1311032536.192997
0.642578 0.343750 0.221680 1311032536.236946
0.358398 0.250977 0.408203 1311032536.260949
0.194336 0.250977 0.408203 1311032536.282997
0.004883 0.182617 0.409180 1311032536.328002
0.030273 0.128906 0.415039 1311032536.369998
0.218750 0.494141 0.586914 1311032536.391971
0.333984 0.530273 0.607422 1311032536.415949
0.325195 0.072266 0.553711 1311032536.465951
0.659180 0.369141 1.009766 1311032536.489951
0.631836 0.700195 0.875000 1311032536.511951
0.347656 0.409180 0.387695 1311032536.561952
0.383789 0.276367 0.346680 1311032536.584952
0.494141 0.457031 0.405273 1311032536.606951
0.461914 0.506836 0.439453 1311032536.650954
0.365234 0.597656 0.439453 1311032536.725956
0.423828 0.577148 0.428711 1311032536.742954
0.435547 0.465820 0.380859 1311032536.766961
0.490234 0.500000 0.331055 1311032536.767967
0.523438 0.549805 0.394531 1311032536.805973
0.527344 0.535156 0.394531 1311032536.828009
0.490234 0.540039 0.399414 1311032536.880002
0.583984 0.610352 0.439453 1311032536.923012
0.555664 0.737305 0.518555 1311032536.945012
0.674805 0.781250 0.487305 1311032536.967014
0.416016 0.702148 0.183594 1311032537.008011
0.613281 0.952148 0.183594 1311032537.031016
0.885742 0.900391 0.423828 1311032537.076019
1.164062 0.797852 0.192383 1311032537.098012
1.158203 0.378906 -0.093750 1311032537.146015
1.233398 0.259766 -0.027344 1311032537.168019
1.282227 0.471680 -0.046875 1311032537.215964
1.087891 0.214844 -0.119141 1311032537.216962
1.087891 0.214844 -0.119141 1311032537.267034
1.033203 0.247070 -0.113281 1311032537.290017
0.946289 0.253906 -0.097656 1311032537.332019
0.760742 0.016602 -0.172852 1311032537.355992
0.625977 -0.056641 -0.218750 1311032537.389967
0.648438 0.143555 -0.238281 1311032537.410967
0.616211 0.060547 -0.238281 1311032537.455971
0.567383 -0.029297 -0.175781 1311032537.507027
0.596680 -0.041016 -0.156250 1311032537.530036
0.576172 0.056641 -0.144531 1311032537.554993
0.683594 0.054688 -0.143555 1311032537.577970
0.793945 0.041992 -0.126953 1311032537.622974
0.978516 0.101562 -0.044922 1311032537.645973
1.092773 0.051758 -0.097656 1311032537.688031
1.109375 0.023438 -0.091797 1311032537.718026
1.039062 0.064453 -0.065430 1311032537.740030
0.963867 0.051758 -0.065430 1311032537.785031
0.977539 0.017578 -0.065430 1311032537.809031
0.989258 -0.036133 -0.082031 1311032537.853027
0.978516 0.024414 -0.062500 1311032537.875032
0.971680 0.065430 -0.098633 1311032537.897031
1.002930 0.111328 -0.125000 1311032537.941025
0.916016 0.057617 -0.145508 1311032538.017031
0.821289 0.055664 -0.137695 1311032538.031028
0.661133 0.052734 -0.162109 1311032538.032027
0.503906 0.099609 -0.145508 1311032538.076024
0.381836 0.035156 -0.167969 1311032538.100028
0.416992 0.002930 -0.191406 1311032538.166037
0.532227 0.002930 -0.191406 1311032538.167037
0.719727 0.016602 -0.226562 1311032538.201983
0.980469 0.167969 -0.050781 1311032538.224983
1.231445 0.298828 0.053711 1311032538.270034
1.280273 0.404297 0.049805 1311032538.292038
1.123047 0.139648 -0.052734 1311032538.315037
1.159180 0.389648 -0.052734 1311032538.357986
1.042969 0.449219 0.074219 1311032538.382024
1.008789 0.377930 0.086914 1311032538.431989
0.862305 0.688477 0.129883 1311032538.452987
0.982422 0.732422 0.398438 1311032538.497991
0.674805 0.378906 0.428711 1311032538.520002
0.666016 0.481445 0.454102 1311032538.562027
0.605469 0.664062 0.499023 1311032538.583047
0.514648 0.587891 0.378906 1311032538.624991
0.493164 0.580078 0.384766 1311032538.646991
0.669922 0.568359 0.539062 1311032538.670015
0.798828 0.750000 0.666016 1311032538.712993
0.519531 0.598633 0.475586 1311032538.745030
0.325195 0.347656 0.267578 1311032538.768043
0.315430 0.293945 0.283203 1311032538.803050
0.431641 0.338867 0.451172 1311032538.828052
0.556641 0.545898 0.513672 1311032538.871052
0.615234 0.529297 0.513672 1311032538.918050
0.606445 0.553711 0.436523 1311032538.940053
0.648438 0.529297 0.448242 1311032538.962050
0.542969 0.333984 0.382812 1311032539.003053
0.523438 0.315430 0.378906 1311032539.026057
0.584961 0.310547 0.436523 1311032539.068048
0.572266 0.338867 0.436523 1311032539.093056
0.521484 0.361328 0.470703 1311032539.131001
0.557617 0.323242 0.485352 1311032539.155010
0.565430 0.349609 0.505859 1311032539.191066
0.536133 0.343750 0.514648 1311032539.235048
0.570312 0.357422 0.516602 1311032539.307044
0.526367 0.309570 0.461914 1311032539.308028
0.594727 0.362305 0.404297 1311032539.322005
0.606445 0.439453 0.419922 1311032539.366006
0.543945 0.344727 0.372070 1311032539.388036
0.543945 0.343750 0.372070 1311032539.411015
0.530273 0.430664 0.436523 1311032539.453045
0.511719 0.468750 0.410156 1311032539.478034
0.549805 0.475586 0.415039 1311032539.535009
0.482422 0.500000 0.430664 1311032539.557012
0.533203 0.554688 0.531250 1311032539.581010
0.638672 0.553711 0.785156 1311032539.605035
0.465820 0.805664 0.489258 1311032539.648070
0.569336 0.854492 0.342773 1311032539.675067
0.773438 0.846680 0.385742 1311032539.718066
0.948242 0.658203 0.427734 1311032539.740066
1.083984 0.543945 0.282227 1311032539.783069
1.041016 0.326172 0.091797 1311032539.806069
1.066406 0.259766 0.091797 1311032539.829067
1.173828 0.284180 0.029297 1311032539.873072
1.153320 0.202148 -0.114258 1311032539.896071
1.177734 0.116211 -0.126953 1311032539.941070
1.025391 0.097656 -0.180664 1311032539.963071
0.923828 0.128906 -0.159180 1311032540.007074
0.774414 0.164062 -0.159180 1311032540.031072
0.524414 0.164062 -0.159180 1311032540.053049
0.690430 0.080078 -0.150391 1311032540.097020
0.596680 0.039062 -0.133789 1311032540.122020
0.601562 0.079102 -0.166992 1311032540.165073
0.572266 0.080078 -0.114258 1311032540.187075
0.572266 0.080078 -0.114258 1311032540.231082
0.729492 0.129883 -0.120117 1311032540.262053
0.862305 0.100586 -0.113281 1311032540.286023
1.003906 0.171875 -0.120117 1311032540.318024
1.083008 0.131836 -0.064453 1311032540.347049
0.985352 0.115234 -0.096680 1311032540.391027
0.952148 0.062500 -0.096680 1311032540.413080
0.958008 0.019531 -0.101562 1311032540.457026
0.970703 0.062500 -0.083984 1311032540.480029
0.951172 0.116211 -0.087891 1311032540.523031
0.998047 0.090820 -0.095703 1311032540.599031
0.961914 0.045898 -0.101562 1311032540.620030
0.906250 0.065430 -0.104492 1311032540.621029
0.949219 0.106445 -0.094727 1311032540.642029
0.935547 0.138672 -0.098633 1311032540.681092
0.952148 0.197266 -0.105469 1311032540.702085
0.938477 0.162109 -0.140625 1311032540.746083
0.838867 0.143555 -0.141602 1311032540.768089
0.759766 0.133789 -0.166016 1311032540.811086
0.647461 0.166992 -0.137695 1311032540.857097
0.484375 0.101562 -0.088867 1311032540.878087
0.403320 0.070312 -0.064453 1311032540.900090
0.406250 0.048828 -0.067383 1311032540.923091
0.499023 0.037109 -0.067383 1311032540.951093
0.693359 -0.029297 -0.003906 1311032540.993087
1.073242 0.226562 0.076172 1311032541.036092
1.166016 0.304688 -0.006836 1311032541.078044
1.165039 0.492188 0.158203 1311032541.101040
1.275391 0.492188 0.208008 1311032541.145088
1.128906 0.391602 0.208008 1311032541.146089
1.055664 0.693359 0.215820 1311032541.203098
0.966797 0.503906 0.460938 1311032541.225065
0.872070 0.273438 0.613281 1311032541.248035
0.735352 0.752930 0.585938 1311032541.291079
0.467773 0.535156 0.375000 1311032541.312044
0.467773 0.535156 0.375000 1311032541.357112
0.722656 0.392578 0.721680 1311032541.380082
0.651367 0.480469 0.685547 1311032541.433050
0.421875 0.443359 0.578125 1311032541.456048
0.297852 0.282227 0.551758 1311032541.500074
0.353516 0.258789 0.512695 1311032541.501068
0.531250 0.402344 0.421875 1311032541.541049
0.693359 0.464844 0.409180 1311032541.586089
0.784180 0.469727 0.441406 1311032541.608086
0.706055 0.445312 0.474609 1311032541.651087
0.552734 0.272461 0.450195 1311032541.673084
0.509766 0.250000 0.434570 1311032541.697085
0.491211 0.233398 0.395508 1311032541.725105
0.525391 0.250000 0.498047 1311032541.770076
0.525391 0.250000 0.498047 1311032541.823108
0.545898 0.348633 0.571289 1311032541.894107
0.475586 0.333008 0.585938 1311032541.933111
0.514648 0.298828 0.585938 1311032541.935111
0.561523 0.285156 0.512695 1311032541.937105
0.577148 0.317383 0.473633 1311032541.996113
0.593750 0.366211 0.442383 1311032542.005112
0.635742 0.360352 0.438477 1311032542.026081
0.583984 0.346680 0.444336 1311032542.072061
0.436523 0.450195 0.373047 1311032542.094092
0.438477 0.450195 0.373047 1311032542.116110
0.459961 0.405273 0.482422 1311032542.161116
0.522461 0.470703 0.506836 1311032542.203065
0.475586 0.471680 0.586914 1311032542.225063
0.472656 0.382812 0.583008 1311032542.248102
0.538086 0.460938 0.583008 1311032542.290066
0.439453 0.811523 0.569336 1311032542.313062
0.481445 0.765625 0.500977 1311032542.357151
0.678711 0.752930 0.544922 1311032542.380065
0.838867 0.454102 0.440430 1311032542.407066
0.984375 0.230469 0.293945 1311032542.442067
1.133789 0.211914 0.293945 1311032542.485086
1.356445 0.325195 0.003906 1311032542.533068
1.561523 0.339844 -0.012695 1311032542.550104
1.334961 -0.013672 -0.144531 1311032542.586119
1.119141 0.003906 -0.160156 1311032542.608126
0.996094 0.113281 -0.045898 1311032542.652127
0.760742 0.069336 -0.122070 1311032542.674122
0.510742 0.069336 -0.122070 1311032542.696124
0.562500 -0.063477 -0.157227 1311032542.746129
0.568359 -0.025391 -0.097656 1311032542.781130
0.593750 0.004883 -0.084961 1311032542.807105
0.555664 0.033203 -0.097656 1311032542.831119
0.674805 0.033203 -0.097656 1311032542.878139
0.678711 0.085938 -0.049805 1311032542.902127
0.779297 0.015625 -0.064453 1311032542.925131
0.939453 0.009766 -0.121094 1311032542.967132
1.038086 0.016602 -0.124023 1311032542.988099
1.042969 0.049805 -0.124023 1311032543.033078
0.961914 0.022461 -0.133789 1311032543.055146
0.946289 -0.010742 -0.093750 1311032543.102136
0.945312 0.026367 -0.107422 1311032543.176140
0.999023 0.020508 -0.100586 1311032543.196109
1.006836 0.013672 -0.099609 1311032543.197105
0.980469 0.016602 -0.099609 1311032543.220082
0.930664 -0.017578 -0.108398 1311032543.266127
0.923828 -0.026367 -0.095703 1311032543.288130
0.939453 0.022461 -0.150391 1311032543.333084
0.881836 0.098633 -0.135742 1311032543.356084
0.810547 0.100586 -0.135742 1311032543.377085
0.810547 0.100586 -0.135742 1311032543.401116
0.482422 0.066406 -0.103516 1311032543.451667
0.357422 0.123047 -0.106445 1311032543.496119
0.370117 0.013672 -0.068359 1311032543.517101
0.415039 -0.123047 -0.097656 1311032543.558087
0.652344 0.053711 -0.097656 1311032543.580134
0.966797 0.359375 -0.040039 1311032543.603135
1.238281 0.148438 0.090820 1311032543.635133
1.341797 0.337891 0.107422 1311032543.680134
1.393555 0.564453 0.152344 1311032543.701139
1.195312 0.326172 0.192383 1311032543.745154
0.996094 0.480469 0.269531 1311032543.766142
0.796875 0.649414 0.270508 1311032543.813145
0.783203 0.681641 0.358398 1311032543.836147
0.915039 0.580078 0.658203 1311032543.878149
0.708984 0.882812 0.507812 1311032543.900147
0.502930 0.704102 0.382812 1311032543.925150
0.633789 0.500000 0.601562 1311032543.966098
0.544922 0.534180 0.566406 1311032544.010126
0.358398 0.470703 0.413086 1311032544.033142
0.471680 0.513672 0.372070 1311032544.056145
0.530273 0.356445 0.244141 1311032544.098144
0.558594 0.422852 0.232422 1311032544.123152
0.559570 0.538086 0.315430 1311032544.147100
0.702148 0.647461 0.377930 1311032544.190099
0.595703 0.747070 0.366211 1311032544.233103
0.430664 0.632812 0.342773 1311032544.256115
0.453125 0.523438 0.290039 1311032544.300159
0.581055 0.464844 0.361328 1311032544.321102
0.581055 0.464844 0.361328 1311032544.347103
0.574219 0.486328 0.389648 1311032544.385107
0.565430 0.497070 0.352539 1311032544.419118
0.537109 0.531250 0.427734 1311032544.469107
0.536133 0.457031 0.418945 1311032544.486105
0.502930 0.457031 0.351562 1311032544.508105
0.550781 0.455078 0.351562 1311032544.532133
0.624023 0.480469 0.286133 1311032544.577163
0.659180 0.467773 0.288086 1311032544.601163
0.652344 0.443359 0.297852 1311032544.654163
0.630859 0.472656 0.323242 1311032544.676165
0.541016 0.522461 0.394531 1311032544.718149
0.479492 0.554688 0.338867 1311032544.744167
0.498047 0.578125 0.306641 1311032544.787169
0.523438 0.544922 0.313477 1311032544.808166
0.584961 0.606445 0.295898 1311032544.831158
0.554688 0.593750 0.312500 1311032544.874168
0.504883 0.710938 0.365234 1311032544.898165
0.503906 0.710938 0.365234 1311032544.921137
0.487305 0.694336 0.557617 1311032544.964115
0.426758 0.768555 0.515625 1311032545.008163
0.296875 0.738281 0.114258 1311032545.031153
0.453125 1.004883 0.260742 1311032545.053144
0.603516 0.865234 0.260742 1311032545.096145
0.741211 0.576172 0.271484 1311032545.123119
0.937500 0.439453 0.308594 1311032545.151117
1.416992 0.712891 0.444336 1311032545.194112
1.545898 0.765625 0.144531 1311032545.216119
1.327148 0.060547 -0.062500 1311032545.259189
1.201172 0.021484 -0.096680 1311032545.281142
1.075195 0.289062 -0.097656 1311032545.324122
0.825195 0.289062 -0.097656 1311032545.346129
0.787109 0.096680 -0.181641 1311032545.391122
0.656250 -0.035156 -0.176758 1311032545.414127
0.557617 0.042969 -0.140625 1311032545.451149
0.557617 0.042969 -0.140625 1311032545.473182
0.456055 0.125000 -0.132812 1311032545.513176
0.529297 0.022461 -0.128906 1311032545.536179
0.587891 0.058594 -0.172852 1311032545.578180
0.648438 0.028320 -0.067383 1311032545.599182
0.822266 0.115234 -0.099609 1311032545.643172
1.006836 0.135742 -0.066406 1311032545.666181
1.044922 0.101562 -0.092773 1311032545.758177
0.988281 0.084961 -0.081055 1311032545.759174
1.000977 0.101562 -0.007812 1311032545.772186
0.995117 0.050781 -0.041992 1311032545.794182
1.034180 -0.030273 -0.058594 1311032545.837187
0.962891 0.074219 -0.053711 1311032545.881132
1.030273 0.045898 -0.040039 1311032545.903132
0.994141 0.021484 -0.051758 1311032545.948194
0.963867 0.044922 -0.051758 1311032545.971190
0.942383 0.078125 -0.007812 1311032545.993186
0.940430 0.147461 -0.057617 1311032546.016190
0.891602 0.111328 -0.076172 1311032546.064184
0.912109 0.106445 -0.085938 1311032546.085138
0.804688 0.210938 -0.090820 1311032546.127171
0.696289 0.046875 -0.121094 1311032546.171139
0.462891 0.103516 -0.111328 1311032546.192138
0.407227 0.102539 -0.045898 1311032546.213166
0.349609 0.137695 -0.086914 1311032546.257166
0.443359 0.179688 -0.068359 1311032546.279141
0.741211 0.263672 -0.084961 1311032546.323144
0.985352 0.124023 -0.086914 1311032546.344142
1.078125 0.172852 -0.001953 1311032546.388145
1.158203 0.378906 0.103516 1311032546.412144
1.108398 0.478516 0.132812 1311032546.437188
1.103516 0.416992 0.240234 1311032546.479201
1.045898 0.546875 0.292969 1311032546.502198
0.899414 0.518555 0.312500 1311032546.547199
0.857422 0.557617 0.476562 1311032546.591202
0.903320 0.594727 1.150391 1311032546.592200
0.523438 0.700195 0.608398 1311032546.634199
0.306641 0.259766 0.304688 1311032546.678202
0.269531 0.455078 0.547852 1311032546.702205
0.584961 0.715820 1.072266 1311032546.747202
0.429688 0.581055 0.664062 1311032546.769202
0.284180 0.352539 0.388672 1311032546.812200
0.322266 0.253906 0.403320 1311032546.834147
0.407227 0.245117 0.470703 1311032546.887192
0.529297 0.417969 0.540039 1311032546.894181
0.643555 0.573242 0.545898 1311032546.918210
0.700195 0.560547 0.489258 1311032546.969204
0.542969 0.402344 0.475586 1311032547.030218
0.485352 0.388672 0.450195 1311032547.056215
0.483398 0.314453 0.434570 1311032547.076207
0.434570 0.273438 0.434570 1311032547.098158
0.484375 0.292969 0.503906 1311032547.121157
0.495117 0.310547 0.503906 1311032547.144190
0.487305 0.412109 0.586914 1311032547.186157
0.478516 0.386719 0.565430 1311032547.229203
0.422852 0.384766 0.548828 1311032547.253155
0.444336 0.329102 0.504883 1311032547.276163
0.447266 0.302734 0.499023 1311032547.319165
0.491211 0.378906 0.486328 1311032547.344162
0.599609 0.376953 0.504883 1311032547.373196
0.567383 0.314453 0.457031 1311032547.429213
0.535156 0.249023 0.424805 1311032547.453222
0.591797 0.358398 0.485352 1311032547.476215
0.432617 0.482422 0.488281 1311032547.499212
0.432617 0.482422 0.488281 1311032547.548221
0.319336 0.430664 0.550781 1311032547.578218
0.438477 0.433594 0.519531 1311032547.601221
0.504883 0.512695 0.479492 1311032547.646224
0.458984 0.445312 0.383789 1311032547.667212
0.533203 0.457031 0.523438 1311032547.688226
0.514648 0.492188 0.523438 1311032547.735227
0.418945 0.538086 0.655273 1311032547.779226
0.369141 0.609375 0.443359 1311032547.803193
0.444336 0.836914 0.458984 1311032547.824172
0.623047 0.946289 0.532227 1311032547.868199
0.757812 0.591797 0.452148 1311032547.891229
0.952148 0.532227 0.372070 1311032547.944229
1.299805 0.538086 0.291016 1311032547.967229
1.131836 0.183594 0.046875 1311032547.989228
1.186523 0.180664 -0.036133 1311032548.034174
1.499023 0.183594 -0.000977 1311032548.057206
1.382812 0.002930 -0.068359 1311032548.078205
1.086914 -0.038086 -0.127930 1311032548.123175
0.818359 0.076172 -0.124023 1311032548.146203
0.666016 0.131836 -0.088867 1311032548.189177
0.576172 0.173828 -0.092773 1311032548.213179
0.500977 0.097656 -0.117188 1311032548.256205
0.490234 0.046875 -0.121094 1311032548.291185
0.505859 0.046875 -0.121094 1311032548.354211
0.536133 0.110352 -0.108398 1311032548.357209
0.632812 0.158203 -0.093750 1311032548.371220
0.798828 0.160156 -0.100586 1311032548.413225
0.916992 0.167969 -0.125977 1311032548.434235
1.045898 0.167969 -0.125977 1311032548.459239
0.976562 0.121094 -0.055664 1311032548.509243
0.932617 0.061523 -0.041016 1311032548.532239
0.940430 0.007812 -0.091797 1311032548.576242
0.954102 -0.004883 -0.061523 1311032548.601239
1.001953 -0.005859 -0.052734 1311032548.626242
0.959961 -0.005859 -0.052734 1311032548.667244
0.981445 0.013672 -0.009766 1311032548.709241
