0.834961 -0.059570 0.187500 1310584145.159351
0.746094 0.035156 0.130859 1310584145.183308
0.822266 0.358398 -0.003906 1310584145.227338
0.788086 0.469727 -0.041992 1310584145.300448
0.886719 0.460938 -0.023438 1310584145.302433
0.858398 0.455078 0.062500 1310584145.318393
0.784180 0.412109 0.132812 1310584145.340320
0.735352 0.291016 0.192383 1310584145.384337
0.828125 0.341797 0.122070 1310584145.407579
0.811523 0.424805 0.096680 1310584145.428327
0.810547 0.300781 0.111328 1310584145.494328
0.794922 0.224609 0.085938 1310584145.515371
0.920898 0.370117 0.127930 1310584145.537381
1.030273 0.388672 0.124023 1310584145.579446
1.166016 0.338867 0.117188 1310584145.602412
1.350586 0.338867 0.117188 1310584145.633389
1.336914 0.088867 0.117188 1310584145.657457
1.475586 -0.180664 0.104492 1310584145.703372
1.264648 -0.419922 0.007812 1310584145.745384
1.118164 -0.216797 0.027344 1310584145.767366
1.097656 -0.187500 0.172852 1310584145.788399
1.190430 -0.246094 0.163086 1310584145.830412
1.021484 -0.165039 0.283203 1310584145.853502
1.264648 -0.007812 0.323242 1310584145.900432
1.148438 -0.036133 0.321289 1310584145.922492
1.125000 -0.099609 0.232422 1310584145.965442
1.011719 -0.035156 0.125977 1310584145.988403
0.882812 -0.080078 -0.031250 1310584146.010460
0.672852 -0.307617 -0.031250 1310584146.055337
0.422852 -0.307617 -0.031250 1310584146.077338
0.247070 -0.130859 -0.125977 1310584146.122379
0.279297 0.053711 -0.089844 1310584146.158368
0.383789 0.159180 -0.096680 1310584146.180336
0.490234 0.135742 -0.116211 1310584146.225325
0.674805 0.149414 -0.041992 1310584146.249386
0.974609 0.099609 -0.019531 1310584146.278362
1.112305 0.085938 0.030273 1310584146.322365
1.084961 0.104492 0.093750 1310584146.343359
0.885742 0.103516 0.104492 1310584146.365391
0.776367 0.006836 0.104492 1310584146.403428
0.792969 -0.039062 0.049805 1310584146.448341
0.839844 0.072266 0.072266 1310584146.494367
0.898438 0.191406 0.055664 1310584146.495368
0.943359 0.185547 0.099609 1310584146.593387
0.961914 0.185547 0.099609 1310584146.594358
0.966797 0.169922 0.146484 1310584146.625443
0.979492 0.123047 0.151367 1310584146.643480
0.972656 0.115234 0.152344 1310584146.677396
0.881836 0.167969 0.124023 1310584146.699478
0.912109 0.148438 0.103516 1310584146.722392
0.944336 0.164062 0.085938 1310584146.766481
