0.929688 0.335938 0.010742 1310162763.623719
0.912109 0.291992 -0.023438 1310162763.644796
0.942383 0.284180 0.001953 1310162763.691792
0.910156 0.280273 -0.024414 1310162763.712802
0.956055 0.424805 -0.083984 1310162763.737801
0.994141 0.378906 -0.137695 1310162763.801804
0.950195 0.173828 -0.093750 1310162763.822736
0.835938 0.052734 -0.111328 1310162763.866800
0.732422 0.067383 -0.160156 1310162763.903795
0.718750 0.096680 -0.108398 1310162763.904791
0.508789 0.261719 -0.261719 1310162763.942714
0.439453 0.406250 -0.315430 1310162763.964710
0.721680 0.406250 -0.315430 1310162763.987766
0.856445 0.204102 -0.195312 1310162764.031794
1.055664 0.302734 -0.168945 1310162764.074791
1.036133 0.242188 -0.149414 1310162764.117807
0.883789 0.198242 -0.195312 1310162764.138800
0.692383 0.125000 -0.104492 1310162764.159800
0.550781 0.414062 -0.181641 1310162764.202795
0.459961 0.192383 -0.175781 1310162764.223754
0.634766 0.600586 -0.105469 1310162764.268675
0.814453 0.642578 0.041992 1310162764.289672
0.784180 0.403320 -0.194336 1310162764.334764
1.222656 0.753906 -0.284180 1310162764.357740
1.062500 0.650391 -0.493164 1310162764.401798
0.889648 0.595703 -0.484375 1310162764.423801
1.093750 0.953125 -0.218750 1310162764.467807
0.762695 0.611328 -0.235352 1310162764.492751
0.800781 0.541992 -0.093750 1310162764.513744
0.817383 0.933594 -0.093750 1310162764.536733
0.747070 0.670898 -0.185547 1310162764.582781
0.768555 0.726562 -0.083984 1310162764.613817
0.739258 0.799805 0.000977 1310162764.657792
0.816406 0.789062 0.023438 1310162764.679813
0.799805 0.733398 -0.032227 1310162764.723796
0.824219 0.658203 0.028320 1310162764.747819
0.774414 0.707031 0.082031 1310162764.772806
0.721680 0.542969 0.101562 1310162764.817787
0.698242 0.412109 0.156250 1310162764.839808
0.679688 0.451172 0.194336 1310162764.873802
0.683594 0.451172 0.224609 1310162764.899783
0.734375 0.468750 0.208008 1310162764.928767
0.742188 0.482422 0.222656 1310162764.971811
0.764648 0.531250 0.268555 1310162764.994828
0.738281 0.491211 0.291016 1310162765.041813
0.709961 0.392578 0.295898 1310162765.063758
0.694336 0.357422 0.303711 1310162765.087772
0.716797 0.253906 0.327148 1310162765.196774
0.750977 0.262695 0.298828 1310162765.197731
0.755859 0.259766 0.320312 1310162765.217808
0.729492 0.219727 0.322266 1310162765.218801
0.714844 0.310547 0.334961 1310162765.262822
0.681641 0.246094 0.416992 1310162765.283816
0.694336 0.260742 0.444336 1310162765.327778
0.638672 0.240234 0.471680 1310162765.372825
0.615234 0.238281 0.434570 1310162765.394830
0.570312 0.100586 0.360352 1310162765.441783
0.682617 0.265625 0.466797 1310162765.442727
0.700195 0.208984 0.478516 1310162765.470788
0.682617 0.171875 0.461914 1310162765.536729
0.670898 0.257812 0.470703 1310162765.559719
0.656250 0.216797 0.427734 1310162765.582716
0.631836 0.200195 0.424805 1310162765.607738
0.678711 0.281250 0.381836 1310162765.652716
0.687500 0.281250 0.344727 1310162765.674741
0.687500 0.281250 0.344727 1310162765.697760
0.642578 0.287109 0.335938 1310162765.754828
0.617188 0.371094 0.384766 1310162765.777817
0.635742 0.419922 0.424805 1310162765.803839
0.687500 0.450195 0.346680 1310162765.851833
0.677734 0.317383 0.346680 1310162765.875842
0.667969 0.291016 0.254883 1310162765.897833
0.764648 0.384766 0.340820 1310162765.939786
0.837891 0.432617 0.291016 1310162765.962841
0.831055 0.413086 0.310547 1310162766.006844
0.958984 0.985352 0.100586 1310162766.049834
0.802734 0.572266 0.100586 1310162766.051749
0.951172 0.472656 0.189453 1310162766.108840
0.959961 0.536133 0.142578 1310162766.131836
0.962891 0.510742 -0.105469 1310162766.154842
1.092773 0.664062 0.000000 1310162766.198553
0.951172 0.524414 0.113281 1310162766.212840
1.073242 0.472656 0.113281 1310162766.259719
1.224609 0.669922 -0.027344 1310162766.302720
1.025391 0.299805 -0.132812 1310162766.346778
1.143555 0.095703 -0.186523 1310162766.347750
1.241211 0.041016 -0.336914 1310162766.378949
1.013672 -0.125000 -0.331055 1310162766.423827
1.086914 -0.169922 -0.234375 1310162766.473860
0.761719 -0.461914 -0.436523 1310162766.495828
0.776367 -0.156250 -0.340820 1310162766.517757
0.820312 -0.190430 -0.213867 1310162766.542807
0.731445 -0.137695 -0.184570 1310162766.578846
0.671875 0.023438 -0.184570 1310162766.601813
0.616211 0.142578 -0.133789 1310162766.646859
0.571289 0.085938 -0.164062 1310162766.691824
0.530273 0.135742 -0.135742 1310162766.714849
0.630859 0.251953 -0.193359 1310162766.736850
0.772461 0.328125 -0.172852 1310162766.781858
0.944336 0.366211 -0.172852 1310162766.804839
1.086914 0.402344 -0.110352 1310162766.849847
1.028320 0.394531 -0.084961 1310162766.872847
0.860352 0.376953 -0.060547 1310162766.894848
0.792969 0.367188 0.003906 1310162766.941773
0.831055 0.365234 0.039062 1310162766.962861
0.904297 0.310547 0.018555 1310162766.984838
0.934570 0.282227 0.047852 1310162767.028847
0.974609 0.277344 0.037109 1310162767.072861
0.936523 0.283203 0.069336 1310162767.094805
0.866211 0.367188 0.092773 1310162767.138812
0.883789 0.475586 0.105469 1310162767.162866
0.897461 0.475586 0.105469 1310162767.207824
0.859375 0.269531 0.038086 1310162767.232854
0.874023 0.248047 -0.007812 1310162767.253859
0.792969 0.435547 0.103516 1310162767.298795
0.537109 0.376953 -0.078125 1310162767.321857
0.420898 0.085938 -0.324219 1310162767.363852
0.547852 0.086914 -0.462891 1310162767.386830
0.590820 0.102539 -0.461914 1310162767.407825
0.590820 0.102539 -0.461914 1310162767.453822
0.846680 -0.145508 -0.102539 1310162767.483857
1.092773 0.594727 0.067383 1310162767.527864
0.975586 0.472656 -0.553711 1310162767.550807
1.272461 1.244141 -0.039062 1310162767.592861
0.964844 0.041992 -0.496094 1310162767.614863
0.858398 0.160156 -0.261719 1310162767.657803
0.886719 0.874023 -0.248047 1310162767.679837
0.593750 0.751953 -0.320312 1310162767.776875
0.927734 0.898438 -0.250977 1310162767.777868
0.729492 0.652344 -0.425781 1310162767.778790
0.801758 0.771484 -0.270508 1310162767.801874
0.764648 0.661133 -0.279297 1310162767.845783
0.664062 0.604492 -0.213867 1310162767.866807
0.797852 0.785156 0.014648 1310162767.909825
0.892578 0.926758 0.026367 1310162767.932864
0.920898 0.845703 -0.036133 1310162767.955832
0.864258 0.924805 -0.022461 1310162767.998884
0.684570 0.703125 0.048828 1310162768.045872
0.557617 0.409180 0.203125 1310162768.067824
0.451172 0.468750 0.164062 1310162768.090865
0.465820 0.525391 0.164062 1310162768.112891
0.490234 0.619141 0.040039 1310162768.159905
0.490234 0.619141 0.040039 1310162768.182884
0.703125 0.745117 0.237305 1310162768.241816
0.699219 0.746094 0.158203 1310162768.263774
0.518555 0.628906 0.111328 1310162768.284750
0.409180 0.543945 0.181641 1310162768.331770
0.384766 0.634766 0.250000 1310162768.353882
0.420898 0.681641 0.375977 1310162768.399863
0.447266 0.625977 0.370117 1310162768.421835
0.386719 0.665039 0.290039 1310162768.443835
0.376953 0.687500 0.294922 1310162768.467885
0.317383 0.685547 0.305664 1310162768.529811
0.327148 0.676758 0.361328 1310162768.553829
0.274414 0.702148 0.441406 1310162768.576872
0.189453 0.687500 0.454102 1310162768.618894
0.012695 0.728516 0.504883 1310162768.641887
0.047852 0.662109 0.504883 1310162768.664884
0.175781 0.671875 0.504883 1310162768.707897
0.215820 0.720703 0.567383 1310162768.729896
0.217773 0.671875 0.519531 1310162768.776878
0.413086 0.742188 0.474609 1310162768.798891
0.373047 0.588867 0.329102 1310162768.842898
0.366211 0.755859 0.276367 1310162768.864888
0.345703 1.071289 0.213867 1310162768.906863
0.272461 0.728516 0.082031 1310162768.928915
0.272461 0.492188 -0.039062 1310162768.973901
0.404297 0.428711 -0.028320 1310162769.017904
0.486328 0.400391 0.041992 1310162769.054801
0.491211 0.165039 -0.068359 1310162769.074862
0.521484 0.199219 -0.106445 1310162769.097890
0.588867 0.202148 -0.068359 1310162769.143890
0.676758 0.591797 0.424805 1310162769.166896
0.866211 1.275391 0.369141 1310162769.187845
1.041992 0.533203 0.176758 1310162769.230899
0.746094 0.646484 0.257812 1310162769.254860
0.400391 0.921875 0.217773 1310162769.280895
0.622070 0.649414 0.177734 1310162769.324910
1.009766 0.771484 0.098633 1310162769.348884
0.702148 0.770508 0.250977 1310162769.392895
0.744141 0.890625 -0.250977 1310162769.413898
0.994141 0.666016 -0.080078 1310162769.436908
1.023438 0.916016 -0.080078 1310162769.479898
0.888672 0.916016 -0.080078 1310162769.512913
0.838867 1.166016 -0.080078 1310162769.557907
0.946289 1.015625 -0.227539 1310162769.579901
0.875000 0.729492 -0.228516 1310162769.602891
0.858398 0.626953 -0.222656 1310162769.636910
1.062500 0.478516 -0.115234 1310162769.682913
1.355469 0.293945 -0.126953 1310162769.704912
1.250977 0.168945 -0.278320 1310162769.748912
0.872070 0.058594 -0.329102 1310162769.769914
0.853516 -0.140625 -0.062500 1310162769.791911
0.737305 -0.026367 0.072266 1310162769.836866
0.591797 0.236328 -0.035156 1310162769.877914
0.541016 0.304688 -0.120117 1310162769.919897
0.551758 0.333984 -0.145508 1310162769.943918
0.532227 0.315430 -0.044922 1310162769.964881
0.567383 0.315430 -0.044922 1310162769.987916
0.641602 0.169922 -0.059570 1310162770.031913
0.687500 0.073242 -0.135742 1310162770.074911
0.781250 0.117188 -0.165039 1310162770.096914
0.932617 0.192383 -0.202148 1310162770.139906
1.053711 0.323242 -0.199219 1310162770.162921
0.943359 0.427734 -0.199219 1310162770.186916
0.728516 0.612305 -0.086914 1310162770.229919
0.659180 0.735352 0.034180 1310162770.251875
0.696289 0.597656 0.083008 1310162770.351835
0.770508 0.531250 0.025391 1310162770.352827
0.828125 0.503906 -0.070312 1310162770.353824
0.862305 0.521484 -0.125977 1310162770.377854
0.910156 0.463867 -0.101562 1310162770.423838
0.807617 0.458008 0.019531 1310162770.446852
0.786133 0.476562 0.064453 1310162770.488865
0.745117 0.439453 0.042969 1310162770.511924
0.734375 0.404297 -0.098633 1310162770.557910
0.687500 0.654297 -0.098633 1310162770.578920
0.677734 0.161133 -0.056641 1310162770.601920
0.625000 0.181641 -0.114258 1310162770.648915
0.608398 0.075195 -0.223633 1310162770.669856
0.568359 0.143555 -0.320312 1310162770.714886
0.679688 0.084961 -0.223633 1310162770.731942
0.958008 0.136719 -0.119141 1310162770.774894
0.960938 0.222656 -0.138672 1310162770.819072
1.118164 0.457031 -0.025391 1310162770.841861
0.979492 0.037109 -0.125000 1310162770.884920
0.860352 0.200195 -0.360352 1310162770.906984
0.717773 0.424805 -0.366211 1310162770.928920
0.968750 0.980469 -0.374023 1310162770.972922
1.220703 0.478516 -0.633789 1310162770.993966
1.149414 0.730469 -0.446289 1310162771.038942
0.682617 0.574219 -0.498047 1310162771.063889
0.729492 0.714844 -0.208008 1310162771.107940
0.729492 0.714844 -0.208008 1310162771.108931
0.811523 0.541016 -0.250000 1310162771.157912
0.787109 0.972656 -0.127930 1310162771.199939
0.726562 0.669922 -0.211914 1310162771.221933
0.750000 0.944336 -0.193359 1310162771.244945
0.741211 0.824219 -0.185547 1310162771.291926
0.805664 0.902344 -0.185547 1310162771.312867
0.721680 1.012695 -0.047852 1310162771.358944
0.655273 0.769531 0.082031 1310162771.379945
0.642578 0.472656 0.222656 1310162771.426942
0.562500 0.436523 0.429688 1310162771.449934
0.576172 0.195312 0.420898 1310162771.474933
0.575195 0.504883 0.286133 1310162771.518924
0.661133 0.573242 0.385742 1310162771.542946
0.625977 0.668945 0.077148 1310162771.589943
0.694336 0.860352 0.123047 1310162771.627945
0.628906 0.721680 0.063477 1310162771.628940
0.438477 0.612305 0.082031 1310162771.669860
0.327148 0.609375 0.410156 1310162771.721938
0.305664 0.554688 0.386719 1310162771.744943
0.299805 0.562500 0.336914 1310162771.766897
0.291016 0.552734 0.345703 1310162771.812947
0.213867 0.548828 0.366211 1310162771.834910
0.168945 0.650391 0.452148 1310162771.857942
0.066406 0.645508 0.494141 1310162771.899942
0.032227 0.738281 0.519531 1310162771.923918
0.088867 0.887695 0.518555 1310162771.958946
0.239258 0.842773 0.399414 1310162772.001963
0.343750 0.741211 0.347656 1310162772.047958
0.366211 0.741211 0.347656 1310162772.048949
0.319336 0.679688 0.421875 1310162772.114961
0.208008 0.774414 0.512695 1310162772.116948
0.128906 0.766602 0.540039 1310162772.176905
0.006836 0.678711 0.492188 1310162772.177954
-0.002930 0.610352 0.397461 1310162772.221964
0.052734 0.632812 0.272461 1310162772.244946
0.071289 0.602539 0.144531 1310162772.296836
0.121094 0.463867 0.124023 1310162772.313832
0.184570 0.519531 0.150391 1310162772.359971
0.306641 0.400391 0.078125 1310162772.402940
0.444336 0.411133 -0.164062 1310162772.403943
0.444336 0.411133 -0.164062 1310162772.448947
0.759766 1.412109 0.885742 1310162772.491916
0.645508 0.954102 0.538086 1310162772.513969
0.260742 -0.095703 0.202148 1310162772.561898
0.525391 0.763672 0.257812 1310162772.582900
0.344727 0.612305 0.133789 1310162772.603959
0.607422 0.559570 0.133789 1310162772.626964
0.857422 0.559570 0.133789 1310162772.671965
0.266602 1.296875 0.142578 1310162772.716961
0.725586 0.761719 0.221680 1310162772.738962
0.717773 0.857422 -0.216797 1310162772.767919
0.887695 0.617188 -0.466797 1310162772.785996
0.878906 0.798828 -0.030273 1310162772.839965
0.663086 0.769531 -0.090820 1310162772.893930
0.897461 0.820312 -0.323242 1310162772.918900
0.937500 1.108398 -0.302734 1310162772.919883
0.925781 0.740234 -0.235352 1310162772.961906
1.111328 0.769531 -0.148438 1310162772.982971
1.276367 0.618164 -0.370117 1310162773.029980
1.502930 0.367188 -0.129883 1310162773.074976
1.528320 0.025391 -0.166992 1310162773.097970
1.146484 -0.004883 0.058594 1310162773.118979
0.786133 -0.138672 0.125977 1310162773.162976
0.421875 0.285156 0.202148 1310162773.184981
0.361328 0.285156 0.202148 1310162773.206989
0.111328 0.285156 0.202148 1310162773.246942
0.175781 -0.071289 -0.025391 1310162773.294985
0.268555 0.104492 -0.058594 1310162773.317985
0.412109 0.238281 -0.091797 1310162773.359934
0.662109 0.238281 -0.091797 1310162773.383984
1.033203 0.453125 -0.083008 1310162773.429978
1.286133 0.164062 -0.219727 1310162773.452923
1.083008 0.144531 -0.239258 1310162773.473938
0.902344 0.257812 -0.183594 1310162773.519930
0.739258 0.436523 -0.158203 1310162773.543911
0.745117 0.704102 -0.067383 1310162773.589981
0.732422 0.523438 -0.019531 1310162773.610972
0.808594 0.536133 0.004883 1310162773.632989
0.796875 0.304688 -0.007812 1310162773.675943
0.785156 0.515625 0.036133 1310162773.722982
0.842773 0.536133 0.144531 1310162773.723980
0.816406 0.402344 0.119141 1310162773.767003
0.813477 0.402344 0.119141 1310162773.801997
0.908203 0.490234 0.195312 1310162773.829989
0.888672 0.383789 0.120117 1310162773.874935
0.885742 0.347656 0.069336 1310162773.898927
0.819336 0.281250 0.061523 1310162773.919901
0.787109 0.310547 0.044922 1310162773.963948
0.712891 0.344727 -0.013672 1310162773.985988
0.666992 0.242188 0.032227 1310162774.029991
0.424805 0.022461 -0.329102 1310162774.050999
0.344727 -0.088867 0.029297 1310162774.099959
0.381836 0.171875 0.035156 1310162774.121000
0.614258 0.166016 -0.014648 1310162774.164980
0.955078 0.518555 -0.216797 1310162774.200981
1.384766 0.242188 -0.455078 1310162774.222934
0.982422 0.178711 -0.703125 1310162774.243979
1.093750 0.158203 -0.586914 1310162774.285888
0.868164 -0.555664 -0.517578 1310162774.307875
1.366211 0.350586 0.301758 1310162774.350985
0.841797 0.517578 -0.551758 1310162774.394009
0.898438 0.679688 -0.426758 1310162774.414997
1.003906 0.517578 -0.520508 1310162774.439003
1.011719 0.756836 -0.631836 1310162774.464998
1.011719 0.756836 -0.631836 1310162774.508956
0.880859 0.835938 -0.414062 1310162774.550961
0.839844 0.585938 -0.446289 1310162774.573005
0.872070 0.570312 -0.238281 1310162774.614990
0.697266 0.836914 -0.303711 1310162774.638012
0.672852 0.738281 -0.223633 1310162774.659004
0.815430 0.761719 -0.473633 1310162774.707016
0.760742 0.757812 -0.246094 1310162774.729011
0.736328 0.773438 -0.203125 1310162774.775015
0.674805 0.921875 -0.051758 1310162774.796015
0.631836 0.752930 0.042969 1310162774.840011
0.485352 0.620117 0.116211 1310162774.862967
0.541016 0.648438 0.292969 1310162774.885004
0.558594 0.478516 0.165039 1310162774.920931
0.596680 0.656250 0.174805 1310162774.971004
0.577148 0.650391 0.168945 1310162774.994032
0.628906 0.684570 0.153320 1310162775.038023
0.584961 0.859375 0.212891 1310162775.041011
0.602539 0.762695 0.218750 1310162775.094017
0.521484 0.786133 0.239258 1310162775.120018
0.425781 0.793945 0.373047 1310162775.146006
0.436523 0.651367 0.424805 1310162775.189021
0.447266 0.526367 0.362305 1310162775.211012
0.697266 0.526367 0.362305 1310162775.255042
0.329102 0.445312 0.393555 1310162775.279011
0.116211 0.537109 0.482422 1310162775.323936
0.006836 0.404297 0.553711 1310162775.344925
0.086914 0.447266 0.566406 1310162775.369027
0.155273 0.595703 0.428711 1310162775.416026
0.155273 0.595703 0.428711 1310162775.468965
0.204102 0.625977 0.367188 1310162775.493004
0.185547 0.641602 0.409180 1310162775.512951
0.097656 0.682617 0.108398 1310162775.545022
0.156250 0.683594 0.377930 1310162775.566032
0.036133 0.521484 0.339844 1310162775.609023
0.068359 0.641602 0.424805 1310162775.651030
0.237305 0.628906 0.508789 1310162775.674019
0.353516 0.475586 0.490234 1310162775.695935
0.431641 0.352539 0.567383 1310162775.740018
0.486328 0.273438 0.378906 1310162775.765025
0.547852 0.365234 0.366211 1310162775.788928
0.544922 0.548828 0.210938 1310162775.835003
0.764648 0.593750 0.435547 1310162775.861015
0.677734 0.799805 0.497070 1310162775.894023
0.466797 0.470703 0.218750 1310162775.938035
0.322266 0.490234 0.307617 1310162775.959973
0.448242 0.664062 0.480469 1310162775.980988
0.339844 0.735352 0.286133 1310162776.026029
0.412109 1.080078 0.151367 1310162776.050969
0.431641 0.587891 0.101562 1310162776.096046
0.577148 0.766602 0.173828 1310162776.118551
0.684570 0.891602 0.197266 1310162776.164029
0.827148 0.891602 0.197266 1310162776.187995
0.777344 0.468750 -0.380859 1310162776.211022
0.745117 0.949219 -0.306641 1310162776.254995
0.686523 0.742188 -0.250977 1310162776.297914
0.857422 0.880859 -0.278320 1310162776.318909
0.772461 0.902344 -0.246094 1310162776.340962
0.906250 0.756836 -0.282227 1310162776.364031
0.949219 1.006836 -0.219727 1310162776.407954
0.880859 1.006836 -0.219727 1310162776.448954
1.143555 0.837891 -0.150391 1310162776.479963
1.409180 0.824219 -0.198242 1310162776.504024
1.330078 -0.096680 -0.174805 1310162776.525040
1.315430 -0.695312 -0.240234 1310162776.569048
0.854492 -0.346680 -0.240234 1310162776.592046
0.675781 -0.104492 -0.172852 1310162776.640980
0.514648 0.107422 -0.068359 1310162776.684992
0.520508 0.188477 -0.227539 1310162776.707054
0.519531 0.121094 -0.367188 1310162776.774016
0.413086 -0.027344 -0.367188 1310162776.776044
0.413086 0.134766 -0.196289 1310162776.794983
0.510742 0.166016 -0.216797 1310162776.838065
0.519531 0.455078 -0.251953 1310162776.860038
0.680664 0.486328 -0.050781 1310162776.884016
0.916016 0.535156 -0.050781 1310162776.928946
0.995117 0.464844 0.040039 1310162776.950000
0.910156 0.418945 0.025391 1310162776.996057
0.916016 0.550781 0.076172 1310162777.019046
0.883789 0.443359 0.163086 1310162777.063997
0.878906 0.275391 0.073242 1310162777.086008
0.946289 0.384766 0.086914 1310162777.129090
0.896484 0.348633 0.099609 1310162777.150995
0.811523 0.323242 0.066406 1310162777.193988
0.775391 0.390625 0.032227 1310162777.216029
0.811523 0.346680 0.147461 1310162777.254935
0.845703 0.291016 0.097656 1310162777.278986
0.845703 0.291016 0.097656 1310162777.306057
0.855469 0.361328 0.105469 1310162777.340987
0.833984 0.339844 0.071289 1310162777.389053
0.858398 0.404297 -0.017578 1310162777.410023
0.772461 0.306641 0.001953 1310162777.455971
0.817383 0.206055 0.015625 1310162777.478055
0.818359 0.206055 0.015625 1310162777.499047
0.780273 0.214844 -0.066406 1310162777.543054
0.772461 0.175781 -0.079102 1310162777.586063
0.756836 0.193359 -0.091797 1310162777.609015
0.636719 0.102539 -0.066406 1310162777.633074
0.573242 0.175781 -0.060547 1310162777.655046
0.667969 0.675781 -0.060547 1310162777.701024
0.803711 0.228516 -0.199219 1310162777.750032
0.997070 0.135742 -0.196289 1310162777.773057
0.889648 0.073242 -0.225586 1310162777.793999
0.948242 0.280273 -0.273438 1310162777.838072
0.909180 0.193359 -0.372070 1310162777.859059
0.947266 0.099609 -0.428711 1310162777.892076
1.207031 -0.150391 -0.428711 1310162777.929056
1.225586 0.939453 -0.040039 1310162777.953065
0.832031 0.019531 -0.899414 1310162778.009075
0.789062 0.386719 -0.078125 1310162778.046999
0.750977 0.953125 -0.262695 1310162778.075025
0.545898 0.241211 -0.250000 1310162778.098059
0.845703 0.765625 -0.250977 1310162778.120067
0.970703 0.537109 -0.622070 1310162778.163993
0.977539 0.639648 -0.336914 1310162778.185028
0.711914 0.655273 -0.408203 1310162778.206129
0.750000 0.655273 -0.408203 1310162778.231028
0.692383 0.832031 -0.392578 1310162778.274992
0.851562 0.987305 -0.351562 1310162778.318948
0.785156 0.792969 -0.310547 1310162778.340033
0.750977 1.025391 -0.188477 1310162778.385026
0.711914 0.880859 -0.147461 1310162778.408084
0.561523 0.792969 0.005859 1310162778.432035
0.475586 0.689453 0.163086 1310162778.476062
0.471680 0.476562 0.302734 1310162778.498082
0.471680 0.477539 0.269531 1310162778.541092
0.515625 0.660156 0.210938 1310162778.565079
0.606445 0.717773 0.147461 1310162778.611076
0.617188 0.887695 0.065430 1310162778.634044
0.623047 0.846680 0.152344 1310162778.678968
0.513672 0.653320 0.154297 1310162778.701036
0.466797 0.634766 0.146484 1310162778.722967
0.529297 0.638672 0.227539 1310162778.767984
0.441406 0.553711 0.212891 1310162778.789969
0.466797 0.652344 0.237305 1310162778.835014
0.464844 0.677734 0.298828 1310162778.858072
0.468750 0.623047 0.368164 1310162778.902018
0.434570 0.576172 0.327148 1310162778.923083
0.353516 0.646484 0.396484 1310162778.946037
0.339844 0.649414 0.646484 1310162778.979081
0.365234 0.625000 0.477539 1310162779.024072
0.403320 0.586914 0.380859 1310162779.068081
0.467773 0.507812 0.216797 1310162779.081079
0.538086 0.505859 0.237305 1310162779.124099
0.553711 0.592773 0.248047 1310162779.145081
0.449219 0.673828 0.366211 1310162779.191027
0.460938 0.621094 0.403320 1310162779.218066
0.436523 0.583984 0.393555 1310162779.240099
0.472656 0.506836 0.334961 1310162779.274102
0.425781 0.606445 0.261719 1310162779.318101
0.456055 0.572266 0.358398 1310162779.355044
0.472656 0.572266 0.358398 1310162779.376106
0.402344 0.705078 0.397461 1310162779.409096
0.446289 0.547852 0.270508 1310162779.435104
0.464844 0.545898 0.303711 1310162779.463093
0.549805 0.411133 0.284180 1310162779.496103
0.618164 0.421875 0.409180 1310162779.541091
0.559570 0.697266 0.299805 1310162779.566105
0.500000 0.625000 0.241211 1310162779.593022
0.452148 0.588867 0.266602 1310162779.638110
0.420898 0.725586 0.314453 1310162779.664106
0.423828 0.712891 0.250977 1310162779.700096
0.569336 0.589844 0.185547 1310162779.725101
0.532227 0.568359 0.149414 1310162779.769091
0.494141 0.757812 0.041992 1310162779.813006
0.516602 0.858398 0.021484 1310162779.835078
0.623047 0.832031 -0.034180 1310162779.856095
0.635742 1.066406 0.021484 1310162779.881109
1.027344 0.776367 0.046875 1310162779.923107
0.916992 1.001953 -0.029297 1310162779.969064
0.600586 0.756836 -0.271484 1310162779.990109
0.679688 0.845703 -0.360352 1310162780.013038
0.708984 0.738281 -0.319336 1310162780.055063
0.764648 0.760742 -0.390625 1310162780.078058
0.863281 1.000000 -0.390625 1310162780.108107
0.891602 0.769531 -0.140625 1310162780.137115
0.981445 0.518555 -0.406250 1310162780.183119
1.128906 0.528320 -0.185547 1310162780.226034
1.292969 0.486328 -0.391602 1310162780.249125
1.517578 0.469727 -0.281250 1310162780.294987
1.247070 -0.280273 -0.281250 1310162780.295983
1.004883 -0.346680 -0.031250 1310162780.342051
0.787109 -0.108398 -0.031250 1310162780.376040
0.576172 0.213867 -0.055664 1310162780.399122
0.530273 0.375000 -0.047852 1310162780.434113
0.495117 0.368164 -0.079102 1310162780.478130
0.440430 0.490234 -0.022461 1310162780.500116
0.440430 0.490234 -0.022461 1310162780.523115
0.457031 -0.020508 -0.067383 1310162780.566123
0.541992 -0.109375 -0.072266 1310162780.619121
0.674805 0.097656 -0.099609 1310162780.644062
0.805664 0.228516 -0.156250 1310162780.665120
0.955078 0.294922 -0.228516 1310162780.709120
0.936523 0.349609 -0.196289 1310162780.731052
0.953125 0.439453 -0.117188 1310162780.754120
0.844727 0.442383 0.010742 1310162780.786047
0.845703 0.441406 0.171875 1310162780.853063
0.814453 0.330078 0.095703 1310162780.854031
0.862305 0.434570 0.077148 1310162780.883132
0.944336 0.451172 0.067383 1310162780.930134
0.911133 0.336914 0.144531 1310162780.954112
0.877930 0.298828 0.175781 1310162780.978058
0.847656 0.414062 0.227539 1310162781.021132
0.885742 0.436523 0.227539 1310162781.046130
0.883789 0.357422 0.227539 1310162781.091129
0.922852 0.394531 0.169922 1310162781.114139
0.954102 0.277344 0.167969 1310162781.163136
0.916992 0.304688 0.147461 1310162781.185125
0.917969 0.371094 0.142578 1310162781.206132
