0.915039 0.220703 0.116211 1309541490.173272
0.926758 0.175781 0.132812 1309541490.195309
0.926758 0.175781 0.132812 1309541490.218337
0.921875 0.183594 0.364258 1309541490.267299
0.936523 0.292969 0.506836 1309541490.288335
1.001953 0.394531 0.576172 1309541490.312328
1.073242 0.534180 0.672852 1309541490.359357
1.031250 0.744141 0.618164 1309541490.383347
1.003906 0.740234 0.618164 1309541490.406350
0.874023 0.789062 0.618164 1309541490.452310
0.812500 0.940430 0.550781 1309541490.477342
0.586914 0.742188 0.411133 1309541490.527330
0.391602 0.752930 0.305664 1309541490.548327
0.272461 0.721680 0.156250 1309541490.570321
0.041992 0.687500 0.082031 1309541490.619363
-0.063477 0.643555 -0.075195 1309541490.643367
-0.158203 0.611328 -0.067383 1309541490.685304
-0.293945 0.483398 -0.144531 1309541490.707308
-0.376953 0.414062 -0.119141 1309541490.732356
-0.442383 0.326172 -0.212891 1309541490.770331
-0.518555 0.289062 -0.212891 1309541490.792355
-0.583008 0.189453 -0.277344 1309541490.838337
-0.456055 0.095703 -0.188477 1309541490.882337
0.127930 1.608398 -1.975586 1309541490.903338
0.651367 -1.831055 1.481445 1309541490.948329
-0.961914 -0.929688 -0.268555 1309541490.950323
-0.379883 0.603516 0.056641 1309541491.025340
-0.220703 -0.507812 0.426758 1309541491.052355
-0.136719 -0.058594 0.584961 1309541491.053338
-0.086914 0.045898 0.473633 1309541491.097345
-0.012695 0.208008 0.565430 1309541491.118347
0.123047 0.146484 0.820312 1309541491.162339
0.215820 0.192383 1.026367 1309541491.205348
0.081055 0.267578 1.236328 1309541491.228352
-0.002930 0.494141 1.428711 1309541491.249340
-0.131836 0.555664 1.266602 1309541491.293348
-0.256836 0.830078 1.069336 1309541491.314348
-0.256836 0.830078 1.069336 1309541491.358350
-0.493164 1.098633 0.393555 1309541491.383349
-0.560547 1.000000 0.130859 1309541491.427357
-0.583008 0.796875 -0.087891 1309541491.448348
-0.648438 0.756836 -0.267578 1309541491.470346
-0.664062 0.507812 -0.302734 1309541491.514332
-0.620117 0.465820 -0.369141 1309541491.557396
-0.586914 0.382812 -0.405273 1309541491.579364
-0.387695 0.244141 -0.266602 1309541491.624356
-0.163086 0.063477 0.056641 1309541491.645352
-0.977539 -1.982422 1.976562 1309541491.667350
-1.325195 -0.334961 -0.103516 1309541491.693357
-0.450195 0.090820 -0.103516 1309541491.737355
-0.451172 -0.036133 0.418945 1309541491.780354
-0.284180 -0.144531 0.719727 1309541491.804396
-0.248047 0.023438 0.593750 1309541491.848359
-0.141602 0.061523 0.709961 1309541491.870354
-0.079102 0.017578 0.971680 1309541491.892370
-0.190430 0.036133 1.010742 1309541491.937370
-0.247070 0.084961 1.111328 1309541491.980360
-0.341797 0.178711 1.029297 1309541492.003364
-0.429688 0.318359 0.870117 1309541492.029358
-0.494141 0.511719 0.611328 1309541492.072388
-0.612305 0.656250 0.413086 1309541492.094366
-0.647461 0.798828 0.180664 1309541492.120362
-0.663086 0.679688 -0.078125 1309541492.195364
-0.735352 0.615234 -0.245117 1309541492.199358
-0.795898 0.596680 -0.407227 1309541492.223366
-0.841797 0.483398 -0.466797 1309541492.259361
-0.774414 0.483398 -0.466797 1309541492.312387
-0.632812 0.510742 -0.332031 1309541492.339365
-0.344727 0.235352 -0.040039 1309541492.362361
0.055664 1.011719 -0.515625 1309541492.384368
0.824219 -1.983398 1.680664 1309541492.405360
-1.071289 -0.924805 -0.080078 1309541492.448340
-0.387695 0.602539 0.419922 1309541492.471362
-0.414062 -0.186523 0.627930 1309541492.518369
-0.332031 0.044922 0.771484 1309541492.539359
-0.231445 -0.091797 0.726562 1309541492.583367
-0.233398 -0.030273 0.855469 1309541492.610368
-0.263672 -0.080078 1.029297 1309541492.633371
-0.440430 -0.020508 0.956055 1309541492.677373
-0.401367 -0.008789 0.864258 1309541492.720368
-0.524414 0.156250 0.687500 1309541492.743383
-0.555664 0.159180 0.462891 1309541492.764393
-0.714844 0.393555 0.192383 1309541492.808374
-0.750977 0.470703 -0.022461 1309541492.830372
-0.762695 0.513672 -0.284180 1309541492.874374
-0.811523 0.552734 -0.384766 1309541492.895378
-0.848633 0.480469 -0.388672 1309541492.938364
-0.902344 0.482422 -0.462891 1309541492.960397
-0.837891 0.445312 -0.419922 1309541493.003378
-0.747070 0.322266 -0.419922 1309541493.026381
-0.341797 0.303711 0.083984 1309541493.074383
1.775391 1.338867 1.986328 1309541493.097381
-1.342773 0.027344 1.330078 1309541493.118381
-0.620117 -0.222656 -0.203125 1309541493.165382
-0.352539 0.574219 0.580078 1309541493.189381
-0.336914 -0.201172 0.809570 1309541493.217387
-0.375000 0.087891 0.691406 1309541493.259385
-0.236328 -0.025391 0.742188 1309541493.280368
-0.208984 -0.038086 1.057617 1309541493.323384
-0.362305 -0.074219 1.022461 1309541493.347388
-0.389648 0.017578 0.895508 1309541493.394386
-0.389648 0.017578 0.895508 1309541493.415384
-0.573242 0.329102 0.492188 1309541493.470390
-0.707031 0.398438 0.174805 1309541493.482398
-0.763672 0.451172 0.040039 1309541493.514385
-0.829102 0.388672 -0.128906 1309541493.537394
-0.834961 0.386719 -0.272461 1309541493.584396
-0.809570 0.329102 -0.382812 1309541493.622386
-0.882812 0.294922 -0.388672 1309541493.643419
-0.901367 0.401367 -0.537109 1309541493.687390
-0.850586 0.360352 -0.475586 1309541493.710399
-0.536133 0.301758 -0.175781 1309541493.745391
-0.253906 0.191406 0.114258 1309541493.767395
0.338867 -1.620117 1.982422 1309541493.813399
-1.583008 0.380859 0.319336 1309541493.834393
-0.493164 -0.151367 -0.071289 1309541493.863398
-0.314453 -0.042969 0.556641 1309541493.905394
-0.274414 0.068359 0.750000 1309541493.928395
-0.334961 0.106445 0.573242 1309541493.969392
-0.180664 -0.013672 0.479492 1309541493.995409
-0.123047 -0.013672 0.479492 1309541494.037399
-0.123047 -0.013672 0.479492 1309541494.059397
0.121094 0.057617 0.466797 1309541494.087396
0.054688 -0.062500 0.422852 1309541494.134401
0.177734 0.290039 0.576172 1309541494.155400
0.237305 0.310547 0.326172 1309541494.181401
0.344727 0.246094 0.432617 1309541494.243407
0.555664 0.348633 0.530273 1309541494.260406
0.703125 0.446289 0.416992 1309541494.287415
0.854492 0.446289 0.282227 1309541494.330366
1.106445 0.446289 0.282227 1309541494.332424
1.308594 0.496094 0.278320 1309541494.394409
1.396484 0.562500 0.153320 1309541494.415406
1.347656 0.712891 0.105469 1309541494.437407
1.217773 0.642578 0.180664 1309541494.484409
1.038086 0.431641 0.134766 1309541494.529408
0.982422 0.360352 0.064453 1309541494.530381
