0.950195 0.051758 0.026367 1309546773.249110
0.952148 -0.013672 0.025391 1309546773.290093
0.924805 -0.041992 0.032227 1309546773.312091
0.932617 -0.103516 0.044922 1309546773.314090
0.866211 -0.103516 0.044922 1309546773.335087
0.860352 -0.169922 0.131836 1309546773.380097
0.780273 -0.604492 0.106445 1309546773.405098
0.819336 -0.464844 0.026367 1309546773.449091
0.402344 0.049805 0.578125 1309546773.477096
0.997070 0.662109 0.865234 1309546773.509099
1.986328 1.734375 1.865234 1309546773.530099
1.663086 1.882812 1.794922 1309546773.574095
1.985352 1.730469 1.680664 1309546773.619097
1.990234 1.733398 1.277344 1309546773.641095
1.984375 1.257812 0.994141 1309546773.665083
1.985352 1.089844 0.657227 1309546773.688100
1.875000 0.753906 0.308594 1309546773.731072
1.652344 0.392578 0.167969 1309546773.776098
1.937500 0.061523 0.193359 1309546773.792098
1.818359 -0.066406 -0.221680 1309546773.840102
1.981445 -0.137695 -0.047852 1309546773.879103
1.981445 -0.137695 -0.047852 1309546773.880095
1.510742 -0.644531 -0.566406 1309546773.930123
1.647461 -0.800781 -0.215820 1309546773.951115
1.464844 -0.952148 -0.157227 1309546773.994107
0.635742 -1.767578 -0.419922 1309546774.039105
-0.158203 -1.983398 -0.150391 1309546774.040113
-1.270508 -1.982422 -0.128906 1309546774.116108
-1.453125 -1.982422 -0.280273 1309546774.117104
-1.700195 -1.981445 -0.457031 1309546774.162117
-1.407227 -1.982422 -0.404297 1309546774.200109
-0.466797 -1.563477 -0.449219 1309546774.221086
1.366211 -0.406250 -0.448242 1309546774.244117
1.981445 -0.142578 -0.197266 1309546774.286113
1.970703 0.080078 -0.190430 1309546774.311111
1.983398 0.349609 -0.422852 1309546774.356106
1.984375 0.381836 -0.125000 1309546774.379110
1.983398 0.363281 -0.220703 1309546774.421091
1.982422 0.362305 -0.220703 1309546774.448118
1.913086 0.396484 -0.114258 1309546774.484116
1.810547 0.693359 0.659180 1309546774.506110
1.491211 0.369141 0.798828 1309546774.572118
1.980469 -0.051758 1.353516 1309546774.574116
1.977539 -0.368164 1.600586 1309546774.594108
1.980469 0.605469 1.990234 1309546774.637110
1.858398 0.231445 1.989258 1309546774.664122
1.978516 -1.017578 1.996094 1309546774.707126
1.982422 -0.091797 1.983398 1309546774.730121
1.984375 0.767578 1.757812 1309546774.774121
1.983398 0.486328 1.457031 1309546774.796122
1.483398 0.486328 1.457031 1309546774.819117
1.271484 0.591797 1.457031 1309546774.859121
1.981445 0.355469 -0.171875 1309546774.905130
1.979492 0.292969 -0.035156 1309546774.939125
1.985352 0.240234 -0.067383 1309546774.961099
1.980469 0.112305 -0.049805 1309546774.984129
1.980469 -0.068359 -0.209961 1309546775.012127
1.979492 0.135742 -0.293945 1309546775.056124
1.980469 0.332031 -0.135742 1309546775.100126
1.611328 -0.289062 -0.291992 1309546775.122128
0.417969 -1.764648 -0.684570 1309546775.165125
-0.557617 -1.983398 -0.650391 1309546775.167127
-0.557617 -1.983398 -0.650391 1309546775.201133
-0.284180 -1.984375 0.274414 1309546775.249134
-0.488281 -1.982422 -0.609375 1309546775.272126
0.107422 -1.984375 -0.507812 1309546775.316131
0.715820 -1.351562 -0.259766 1309546775.339128
1.254883 -0.325195 -0.299805 1309546775.385134
1.874023 0.234375 -0.480469 1309546775.407132
1.973633 0.267578 -0.224609 1309546775.455134
1.860352 0.289062 -0.235352 1309546775.475131
1.979492 0.296875 -0.319336 1309546775.499134
1.982422 0.330078 -0.290039 1309546775.541098
1.980469 0.156250 -0.170898 1309546775.564141
1.884766 0.201172 -0.293945 1309546775.609135
1.980469 0.416992 0.192383 1309546775.630139
1.920898 0.597656 0.541992 1309546775.675138
1.982422 0.135742 1.354492 1309546775.696147
1.980469 0.661133 1.452148 1309546775.759133
1.984375 0.761719 1.990234 1309546775.760130
1.986328 0.734375 1.988281 1309546775.855166
1.985352 0.985352 1.987305 1309546775.871143
1.983398 0.249023 1.991211 1309546775.874136
1.983398 0.904297 1.977539 1309546775.910138
1.979492 0.880859 1.326172 1309546775.931137
1.979492 0.880859 1.326172 1309546775.954149
1.467773 0.445312 0.265625 1309546775.986155
1.979492 0.509766 -0.005859 1309546776.029144
1.981445 0.394531 0.003906 1309546776.064143
1.981445 0.300781 0.022461 1309546776.100144
1.980469 0.138672 -0.113281 1309546776.111148
1.982422 -0.217773 -0.141602 1309546776.157148
1.975586 -0.095703 -0.367188 1309546776.180145
1.980469 0.199219 -0.336914 1309546776.224156
1.756836 -0.255859 0.033203 1309546776.247144
0.632812 -1.853516 -0.413086 1309546776.289159
-0.400391 -1.983398 -0.732422 1309546776.310154
-0.987305 -1.983398 -0.545898 1309546776.332151
-1.228516 -1.983398 -0.136719 1309546776.380147
-0.847656 -1.982422 -1.306641 1309546776.429152
-0.231445 -1.980469 -0.740234 1309546776.430151
0.511719 -1.439453 -0.558594 1309546776.475151
1.337891 -0.414062 -0.377930 1309546776.498155
1.881836 0.181641 -0.266602 1309546776.560150
1.983398 0.201172 -0.200195 1309546776.582138
1.980469 0.388672 -0.240234 1309546776.603156
1.979492 0.441406 -0.330078 1309546776.647157
1.981445 0.339844 -0.369141 1309546776.668162
1.978516 0.089844 -0.369141 1309546776.690163
1.983398 0.099609 -0.092773 1309546776.745160
1.964844 0.791992 0.193359 1309546776.767160
1.752930 0.325195 0.602539 1309546776.792151
1.985352 1.159180 1.216797 1309546776.833160
1.981445 0.154297 1.351562 1309546776.855157
1.986328 0.154297 1.351562 1309546776.900160
1.983398 0.910156 1.990234 1309546776.923129
1.981445 0.997070 1.990234 1309546776.966171
1.976562 -0.922852 1.989258 1309546776.988166
1.985352 1.002930 1.990234 1309546777.022163
1.982422 1.030273 1.522461 1309546777.040164
1.982422 0.346680 1.061523 1309546777.081166
1.620117 0.354492 0.309570 1309546777.147167
1.720703 0.446289 0.026367 1309546777.185179
1.983398 0.400391 -0.036133 1309546777.186167
1.977539 0.513672 -0.011719 1309546777.233165
1.979492 0.138672 -0.128906 1309546777.236188
1.979492 0.138672 -0.128906 1309546777.279176
1.982422 -0.082031 -0.356445 1309546777.323184
1.981445 0.335938 -0.561523 1309546777.346171
1.981445 -0.012695 -0.419922 1309546777.367168
1.196289 -1.102539 -0.607422 1309546777.410173
0.257812 -1.853516 -1.000000 1309546777.455177
-0.653320 -1.984375 -1.982422 1309546777.476171
-1.278320 -1.984375 -0.967773 1309546777.521170
-1.107422 -1.984375 -0.387695 1309546777.543184
-0.093750 -1.984375 -1.127930 1309546777.571181
0.926758 -1.581055 -0.314453 1309546777.592168
1.408203 -0.173828 -0.314453 1309546777.635176
1.826172 0.159180 -0.310547 1309546777.660173
1.852539 0.435547 -0.456055 1309546777.717179
1.877930 0.448242 -0.229492 1309546777.718176
1.984375 0.332031 -0.190430 1309546777.762182
1.977539 0.396484 -0.309570 1309546777.812159
1.980469 0.531250 -0.340820 1309546777.814172
1.846680 0.371094 -0.134766 1309546777.882186
1.709961 0.238281 -0.209961 1309546777.883177
1.986328 0.869141 0.624023 1309546777.947185
1.980469 0.644531 0.512695 1309546777.948180
1.980469 0.635742 1.023438 1309546777.992181
1.980469 0.635742 1.023438 1309546778.016194
1.991211 1.496094 1.990234 1309546778.060182
1.986328 1.900391 1.989258 1309546778.083188
1.977539 -0.922852 1.990234 1309546778.107187
1.983398 0.838867 1.990234 1309546778.156182
1.987305 1.443359 1.654297 1309546778.180183
1.983398 0.484375 1.154297 1309546778.223176
1.518555 0.486328 1.154297 1309546778.248187
1.980469 0.421875 -0.035156 1309546778.270184
1.981445 0.484375 -0.074219 1309546778.313192
1.985352 0.481445 0.065430 1309546778.336192
1.983398 0.234375 -0.111328 1309546778.365193
1.980469 0.052734 -0.276367 1309546778.443193
1.981445 -0.012695 -0.448242 1309546778.445187
1.981445 0.174805 -0.804688 1309546778.467192
1.777344 -0.716797 -0.707031 1309546778.511194
0.575195 -1.890625 -1.333984 1309546778.533193
-0.700195 -1.984375 -1.825195 1309546778.555192
-1.115234 -1.984375 -1.604492 1309546778.597192
-0.969727 -1.984375 -1.604492 1309546778.620192
-0.719727 -1.984375 -1.604492 1309546778.662210
0.569336 -1.783203 -0.625000 1309546778.706216
1.468750 -0.312500 -0.076172 1309546778.727199
1.734375 0.187500 -0.076172 1309546778.749306
1.525391 0.143555 -0.428711 1309546778.795199
1.920898 0.235352 -0.241211 1309546778.817191
1.982422 0.441406 0.027344 1309546778.856219
1.682617 0.368164 -0.190430 1309546778.891209
1.673828 0.309570 -0.261719 1309546778.921200
1.752930 0.309570 -0.261719 1309546778.963199
1.369141 0.806641 -0.261719 1309546778.991206
1.041016 0.552734 0.770508 1309546779.026207
1.974609 0.951172 1.286133 1309546779.047197
1.983398 -0.072266 1.355469 1309546779.091209
1.979492 -0.031250 1.637695 1309546779.113202
1.980469 -0.035156 1.983398 1309546779.151206
1.306641 0.021484 1.983398 1309546779.188206
0.886719 -0.330078 1.425781 1309546779.220203
0.688477 0.167969 1.058594 1309546779.262187
0.731445 0.468750 0.792969 1309546779.307219
0.668945 -0.090820 0.335938 1309546779.308206
0.664062 -0.123047 0.034180 1309546779.335208
0.931641 -0.237305 -0.248047 1309546779.378212
1.057617 -0.223633 -0.313477 1309546779.423195
1.041016 -0.158203 -0.311523 1309546779.446194
1.015625 -0.311523 -0.276367 1309546779.468213
0.888672 -0.292969 -0.177734 1309546779.492197
0.850586 -0.166016 -0.003906 1309546779.536191
0.918945 -0.023438 0.024414 1309546779.560205
1.052734 0.222656 0.012695 1309546779.605212
1.076172 0.041016 0.085938 1309546779.626217
