0.899414 -0.015625 0.145508 1309548053.392991
0.933594 -0.128906 0.182617 1309548053.415993
0.933594 -0.171875 0.220703 1309548053.457999
0.939453 -0.131836 0.296875 1309548053.480999
0.862305 -0.048828 0.483398 1309548053.525997
0.918945 -0.048828 0.483398 1309548053.545995
1.044922 0.148438 0.755859 1309548053.591991
1.116211 0.285156 0.836914 1309548053.610979
1.172852 0.470703 0.903320 1309548053.653997
1.247070 0.570312 0.916992 1309548053.678011
1.367188 0.606445 0.847656 1309548053.716000
1.426758 0.606445 0.847656 1309548053.736076
1.451172 0.789062 0.689453 1309548053.781001
1.524414 0.716797 0.625000 1309548053.802004
1.380859 0.810547 0.538086 1309548053.848005
1.303711 0.805664 0.478516 1309548053.878985
1.245117 0.632812 0.297852 1309548053.903989
1.026367 0.666016 0.256836 1309548053.948000
0.842773 0.682617 0.156250 1309548053.982007
0.733398 0.433594 0.051758 1309548054.004006
0.439453 0.413086 0.004883 1309548054.049006
0.278320 0.346680 -0.020508 1309548054.072003
0.155273 0.389648 -0.009766 1309548054.094009
0.155273 0.389648 -0.009766 1309548054.118008
-0.129883 -0.396484 -0.287109 1309548054.154004
-0.321289 -0.578125 -0.385742 1309548054.209008
-0.196289 -0.877930 -0.375977 1309548054.253011
-0.366211 -1.221680 -0.611328 1309548054.254007
-0.445312 -1.289062 -0.669922 1309548054.308019
-0.444336 -1.326172 -0.600586 1309548054.421014
-0.512695 -1.324219 -0.639648 1309548054.459016
-0.437500 -1.197266 -0.576172 1309548054.462018
-0.466797 -0.986328 -0.458984 1309548054.463009
-0.442383 -0.784180 -0.333008 1309548054.464009
-0.334961 -0.784180 -0.333008 1309548054.485996
-0.263672 -0.361328 -0.182617 1309548054.521015
-0.157227 -0.184570 -0.054688 1309548054.542016
-0.055664 0.011719 0.010742 1309548054.586019
0.097656 0.173828 0.096680 1309548054.609016
0.281250 0.258789 0.119141 1309548054.658015
0.307617 0.275391 0.117188 1309548054.683024
0.307617 0.275391 0.117188 1309548054.706018
0.916992 0.508789 0.217773 1309548054.751010
1.123047 0.402344 0.400391 1309548054.773014
1.147461 0.344727 0.421875 1309548054.817015
1.370117 0.653320 0.416016 1309548054.842025
1.572266 0.653320 0.416016 1309548054.864024
1.519531 1.173828 0.684570 1309548054.902028
1.601562 0.392578 0.346680 1309548054.927034
1.599609 1.031250 0.615234 1309548054.971024
1.565430 0.854492 0.709961 1309548055.014021
1.346680 1.692383 1.112305 1309548055.036021
1.111328 1.704102 1.256836 1309548055.061047
1.140625 1.937500 1.343750 1309548055.103026
1.272461 1.732422 1.198242 1309548055.127034
1.425781 1.522461 1.103516 1309548055.161027
1.676758 1.310547 1.037109 1309548055.206031
1.900391 1.177734 0.910156 1309548055.218027
1.928711 1.119141 0.798828 1309548055.261027
1.982422 0.894531 0.666992 1309548055.283034
1.980469 1.030273 0.597656 1309548055.353032
1.863281 0.615234 0.333984 1309548055.356031
1.593750 0.640625 0.290039 1309548055.392034
1.357422 0.487305 0.132812 1309548055.416032
1.199219 0.318359 -0.007812 1309548055.452036
0.808594 0.125977 -0.104492 1309548055.491030
0.571289 0.023438 -0.079102 1309548055.512034
0.397461 -0.117188 -0.278320 1309548055.537035
0.214844 -0.474609 -0.416016 1309548055.643040
-0.049805 -0.474609 -0.416016 1309548055.644034
-0.136719 -1.162109 -0.650391 1309548055.666028
-0.347656 -1.496094 -0.750000 1309548055.707036
-0.363281 -1.690430 -0.775391 1309548055.708033
-0.331055 -1.583008 -0.725586 1309548055.731035
-0.257812 -1.348633 -0.611328 1309548055.774033
-0.327148 -1.098633 -0.611328 1309548055.796040
-0.192383 -0.966797 -0.492188 1309548055.840037
-0.167969 -0.724609 -0.437500 1309548055.881038
0.007812 -0.434570 -0.330078 1309548055.903022
0.148438 -0.192383 -0.141602 1309548055.927048
0.273438 0.091797 -0.004883 1309548055.972046
0.512695 0.334961 0.224609 1309548056.002050
0.861328 0.146484 0.274414 1309548056.028045
1.044922 0.096680 0.210938 1309548056.068065
1.370117 0.157227 0.283203 1309548056.093046
1.364258 0.614258 0.694336 1309548056.136057
1.581055 0.340820 0.439453 1309548056.154049
1.563477 0.898438 0.416992 1309548056.199036
1.698242 0.709961 0.398438 1309548056.223047
1.790039 0.766602 0.655273 1309548056.258053
1.672852 1.330078 0.795898 1309548056.281050
1.436523 0.784180 0.536133 1309548056.324047
1.546875 1.655273 0.536133 1309548056.347045
1.228516 1.786133 0.975586 1309548056.392053
1.063477 1.749023 1.120117 1309548056.436053
1.139648 1.708008 0.956055 1309548056.461049
1.171875 1.531250 0.796875 1309548056.482066
1.384766 1.412109 0.790039 1309548056.527055
1.595703 1.412109 0.790039 1309548056.546258
1.757812 0.959961 0.820312 1309548056.577061
1.889648 0.942383 0.723633 1309548056.608053
1.850586 0.802734 0.712891 1309548056.673058
1.917969 0.785156 0.631836 1309548056.676056
1.746094 0.661133 0.464844 1309548056.718066
1.500000 0.525391 0.464844 1309548056.740057
1.304688 0.292969 0.247070 1309548056.783059
0.981445 0.295898 0.153320 1309548056.808060
0.993164 0.190430 0.018555 1309548056.829058
0.723633 0.175781 -0.059570 1309548056.882065
0.581055 0.105469 -0.104492 1309548056.947069
0.369141 -0.289062 -0.282227 1309548056.991058
-0.020508 -0.808594 -0.539062 1309548056.994054
-0.052734 -1.001953 -0.631836 1309548056.996055
-0.277344 -1.864258 -0.874023 1309548057.041065
-0.291992 -1.757812 -0.783203 1309548057.063084
-0.238281 -1.693359 -0.717773 1309548057.106065
-0.215820 -1.475586 -0.644531 1309548057.131069
-0.188477 -1.143555 -0.480469 1309548057.174061
-0.168945 -0.908203 -0.500000 1309548057.203065
-0.135742 -0.589844 -0.275391 1309548057.231071
-0.074219 -0.402344 -0.216797 1309548057.253068
-0.100586 -0.160156 -0.216797 1309548057.295071
0.107422 -0.026367 0.028320 1309548057.317070
0.279297 0.097656 0.111328 1309548057.361074
0.627930 0.108398 0.105469 1309548057.376069
1.028320 0.273438 0.239258 1309548057.419036
1.359375 0.384766 0.060547 1309548057.458072
1.548828 0.559570 0.091797 1309548057.481078
1.666992 0.973633 0.331055 1309548057.514083
1.581055 0.847656 0.180664 1309548057.556090
1.691406 0.974609 0.413086 1309548057.578070
1.741211 0.925781 0.361328 1309548057.619078
1.663086 1.401367 0.582031 1309548057.642079
1.663086 1.401367 0.582031 1309548057.663076
1.451172 1.644531 0.692383 1309548057.706064
1.223633 1.982422 0.866211 1309548057.731085
1.092773 1.979492 0.948242 1309548057.772076
1.138672 1.980469 0.819336 1309548057.816078
1.328125 1.694336 0.687500 1309548057.838080
1.513672 1.444336 0.687500 1309548057.862081
1.680664 1.283203 0.594727 1309548057.912073
1.788086 1.138672 0.441406 1309548057.936079
1.801758 1.029297 0.435547 1309548057.957078
1.752930 0.990234 0.417969 1309548058.001082
1.654297 0.951172 0.340820 1309548058.026083
1.517578 0.598633 0.189453 1309548058.068077
1.261719 0.791016 0.150391 1309548058.091089
1.253906 0.575195 0.044922 1309548058.133095
1.063477 0.430664 0.001953 1309548058.222094
0.716797 0.257812 -0.051758 1309548058.242093
0.583984 0.232422 -0.083008 1309548058.251086
0.333984 0.232422 -0.083008 1309548058.267083
0.041016 -0.410156 -0.355469 1309548058.282085
-0.073242 -0.989258 -0.451172 1309548058.326088
-0.086914 -1.339844 -0.530273 1309548058.347089
-0.158203 -1.689453 -0.583008 1309548058.389089
-0.127930 -1.687500 -0.583008 1309548058.411092
-0.155273 -1.615234 -0.562500 1309548058.458090
-0.203125 -1.380859 -0.569336 1309548058.503100
-0.156250 -1.170898 -0.451172 1309548058.512091
-0.210938 -1.038086 -0.457031 1309548058.556094
-0.089844 -0.719727 -0.435547 1309548058.577092
0.101562 -0.439453 -0.435547 1309548058.601095
0.245117 -0.152344 -0.180664 1309548058.647092
0.364258 0.088867 0.007812 1309548058.669112
0.784180 0.238281 0.297852 1309548058.712094
1.065430 0.369141 0.213867 1309548058.736098
1.210938 0.707031 0.394531 1309548058.792095
1.210938 0.707031 0.394531 1309548058.793095
1.514648 0.726562 0.427734 1309548058.851099
1.732422 0.852539 0.481445 1309548058.872077
1.668945 0.991211 0.427734 1309548058.916094
1.616211 0.976562 0.288086 1309548058.948102
1.565430 0.955078 0.492188 1309548058.957102
1.626953 0.955078 0.492188 1309548058.982102
1.626953 0.955078 0.492188 1309548059.028100
1.296875 1.566406 0.675781 1309548059.072097
1.176758 1.444336 0.760742 1309548059.094084
1.081055 1.433594 0.846680 1309548059.118110
1.120117 1.499023 0.913086 1309548059.154100
1.204102 1.406250 0.902344 1309548059.176106
1.353516 1.406250 0.902344 1309548059.208112
1.536133 1.165039 0.674805 1309548059.256102
1.655273 1.047852 0.612305 1309548059.301112
1.737305 0.981445 0.600586 1309548059.322108
1.776367 0.869141 0.526367 1309548059.366112
1.761719 0.745117 0.450195 1309548059.422113
1.761719 0.745117 0.450195 1309548059.423106
1.539062 0.739258 0.249023 1309548059.506125
1.446289 0.828125 0.279297 1309548059.527112
1.189453 0.670898 0.126953 1309548059.543107
1.041016 0.452148 0.078125 1309548059.547109
0.935547 0.167969 0.018555 1309548059.588118
0.665039 0.208984 -0.021484 1309548059.627116
0.679688 0.166016 0.002930 1309548059.649113
0.570312 -0.068359 -0.122070 1309548059.672114
0.254883 -0.453125 -0.171875 1309548059.718116
0.004883 -0.453125 -0.171875 1309548059.719096
-0.043945 -1.413086 -0.527344 1309548059.764128
-0.335938 -1.966797 -0.829102 1309548059.809120
-0.232422 -1.719727 -0.713867 1309548059.831114
-0.396484 -1.750000 -0.834961 1309548059.873118
-0.212891 -1.434570 -0.639648 1309548059.897119
-0.259766 -1.133789 -0.639648 1309548059.940120
-0.231445 -0.837891 -0.464844 1309548059.964124
-0.259766 -0.599609 -0.337891 1309548060.014122
-0.280273 -0.415039 -0.200195 1309548060.036123
-0.353516 -0.183594 -0.072266 1309548060.058123
-0.447266 0.091797 0.032227 1309548060.081151
-0.229492 0.321289 0.215820 1309548060.124125
0.014648 0.650391 0.427734 1309548060.148125
0.401367 0.449219 0.495117 1309548060.196125
0.422852 0.060547 0.328125 1309548060.218119
0.574219 0.416016 0.463867 1309548060.253124
0.426758 0.369141 0.531250 1309548060.276120
0.515625 0.549805 0.469727 1309548060.359107
0.567383 0.763672 0.433594 1309548060.361124
0.592773 0.659180 0.423828 1309548060.386129
0.896484 0.778320 0.326172 1309548060.427130
0.972656 0.481445 0.545898 1309548060.452140
1.009766 0.717773 0.545898 1309548060.465145
1.073242 0.467773 0.545898 1309548060.507134
1.024414 0.925781 0.747070 1309548060.536132
1.081055 0.201172 0.599609 1309548060.577135
1.087891 0.169922 0.747070 1309548060.599109
1.152344 0.572266 0.777344 1309548060.643139
1.067383 -0.204102 0.527344 1309548060.665134
1.137695 0.126953 0.755859 1309548060.709134
1.058594 0.368164 0.626953 1309548060.744144
0.869141 -0.154297 0.387695 1309548060.793135
0.948242 0.224609 0.402344 1309548060.812136
1.067383 0.298828 0.511719 1309548060.834136
1.067383 0.298828 0.511719 1309548060.856128
1.047852 -0.023438 0.282227 1309548060.911148
1.026367 -0.165039 0.276367 1309548060.933138
