0.871094 0.253906 0.068359 1309542196.027058
0.926758 0.210938 0.067383 1309542196.062061
0.922852 0.216797 0.082031 1309542196.103000
0.909180 0.189453 0.096680 1309542196.126000
0.929688 0.220703 0.100586 1309542196.173001
0.935547 0.214844 0.075195 1309542196.197030
0.907227 0.198242 0.080078 1309542196.236058
0.920898 0.215820 0.098633 1309542196.257060
0.908203 0.227539 0.091797 1309542196.282059
0.899414 0.226562 0.103516 1309542196.326058
0.898438 0.262695 0.103516 1309542196.350063
0.894531 0.260742 0.065430 1309542196.394060
0.870117 0.284180 0.092773 1309542196.417062
0.869141 0.280273 0.053711 1309542196.459063
0.818359 0.276367 0.057617 1309542196.483066
0.767578 0.276367 0.057617 1309542196.504064
0.703125 0.233398 0.016602 1309542196.593062
0.651367 0.228516 0.006836 1309542196.594062
0.604492 0.253906 0.004883 1309542196.623084
0.670898 0.248047 0.004883 1309542196.638060
0.687500 0.262695 -0.025391 1309542196.682067
0.687500 0.262695 -0.025391 1309542196.712012
0.819336 0.333008 -0.037109 1309542196.744011
0.833984 0.373047 -0.007812 1309542196.787068
0.797852 0.396484 0.021484 1309542196.814069
0.879883 0.475586 0.084961 1309542196.836067
0.885742 0.404297 0.166016 1309542196.857071
0.916992 0.552734 0.196289 1309542196.902017
0.857422 0.576172 0.225586 1309542196.947044
0.849609 0.535156 0.280273 1309542196.968042
0.840820 0.523438 0.321289 1309542197.012051
0.795898 0.676758 0.330078 1309542197.039022
0.754883 0.519531 0.348633 1309542197.062017
0.622070 0.459961 0.348633 1309542197.085056
0.622070 0.459961 0.348633 1309542197.128020
0.576172 0.495117 0.569336 1309542197.166053
0.787109 0.773438 1.279297 1309542197.189078
0.538086 0.074219 0.639648 1309542197.232076
0.507812 0.341797 0.410156 1309542197.255075
0.303711 0.258789 0.352539 1309542197.300080
0.190430 0.343750 0.421875 1309542197.321083
0.223633 0.416992 0.701172 1309542197.364082
0.313477 0.449219 0.739258 1309542197.387082
0.432617 0.473633 0.622070 1309542197.411091
0.511719 0.510742 0.529297 1309542197.448075
0.511719 0.510742 0.529297 1309542197.489081
0.510742 0.367188 0.451172 1309542197.533084
0.481445 0.271484 0.489258 1309542197.556083
0.487305 0.234375 0.554688 1309542197.578082
0.497070 0.252930 0.587891 1309542197.621086
0.487305 0.377930 0.552734 1309542197.643091
0.473633 0.430664 0.552734 1309542197.665030
0.498047 0.388672 0.458008 1309542197.712031
0.517578 0.366211 0.501953 1309542197.754089
0.500000 0.327148 0.531250 1309542197.776489
0.498047 0.326172 0.542969 1309542197.831106
0.515625 0.254883 0.560547 1309542197.880097
0.495117 0.252930 0.560547 1309542197.899048
0.498047 0.298828 0.538086 1309542197.901060
0.499023 0.319336 0.563477 1309542197.932035
0.503906 0.323242 0.536133 1309542197.976077
0.491211 0.276367 0.535156 1309542197.986058
0.477539 0.310547 0.535156 1309542198.031048
0.476562 0.299805 0.550781 1309542198.066114
0.500000 0.338867 0.530273 1309542198.096041
0.502930 0.335938 0.541016 1309542198.119036
0.480469 0.339844 0.534180 1309542198.154070
0.498047 0.341797 0.532227 1309542198.178096
0.487305 0.352539 0.521484 1309542198.227097
0.451172 0.357422 0.541992 1309542198.273096
0.431641 0.370117 0.537109 1309542198.298093
0.390625 0.389648 0.501953 1309542198.321077
0.382812 0.386719 0.571289 1309542198.347100
0.363281 0.376953 0.571289 1309542198.377101
0.353516 0.410156 0.541992 1309542198.419096
0.319336 0.452148 0.543945 1309542198.462104
0.358398 0.503906 0.554688 1309542198.488108
0.358398 0.517578 0.551758 1309542198.511100
0.374023 0.559570 0.505859 1309542198.554100
0.442383 0.559570 0.505859 1309542198.577104
0.530273 0.716797 0.547852 1309542198.628049
0.622070 0.509766 0.375000 1309542198.651048
0.728516 0.486328 0.393555 1309542198.673093
0.811523 0.476562 0.382812 1309542198.721108
0.850586 0.533203 0.401367 1309542198.742102
0.920898 0.449219 0.326172 1309542198.765116
0.997070 0.418945 0.289062 1309542198.809101
1.085938 0.342773 0.184570 1309542198.843052
1.226562 0.320312 0.113281 1309542198.867053
1.281250 0.274414 0.013672 1309542198.913106
1.203125 0.222656 -0.056641 1309542198.936103
1.105469 0.222656 -0.056641 1309542198.958058
0.992188 0.301758 -0.013672 1309542199.008060
0.845703 0.259766 -0.015625 1309542199.029056
0.743164 0.167969 -0.036133 1309542199.078095
0.649414 0.176758 -0.065430 1309542199.100112
0.646484 0.146484 -0.044922 1309542199.167097
0.641602 0.156250 -0.041992 1309542199.188274
0.622070 0.197266 -0.020508 1309542199.189097
0.637695 0.213867 -0.035156 1309542199.218114
0.651367 0.215820 -0.063477 1309542199.262119
0.718750 0.254883 -0.028320 1309542199.284115
0.781250 0.267578 -0.028320 1309542199.307117
0.863281 0.295898 0.022461 1309542199.351120
0.904297 0.302734 -0.012695 1309542199.436122
0.870117 0.300781 0.048828 1309542199.437116
0.854492 0.321289 0.085938 1309542199.459122
0.891602 0.314453 0.094727 1309542199.482121
0.954102 0.298828 0.098633 1309542199.507126
0.987305 0.264648 0.116211 1309542199.542127
0.920898 0.260742 0.162109 1309542199.588070
0.857422 0.247070 0.179688 1309542199.622070
0.850586 0.224609 0.193359 1309542199.632067
0.930664 0.240234 0.181641 1309542199.681113
0.930664 0.240234 0.181641 1309542199.701129
0.957031 0.169922 0.200195 1309542199.746124
0.953125 0.126953 0.193359 1309542199.788130
0.893555 0.185547 0.153320 1309542199.809094
0.934570 0.129883 0.150391 1309542199.833071
0.925781 0.111328 0.149414 1309542199.863071
0.913086 0.111328 0.149414 1309542199.898128
0.905273 0.108398 0.110352 1309542199.946110
0.910156 0.081055 0.130859 1309542199.971077
0.917969 0.073242 0.128906 1309542200.014078
0.933594 0.081055 0.130859 1309542200.039107
0.907227 0.109375 0.105469 1309542200.062116
0.890625 0.103516 0.142578 1309542200.107127
0.945312 0.136719 0.096680 1309542200.128133
0.900391 0.170898 0.095703 1309542200.172135
0.873047 0.179688 0.067383 1309542200.193135
0.841797 0.245117 0.049805 1309542200.218137
0.803711 0.269531 0.018555 1309542200.242141
0.793945 0.327148 0.016602 1309542200.294138
0.776367 0.326172 -0.016602 1309542200.316144
0.741211 0.265625 -0.037109 1309542200.362142
0.675781 0.199219 -0.048828 1309542200.383135
0.613281 0.171875 -0.056641 1309542200.436141
0.663086 0.203125 -0.056641 1309542200.461140
0.798828 0.217773 -0.059570 1309542200.482137
0.850586 0.179688 -0.074219 1309542200.526144
0.874023 0.168945 -0.119141 1309542200.547142
0.967773 0.235352 -0.130859 1309542200.569088
1.086914 0.249023 -0.125000 1309542200.616087
1.126953 0.499023 -0.125000 1309542200.626131
1.140625 0.345703 -0.036133 1309542200.683150
1.254883 0.382812 0.137695 1309542200.707143
1.072266 0.408203 0.212891 1309542200.749149
0.975586 0.652344 0.261719 1309542200.774114
0.917969 0.683594 0.199219 1309542200.796107
0.751953 0.633789 0.201172 1309542200.833102
0.751953 0.633789 0.201172 1309542200.856147
0.531250 0.703125 0.376953 1309542200.902094
0.511719 0.644531 0.525391 1309542200.946109
0.451172 0.660156 1.013672 1309542200.968096
0.328125 0.147461 0.556641 1309542200.990093
0.382812 0.354492 0.479492 1309542201.033127
0.414062 0.400391 0.509766 1309542201.076097
0.354492 0.452148 0.619141 1309542201.098122
0.320312 0.466797 0.619141 1309542201.131155
0.295898 0.427734 0.598633 1309542201.153156
0.298828 0.379883 0.639648 1309542201.176162
0.323242 0.331055 0.599609 1309542201.228157
0.357422 0.355469 0.551758 1309542201.251153
0.380859 0.349609 0.571289 1309542201.294154
0.430664 0.257812 0.541992 1309542201.317158
0.413086 0.271484 0.515625 1309542201.341163
0.416016 0.321289 0.511719 1309542201.374157
0.478516 0.299805 0.589844 1309542201.418156
0.549805 0.318359 0.568359 1309542201.441153
0.536133 0.322266 0.503906 1309542201.476154
0.528320 0.323242 0.510742 1309542201.524109
0.505859 0.326172 0.553711 1309542201.547104
0.507812 0.301758 0.530273 1309542201.571149
0.517578 0.285156 0.513672 1309542201.614161
0.519531 0.308594 0.531250 1309542201.641163
0.521484 0.318359 0.545898 1309542201.768168
0.470703 0.269531 0.579102 1309542201.769166
0.483398 0.291016 0.549805 1309542201.771163
0.510742 0.327148 0.541016 1309542201.791132
0.491211 0.289062 0.541016 1309542201.792110
0.495117 0.305664 0.560547 1309542201.834111
0.516602 0.315430 0.544922 1309542201.877115
0.528320 0.311523 0.530273 1309542201.899112
0.491211 0.347656 0.526367 1309542201.942176
0.491211 0.347656 0.526367 1309542201.967116
0.547852 0.291016 0.511719 1309542202.004120
0.477539 0.319336 0.538086 1309542202.027171
0.499023 0.304688 0.537109 1309542202.052173
0.460938 0.326172 0.539062 1309542202.099177
0.445312 0.318359 0.536133 1309542202.123177
0.448242 0.354492 0.576172 1309542202.147173
0.389648 0.345703 0.557617 1309542202.191174
0.380859 0.337891 0.556641 1309542202.234174
0.375000 0.344727 0.566406 1309542202.257174
0.351562 0.390625 0.568359 1309542202.279143
0.375977 0.424805 0.567383 1309542202.303174
0.360352 0.466797 0.534180 1309542202.358174
0.343750 0.487305 0.503906 1309542202.402177
0.412109 0.541992 0.543945 1309542202.425179
0.371094 0.479492 0.530273 1309542202.448177
0.377930 0.507812 0.474609 1309542202.471160
0.402344 0.532227 0.474609 1309542202.514126
0.465820 0.599609 0.595703 1309542202.550189
0.496094 0.585938 0.373047 1309542202.574180
0.567383 0.514648 0.439453 1309542202.599159
0.721680 0.535156 0.437500 1309542202.643182
0.709961 0.458984 0.333008 1309542202.686185
0.734375 0.478516 0.338867 1309542202.707148
0.784180 0.498047 0.258789 1309542202.734128
0.859375 0.523438 0.246094 1309542202.778193
0.915039 0.471680 0.202148 1309542202.800203
1.216797 0.494141 0.208984 1309542202.842132
1.353516 0.252930 0.191406 1309542202.863130
1.309570 0.196289 0.034180 1309542202.885133
1.217773 0.112305 -0.072266 1309542202.930137
1.065430 0.112305 -0.072266 1309542202.964150
0.942383 0.136719 -0.146484 1309542203.031193
0.840820 0.206055 -0.109375 1309542203.032190
0.780273 0.125000 -0.106445 1309542203.052192
0.751953 0.116211 -0.122070 1309542203.096195
0.690430 0.126953 -0.093750 1309542203.142195
0.645508 0.194336 -0.131836 1309542203.163196
0.680664 0.161133 -0.106445 1309542203.186194
0.738281 0.195312 -0.095703 1309542203.228195
0.745117 0.200195 -0.068359 1309542203.249194
0.784180 0.246094 -0.025391 1309542203.272192
0.828125 0.250977 -0.025391 1309542203.316182
0.843750 0.258789 0.005859 1309542203.344198
0.910156 0.284180 0.037109 1309542203.381201
0.866211 0.261719 0.046875 1309542203.425204
0.894531 0.254883 0.093750 1309542203.447195
0.923828 0.277344 0.094727 1309542203.490143
0.921875 0.289062 0.098633 1309542203.512181
0.977539 0.242188 0.109375 1309542203.534195
0.917969 0.234375 0.137695 1309542203.582209
0.870117 0.225586 0.163086 1309542203.603199
0.883789 0.251953 0.137695 1309542203.625202
0.940430 0.173828 0.153320 1309542203.669146
0.973633 0.156250 0.162109 1309542203.719202
0.960938 0.150391 0.123047 1309542203.740206
0.938477 0.152344 0.144531 1309542203.765210
0.900391 0.109375 0.136719 1309542203.808151
0.910156 0.131836 0.118164 1309542203.830150
0.919922 0.148438 0.090820 1309542203.854184
0.912109 0.111328 0.086914 1309542203.900151
0.876953 0.139648 0.124023 1309542203.942209
0.911133 0.135742 0.101562 1309542203.964185
0.834961 0.158203 0.085938 1309542204.008154
0.885742 0.164062 0.085938 1309542204.010153
0.889648 0.152344 0.091797 1309542204.052162
0.887695 0.154297 0.088867 1309542204.097210
0.901367 0.205078 0.101562 1309542204.119181
0.900391 0.227539 0.096680 1309542204.163216
0.911133 0.236328 0.092773 1309542204.187213
0.883789 0.271484 0.090820 1309542204.229212
0.861328 0.292969 0.107422 1309542204.251212
0.848633 0.343750 0.107422 1309542204.320214
0.827148 0.324219 0.049805 1309542204.344218
0.806641 0.273438 0.071289 1309542204.355217
0.749023 0.250000 0.036133 1309542204.368221
0.707031 0.245117 0.041016 1309542204.407193
0.740234 0.233398 0.017578 1309542204.450165
0.817383 0.193359 -0.041016 1309542204.474195
0.797852 0.185547 -0.047852 1309542204.519196
0.868164 0.162109 -0.038086 1309542204.540224
0.866211 0.169922 -0.038086 1309542204.585221
0.794922 0.164062 -0.067383 1309542204.608228
0.783203 0.220703 -0.034180 1309542204.632190
0.782227 0.255859 0.003906 1309542204.667166
0.830078 0.236328 0.036133 1309542204.699181
0.906250 0.302734 0.064453 1309542204.742193
0.902344 0.256836 0.064453 1309542204.763168
0.911133 0.333984 0.102539 1309542204.807176
0.971680 0.679688 0.134766 1309542204.828169
0.950195 0.778320 0.036133 1309542204.870221
0.944336 0.710938 0.100586 1309542204.893194
0.921875 0.735352 0.182617 1309542204.938191
0.826172 0.755859 0.195312 1309542204.949232
0.743164 0.759766 0.223633 1309542204.992226
0.703125 0.773438 0.223633 1309542205.037228
0.625977 0.873047 0.529297 1309542205.063234
0.506836 0.611328 0.877930 1309542205.085229
0.514648 0.147461 0.598633 1309542205.105236
0.428711 0.286133 0.385742 1309542205.149229
0.319336 0.349609 0.448242 1309542205.193231
0.284180 0.376953 0.562500 1309542205.215225
0.263672 0.354492 0.673828 1309542205.260239
0.289062 0.327148 0.681641 1309542205.282234
0.345703 0.358398 0.574219 1309542205.304238
0.388672 0.429688 0.540039 1309542205.347238
0.449219 0.431641 0.494141 1309542205.392182
0.444336 0.295898 0.471680 1309542205.413181
0.467773 0.287109 0.471680 1309542205.455190
0.510742 0.240234 0.534180 1309542205.477234
0.551758 0.272461 0.534180 1309542205.498238
0.537109 0.326172 0.573242 1309542205.542240
0.540039 0.322266 0.509766 1309542205.608238
0.517578 0.302734 0.496094 1309542205.609239
0.536133 0.285156 0.506836 1309542205.629206
0.534180 0.266602 0.516602 1309542205.672186
0.559570 0.241211 0.515625 1309542205.715188
0.521484 0.241211 0.515625 1309542205.717186
0.512695 0.276367 0.532227 1309542205.762240
0.534180 0.325195 0.500000 1309542205.807189
0.514648 0.308594 0.556641 1309542205.830188
0.519531 0.291016 0.542969 1309542205.853239
0.519531 0.291016 0.542969 1309542205.897244
0.522461 0.316406 0.546875 1309542205.934244
0.541992 0.304688 0.530273 1309542205.957223
0.485352 0.291992 0.519531 1309542205.999226
0.520508 0.319336 0.552734 1309542206.023247
0.526367 0.326172 0.522461 1309542206.044247
0.526367 0.326172 0.522461 1309542206.088255
0.504883 0.308594 0.527344 1309542206.132251
0.490234 0.318359 0.545898 1309542206.153254
0.500977 0.300781 0.518555 1309542206.175248
0.512695 0.310547 0.521484 1309542206.218250
0.467773 0.333008 0.530273 1309542206.239224
0.464844 0.349609 0.528320 1309542206.283250
0.432617 0.369141 0.543945 1309542206.327222
0.442383 0.354492 0.531250 1309542206.348199
0.425781 0.367188 0.525391 1309542206.390234
0.393555 0.410156 0.525391 1309542206.412200
0.416016 0.420898 0.541992 1309542206.434199
0.482422 0.445312 0.536133 1309542206.477255
0.425781 0.451172 0.555664 1309542206.500260
0.350586 0.458984 0.506836 1309542206.550270
0.392578 0.521484 0.472656 1309542206.572225
0.424805 0.718750 0.515625 1309542206.614247
0.469727 0.653320 0.492188 1309542206.637234
0.574219 0.546875 0.437500 1309542206.679224
0.723633 0.458984 0.428711 1309542206.702207
0.779297 0.373047 0.399414 1309542206.724206
0.893555 0.501953 0.366211 1309542206.769208
0.967773 0.493164 0.348633 1309542206.790220
1.024414 0.390625 0.098633 1309542206.815266
1.125000 0.410156 0.211914 1309542206.892266
1.246094 0.360352 0.179688 1309542206.910265
1.201172 0.220703 0.110352 1309542206.933252
1.096680 0.029297 -0.041016 1309542206.954235
1.030273 0.184570 -0.118164 1309542206.997210
1.030273 0.184570 -0.118164 1309542207.019248
0.780273 0.184570 -0.118164 1309542207.043356
0.780273 0.184570 -0.118164 1309542207.087277
0.761719 0.077148 -0.089844 1309542207.130269
0.735352 0.108398 -0.098633 1309542207.153269
0.715820 0.164062 -0.117188 1309542207.176272
0.732422 0.159180 -0.093750 1309542207.218265
0.740234 0.125000 -0.076172 1309542207.262273
0.752930 0.165039 -0.054688 1309542207.284278
0.780273 0.179688 -0.082031 1309542207.328217
0.783203 0.218750 -0.038086 1309542207.352219
0.875000 0.214844 -0.017578 1309542207.373248
0.858398 0.257812 0.001953 1309542207.417253
0.860352 0.267578 0.030273 1309542207.440276
0.898438 0.247070 0.066406 1309542207.484287
0.875000 0.279297 0.094727 1309542207.505278
0.926758 0.280273 0.071289 1309542207.552223
0.933594 0.320312 0.118164 1309542207.577223
0.916992 0.234375 0.138672 1309542207.617285
0.949219 0.215820 0.082031 1309542207.640287
0.924805 0.215820 0.123047 1309542207.678217
0.913086 0.195312 0.127930 1309542207.699226
0.930664 0.183594 0.121094 1309542207.723257
0.925781 0.177734 0.107422 1309542207.768226
0.923828 0.162109 0.107422 1309542207.790281
0.919922 0.162109 0.139648 1309542207.834281
0.906250 0.174805 0.135742 1309542207.857282
0.901367 0.164062 0.095703 1309542207.905283
0.906250 0.167969 0.118164 1309542207.928283
0.906250 0.167969 0.118164 1309542207.950295
0.874023 0.198242 0.092773 1309542207.995287
0.923828 0.180664 0.079102 1309542208.038287
0.867188 0.186523 0.089844 1309542208.060291
0.884766 0.187500 0.072266 1309542208.083286
0.893555 0.218750 0.088867 1309542208.108288
0.906250 0.212891 0.088867 1309542208.180295
0.904297 0.244141 0.084961 1309542208.200289
0.916992 0.264648 0.124023 1309542208.222297
0.915039 0.244141 0.091797 1309542208.243292
0.895508 0.265625 0.082031 1309542208.285316
0.891602 0.242188 0.115234 1309542208.308236
0.892578 0.289062 0.099609 1309542208.350282
0.929688 0.286133 0.080078 1309542208.373288
0.896484 0.288086 0.090820 1309542208.417297
0.865234 0.309570 0.061523 1309542208.439270
0.868164 0.298828 0.057617 1309542208.482298
0.853516 0.292969 0.060547 1309542208.505263
0.875000 0.042969 0.060547 1309542208.539244
0.851562 0.245117 0.018555 1309542208.564272
0.854492 0.218750 -0.001953 1309542208.608273
0.822266 0.162109 -0.013672 1309542208.633243
0.810547 0.158203 -0.018555 1309542208.675267
0.680664 0.132812 -0.040039 1309542208.698244
0.675781 0.119141 -0.073242 1309542208.720248
0.709961 0.200195 -0.085938 1309542208.764247
0.834961 0.208008 -0.095703 1309542208.788275
0.811523 0.227539 -0.062500 1309542208.829300
0.806641 0.262695 -0.125977 1309542208.873305
0.856445 0.282227 -0.125977 1309542208.875300
0.897461 0.277344 -0.006836 1309542208.934382
0.917969 0.398438 0.029297 1309542208.957319
0.974609 0.479492 0.076172 1309542209.000308
1.059570 0.589844 0.175781 1309542209.024306
1.057617 0.556641 0.197266 1309542209.069313
1.057617 0.556641 0.197266 1309542209.070307
0.871094 0.655273 0.316406 1309542209.112311
0.770508 0.423828 0.335938 1309542209.157307
0.677734 0.549805 0.373047 1309542209.179304
0.623047 0.625977 0.409180 1309542209.222306
0.606445 0.511719 0.505859 1309542209.243316
0.466797 0.511719 0.505859 1309542209.267253
0.383789 0.484375 0.604492 1309542209.310258
0.490234 0.582031 0.622070 1309542209.355317
0.457031 0.525391 0.544922 1309542209.378311
0.421875 0.349609 0.435547 1309542209.467308
0.255859 0.221680 0.463867 1309542209.468306
0.243164 0.216797 0.463867 1309542209.490279
0.317383 0.265625 0.697266 1309542209.510259
0.395508 0.437500 0.648438 1309542209.532261
0.505859 0.578125 0.519531 1309542209.575316
0.528320 0.510742 0.476562 1309542209.599291
0.525391 0.335938 0.437500 1309542209.625269
0.502930 0.226562 0.444336 1309542209.665266
0.523438 0.224609 0.455078 1309542209.709266
0.532227 0.266602 0.537109 1309542209.754289
0.541992 0.316406 0.561523 1309542209.755286
0.555664 0.309570 0.559570 1309542209.798259
0.570312 0.318359 0.507812 1309542209.820300
0.536133 0.299805 0.509766 1309542209.864329
0.549805 0.278320 0.524414 1309542209.910322
0.517578 0.291016 0.521484 1309542209.933309
0.528320 0.300781 0.532227 1309542209.955324
0.523438 0.291992 0.553711 1309542209.978328
0.523438 0.291992 0.553711 1309542210.022335
0.476562 0.314453 0.541992 1309542210.058350
0.532227 0.276367 0.510742 1309542210.079308
0.534180 0.322266 0.533203 1309542210.123391
0.536133 0.326172 0.546875 1309542210.155298
0.527344 0.286133 0.533203 1309542210.178342
0.459961 0.294922 0.529297 1309542210.203367
0.538086 0.309570 0.529297 1309542210.245312
0.538086 0.309570 0.529297 1309542210.268266
0.551758 0.291016 0.511719 1309542210.312345
0.547852 0.284180 0.518555 1309542210.334370
0.532227 0.296875 0.538086 1309542210.362372
0.542969 0.305664 0.538086 1309542210.407368
0.541992 0.287109 0.505859 1309542210.437284
0.511719 0.325195 0.509766 1309542210.480319
0.519531 0.322266 0.531250 1309542210.513329
0.525391 0.361328 0.519531 1309542210.534332
0.517578 0.376953 0.530273 1309542210.556289
0.518555 0.341797 0.512695 1309542210.599325
0.529297 0.320312 0.514648 1309542210.621343
0.483398 0.342773 0.525391 1309542210.668310
0.500977 0.355469 0.525391 1309542210.756359
0.445312 0.372070 0.499023 1309542210.757333
0.455078 0.367188 0.749023 1309542210.777338
0.434570 0.375000 0.540039 1309542210.795342
0.399414 0.371094 0.527344 1309542210.818333
0.375000 0.414062 0.529297 1309542210.860354
0.357422 0.460938 0.537109 1309542210.884350
0.346680 0.437500 0.566406 1309542210.927347
0.375000 0.423828 0.541016 1309542210.970344
0.405273 0.527344 0.487305 1309542210.992350
0.496094 0.579102 0.499023 1309542211.013290
0.474609 0.566406 0.404297 1309542211.058292
0.495117 0.568359 0.492188 1309542211.080381
0.486328 0.682617 0.468750 1309542211.124349
0.533203 0.579102 0.357422 1309542211.147388
0.654297 0.579102 0.357422 1309542211.169351
0.696289 0.563477 0.342773 1309542211.214296
0.768555 0.388672 0.332031 1309542211.237293
0.809570 0.422852 0.286133 1309542211.280372
0.870117 0.484375 0.293945 1309542211.303352
1.096680 0.458008 0.143555 1309542211.345349
1.206055 0.414062 0.095703 1309542211.368349
1.346680 0.341797 0.074219 1309542211.410298
1.291016 0.117188 0.025391 1309542211.432297
1.199219 -0.032227 -0.161133 1309542211.475361
1.132812 0.238281 -0.183594 1309542211.501361
1.015625 0.284180 -0.112305 1309542211.543301
0.880859 0.156250 -0.104492 1309542211.565299
0.767578 0.035156 -0.117188 1309542211.590346
0.720703 0.087891 -0.133789 1309542211.635302
0.700195 0.098633 -0.104492 1309542211.657344
0.704102 0.121094 -0.130859 1309542211.700368
0.717773 0.107422 -0.150391 1309542211.722363
0.708984 0.128906 -0.083984 1309542211.760366
0.717773 0.179688 -0.064453 1309542211.792361
0.785156 0.167969 -0.056641 1309542211.830365
0.853516 0.186523 -0.035156 1309542211.852367
0.902344 0.244141 -0.015625 1309542211.874353
0.902344 0.244141 -0.015625 1309542211.918351
0.866211 0.303711 0.052734 1309542211.954362
0.859375 0.330078 0.081055 1309542212.044362
0.944336 0.320312 0.085938 1309542212.045364
0.943359 0.274414 0.120117 1309542212.065365
0.943359 0.274414 0.120117 1309542212.067358
1.005859 0.235352 0.123047 1309542212.120386
0.989258 0.238281 0.131836 1309542212.149344
1.017578 0.217773 0.165039 1309542212.187316
1.004883 0.203125 0.138672 1309542212.214348
0.998047 0.164062 0.151367 1309542212.237371
0.995117 0.154297 0.089844 1309542212.280369
0.973633 0.113281 0.174805 1309542212.323373
0.901367 0.129883 0.125000 1309542212.345371
0.858398 0.125977 0.125977 1309542212.388320
0.857422 0.114258 0.116211 1309542212.410318
0.822266 0.113281 0.099609 1309542212.434352
0.810547 0.118164 0.085938 1309542212.478340
0.823242 0.137695 0.107422 1309542212.499321
0.831055 0.171875 0.112305 1309542212.543321
0.876953 0.176758 0.093750 1309542212.569333
0.906250 0.221680 0.096680 1309542212.592320
0.934570 0.224609 0.099609 1309542212.625380
0.967773 0.215820 0.115234 1309542212.673374
0.976562 0.203125 0.118164 1309542212.695373
0.967773 0.267578 0.101562 1309542212.738375
0.944336 0.250977 0.074219 1309542212.759367
0.941406 0.274414 0.079102 1309542212.784385
0.879883 0.278320 0.079102 1309542212.818378
0.852539 0.255859 0.067383 1309542212.854380
0.835938 0.273438 0.061523 1309542212.897381
0.834961 0.224609 0.023438 1309542212.919363
0.739258 0.221680 0.004883 1309542212.963402
0.682617 0.259766 -0.010742 1309542212.985376
0.629883 0.222656 -0.002930 1309542213.028383
0.701172 0.165039 -0.068359 1309542213.050384
0.742188 0.192383 -0.083984 1309542213.094384
0.787109 0.138672 -0.082031 1309542213.117384
0.833984 0.188477 -0.120117 1309542213.139332
0.851562 0.164062 -0.096680 1309542213.182336
0.851562 0.164062 -0.096680 1309542213.204409
0.989258 0.291016 -0.056641 1309542213.248387
1.030273 0.369141 -0.020508 1309542213.344389
1.047852 0.404297 -0.027344 1309542213.345388
1.117188 0.374023 0.000977 1309542213.347386
1.117188 0.381836 0.067383 1309542213.369357
1.014648 0.381836 0.067383 1309542213.400347
0.950195 0.500977 0.168945 1309542213.447370
0.873047 0.447266 0.297852 1309542213.460352
0.812500 0.402344 0.334961 1309542213.492340
0.802734 0.343750 0.340820 1309542213.534370
0.998047 0.599609 1.103516 1309542213.557338
0.471680 0.137695 0.499023 1309542213.602353
0.457031 0.431641 0.547852 1309542213.623402
0.535156 0.516602 0.706055 1309542213.665399
0.596680 0.513672 0.683594 1309542213.688396
0.505859 0.394531 0.528320 1309542213.732404
0.310547 0.308594 0.502930 1309542213.753399
0.287109 0.259766 0.540039 1309542213.797398
0.322266 0.231445 0.596680 1309542213.819402
0.359375 0.343750 0.590820 1309542213.863405
0.431641 0.440430 0.595703 1309542213.885404
0.484375 0.404297 0.560547 1309542213.909402
0.508789 0.404297 0.560547 1309542213.938403
0.517578 0.180664 0.519531 1309542214.004381
0.534180 0.121094 0.460938 1309542214.028404
0.522461 0.198242 0.503906 1309542214.050406
0.575195 0.197266 0.526367 1309542214.073363
0.582031 0.196289 0.550781 1309542214.119342
0.557617 0.196289 0.550781 1309542214.140423
0.493164 0.286133 0.547852 1309542214.180412
0.501953 0.284180 0.563477 1309542214.203413
0.494141 0.259766 0.565430 1309542214.247410
0.496094 0.237305 0.578125 1309542214.290406
0.493164 0.239258 0.592773 1309542214.308389
0.480469 0.266602 0.595703 1309542214.331361
0.521484 0.272461 0.562500 1309542214.375424
0.502930 0.263672 0.541016 1309542214.398374
0.527344 0.253906 0.551758 1309542214.443362
0.491211 0.262695 0.538086 1309542214.465381
0.520508 0.285156 0.557617 1309542214.488360
0.535156 0.265625 0.538086 1309542214.538419
0.512695 0.288086 0.540039 1309542214.620418
0.518555 0.279297 0.568359 1309542214.642415
0.518555 0.272461 0.538086 1309542214.653417
0.503906 0.268555 0.545898 1309542214.675415
0.531250 0.261719 0.558594 1309542214.697419
0.504883 0.289062 0.534180 1309542214.719403
0.520508 0.277344 0.544922 1309542214.764421
0.522461 0.322266 0.559570 1309542214.808419
0.541992 0.324219 0.554688 1309542214.829420
0.475586 0.293945 0.531250 1309542214.850413
0.409180 0.322266 0.531250 1309542214.873423
0.409180 0.322266 0.531250 1309542214.918419
0.367188 0.297852 0.601562 1309542214.962447
0.370117 0.390625 0.546875 1309542214.984429
0.388672 0.372070 0.526367 1309542215.030419
0.389648 0.407227 0.537109 1309542215.053390
0.396484 0.394531 0.533203 1309542215.076398
0.382812 0.452148 0.510742 1309542215.105369
0.430664 0.490234 0.522461 1309542215.149424
0.436523 0.510742 0.521484 1309542215.172421
0.382812 0.478516 0.503906 1309542215.215439
0.346680 0.511719 0.481445 1309542215.238425
0.346680 0.511719 0.481445 1309542215.267388
0.505859 0.664062 0.479492 1309542215.319413
0.620117 0.494141 0.385742 1309542215.340429
0.756836 0.410156 0.405273 1309542215.363432
0.803711 0.437500 0.364258 1309542215.406374
0.820312 0.470703 0.236328 1309542215.429409
0.901367 0.453125 0.224609 1309542215.474379
1.003906 0.463867 0.160156 1309542215.498372
1.159180 0.457031 0.172852 1309542215.541442
1.232422 0.393555 0.164062 1309542215.563435
1.224609 0.248047 0.104492 1309542215.584450
1.128906 0.089844 -0.000977 1309542215.628436
1.044922 0.120117 -0.088867 1309542215.671436
0.973633 0.172852 -0.106445 1309542215.694434
0.919922 0.227539 -0.064453 1309542215.716436
0.804688 0.238281 -0.103516 1309542215.760448
0.786133 0.149414 -0.127930 1309542215.805439
0.766602 0.113281 -0.092773 1309542215.806438
0.765625 0.093750 -0.095703 1309542215.903444
0.736328 0.187500 -0.092773 1309542215.925448
0.707031 0.186523 -0.039062 1309542215.944439
0.739258 0.179688 -0.089844 1309542215.946449
0.792969 0.199219 -0.046875 1309542215.990435
0.804688 0.237305 -0.035156 1309542216.013479
0.861328 0.264648 -0.035156 1309542216.044422
0.819336 0.298828 0.003906 1309542216.074386
0.834961 0.298828 0.036133 1309542216.118439
0.879883 0.289062 0.031250 1309542216.139430
0.890625 0.291016 0.063477 1309542216.184441
0.896484 0.291016 0.063477 1309542216.209438
0.938477 0.282227 0.084961 1309542216.245392
0.960938 0.271484 0.125977 1309542216.274390
0.912109 0.258789 0.150391 1309542216.298423
0.913086 0.242188 0.096680 1309542216.341454
0.897461 0.216797 0.114258 1309542216.364395
0.914062 0.212891 0.125000 1309542216.409442
