0.887695 0.066406 0.200195 1309547879.957618
0.932617 0.085938 0.182617 1309547879.977616
0.935547 0.062500 0.179688 1309547880.021615
0.916016 0.027344 0.195312 1309547880.042626
0.844727 0.039062 0.207031 1309547880.085630
0.833984 0.039062 0.207031 1309547880.109625
0.911133 0.094727 0.272461 1309547880.153624
0.961914 0.101562 0.268555 1309547880.175625
0.996094 0.147461 0.300781 1309547880.197626
1.073242 0.183594 0.303711 1309547880.230622
1.138672 0.338867 0.358398 1309547880.275623
1.138672 0.338867 0.358398 1309547880.292623
1.047852 0.575195 0.350586 1309547880.334637
1.019531 0.642578 0.337891 1309547880.378630
0.981445 0.603516 0.248047 1309547880.399624
0.889648 0.768555 0.288086 1309547880.422630
0.772461 0.738281 0.346680 1309547880.464631
0.584961 0.738281 0.346680 1309547880.509632
0.352539 0.580078 0.355469 1309547880.549629
0.126953 0.525391 0.557617 1309547880.569631
-0.163086 0.544922 0.545898 1309547880.593638
-0.320312 0.305664 0.602539 1309547880.612636
-0.638672 0.042969 0.570312 1309547880.649633
-0.844727 0.119141 0.722656 1309547880.694633
-1.116211 -0.105469 0.542969 1309547880.715635
-1.274414 -0.101562 0.571289 1309547880.759631
-1.370117 -0.243164 0.412109 1309547880.803636
-1.073242 -0.497070 0.356445 1309547880.824630
-0.333008 -0.241211 0.308594 1309547880.845636
-0.333008 -0.241211 0.308594 1309547880.869637
1.491211 -0.530273 0.407227 1309547880.913636
1.618164 -0.506836 0.051758 1309547880.962638
0.838867 -0.067383 0.584961 1309547880.977661
-0.074219 0.326172 -0.040039 1309547881.004646
0.427734 -0.713867 0.376953 1309547881.049646
-0.154297 -0.435547 0.589844 1309547881.072648
0.109375 -0.495117 0.610352 1309547881.122643
0.291016 -0.429688 0.499023 1309547881.144648
0.291016 -0.478516 0.704102 1309547881.168642
0.460938 -0.329102 0.934570 1309547881.209636
0.235352 0.105469 0.893555 1309547881.253665
0.328125 0.137695 0.876953 1309547881.274639
0.099609 -0.141602 0.891602 1309547881.297646
-0.178711 -0.105469 0.662109 1309547881.343648
-0.322266 -0.000977 0.634766 1309547881.393651
-0.683594 0.034180 0.481445 1309547881.395646
-0.696289 0.038086 0.424805 1309547881.433646
-1.014648 -0.064453 0.199219 1309547881.457648
-1.062500 -0.387695 0.317383 1309547881.503647
-0.930664 -0.552734 0.266602 1309547881.525647
-0.821289 -0.661133 0.250000 1309547881.549660
-1.164062 -0.844727 0.229492 1309547881.579652
-1.202148 -0.775391 0.324219 1309547881.625651
-1.146484 -0.525391 0.324219 1309547881.660648
-1.060547 -0.547852 0.395508 1309547881.709653
-0.836914 -0.522461 0.517578 1309547881.732651
-0.880859 -0.472656 0.561523 1309547881.755659
-0.912109 -0.517578 0.508789 1309547881.852662
-1.058594 -0.698242 0.476562 1309547881.853653
-1.109375 -0.513672 0.511719 1309547881.873657
-1.288086 -0.348633 0.320312 1309547881.874652
-1.303711 -0.277344 0.287109 1309547881.915681
-1.456055 -0.371094 0.196289 1309547881.937654
-1.345703 -0.091797 0.196289 1309547881.981668
0.416016 -0.739258 0.732422 1309547882.004656
0.295898 -0.009766 0.530273 1309547882.054659
0.406250 -0.190430 0.995117 1309547882.079664
1.628906 -1.011719 0.695312 1309547882.102662
1.041016 -0.770508 0.412109 1309547882.144660
0.458984 -0.520508 0.620117 1309547882.166664
0.210938 -0.146484 0.848633 1309547882.217661
0.633789 -0.109375 0.724609 1309547882.239662
0.375000 -1.114258 0.486328 1309547882.300666
0.199219 -0.521484 0.596680 1309547882.302662
0.175781 -0.146484 0.648438 1309547882.324674
0.175781 -0.146484 0.648438 1309547882.367664
0.334961 -0.714844 0.514648 1309547882.390678
0.435547 -0.734375 0.604492 1309547882.443667
0.618164 -0.384766 0.840820 1309547882.464664
0.365234 -0.397461 0.713867 1309547882.485666
0.218750 -0.261719 0.738281 1309547882.529666
-0.014648 -0.261719 0.738281 1309547882.552646
-0.306641 -0.025391 0.484375 1309547882.598668
-0.502930 0.212891 0.474609 1309547882.620668
-0.668945 -0.016602 0.371094 1309547882.668680
-0.938477 -0.256836 0.331055 1309547882.689672
-1.031250 -0.217773 0.254883 1309547882.710677
-1.176758 -0.600586 0.219727 1309547882.755651
-1.086914 -0.914062 0.087891 1309547882.780676
-1.041016 -1.017578 0.228516 1309547882.905669
-1.102539 -1.016602 0.208008 1309547882.907684
-0.987305 -0.852539 0.327148 1309547882.927680
-0.880859 -0.739258 0.396484 1309547882.928674
-0.797852 -0.605469 0.443359 1309547882.942688
-0.704102 -0.541016 0.445312 1309547882.997684
-0.754883 -0.726562 0.381836 1309547883.099682
-0.797852 -0.703125 0.359375 1309547883.144679
-0.934570 -0.537109 0.317383 1309547883.145674
-1.041992 -0.568359 0.156250 1309547883.168684
-1.241211 -0.695312 0.118164 1309547883.169679
-1.325195 -0.418945 0.230469 1309547883.190680
-1.599609 -0.144531 0.061523 1309547883.192678
-1.176758 -0.207031 0.263672 1309547883.233686
-0.547852 -0.263672 0.363281 1309547883.262684
0.335938 -0.263672 0.363281 1309547883.295683
1.648438 -0.554688 0.796875 1309547883.339679
1.974609 -1.433594 0.425781 1309547883.362683
0.957031 0.196289 1.190430 1309547883.405687
0.598633 -0.317383 0.230469 1309547883.432684
0.299805 -0.447266 0.798828 1309547883.453689
-0.018555 -0.718750 0.750000 1309547883.497685
0.048828 -0.889648 0.425781 1309547883.542689
0.120117 -0.286133 0.708984 1309547883.563690
0.156250 -0.364258 0.791016 1309547883.585667
0.246094 -0.624023 0.605469 1309547883.632696
0.296875 -0.476562 0.626953 1309547883.653696
0.484375 -0.494141 0.598633 1309547883.676689
0.410156 -0.407227 0.598633 1309547883.722689
0.448242 -0.058594 0.753906 1309547883.745671
0.234375 -0.136719 0.714844 1309547883.792699
0.034180 0.011719 0.806641 1309547883.817702
-0.110352 0.148438 0.649414 1309547883.848695
-0.347656 0.135742 0.627930 1309547883.880688
-0.718750 0.160156 0.584961 1309547883.905692
-0.934570 0.190430 0.399414 1309547883.948696
-1.158203 -0.104492 0.222656 1309547883.970693
-1.003906 -0.398438 0.347656 1309547884.018700
-1.060547 -0.820312 0.059570 1309547884.065672
-1.247070 -0.999023 0.034180 1309547884.085697
-1.290039 -0.997070 -0.010742 1309547884.108699
-1.078125 -0.829102 0.152344 1309547884.130710
-1.041992 -0.726562 0.276367 1309547884.174681
-0.864258 -0.458984 0.384766 1309547884.223703
-0.769531 -0.417969 0.455078 1309547884.225680
-0.769531 -0.417969 0.455078 1309547884.272705
-0.876953 -0.521484 0.395508 1309547884.320704
-0.986328 -0.394531 0.347656 1309547884.410708
-1.067383 -0.430664 0.160156 1309547884.430705
-1.190430 -0.551758 0.148438 1309547884.443701
-1.117188 -0.551758 0.148438 1309547884.445698
-1.199219 -0.210938 0.061523 1309547884.464710
-1.384766 -0.198242 0.100586 1309547884.487708
-1.202148 -0.447266 0.084961 1309547884.532708
-0.603516 -0.285156 0.264648 1309547884.554715
0.499023 -0.450195 0.611328 1309547884.598709
1.964844 -0.771484 0.778320 1309547884.620698
1.974609 -1.341797 0.620117 1309547884.663711
0.694336 0.464844 1.170898 1309547884.686716
0.828125 -0.427734 0.124023 1309547884.709717
0.365234 -0.208984 0.853516 1309547884.743707
0.018555 -0.621094 0.760742 1309547884.788711
0.177734 -0.770508 0.473633 1309547884.832733
0.198242 -0.416016 0.508789 1309547884.853716
0.328125 -0.276367 0.846680 1309547884.875730
0.269531 -0.595703 0.711914 1309547884.916711
0.449219 -0.307617 0.835938 1309547884.939722
0.353516 -0.295898 0.866211 1309547884.984714
0.131836 -0.301758 0.766602 1309547885.005716
-0.018555 -0.195312 0.732422 1309547885.051775
-0.125977 -0.284180 0.625977 1309547885.074716
-0.292969 -0.347656 0.511719 1309547885.095717
-0.513672 -0.232422 0.455078 1309547885.139726
-0.628906 -0.114258 0.455078 1309547885.162726
-0.954102 -0.032227 0.552734 1309547885.206716
-1.199219 -0.001953 0.396484 1309547885.229733
-1.129883 -0.385742 0.287109 1309547885.274721
-0.901367 -0.570312 0.320312 1309547885.328748
-0.700195 -0.845703 0.314453 1309547885.371724
-0.633789 -0.845703 0.314453 1309547885.373723
-0.815430 -1.035156 0.232422 1309547885.395726
-0.822266 -0.794922 0.387695 1309547885.430729
-0.777344 -0.641602 0.377930 1309547885.465724
-0.673828 -0.564453 0.406250 1309547885.486726
-0.613281 -0.552734 0.464844 1309547885.534731
-0.591797 -0.637695 0.464844 1309547885.568726
-0.644531 -0.609375 0.425781 1309547885.674744
-0.776367 -0.688477 0.337891 1309547885.699731
-0.929688 -0.646484 0.228516 1309547885.700728
-1.030273 -0.593750 0.194336 1309547885.720732
-1.211914 -0.628906 0.129883 1309547885.723730
-1.359375 -0.644531 0.102539 1309547885.745710
-1.483398 -0.367188 0.159180 1309547885.789737
-1.430664 -0.580078 0.236328 1309547885.811737
-0.322266 -0.688477 0.346680 1309547885.854728
1.406250 -0.617188 0.798828 1309547885.876731
1.975586 -1.219727 0.721680 1309547885.899732
0.550781 -0.434570 0.179688 1309547885.945712
0.142578 -0.172852 0.157227 1309547885.969741
0.712891 -1.013672 0.554688 1309547886.014691
-0.082031 -0.201172 0.846680 1309547886.036692
0.079102 -0.867188 0.659180 1309547886.080719
0.191406 -0.306641 0.509766 1309547886.104743
0.092773 -0.470703 0.640625 1309547886.126742
0.175781 -0.684570 0.632812 1309547886.161743
0.326172 -0.464844 0.718750 1309547886.203739
0.330078 -0.368164 0.656250 1309547886.229751
0.312500 -0.559570 0.623047 1309547886.273743
0.221680 -0.216797 0.623047 1309547886.296739
0.221680 -0.216797 0.623047 1309547886.333739
-0.012695 -0.105469 0.583984 1309547886.379745
-0.181641 -0.072266 0.458008 1309547886.400747
-0.445312 -0.029297 0.426758 1309547886.423743
-0.776367 0.107422 0.428711 1309547886.466724
-1.063477 -0.035156 0.389648 1309547886.489747
-1.266602 -0.178711 0.389648 1309547886.512762
-1.075195 -0.625000 0.251953 1309547886.555748
-0.885742 -0.753906 0.226562 1309547886.600748
-1.063477 -1.027344 0.132812 1309547886.621749
-1.022461 -1.090820 0.181641 1309547886.644745
-1.041016 -0.840820 0.181641 1309547886.687756
-0.864258 -0.494141 0.393555 1309547886.731750
-0.679688 -0.254883 0.471680 1309547886.754750
-0.555664 -0.274414 0.488281 1309547886.776754
-0.495117 -0.361328 0.461914 1309547886.823749
-0.496094 -0.232422 0.488281 1309547886.848761
-0.532227 -0.281250 0.486328 1309547886.891753
-0.555664 -0.316406 0.454102 1309547886.931757
-0.463867 -0.185547 0.506836 1309547886.983762
-0.458008 -0.240234 0.472656 1309547887.005756
-0.462891 -0.129883 0.512695 1309547887.026729
-0.458984 -0.041016 0.515625 1309547887.046766
-0.420898 -0.117188 0.455078 1309547887.069759
-0.402344 0.060547 0.705078 1309547887.097762
-0.352539 0.245117 0.509766 1309547887.138764
-0.249023 0.093750 0.375000 1309547887.159761
-0.182617 0.046875 0.461914 1309547887.204755
-0.010742 0.188477 0.461914 1309547887.228765
0.035156 0.137695 0.344727 1309547887.271759
0.185547 0.250977 0.334961 1309547887.294766
0.274414 0.226562 0.286133 1309547887.338763
0.443359 0.275391 0.323242 1309547887.359764
0.565430 0.306641 0.332031 1309547887.381763
0.730469 0.306641 0.332031 1309547887.423765
1.161133 0.238281 0.362305 1309547887.468765
1.688477 0.382812 0.522461 1309547887.490780
1.935547 0.577148 0.673828 1309547887.513765
1.608398 0.250977 0.207031 1309547887.550768
1.230469 0.080078 0.073242 1309547887.595765
1.139648 -0.303711 0.073242 1309547887.617770
1.139648 -0.303711 0.073242 1309547887.640771
1.122070 -0.280273 0.087891 1309547887.685746
1.089844 -0.029297 0.222656 1309547887.710781
1.018555 0.197266 0.319336 1309547887.754768
0.916992 0.308594 0.317383 1309547887.793765
0.809570 0.298828 0.246094 1309547887.814778
0.842773 0.218750 0.182617 1309547887.836787
0.900391 0.211914 0.170898 1309547887.879776
1.011719 0.094727 0.177734 1309547887.925777
0.975586 0.061523 0.147461 1309547887.948780
0.981445 0.030273 0.115234 1309547887.968774
0.968750 0.030273 0.115234 1309547887.990782
0.970703 0.059570 0.105469 1309547888.036775
0.968750 0.079102 0.081055 1309547888.079779
0.997070 0.068359 0.092773 1309547888.100771
0.988281 0.042969 0.128906 1309547888.124789
0.941406 -0.004883 0.128906 1309547888.156785
0.854492 0.072266 0.113281 1309547888.201786
