0.818359 0.440430 0.391602 1311189739.660772
0.815430 0.449219 0.334961 1311189739.681765
0.842773 0.449219 0.334961 1311189739.703786
0.866211 0.334961 0.193359 1311189739.759769
0.907227 0.274414 0.249023 1311189739.781774
0.930664 0.204102 0.250977 1311189739.824782
0.783203 0.279297 0.138672 1311189739.846772
0.730469 0.302734 0.138672 1311189739.891777
0.701172 0.232422 -0.107422 1311189739.918777
0.760742 0.297852 -0.095703 1311189739.940772
0.870117 0.351562 -0.098633 1311189739.984777
0.813477 0.272461 -0.134766 1311189740.009768
0.850586 0.410156 -0.120117 1311189740.030771
0.900391 0.252930 -0.080078 1311189740.075776
0.838867 0.389648 -0.190430 1311189740.099781
0.863281 0.449219 -0.212891 1311189740.128783
0.850586 0.350586 -0.235352 1311189740.168788
0.806641 0.379883 -0.430664 1311189740.191789
0.935547 0.616211 -0.144531 1311189740.235781
1.069336 0.358398 -0.036133 1311189740.259784
1.008789 0.229492 -0.263672 1311189740.310778
0.992188 0.132812 -0.150391 1311189740.331796
1.091797 0.197266 -0.086914 1311189740.358794
0.934570 0.284180 -0.258789 1311189740.381791
0.950195 0.401367 -0.278320 1311189740.424783
1.043945 0.651367 -0.278320 1311189740.445784
0.779297 0.367188 -0.305664 1311189740.494793
0.713867 0.216797 -0.424805 1311189740.536801
0.734375 0.260742 -0.309570 1311189740.559819
0.770508 0.359375 -0.308594 1311189740.592293
0.856445 0.609375 -0.308594 1311189740.615789
0.912109 0.585938 -0.440430 1311189740.661798
0.766602 0.669922 -0.389648 1311189740.686814
0.409180 0.957031 -0.197266 1311189740.729786
0.645508 1.414062 -0.167969 1311189740.751809
0.666992 0.731445 -0.366211 1311189740.774798
1.231445 0.850586 -0.011719 1311189740.811820
0.612305 0.349609 -0.283203 1311189740.848790
0.632812 0.518555 -0.251953 1311189740.874828
0.743164 0.787109 -0.333984 1311189740.920793
0.602539 0.737305 -0.359375 1311189740.941806
0.677734 0.755859 -0.308594 1311189740.966794
0.677734 0.755859 -0.308594 1311189741.009803
0.689453 0.716797 -0.055664 1311189741.033786
0.795898 0.654297 -0.044922 1311189741.075792
0.734375 0.610352 -0.042969 1311189741.098803
0.740234 0.674805 0.025391 1311189741.144809
0.725586 0.657227 0.058594 1311189741.166804
0.742188 0.672852 0.124023 1311189741.210789
0.824219 0.640625 0.263672 1311189741.231796
0.864258 0.657227 0.233398 1311189741.259791
0.791016 0.632812 0.260742 1311189741.284826
0.662109 0.409180 0.316406 1311189741.326797
0.581055 0.310547 0.253906 1311189741.349806
0.667969 0.322266 0.256836 1311189741.406803
0.694336 0.333984 0.249023 1311189741.429810
0.640625 0.410156 0.264648 1311189741.451828
0.699219 0.496094 0.429688 1311189741.496798
0.626953 0.394531 0.408203 1311189741.519814
0.554688 0.291992 0.474609 1311189741.541804
0.623047 0.308594 0.474609 1311189741.584813
0.623047 0.308594 0.474609 1311189741.608826
0.621094 0.261719 0.495117 1311189741.653809
0.460938 0.488281 0.443359 1311189741.678813
0.635742 0.414062 0.629883 1311189741.720811
0.665039 0.414062 0.629883 1311189741.743823
0.561523 0.164062 0.629883 1311189741.767801
0.561523 0.164062 0.629883 1311189741.810817
0.471680 0.287109 0.580078 1311189741.844807
0.514648 0.273438 0.552734 1311189741.868833
0.447266 0.318359 0.481445 1311189741.914825
0.451172 0.339844 0.509766 1311189741.938830
0.444336 0.392578 0.507812 1311189741.973830
0.453125 0.355469 0.581055 1311189741.998829
0.378906 0.329102 0.601562 1311189742.051827
0.437500 0.319336 0.644531 1311189742.076817
0.419922 0.300781 0.581055 1311189742.194849
0.481445 0.345703 0.548828 1311189742.195800
0.516602 0.360352 0.517578 1311189742.211829
0.482422 0.382812 0.491211 1311189742.234911
0.451172 0.312500 0.506836 1311189742.303829
0.431641 0.343750 0.537109 1311189742.320826
0.403320 0.372070 0.532227 1311189742.322849
0.379883 0.375977 0.562500 1311189742.348832
0.420898 0.414062 0.523438 1311189742.371845
0.444336 0.464844 0.545898 1311189742.403860
0.414062 0.465820 0.567383 1311189742.470819
0.430664 0.424805 0.520508 1311189742.515828
