0.980469 0.243164 0.022461 1309562577.999530
1.020508 0.207031 0.070312 1309562578.078533
1.174805 0.239258 0.077148 1309562578.079486
1.269531 0.222656 0.020508 1309562578.099517
1.198242 0.215820 -0.015625 1309562578.121543
1.031250 0.204102 -0.021484 1309562578.144519
0.866211 0.284180 -0.079102 1309562578.190529
0.667969 0.322266 -0.055664 1309562578.214529
0.472656 0.283203 -0.051758 1309562578.238546
0.387695 0.229492 -0.021484 1309562578.281517
0.275391 0.145508 0.093750 1309562578.304548
0.168945 0.100586 0.065430 1309562578.350543
0.022461 -0.028320 -0.055664 1309562578.374526
-0.024414 -0.024414 -0.142578 1309562578.416529
0.169922 0.190430 -0.083008 1309562578.438521
0.495117 0.518555 0.083984 1309562578.461527
1.295898 0.751953 0.298828 1309562578.505526
1.983398 0.438477 0.331055 1309562578.550606
1.979492 0.635742 0.445312 1309562578.571518
1.982422 0.875000 0.173828 1309562578.594531
1.983398 0.788086 -0.088867 1309562578.638522
1.982422 0.306641 -0.012695 1309562578.683543
1.348633 0.457031 -0.012695 1309562578.684500
0.689453 0.332031 -0.043945 1309562578.729541
0.312500 0.243164 -0.134766 1309562578.774503
0.136719 0.171875 -0.133789 1309562578.795496
-0.121094 0.084961 -0.225586 1309562578.839503
-0.237305 0.000977 -0.301758 1309562578.861500
-0.308594 0.021484 -0.317383 1309562578.883506
-0.304688 0.025391 -0.237305 1309562578.925510
-0.085938 -0.042969 -0.224609 1309562578.948523
-0.066406 -0.110352 -0.182617 1309562578.990507
-0.212891 -0.140625 -0.191406 1309562579.011504
-0.225586 -0.375977 -0.239258 1309562579.059512
-0.081055 -0.225586 -0.220703 1309562579.082506
0.150391 0.028320 -0.220703 1309562579.132512
0.269531 0.451172 -0.089844 1309562579.153811
0.685547 1.045898 0.387695 1309562579.175518
1.906250 0.744141 0.343750 1309562579.219555
1.984375 0.999023 0.317383 1309562579.244546
1.984375 0.999023 0.317383 1309562579.265562
1.977539 -0.008789 -0.197266 1309562579.340563
1.980469 0.163086 -0.250000 1309562579.341517
1.983398 0.280273 -0.166992 1309562579.368547
1.522461 0.288086 -0.098633 1309562579.415569
0.741211 0.324219 0.026367 1309562579.437560
0.213867 0.238281 -0.071289 1309562579.459570
0.089844 0.184570 -0.113281 1309562579.503567
0.086914 0.311523 -0.071289 1309562579.529579
-0.112305 0.045898 -0.280273 1309562579.564563
-0.334961 -0.245117 -0.379883 1309562579.589573
-0.609375 -0.361328 -0.364258 1309562579.632572
-0.534180 -0.288086 -0.317383 1309562579.675567
-0.413086 -0.344727 -0.229492 1309562579.698548
-0.288086 -0.252930 -0.110352 1309562579.720556
-0.138672 -0.234375 -0.051758 1309562579.764567
0.007812 -0.059570 -0.045898 1309562579.786567
0.193359 0.258789 0.111328 1309562579.830570
0.193359 0.258789 0.111328 1309562579.853567
0.608398 1.431641 0.309570 1309562579.898569
1.986328 0.768555 1.091797 1309562579.919570
1.983398 0.759766 0.305664 1309562579.973591
1.990234 1.983398 0.454102 1309562579.974567
1.975586 -0.620117 -0.177734 1309562580.016577
1.982422 0.519531 -0.199219 1309562580.039577
1.985352 1.767578 -0.041992 1309562580.083580
1.193359 0.399414 -0.166016 1309562580.128580
0.059570 0.069336 -0.128906 1309562580.149556
-0.389648 0.053711 -0.130859 1309562580.170580
-0.379883 0.029297 -0.138672 1309562580.213592
-0.455078 -0.285156 -0.147461 1309562580.238582
-0.631836 -0.531250 -0.143555 1309562580.283561
-0.708008 -0.550781 -0.221680 1309562580.306583
-0.658203 -0.514648 -0.208984 1309562580.353560
-0.449219 -0.275391 -0.131836 1309562580.374572
-0.331055 -0.225586 -0.068359 1309562580.416597
-0.255859 -0.225586 -0.085938 1309562580.440581
-0.244141 -0.131836 -0.031250 1309562580.463582
-0.283203 -0.097656 0.109375 1309562580.509586
-0.221680 -0.000977 0.133789 1309562580.536579
0.031250 -0.158203 -0.069336 1309562580.558582
0.656250 0.447266 -0.004883 1309562580.648592
1.989258 1.980469 0.920898 1309562580.649585
1.979492 -0.061523 0.947266 1309562580.670587
1.987305 1.974609 0.337891 1309562580.698578
1.983398 0.588867 0.251953 1309562580.726585
1.983398 0.615234 0.058594 1309562580.749590
1.297852 0.945312 0.253906 1309562580.798589
0.195312 0.202148 0.229492 1309562580.819597
-0.087891 -0.089844 0.129883 1309562580.864595
-0.092773 -0.082031 0.053711 1309562580.885595
-0.247070 -0.231445 -0.071289 1309562580.929592
-0.264648 -0.358398 -0.071289 1309562580.952602
-0.162109 -0.236328 -0.141602 1309562580.995597
-0.251953 -0.182617 -0.325195 1309562581.019595
-0.263672 -0.062500 -0.353516 1309562581.056601
-0.300781 -0.103516 -0.319336 1309562581.079594
-0.271484 -0.256836 -0.356445 1309562581.101594
-0.302734 -0.140625 -0.250977 1309562581.148596
-0.321289 -0.079102 -0.093750 1309562581.178600
-0.235352 -0.008789 -0.053711 1309562581.223601
-0.000977 -0.024414 0.002930 1309562581.245573
0.383789 0.512695 0.202148 1309562581.288595
0.901367 1.638672 0.454102 1309562581.298596
1.991211 1.638672 0.454102 1309562581.341589
1.989258 1.980469 1.138672 1309562581.383597
1.987305 1.984375 0.750000 1309562581.404604
1.982422 1.295898 0.246094 1309562581.449600
1.756836 0.805664 -0.103516 1309562581.471601
0.393555 0.241211 -0.017578 1309562581.494574
-0.067383 -0.013672 -0.080078 1309562581.529609
-0.224609 -0.192383 -0.250000 1309562581.574606
-0.024414 -0.343750 -0.410156 1309562581.596605
-0.070312 -0.213867 -0.417969 1309562581.639607
-0.116211 -0.201172 -0.401367 1309562581.660608
-0.051758 -0.233398 -0.345703 1309562581.682599
-0.063477 -0.224609 -0.415039 1309562581.729611
-0.106445 -0.198242 -0.400391 1309562581.770604
-0.216797 -0.145508 -0.272461 1309562581.791615
-0.288086 -0.121094 -0.161133 1309562581.812616
-0.351562 -0.096680 -0.122070 1309562581.857602
-0.332031 -0.011719 -0.070312 1309562581.900637
-0.182617 0.106445 -0.065430 1309562581.962613
-0.044922 0.052734 0.005859 1309562581.964607
0.381836 0.773438 0.247070 1309562581.985603
1.185547 1.640625 0.410156 1309562582.007607
1.989258 1.825195 0.844727 1309562582.051629
1.985352 1.304688 0.715820 1309562582.095617
1.985352 1.275391 0.167969 1309562582.122616
1.986328 1.478516 0.384766 1309562582.160618
1.531250 0.221680 0.199219 1309562582.182619
1.355469 0.365234 0.197266 1309562582.205633
1.022461 0.276367 0.105469 1309562582.250622
0.881836 0.150391 0.045898 1309562582.266620
0.893555 0.261719 0.028320 1309562582.311592
0.805664 0.342773 -0.022461 1309562582.334431
0.654297 0.294922 0.026367 1309562582.379620
0.723633 0.228516 0.008789 1309562582.404628
0.713867 0.205078 0.001953 1309562582.425640
0.637695 0.169922 0.020508 1309562582.471620
0.689453 0.147461 -0.013672 1309562582.502625
0.716797 0.131836 -0.040039 1309562582.547620
0.741211 0.166992 -0.030273 1309562582.569624
0.833984 0.124023 -0.011719 1309562582.592628
0.939453 0.148438 -0.041016 1309562582.617642
1.038086 0.214844 0.004883 1309562582.660601
1.054688 0.242188 0.014648 1309562582.702679
1.051758 0.192383 0.037109 1309562582.725625
1.078125 0.191406 -0.002930 1309562582.749630
0.949219 0.185547 0.004883 1309562582.779627
0.877930 0.172852 -0.245117 1309562582.824641
0.910156 0.126953 -0.023438 1309562582.852629
0.935547 0.129883 -0.031250 1309562582.899621
0.927734 0.152344 -0.000977 1309562582.920626
0.933594 0.175781 -0.002930 1309562582.942618
