0.983398 0.170898 0.068359 1309564593.151737
0.967773 0.170898 0.102539 1309564593.196747
1.044922 0.289062 0.067383 1309564593.239734
1.023438 0.513672 0.054688 1309564593.262737
1.023438 0.580078 0.121094 1309564593.304737
0.998047 0.707031 0.259766 1309564593.306732
0.938477 0.754883 0.330078 1309564593.391751
0.905273 0.902344 0.224609 1309564593.392736
0.772461 0.959961 0.248047 1309564593.426743
0.665039 0.964844 0.186523 1309564593.447739
0.585938 1.008789 0.186523 1309564593.489742
0.494141 0.927734 0.166992 1309564593.511744
0.494141 0.927734 0.166992 1309564593.536727
0.236328 0.912109 0.091797 1309564593.601739
0.131836 0.721680 0.115234 1309564593.603739
-0.030273 0.597656 0.069336 1309564593.656745
-0.134766 0.459961 0.017578 1309564593.681786
-0.256836 0.373047 -0.000977 1309564593.702748
-0.333008 0.353516 0.007812 1309564593.767738
-0.418945 0.390625 0.015625 1309564593.832753
-0.495117 0.290039 -0.019531 1309564593.837758
-0.604492 0.330078 -0.052734 1309564593.863747
-0.738281 0.284180 -0.122070 1309564593.864740
-0.772461 0.284180 -0.122070 1309564593.904743
-0.820312 0.195312 -0.131836 1309564593.950751
-0.837891 0.257812 -0.174805 1309564593.972766
-0.887695 0.363281 -0.207031 1309564593.997760
-0.833984 0.507812 -0.292969 1309564594.041761
-0.752930 0.642578 -0.373047 1309564594.063743
-0.626953 0.625000 -0.437500 1309564594.086733
-0.661133 0.643555 -0.537109 1309564594.131880
-0.532227 0.651367 -0.381836 1309564594.174728
-0.344727 0.632812 -0.001953 1309564594.197816
-0.382812 0.215820 0.555664 1309564594.241776
1.839844 1.416992 1.989258 1309564594.262753
1.839844 1.416992 1.989258 1309564594.284756
-0.638672 0.459961 0.711914 1309564594.373753
-0.537109 0.533203 0.594727 1309564594.412752
-0.457031 0.535156 0.591797 1309564594.432762
-0.603516 0.397461 0.226562 1309564594.433758
-0.613281 0.434570 -0.002930 1309564594.453760
-0.662109 0.326172 -0.188477 1309564594.477749
-0.721680 0.278320 -0.317383 1309564594.518757
-0.803711 0.290039 -0.553711 1309564594.543774
-0.984375 0.263672 -0.765625 1309564594.586764
-0.978516 0.402344 -0.780273 1309564594.608763
-0.861328 0.480469 -0.696289 1309564594.635743
-0.653320 0.531250 -0.696289 1309564594.676783
-0.550781 0.425781 0.162109 1309564594.721745
-0.285156 0.200195 0.237305 1309564594.742760
0.342773 1.980469 1.983398 1309564594.764759
-1.041016 0.011719 0.737305 1309564594.809779
-0.613281 0.288086 0.440430 1309564594.830750
-0.449219 0.823242 0.779297 1309564594.871766
-0.611328 0.363281 0.447266 1309564594.914776
-0.687500 0.462891 0.103516 1309564594.937777
-0.679688 0.396484 -0.162109 1309564594.981750
-0.742188 0.373047 -0.418945 1309564595.003771
-0.827148 0.373047 -0.418945 1309564595.028767
-1.021484 0.420898 -0.898438 1309564595.066744
-0.950195 0.404297 -0.891602 1309564595.088773
-0.775391 0.482422 -0.683594 1309564595.131797
-0.654297 0.426758 -0.437500 1309564595.152773
-0.587891 0.271484 -0.105469 1309564595.196775
-0.250977 0.271484 -0.105469 1309564595.217788
0.257812 1.865234 1.004883 1309564595.261772
-0.732422 0.442383 0.887695 1309564595.283756
-0.869141 0.143555 0.600586 1309564595.327763
-0.400391 0.793945 0.786133 1309564595.349776
-0.613281 0.476562 0.620117 1309564595.371780
-0.681641 0.486328 0.277344 1309564595.415775
-0.689453 0.421875 -0.063477 1309564595.459756
-0.755859 0.324219 -0.305664 1309564595.482779
-0.827148 0.355469 -0.593750 1309564595.524835
-0.905273 0.357422 -0.719727 1309564595.546758
-0.991211 0.400391 -0.813477 1309564595.571780
-0.843750 0.445312 -0.777344 1309564595.614775
-0.695312 0.464844 -0.560547 1309564595.660794
-0.560547 0.437500 -0.220703 1309564595.699783
-0.542969 0.452148 0.208008 1309564595.701778
0.848633 0.858398 1.983398 1309564595.742784
-0.390625 0.350586 1.827148 1309564595.764781
-0.669922 0.634766 0.820312 1309564595.808776
-0.629883 0.174805 0.543945 1309564595.847794
-0.449219 0.797852 0.846680 1309564595.882787
-0.636719 0.418945 0.344727 1309564595.903802
-0.740234 0.448242 0.001953 1309564595.924792
-0.723633 0.448242 0.001953 1309564595.967787
-0.688477 0.327148 -0.403320 1309564596.007789
-0.852539 0.368164 -0.658203 1309564596.029796
-0.954102 0.412109 -0.794922 1309564596.052777
-0.941406 0.561523 -0.887695 1309564596.096803
-0.772461 0.566406 -0.783203 1309564596.119789
-0.694336 0.430664 -0.783203 1309564596.158793
-0.572266 0.503906 0.003906 1309564596.224768
-0.674805 0.276367 0.224609 1309564596.246761
1.356445 1.769531 0.976562 1309564596.267784
-0.762695 0.221680 1.000000 1309564596.291804
-0.762695 0.232422 0.467773 1309564596.308800
-0.481445 0.677734 0.640625 1309564596.349781
-0.478516 0.457031 0.640625 1309564596.372795
-0.606445 0.475586 0.423828 1309564596.417802
-0.669922 0.558594 0.131836 1309564596.462809
-0.713867 0.477539 -0.039062 1309564596.487795
-0.699219 0.382812 -0.178711 1309564596.508801
-0.922852 0.441406 -0.478516 1309564596.552802
-0.919922 0.421875 -0.677734 1309564596.595802
-0.993164 0.405273 -0.745117 1309564596.618790
-1.004883 0.447266 -0.914062 1309564596.642818
-0.739258 0.483398 -0.639648 1309564596.677786
-0.630859 0.389648 -0.228516 1309564596.700826
-0.690430 0.182617 0.056641 1309564596.740800
1.986328 1.169922 1.988281 1309564596.763799
-0.855469 0.289062 1.096680 1309564596.807810
-0.611328 0.175781 0.737305 1309564596.828802
-0.681641 0.285156 0.265625 1309564596.872812
-0.658203 0.466797 0.244141 1309564596.895804
-0.573242 0.336914 0.272461 1309564596.982814
-0.481445 0.370117 0.337891 1309564596.983807
-0.316406 0.441406 0.403320 1309564597.003807
-0.254883 0.452148 0.346680 1309564597.024784
-0.254883 0.383789 0.232422 1309564597.067810
-0.258789 0.383789 0.232422 1309564597.089811
-0.179688 0.351562 0.271484 1309564597.133849
-0.118164 0.261719 0.195312 1309564597.177797
0.043945 0.440430 0.161133 1309564597.199815
-0.026367 0.454102 0.069336 1309564597.220817
0.296875 0.549805 0.105469 1309564597.267813
0.296875 0.549805 0.105469 1309564597.288824
0.553711 0.636719 0.166992 1309564597.324791
0.807617 0.626953 0.152344 1309564597.346812
1.140625 0.766602 0.198242 1309564597.389798
1.385742 0.615234 0.190430 1309564597.412796
1.480469 0.357422 0.081055 1309564597.455218
1.425781 0.321289 0.085938 1309564597.475839
1.256836 0.235352 0.230469 1309564597.520822
1.108398 -0.026367 0.261719 1309564597.563823
