0.675781 0.570312 -0.431641 1310512740.092705
0.760742 0.387695 -0.109375 1310512740.115681
0.710938 0.688477 -0.248047 1310512740.152710
0.784180 0.642578 -0.203125 1310512740.175717
0.754883 0.381836 -0.188477 1310512740.197689
0.752930 0.472656 -0.225586 1310512740.241635
0.738281 0.578125 -0.325195 1310512740.266726
0.760742 0.636719 -0.301758 1310512740.307648
0.761719 0.589844 -0.295898 1310512740.352633
0.786133 0.624023 -0.287109 1310512740.375680
0.791016 0.648438 -0.286133 1310512740.396681
0.806641 0.660156 -0.224609 1310512740.420724
0.811523 0.695312 -0.224609 1310512740.465686
0.845703 0.607422 -0.104492 1310512740.510677
0.808594 0.500977 -0.087891 1310512740.533721
0.759766 0.521484 -0.187500 1310512740.557719
0.817383 0.527344 -0.230469 1310512740.602690
0.803711 0.744141 -0.340820 1310512740.628677
0.737305 0.603516 -0.390625 1310512740.652678
0.862305 0.281250 -0.296875 1310512740.697656
0.957031 0.184570 -0.352539 1310512740.720723
0.885742 0.252930 -0.353516 1310512740.765691
0.863281 0.377930 -0.205078 1310512740.787687
0.863281 0.377930 -0.205078 1310512740.810662
0.982422 0.301758 -0.191406 1310512740.853724
0.900391 0.195312 -0.234375 1310512740.896668
1.006836 0.281250 -0.283203 1310512740.918680
0.991211 0.024414 -0.372070 1310512740.948665
1.077148 0.053711 -0.336914 1310512740.971662
1.016602 0.025391 -0.332031 1310512741.015644
1.005859 -0.024414 -0.240234 1310512741.038706
1.023438 -0.132812 -0.331055 1310512741.086640
1.057617 -0.145508 -0.414062 1310512741.112717
0.979492 -0.126953 -0.392578 1310512741.158661
1.037109 -0.176758 -0.355469 1310512741.160653
0.991211 -0.172852 -0.301758 1310512741.201680
1.190430 -0.063477 -0.247070 1310512741.245702
1.453125 0.117188 -0.079102 1310512741.266693
1.155273 -0.368164 -0.177734 1310512741.311654
0.878906 -0.768555 -0.028320 1310512741.332709
0.888672 -0.271484 0.175781 1310512741.355658
0.888672 -0.271484 0.175781 1310512741.396673
1.018555 -0.021484 0.175781 1310512741.428658
0.915039 -0.182617 -0.118164 1310512741.476694
0.916992 -0.154297 -0.098633 1310512741.497688
0.855469 -0.156250 -0.157227 1310512741.520678
0.836914 -0.156250 -0.157227 1310512741.563676
0.824219 0.001953 -0.188477 1310512741.593714
0.850586 0.036133 -0.168945 1310512741.637693
0.828125 0.062500 -0.168945 1310512741.661706
0.831055 0.100586 -0.149414 1310512741.703664
0.843750 0.058594 -0.157227 1310512741.731686
0.835938 0.058594 -0.157227 1310512741.752685
0.862305 0.099609 -0.133789 1310512741.796671
0.874023 0.148438 -0.153320 1310512741.817735
0.859375 0.131836 -0.114258 1310512741.862668
0.873047 0.167969 -0.129883 1310512741.885701
0.877930 0.174805 -0.124023 1310512741.927661
0.877930 0.174805 -0.124023 1310512741.930709
0.909180 0.188477 -0.071289 1310512741.973694
0.918945 0.195312 -0.093750 1310512742.003658
1.010742 0.228516 -0.042969 1310512742.046761
1.014648 0.191406 -0.090820 1310512742.071723
1.036133 0.174805 -0.110352 1310512742.093700
1.038086 0.175781 -0.096680 1310512742.156658
0.993164 0.214844 -0.071289 1310512742.180669
0.940430 0.183594 -0.074219 1310512742.202669
0.916992 0.136719 -0.107422 1310512742.245668
0.942383 0.124023 -0.134766 1310512742.271663
0.972656 0.152344 -0.136719 1310512742.294501
0.980469 0.132812 -0.169922 1310512742.391701
0.951172 0.123047 -0.177734 1310512742.392654
0.958008 0.143555 -0.141602 1310512742.412693
0.956055 0.167969 -0.131836 1310512742.433715
