0.975586 -0.048828 -0.169922 1310510180.691910
0.906250 0.068359 -0.132812 1310510180.714882
0.971680 0.266602 -0.012695 1310510180.738878
0.985352 0.248047 0.066406 1310510180.759924
1.009766 0.140625 -0.019531 1310510180.807850
1.040039 0.121094 0.071289 1310510180.829926
1.087891 0.109375 0.208984 1310510180.874908
1.081055 0.264648 0.294922 1310510180.896870
1.149414 0.435547 0.382812 1310510180.919881
1.159180 0.558594 0.350586 1310510180.983945
1.167969 0.613281 0.265625 1310510181.006874
1.176758 0.585938 0.173828 1310510181.027897
1.232422 0.636719 0.107422 1310510181.092930
1.238281 0.720703 0.030273 1310510181.093936
1.245117 0.720703 0.030273 1310510181.116904
1.270508 0.925781 -0.072266 1310510181.159864
1.182617 0.894531 -0.162109 1310510181.183894
1.057617 0.894531 -0.181641 1310510181.233909
0.934570 0.986328 -0.185547 1310510181.256851
0.949219 1.011719 -0.204102 1310510181.298871
0.949219 1.011719 -0.204102 1310510181.321866
0.683594 0.979492 -0.191406 1310510181.364907
0.634766 0.891602 -0.206055 1310510181.384844
0.385742 0.692383 -0.165039 1310510181.428856
0.208984 0.560547 -0.170898 1310510181.452954
0.125000 0.427734 -0.100586 1310510181.476906
-0.164062 0.119141 -0.144531 1310510181.526882
-0.321289 -0.060547 -0.055664 1310510181.547930
-0.412109 -0.107422 -0.074219 1310510181.591895
-0.497070 -0.066406 0.034180 1310510181.612948
-0.538086 -0.232422 0.048828 1310510181.634855
-0.518555 -0.408203 0.030273 1310510181.744909
-0.518555 -0.408203 0.030273 1310510181.746945
-0.599609 -0.548828 0.128906 1310510181.777899
-0.683594 -0.570312 0.108398 1310510181.778939
-0.768555 -0.591797 0.055664 1310510181.804150
-0.804688 -0.496094 0.114258 1310510181.828961
-0.765625 -0.660156 0.062500 1310510181.868941
-0.684570 -0.668945 0.062500 1310510181.889895
-0.759766 -0.630859 0.064453 1310510181.944210
-0.727539 -0.596680 0.043945 1310510181.961956
-0.727539 -0.611328 0.033203 1310510181.999949
-0.710938 -0.635742 0.054688 1310510182.039877
-0.671875 -0.598633 -0.000977 1310510182.049919
-0.610352 -0.468750 0.015625 1310510182.096904
-0.601562 -0.406250 0.000000 1310510182.144963
-0.517578 -0.300781 0.069336 1310510182.166867
-0.343750 -0.281250 -0.014648 1310510182.187928
-0.165039 -0.173828 -0.112305 1310510182.231953
0.037109 0.076172 -0.112305 1310510182.253956
0.083984 0.219727 -0.136719 1310510182.299955
0.309570 0.297852 -0.229492 1310510182.327973
0.642578 0.662109 -0.111328 1310510182.349904
0.768555 0.951172 -0.173828 1310510182.394913
0.857422 0.835938 -0.237305 1310510182.419959
0.972656 0.851562 -0.235352 1310510182.462968
1.342773 0.754883 -0.183594 1310510182.486880
1.304688 0.779297 -0.275391 1310510182.506958
1.788086 0.773438 -0.103516 1310510182.549967
1.833008 0.744141 -0.100586 1310510182.592864
1.902344 0.838867 0.102539 1310510182.613933
1.881836 1.240234 0.351562 1310510182.636915
1.817383 0.913086 0.461914 1310510182.667894
1.720703 1.312500 0.733398 1310510182.718957
1.427734 1.982422 1.002930 1310510182.741954
1.210938 1.643555 1.152344 1310510182.763880
1.218750 0.848633 0.699219 1310510182.789932
1.320312 0.723633 0.378906 1310510182.834964
1.772461 1.253906 0.149414 1310510182.877924
1.976562 1.185547 0.172852 1310510182.898966
1.991211 1.095703 0.082031 1310510182.932953
1.984375 0.930664 -0.006836 1310510183.016926
1.983398 0.821289 -0.069336 1310510183.017926
1.955078 0.675781 -0.239258 1310510183.041971
1.658203 0.686523 -0.315430 1310510183.081907
1.422852 0.617188 -0.330078 1310510183.103979
1.091797 0.580078 -0.299805 1310510183.124910
0.764648 0.464844 -0.273438 1310510183.147969
0.458984 0.464844 -0.273438 1310510183.191995
0.207031 0.386719 -0.277344 1310510183.216921
0.048828 0.379883 -0.195312 1310510183.258949
-0.000977 0.238281 -0.130859 1310510183.282953
-0.031250 0.035156 -0.072266 1310510183.327938
-0.272461 -0.445312 0.015625 1310510183.383925
-0.370117 -0.695312 0.015625 1310510183.384886
-0.287109 -0.674805 0.195312 1310510183.411923
-0.412109 -1.199219 0.253906 1310510183.454954
-0.628906 -1.322266 0.194336 1310510183.476926
-0.551758 -1.283203 0.547852 1310510183.519986
-0.343750 -0.876953 0.327148 1310510183.542930
-0.243164 -0.851562 0.236328 1310510183.567911
-0.203125 -0.732422 0.196289 1310510183.613993
-0.260742 -0.509766 0.065430 1310510183.637987
-0.198242 -0.348633 -0.102539 1310510183.682954
-0.124023 -0.197266 -0.148438 1310510183.704906
0.073242 0.050781 -0.023438 1310510183.727939
0.264648 0.260742 -0.132812 1310510183.769938
0.584961 0.427734 -0.267578 1310510183.794985
0.883789 0.576172 -0.336914 1310510183.837953
1.288086 0.788086 -0.331055 1310510183.863990
1.734375 0.935547 -0.338867 1310510183.919904
1.986328 0.984375 -0.255859 1310510183.921887
1.987305 1.109375 -0.353516 1310510183.966004
1.986328 1.677734 -0.194336 1310510184.031918
1.986328 1.458008 -0.061523 1310510184.032907
1.985352 1.833984 0.083984 1310510184.053939
1.990234 1.934570 0.554688 1310510184.097993
1.880859 1.981445 1.092773 1310510184.119991
1.784180 1.980469 0.720703 1310510184.163987
1.065430 1.980469 0.670898 1310510184.187993
1.528320 0.691406 -0.385742 1310510184.224985
1.455078 1.147461 -0.330078 1310510184.328946
1.979492 1.893555 0.198242 1310510184.332004
1.983398 1.260742 0.093750 1310510184.332995
1.982422 1.097656 -0.082031 1310510184.364991
1.988281 1.234375 -0.276367 1310510184.388950
1.984375 0.956055 -0.303711 1310510184.412947
1.847656 0.836914 -0.326172 1310510184.467991
1.546875 0.796875 -0.248047 1310510184.484948
1.292969 0.645508 -0.242188 1310510184.527949
0.981445 0.519531 -0.272461 1310510184.549007
0.620117 0.346680 -0.271484 1310510184.570000
0.476562 0.108398 -0.216797 1310510184.613928
0.111328 -0.251953 -0.189453 1310510184.636957
-0.186523 -0.466797 -0.257812 1310510184.658970
-0.285156 -0.088867 0.042969 1310510184.703999
-0.068359 -0.311523 0.229492 1310510184.747997
-0.447266 -1.082031 0.081055 1310510184.769961
-0.768555 -1.017578 0.154297 1310510184.815005
-0.706055 -0.519531 0.284180 1310510184.836964
-0.734375 -1.429688 0.129883 1310510184.860012
-0.603516 -0.720703 0.234375 1310510184.905016
-0.583984 -0.642578 0.023438 1310510184.926932
-0.557617 -0.720703 0.048828 1310510184.973012
-0.683594 -0.703125 0.038086 1310510185.014918
-0.679688 -0.538086 0.024414 1310510185.037965
-0.582031 -0.399414 0.024414 1310510185.060955
-0.466797 -0.264648 0.026367 1310510185.089978
-0.301758 -0.233398 -0.000977 1310510185.121993
-0.190430 -0.206055 -0.093750 1310510185.163925
0.161133 0.030273 -0.050781 1310510185.187979
0.235352 0.146484 -0.030273 1310510185.216976
0.468750 0.146484 -0.030273 1310510185.234986
0.757812 0.453125 -0.142578 1310510185.280024
1.095703 0.764648 -0.176758 1310510185.327014
1.472656 0.962891 -0.134766 1310510185.348029
1.607422 1.048828 -0.274414 1310510185.393905
1.901367 1.199219 -0.050781 1310510185.416913
1.984375 1.449219 -0.050781 1310510185.438916
1.987305 1.478516 -0.085938 1310510185.472950
1.988281 1.484375 0.080078 1310510185.514911
1.846680 1.521484 0.319336 1310510185.593944
1.683594 1.516602 0.885742 1310510185.608951
1.059570 1.296875 1.180664 1310510185.639952
1.312500 1.600586 1.841797 1310510185.648962
1.094727 1.341797 1.479492 1310510185.669934
1.304688 0.228516 0.622070 1310510185.713946
1.723633 1.048828 0.583008 1310510185.734916
1.825195 1.183594 0.398438 1310510185.758932
1.978516 1.554688 0.317383 1310510185.802938
1.985352 1.441406 0.236328 1310510185.841941
1.984375 1.251953 0.126953 1310510185.866925
1.985352 0.991211 -0.078125 1310510185.891959
1.902344 0.923828 -0.253906 1310510185.933952
1.652344 0.927734 -0.221680 1310510185.954925
1.412109 0.648438 -0.471680 1310510185.985960
0.986328 0.347656 -0.223633 1310510186.029953
0.750000 0.121094 -0.303711 1310510186.073917
0.309570 -0.355469 -0.253906 1310510186.116962
-0.043945 -0.446289 -0.280273 1310510186.117912
-0.258789 -0.416016 -0.180664 1310510186.147917
-0.331055 -0.164062 -0.180664 1310510186.190964
-0.231445 -0.437500 -0.007812 1310510186.213983
-0.531250 -0.858398 -0.165039 1310510186.269005
-0.625977 -1.019531 -0.121094 1310510186.287959
-0.420898 -1.684570 -0.008789 1310510186.310037
-0.569336 -1.276367 0.225586 1310510186.355042
-0.480469 -0.534180 0.141602 1310510186.367040
-0.694336 -0.650391 -0.146484 1310510186.431964
-0.679688 -0.524414 -0.103516 1310510186.456979
-0.777344 -0.629883 -0.032227 1310510186.478041
-0.755859 -0.494141 -0.005859 1310510186.499970
-0.698242 -0.490234 0.022461 1310510186.547977
-0.559570 -0.419922 0.053711 1310510186.613956
-0.586914 -0.349609 0.027344 1310510186.617984
-0.396484 -0.388672 0.000000 1310510186.642961
-0.149414 -0.487305 -0.171875 1310510186.665047
-0.051758 0.005859 0.138672 1310510186.707992
-0.049805 0.155273 0.076172 1310510186.729987
0.041992 0.039062 -0.181641 1310510186.776995
0.345703 0.412109 -0.029297 1310510186.886976
0.624023 0.703125 -0.171875 1310510186.887953
0.765625 0.860352 -0.192383 1310510186.909967
0.894531 0.925781 -0.314453 1310510186.914976
1.227539 0.966797 -0.275391 1310510186.929937
1.325195 1.072266 -0.296875 1310510186.953982
1.703125 1.015625 -0.166016 1310510187.007050
1.427734 0.950195 -0.292969 1310510187.038303
1.979492 1.126953 -0.179688 1310510187.050050
1.905273 1.371094 0.625000 1310510187.093046
1.474609 0.747070 0.000977 1310510187.115055
1.974609 0.747070 0.000977 1310510187.143014
1.178711 1.837891 0.940430 1310510187.188041
1.441406 1.677734 1.422852 1310510187.233985
0.999023 1.148438 0.793945 1310510187.244997
1.186523 0.415039 0.552734 1310510187.273993
1.415039 0.665039 0.552734 1310510187.304981
1.576172 0.880859 0.255859 1310510187.349985
1.708008 1.004883 0.199219 1310510187.373051
1.799805 0.981445 0.170898 1310510187.419018
1.736328 0.960938 0.044922 1310510187.442070
1.487305 0.964844 -0.328125 1310510187.503991
1.487305 0.964844 -0.328125 1310510187.504973
1.192383 1.398438 -0.556641 1310510187.556984
1.146484 1.243164 -0.517578 1310510187.568056
0.971680 0.924805 -0.519531 1310510187.597077
0.694336 0.715820 -0.518555 1310510187.639006
0.532227 0.666016 -0.466797 1310510187.662075
0.419922 0.483398 -0.356445 1310510187.705015
0.290039 0.229492 -0.309570 1310510187.729062
0.147461 -0.065430 -0.153320 1310510187.772973
-0.236328 -0.445312 -0.190430 1310510187.794073
-0.310547 -0.497070 -0.085938 1310510187.839983
-0.423828 -0.472656 0.066406 1310510187.861982
-0.374023 -0.625000 0.078125 1310510187.904003
-0.491211 -0.821289 0.078125 1310510187.952020
-0.565430 -0.797852 0.154297 1310510187.952974
-0.446289 -0.989258 0.216797 1310510187.997007
-0.597656 -0.924805 0.041992 1310510188.019991
-0.550781 -0.861328 0.041992 1310510188.042987
-0.596680 -0.708984 0.024414 1310510188.077095
-0.566406 -0.765625 0.080078 1310510188.154036
-0.579102 -0.711914 -0.016602 1310510188.180033
-0.569336 -0.626953 0.048828 1310510188.200003
-0.426758 -0.476562 0.082031 1310510188.224071
-0.250977 -0.385742 0.082031 1310510188.247027
-0.350586 -0.169922 -0.019531 1310510188.292990
-0.327148 0.024414 0.041016 1310510188.318012
-0.214844 0.169922 -0.014648 1310510188.340078
-0.100586 0.385742 -0.071289 1310510188.385028
0.147461 0.529297 -0.079102 1310510188.409039
0.192383 0.775391 -0.214844 1310510188.443073
0.339844 0.892578 -0.290039 1310510188.487050
0.600586 0.824219 -0.316406 1310510188.509010
1.003906 0.936523 -0.331055 1310510188.532084
1.298828 0.949219 -0.438477 1310510188.586050
1.246094 1.009766 -0.370117 1310510188.610041
1.156250 0.928711 -0.387695 1310510188.633057
1.442383 0.953125 -0.307617 1310510188.679068
1.414062 0.970703 -0.317383 1310510188.703033
1.465820 0.712891 -0.394531 1310510188.739012
1.545898 0.797852 -0.288086 1310510188.771092
1.637695 0.744141 -0.255859 1310510188.813987
1.392578 0.845703 -0.172852 1310510188.829975
1.431641 1.349609 0.384766 1310510188.855059
1.296875 1.973633 1.293945 1310510188.888075
0.919922 1.842773 0.156250 1310510188.930038
1.359375 0.077148 -0.421875 1310510188.953099
1.093750 0.393555 -0.183594 1310510188.989084
1.036133 -0.024414 -0.422852 1310510189.033012
