0.969727 0.028320 -0.059570 1310508396.251130
0.986328 0.036133 -0.084961 1310508396.272221
1.040039 -0.011719 -0.139648 1310508396.294210
1.027344 0.012695 -0.128906 1310508396.346203
0.948242 0.033203 -0.124023 1310508396.372212
0.946289 -0.014648 -0.139648 1310508396.394133
0.926758 -0.014648 -0.144531 1310508396.438145
0.913086 -0.021484 -0.113281 1310508396.461168
0.815430 -0.017578 -0.124023 1310508396.503145
0.761719 -0.024414 -0.118164 1310508396.527204
0.746094 -0.107422 -0.118164 1310508396.551195
0.668945 -0.047852 -0.148438 1310508396.593216
0.572266 -0.017578 -0.162109 1310508396.618150
0.522461 0.007812 -0.139648 1310508396.651216
0.435547 -0.020508 -0.157227 1310508396.696219
0.489258 0.038086 -0.116211 1310508396.717228
0.694336 0.341797 0.111328 1310508396.762220
1.534180 0.551758 0.332031 1310508396.791138
1.981445 -0.047852 -0.075195 1310508396.823220
1.982422 -0.204102 0.333984 1310508396.866179
1.982422 0.423828 0.276367 1310508396.891174
1.977539 -0.342773 -0.840820 1310508396.912217
1.977539 -0.342773 -0.840820 1310508396.934175
0.334961 -0.567383 -0.501953 1310508396.981159
-1.410156 -1.146484 -0.668945 1310508397.013219
-1.657227 -0.786133 -0.925781 1310508397.037180
0.175781 -0.182617 -0.832031 1310508397.093237
0.660156 -0.182617 -0.832031 1310508397.112231
0.493164 0.057617 -0.307617 1310508397.136174
0.405273 0.082031 -0.312500 1310508397.173145
0.389648 0.266602 -0.194336 1310508397.217195
0.116211 0.308594 -0.092773 1310508397.239143
0.100586 0.200195 -0.095703 1310508397.282151
0.083984 0.200195 -0.095703 1310508397.303137
0.007812 0.261719 -0.027344 1310508397.336240
0.185547 0.291016 0.082031 1310508397.359243
1.071289 0.466797 -0.073242 1310508397.408235
1.979492 0.266602 -0.237305 1310508397.429230
1.956055 -0.127930 0.304688 1310508397.453232
1.551758 -0.469727 0.225586 1310508397.497169
1.798828 -0.008789 0.176758 1310508397.521173
1.979492 -0.578125 0.068359 1310508397.569182
1.978516 -0.667969 -0.030273 1310508397.604195
1.977539 -0.707031 -0.388672 1310508397.669205
1.975586 -0.594727 -0.678711 1310508397.671242
1.976562 -0.087891 -0.622070 1310508397.692241
1.023438 -0.146484 -0.868164 1310508397.726159
-0.556641 -0.244141 -0.640625 1310508397.748167
-1.983398 -0.410156 -0.939453 1310508397.811131
-0.110352 0.127930 -0.349609 1310508397.812111
0.434570 0.027344 -0.150391 1310508397.836160
0.541016 0.034180 -0.013672 1310508397.890177
0.582031 0.298828 0.082031 1310508397.963172
0.580078 0.387695 0.041016 1310508397.964154
-0.027344 0.279297 0.126953 1310508397.986167
-0.448242 0.272461 0.015625 1310508398.011195
-0.268555 0.022461 0.015625 1310508398.041172
-0.087891 0.041016 -0.092773 1310508398.077207
0.686523 0.207031 0.041016 1310508398.101206
1.983398 0.456055 0.172852 1310508398.137150
1.988281 -0.383789 -0.409180 1310508398.179153
1.974609 -1.490234 -0.645508 1310508398.201146
1.925781 -0.777344 -0.211914 1310508398.246152
1.697266 -0.463867 -0.307617 1310508398.292180
1.307617 -0.324219 -0.041016 1310508398.313174
0.808594 -0.314453 0.124023 1310508398.338249
0.433594 -0.284180 -0.067383 1310508398.382215
0.232422 -0.345703 -0.180664 1310508398.406252
0.282227 -0.228516 -0.203125 1310508398.443236
0.307617 -0.021484 -0.213867 1310508398.464247
0.327148 0.076172 -0.231445 1310508398.487181
0.157227 0.091797 -0.152344 1310508398.531259
-0.031250 0.144531 -0.009766 1310508398.552235
0.414062 0.324219 0.103516 1310508398.596178
1.980469 0.395508 0.410156 1310508398.638168
1.978516 -0.724609 -0.614258 1310508398.661259
1.980469 -0.886719 -0.544922 1310508398.683236
1.978516 -0.291016 -0.393555 1310508398.727170
1.983398 -0.516602 -0.495117 1310508398.748160
0.768555 -0.426758 -0.228516 1310508398.771181
-1.063477 -0.784180 0.082031 1310508398.817215
-1.982422 -0.577148 -0.590820 1310508398.864238
0.432617 -0.150391 -0.583008 1310508398.909264
0.943359 0.410156 -0.657227 1310508398.949177
0.060547 0.046875 -0.140625 1310508398.951207
0.172852 0.048828 0.091797 1310508398.972183
0.157227 0.144531 -0.028320 1310508399.016188
-0.063477 0.286133 -0.194336 1310508399.038270
-0.043945 0.275391 -0.010742 1310508399.083278
-0.141602 0.233398 -0.082031 1310508399.113189
-0.051758 0.228516 -0.059570 1310508399.152271
0.179688 0.228516 -0.059570 1310508399.173272
1.772461 0.358398 -0.059570 1310508399.218272
1.980469 -0.380859 -1.112305 1310508399.241229
1.975586 -0.523438 -0.335938 1310508399.262177
1.725586 -1.002930 0.187500 1310508399.304183
0.979492 -0.666016 0.048828 1310508399.347266
0.082031 -0.916016 0.048828 1310508399.348264
0.237305 0.130859 0.036133 1310508399.392208
0.560547 0.255859 -0.233398 1310508399.436282
0.705078 -0.176758 -0.500977 1310508399.458200
0.546875 0.014648 -0.333008 1310508399.501206
0.421875 0.134766 -0.134766 1310508399.523191
0.338867 0.135742 -0.114258 1310508399.569216
0.362305 0.158203 -0.195312 1310508399.592286
0.483398 0.200195 0.029297 1310508399.634193
0.911133 0.360352 0.320312 1310508399.658221
1.981445 0.253906 0.649414 1310508399.701219
1.979492 -0.795898 -0.334961 1310508399.703209
1.978516 -0.601562 -0.214844 1310508399.763211
1.982422 -0.201172 -0.474609 1310508399.786213
1.974609 -0.927734 -1.287109 1310508399.808227
0.889648 -0.783203 -0.948242 1310508399.853292
-0.186523 -0.611328 -0.908203 1310508399.874193
-1.985352 -0.809570 -0.658203 1310508399.899182
-0.063477 -0.661133 -0.606445 1310508399.946209
0.878906 -0.095703 -0.956055 1310508399.969223
0.797852 0.200195 -0.345703 1310508400.012274
-0.035156 0.451172 0.171875 1310508400.033211
0.393555 0.538086 0.027344 1310508400.077203
0.277344 0.486328 -0.133789 1310508400.122204
-0.097656 0.271484 0.031250 1310508400.148283
-0.181641 0.383789 0.084961 1310508400.234214
0.017578 0.353516 -0.049805 1310508400.257222
-0.024414 0.392578 0.050781 1310508400.274286
0.382812 0.273438 -0.003906 1310508400.276206
1.981445 0.147461 -0.003906 1310508400.299199
1.981445 0.147461 -0.003906 1310508400.322199
1.980469 -0.690430 -0.305664 1310508400.387290
1.977539 -0.478516 -0.107422 1310508400.389288
1.202148 -0.706055 -0.377930 1310508400.439288
0.444336 -0.839844 0.196289 1310508400.461218
0.264648 -0.140625 0.224609 1310508400.506288
0.284180 -0.026367 -0.065430 1310508400.529234
0.533203 -0.130859 -0.198242 1310508400.551236
0.851562 -0.093750 -0.237305 1310508400.594293
1.437500 -0.076172 -0.255859 1310508400.619264
1.295898 -0.068359 -0.323242 1310508400.642284
1.037109 -0.121094 -0.338867 1310508400.686307
0.870117 -0.158203 -0.349609 1310508400.707298
0.680664 -0.163086 -0.338867 1310508400.754233
0.662109 -0.181641 -0.321289 1310508400.778242
0.588867 -0.120117 -0.182617 1310508400.836234
0.474609 0.007812 -0.139648 1310508400.837207
0.188477 0.084961 0.031250 1310508400.882324
-0.161133 0.128906 0.007812 1310508400.906254
-0.071289 0.009766 -0.112305 1310508400.938231
0.129883 0.204102 -0.012695 1310508400.982219
0.924805 0.654297 0.318359 1310508401.003216
1.986328 1.149414 0.642578 1310508401.026213
1.972656 -1.491211 -0.594727 1310508401.071208
1.984375 -0.396484 -0.204102 1310508401.116211
1.976562 -0.816406 -1.526367 1310508401.139233
1.975586 -1.299805 -1.571289 1310508401.164233
0.750000 -0.651367 -1.220703 1310508401.208285
-1.384766 -0.651367 -1.220703 1310508401.231239
-1.961914 -1.118164 0.453125 1310508401.276260
0.354492 0.942383 -0.427734 1310508401.298267
0.656250 0.557617 0.474609 1310508401.343256
-0.626953 0.037109 -0.134766 1310508401.366315
0.352539 0.270508 -0.125000 1310508401.388262
0.545898 0.000000 -0.125000 1310508401.431294
0.248047 0.292969 0.067383 1310508401.534321
0.180664 0.192383 -0.047852 1310508401.557307
0.030273 -0.210938 -0.179688 1310508401.559269
-0.173828 -0.295898 -0.295898 1310508401.576258
-0.391602 0.039062 -0.332031 1310508401.577213
-0.020508 0.236328 -0.309570 1310508401.621325
1.455078 0.354492 -0.305664 1310508401.664239
1.982422 0.127930 0.073242 1310508401.701324
1.978516 -0.645508 -0.608398 1310508401.723296
1.975586 -1.219727 -0.051758 1310508401.744254
1.917969 -0.969727 0.048828 1310508401.768231
0.955078 -0.103516 1.030273 1310508401.810274
0.404297 -0.448242 0.446289 1310508401.854237
0.303711 0.238281 0.139648 1310508401.877269
0.155273 -0.115234 -0.321289 1310508401.922407
0.428711 -0.222656 -0.302734 1310508401.944344
0.657227 0.040039 -0.302734 1310508401.967266
0.970703 0.191406 -0.250977 1310508402.015237
1.286133 0.166016 -0.319336 1310508402.037276
1.139648 0.125000 -0.300781 1310508402.079255
0.945312 0.013672 -0.223633 1310508402.123274
0.811523 0.067383 -0.124023 1310508402.147316
0.853516 0.067383 -0.124023 1310508402.172256
0.916992 0.111328 -0.116211 1310508402.214244
0.971680 0.160156 -0.064453 1310508402.235277
0.965820 0.199219 0.000000 1310508402.279241
0.954102 0.154297 0.033203 1310508402.302260
1.166016 0.063477 0.652344 1310508402.329233
