0.968750 0.264648 0.382812 1311187195.699326
0.984375 0.160156 0.436523 1311187195.721327
0.958984 0.205078 0.642578 1311187195.742362
0.916992 0.207031 0.762695 1311187195.779325
1.000977 0.423828 1.001953 1311187195.823328
0.984375 0.406250 1.080078 1311187195.867330
1.046875 0.589844 1.124023 1311187195.891327
1.021484 0.591797 1.141602 1311187195.916329
1.021484 0.591797 1.141602 1311187195.937323
0.797852 0.628906 0.945312 1311187195.974331
0.684570 0.549805 0.975586 1311187196.019334
0.555664 0.493164 0.870117 1311187196.043320
0.438477 0.453125 0.712891 1311187196.088327
0.308594 0.331055 0.559570 1311187196.089335
0.068359 0.226562 0.492188 1311187196.164337
-0.064453 0.181641 0.382812 1311187196.177320
-0.245117 0.111328 0.267578 1311187196.209355
-0.293945 0.033203 0.137695 1311187196.249339
-0.310547 -0.018555 0.057617 1311187196.277336
-0.448242 -0.089844 -0.087891 1311187196.299339
-0.427734 -0.137695 -0.159180 1311187196.344325
-0.486328 -0.113281 -0.233398 1311187196.376342
-0.578125 -0.239258 -0.317383 1311187196.413338
-0.596680 -0.164062 -0.303711 1311187196.438340
-0.621094 -0.213867 -0.433594 1311187196.461341
-0.687500 -0.158203 -0.490234 1311187196.484337
-0.620117 -0.082031 -0.559570 1311187196.538341
-0.745117 -0.108398 -0.681641 1311187196.566334
-0.769531 -0.068359 -0.731445 1311187196.591344
-0.797852 -0.058594 -0.743164 1311187196.616344
-0.787109 0.043945 -0.737305 1311187196.661337
-0.812500 0.043945 -0.737305 1311187196.682325
-0.808594 0.002930 -0.774414 1311187196.726350
-0.827148 -0.015625 -0.733398 1311187196.756349
-0.858398 0.052734 -0.663086 1311187196.789350
-0.890625 0.016602 -0.705078 1311187196.814353
-0.814453 0.021484 -0.583984 1311187196.856347
-0.814453 0.021484 -0.583984 1311187196.878352
-0.712891 0.089844 -0.410156 1311187196.906339
-0.616211 0.003906 -0.232422 1311187196.969353
-0.562500 -0.082031 -0.128906 1311187197.017361
-0.522461 -0.080078 -0.086914 1311187197.046348
-0.436523 -0.146484 -0.041992 1311187197.051334
-0.244141 -0.146484 -0.041992 1311187197.076353
-0.079102 -0.092773 0.062500 1311187197.141353
0.078125 -0.077148 0.011719 1311187197.156366
0.095703 -0.207031 -0.047852 1311187197.177359
0.209961 -0.080078 0.035156 1311187197.198351
0.437500 -0.083008 0.165039 1311187197.244359
0.564453 -0.269531 0.004883 1311187197.267359
0.770508 -0.112305 0.148438 1311187197.307355
0.967773 -0.077148 0.205078 1311187197.333421
1.033203 -0.217773 0.237305 1311187197.354336
1.302734 -0.016602 0.371094 1311187197.398361
1.297852 -0.157227 0.310547 1311187197.423360
1.403320 0.018555 0.594727 1311187197.469363
1.577148 -0.083984 0.498047 1311187197.491361
1.740234 -0.028320 0.491211 1311187197.516339
1.781250 0.158203 0.672852 1311187197.561354
1.728516 -0.060547 0.569336 1311187197.582358
1.552734 -0.060547 0.569336 1311187197.606367
1.600586 0.116211 0.507812 1311187197.666369
1.642578 -0.011719 0.494141 1311187197.716373
1.524414 0.115234 0.481445 1311187197.717363
1.480469 0.065430 0.473633 1311187197.754424
1.483398 0.007812 0.433594 1311187197.776364
1.566406 0.069336 0.352539 1311187197.820365
1.659180 0.080078 0.261719 1311187197.852373
1.650391 0.039062 0.237305 1311187197.876370
1.571289 0.065430 0.186523 1311187197.919365
1.543945 -0.085938 0.035156 1311187197.942364
1.425781 0.088867 0.101562 1311187197.964369
1.425781 0.088867 0.101562 1311187198.009372
1.279297 -0.069336 0.072266 1311187198.053371
1.212891 -0.064453 0.084961 1311187198.078375
1.178711 -0.078125 0.049805 1311187198.101353
1.089844 -0.027344 0.075195 1311187198.143395
1.076172 0.029297 0.130859 1311187198.166370
1.023438 -0.035156 0.130859 1311187198.189378
1.089844 -0.035156 0.130859 1311187198.231371
1.111328 0.097656 0.316406 1311187198.258374
1.039062 -0.081055 0.296875 1311187198.302361
1.057617 0.093750 0.471680 1311187198.332376
0.970703 0.009766 0.519531 1311187198.355368
0.992188 0.042969 0.580078 1311187198.399371
0.900391 0.114258 0.714844 1311187198.424366
0.791992 -0.017578 0.761719 1311187198.449367
0.812500 0.011719 0.702148 1311187198.502384
0.718750 0.042969 0.746094 1311187198.531360
0.675781 -0.008789 0.746094 1311187198.554361
0.491211 -0.035156 0.586914 1311187198.584378
0.441406 -0.058594 0.588867 1311187198.628382
0.288086 -0.061523 0.507812 1311187198.652395
0.177734 -0.103516 0.420898 1311187198.688387
0.071289 -0.115234 0.368164 1311187198.714390
-0.069336 -0.115234 0.368164 1311187198.738391
-0.198242 -0.113281 0.223633 1311187198.788391
-0.310547 -0.126953 0.201172 1311187198.811388
-0.344727 -0.130859 0.096680 1311187198.857385
-0.416016 -0.184570 0.007812 1311187198.878380
-0.446289 -0.162109 -0.082031 1311187198.923472
-0.480469 -0.162109 -0.082031 1311187198.924388
-0.562500 -0.198242 -0.246094 1311187199.007388
-0.563477 -0.171875 -0.292969 1311187199.026373
-0.655273 -0.136719 -0.398438 1311187199.051389
-0.736328 -0.093750 -0.460938 1311187199.073387
-0.769531 -0.094727 -0.546875 1311187199.098394
-0.795898 -0.068359 -0.663086 1311187199.126392
-0.763672 0.013672 -0.700195 1311187199.169393
-0.858398 0.019531 -0.752930 1311187199.214494
-0.887695 0.041016 -0.831055 1311187199.238394
-0.869141 0.059570 -0.841797 1311187199.261397
-0.851562 0.085938 -0.846680 1311187199.297397
-0.931641 0.144531 -0.964844 1311187199.333397
-0.839844 0.148438 -0.895508 1311187199.401398
-0.826172 0.073242 -0.844727 1311187199.403388
-0.796875 0.021484 -0.786133 1311187199.421397
-0.809570 0.060547 -0.708984 1311187199.464396
-0.694336 0.015625 -0.693359 1311187199.486520
-0.593750 -0.079102 -0.693359 1311187199.509382
-0.593750 -0.079102 -0.693359 1311187199.553403
-0.503906 0.113281 -0.470703 1311187199.591404
-0.413086 0.042969 -0.358398 1311187199.618401
-0.262695 -0.021484 -0.309570 1311187199.661420
-0.137695 -0.015625 -0.258789 1311187199.716402
-0.041992 -0.040039 -0.258789 1311187199.721404
0.143555 -0.154297 -0.021484 1311187199.748405
0.434570 -0.264648 -0.037109 1311187199.773391
0.492188 -0.066406 0.082031 1311187199.816391
0.601562 -0.111328 0.125000 1311187199.861407
0.867188 -0.199219 0.091797 1311187199.862403
1.027344 -0.050781 0.258789 1311187199.907423
1.199219 -0.050781 0.258789 1311187199.931406
1.319336 -0.209961 0.592773 1311187199.978410
1.362305 -0.221680 0.505859 1311187200.007410
1.446289 -0.146484 0.640625 1311187200.028405
1.456055 -0.311523 0.707031 1311187200.063407
1.522461 -0.193359 0.513672 1311187200.116415
1.578125 -0.053711 0.666992 1311187200.141413
1.524414 -0.213867 0.564453 1311187200.163563
1.449219 -0.159180 0.385742 1311187200.191411
1.500000 -0.034180 0.505859 1311187200.256421
1.562500 -0.159180 0.491211 1311187200.293416
1.678711 -0.169922 0.401367 1311187200.294397
1.583008 -0.129883 0.408203 1311187200.336420
1.620117 -0.197266 0.424805 1311187200.357423
1.486328 -0.102539 0.384766 1311187200.399419
1.511719 0.046875 -0.192383 1311187200.421420
1.355469 -0.350586 0.656250 1311187200.466422
1.598633 -0.444336 0.310547 1311187200.488441
1.583984 0.019531 0.143555 1311187200.532423
1.510742 -0.133789 0.168945 1311187200.553419
1.476562 -0.025391 0.077148 1311187200.576419
1.419922 -0.019531 0.061523 1311187200.621424
1.266602 -0.025391 0.032227 1311187200.644416
1.235352 -0.136719 0.011719 1311187200.689428
1.170898 -0.122070 0.014648 1311187200.712428
1.007812 -0.117188 0.064453 1311187200.756425
0.912109 -0.022461 0.062500 1311187200.782428
0.915039 -0.022461 0.062500 1311187200.806417
0.953125 -0.099609 0.299805 1311187200.849424
0.979492 0.091797 0.416992 1311187200.874431
1.138672 -0.186523 0.490234 1311187200.904421
1.080078 -0.147461 0.538086 1311187200.943430
1.018555 0.043945 0.699219 1311187200.969436
1.075195 -0.181641 0.704102 1311187201.016450
0.887695 -0.089844 0.733398 1311187201.037439
0.943359 0.019531 0.838867 1311187201.082429
0.830078 -0.084961 0.772461 1311187201.103425
0.730469 -0.023438 0.737305 1311187201.126430
0.708984 0.016602 0.730469 1311187201.168424
0.526367 -0.093750 0.569336 1311187201.192436
0.439453 0.002930 0.547852 1311187201.254435
0.351562 -0.069336 0.450195 1311187201.264406
0.177734 -0.042969 0.405273 1311187201.311432
0.000977 -0.015625 0.354492 1311187201.334442
-0.021484 -0.074219 0.288086 1311187201.356435
-0.021484 -0.074219 0.288086 1311187201.378433
-0.237305 -0.113281 0.084961 1311187201.425435
-0.352539 -0.110352 0.010742 1311187201.449436
-0.407227 -0.160156 -0.050781 1311187201.493443
-0.409180 -0.146484 -0.075195 1311187201.528445
-0.540039 -0.125000 -0.152344 1311187201.578453
-0.596680 -0.089844 -0.216797 1311187201.579436
-0.686523 -0.071289 -0.284180 1311187201.621421
-0.713867 -0.068359 -0.390625 1311187201.642441
-0.693359 -0.048828 -0.512695 1311187201.687452
-0.702148 0.013672 -0.787109 1311187201.708440
-0.708008 0.128906 -0.947266 1311187201.754435
-0.790039 0.151367 -0.947266 1311187201.778457
-0.779297 0.117188 -1.053711 1311187201.803443
-0.844727 0.181641 -1.084961 1311187201.847447
-0.847656 0.167969 -0.981445 1311187201.878452
-0.861328 0.105469 -0.918945 1311187201.909442
-0.744141 0.090820 -0.918945 1311187201.937436
-0.744141 0.090820 -0.918945 1311187201.963448
-0.531250 0.046875 -0.566406 1311187202.008445
-0.475586 0.065430 -0.526367 1311187202.029454
-0.297852 0.058594 -0.462891 1311187202.074427
-0.157227 -0.044922 -0.242188 1311187202.110441
0.015625 -0.012695 -0.209961 1311187202.135442
0.164062 -0.071289 -0.083984 1311187202.158453
0.340820 0.084961 0.077148 1311187202.200451
0.580078 0.020508 0.159180 1311187202.226508
0.743164 0.032227 0.193359 1311187202.257454
0.817383 -0.013672 0.215820 1311187202.283457
1.052734 -0.090820 0.260742 1311187202.325453
1.092773 -0.055664 0.254883 1311187202.369472
1.317383 0.041992 0.218750 1311187202.392453
1.500000 -0.091797 0.392578 1311187202.417468
1.612305 -0.020508 0.425781 1311187202.460458
1.698242 -0.058594 0.508789 1311187202.485458
1.639648 -0.067383 0.640625 1311187202.508451
1.725586 -0.057617 0.701172 1311187202.550458
1.642578 -0.095703 0.709961 1311187202.583462
1.569336 -0.075195 0.674805 1311187202.608456
1.603516 -0.057617 0.618164 1311187202.659454
1.636719 -0.111328 0.494141 1311187202.680523
1.585938 -0.069336 0.431641 1311187202.705465
1.444336 -0.055664 0.334961 1311187202.740455
1.384766 -0.092773 0.354492 1311187202.783440
1.410156 -0.079102 0.325195 1311187202.816463
1.404297 -0.136719 0.346680 1311187202.865469
1.510742 -0.136719 0.346680 1311187202.867463
1.469727 0.015625 0.371094 1311187202.904469
1.603516 -0.091797 0.256836 1311187202.948465
1.632812 0.018555 -0.109375 1311187202.969467
1.600586 -0.004883 0.035156 1311187203.012484
1.434570 -0.009766 0.113281 1311187203.033470
1.372070 0.240234 0.113281 1311187203.054472
1.287109 -0.101562 0.083008 1311187203.098472
1.199219 -0.089844 0.140625 1311187203.123466
1.068359 -0.071289 0.188477 1311187203.167476
1.019531 -0.079102 0.268555 1311187203.188462
1.051758 -0.025391 0.308594 1311187203.232474
1.041016 -0.018555 0.385742 1311187203.257473
1.125000 -0.101562 0.477539 1311187203.302476
1.103516 0.011719 0.520508 1311187203.323482
1.028320 0.037109 0.584961 1311187203.347472
1.103516 -0.026367 0.667969 1311187203.397477
0.998047 0.052734 0.686523 1311187203.418469
0.998047 0.052734 0.686523 1311187203.439479
0.924805 -0.017578 0.702148 1311187203.493485
0.831055 0.072266 0.740234 1311187203.527473
0.784180 0.078125 0.757812 1311187203.548474
0.718750 0.018555 0.635742 1311187203.592457
0.590820 -0.001953 0.591797 1311187203.613479
0.445312 -0.056641 0.509766 1311187203.657481
0.378906 -0.017578 0.334961 1311187203.698471
0.230469 -0.073242 0.237305 1311187203.723484
0.110352 -0.054688 0.156250 1311187203.745484
-0.106445 -0.121094 0.000977 1311187203.769487
-0.237305 -0.087891 0.000977 1311187203.792483
-0.305664 -0.145508 -0.084961 1311187203.835482
-0.389648 -0.128906 -0.176758 1311187203.880482
-0.406250 -0.056641 -0.234375 1311187203.905212
-0.478516 -0.090820 -0.305664 1311187203.928579
-0.582031 -0.002930 -0.546875 1311187203.972481
-0.649414 0.041992 -0.634766 1311187203.995474
-0.624023 0.169922 -0.753906 1311187204.033494
-0.771484 0.153320 -0.855469 1311187204.062488
-0.964844 0.265625 -0.759766 1311187204.138486
-0.958984 0.150391 -0.682617 1311187204.167459
-0.927734 0.040039 -0.712891 1311187204.168453
-0.937500 0.126953 -0.785156 1311187204.192491
-0.881836 0.144531 -0.861328 1311187204.235486
-0.833008 0.164062 -0.946289 1311187204.258493
-0.854492 0.202148 -0.971680 1311187204.287482
-0.817383 0.169922 -1.001953 1311187204.329486
-0.791992 0.162109 -0.947266 1311187204.365495
-0.757812 0.172852 -0.813477 1311187204.397502
-0.637695 0.152344 -0.708008 1311187204.423494
-0.540039 0.124023 -0.592773 1311187204.467497
-0.476562 0.098633 -0.459961 1311187204.475504
-0.350586 0.043945 -0.422852 1311187204.519495
-0.208984 0.021484 -0.351562 1311187204.543495
-0.032227 0.009766 -0.208008 1311187204.588495
0.130859 -0.047852 -0.181641 1311187204.610508
0.364258 -0.024414 -0.033203 1311187204.655495
0.547852 -0.099609 0.020508 1311187204.679514
0.695312 -0.158203 0.140625 1311187204.702502
0.711914 -0.131836 0.235352 1311187204.745503
0.848633 -0.130859 0.355469 1311187204.773483
1.037109 -0.315430 0.449219 1311187204.817504
1.143555 -0.255859 0.506836 1311187204.842506
1.276367 -0.218750 0.549805 1311187204.863506
1.294922 -0.265625 0.603516 1311187204.908511
1.475586 -0.203125 0.562500 1311187204.933515
1.485352 -0.080078 0.727539 1311187204.961510
1.451172 -0.154297 0.693359 1311187205.007498
1.460938 -0.258789 0.532227 1311187205.028497
1.461914 -0.050781 0.655273 1311187205.070508
1.491211 -0.097656 0.581055 1311187205.095513
1.359375 -0.130859 0.581055 1311187205.120512
1.458984 0.003906 0.481445 1311187205.158511
1.473633 -0.125000 0.468750 1311187205.200518
1.302734 -0.256836 0.403320 1311187205.223488
1.454102 0.041016 0.459961 1311187205.269507
1.383789 -0.166992 0.252930 1311187205.292518
1.501953 0.041992 0.370117 1311187205.334508
1.450195 -0.265625 0.125977 1311187205.355483
1.784180 0.037109 0.424805 1311187205.391512
1.549805 -0.210938 0.436523 1311187205.440515
1.721680 -0.142578 0.065430 1311187205.442513
1.645508 0.048828 0.185547 1311187205.478510
1.495117 -0.055664 0.082031 1311187205.523519
1.360352 0.039062 0.062500 1311187205.548513
1.226562 -0.114258 0.105469 1311187205.590517
1.132812 -0.050781 0.133789 1311187205.615519
1.153320 -0.060547 0.195312 1311187205.637519
1.073242 0.075195 0.445312 1311187205.662522
1.044922 0.039062 0.358398 1311187205.708522
1.013672 -0.000977 0.414062 1311187205.734518
1.121094 -0.046875 0.546875 1311187205.777522
1.207031 -0.190430 0.541992 1311187205.819524
1.182617 -0.027344 0.635742 1311187205.840535
1.193359 -0.013672 0.635742 1311187205.862523
1.060547 0.005859 0.646484 1311187205.909541
1.021484 0.039062 0.666992 1311187205.933521
1.037109 0.015625 0.595703 1311187205.960523
0.810547 -0.008789 0.648438 1311187206.029531
0.748047 -0.002930 0.623047 1311187206.034525
0.688477 0.021484 0.455078 1311187206.072523
0.526367 -0.027344 0.499023 1311187206.095526
0.412109 0.028320 0.499023 1311187206.128532
0.296875 0.015625 0.314453 1311187206.169515
0.114258 -0.017578 0.224609 1311187206.198535
0.000977 -0.030273 0.130859 1311187206.229528
-0.154297 -0.104492 -0.042969 1311187206.254523
-0.305664 -0.132812 -0.089844 1311187206.283511
-0.470703 -0.126953 -0.186523 1311187206.328513
-0.513672 -0.103516 -0.201172 1311187206.350533
-0.553711 -0.109375 -0.192383 1311187206.394535
-0.564453 -0.098633 -0.339844 1311187206.415537
-0.630859 -0.038086 -0.463867 1311187206.438532
-0.713867 -0.049805 -0.541992 1311187206.487537
-0.722656 -0.055664 -0.648438 1311187206.540523
-0.809570 0.023438 -0.784180 1311187206.550500
-0.803711 0.020508 -0.772461 1311187206.572525
-0.757812 -0.003906 -0.865234 1311187206.617530
-0.825195 0.019531 -0.925781 1311187206.653538
-0.849609 0.039062 -0.851562 1311187206.729542
-0.807617 -0.001953 -0.796875 1311187206.747539
-0.872070 0.056641 -0.786133 1311187206.748514
-0.790039 0.113281 -0.773438 1311187206.770529
-0.707031 0.099609 -0.602539 1311187206.793542
-0.627930 0.084961 -0.539062 1311187206.837543
-0.520508 0.084961 -0.446289 1311187206.868513
-0.440430 0.091797 -0.318359 1311187206.899541
-0.207031 0.039062 -0.328125 1311187206.935526
-0.179688 0.020508 -0.150391 1311187206.980586
0.006836 0.020508 -0.150391 1311187207.005547
0.207031 -0.100586 -0.150391 1311187207.017544
0.301758 -0.041992 0.144531 1311187207.072549
0.549805 -0.113281 0.166016 1311187207.103548
0.701172 -0.162109 0.310547 1311187207.125547
0.722656 -0.201172 0.282227 1311187207.172529
0.906250 -0.139648 0.282227 1311187207.173519
1.059570 -0.179688 0.413086 1311187207.217547
1.147461 -0.204102 0.303711 1311187207.267553
1.245117 -0.228516 0.386719 1311187207.289558
1.264648 -0.196289 0.497070 1311187207.312548
1.414062 -0.251953 0.468750 1311187207.354552
1.474609 -0.230469 0.624023 1311187207.400553
1.458984 -0.267578 0.542969 1311187207.422555
1.596680 -0.187500 0.463867 1311187207.467559
1.490234 -0.250977 0.458008 1311187207.489556
1.431641 -0.158203 0.485352 1311187207.512555
1.371094 -0.239258 0.386719 1311187207.534550
1.315430 -0.239258 0.386719 1311187207.562561
1.381836 -0.114258 0.288086 1311187207.604546
1.331055 -0.138672 0.213867 1311187207.652554
1.479492 0.011719 0.141602 1311187207.673557
1.387695 -0.113281 0.055664 1311187207.717605
1.405273 -0.041016 0.021484 1311187207.739560
1.333984 -0.162109 0.123047 1311187207.782567
1.301758 -0.207031 0.154297 1311187207.805557
1.421875 -0.219727 0.078125 1311187207.848561
1.490234 -0.087891 0.069336 1311187207.873548
1.549805 -0.050781 -0.028320 1311187207.894562
1.605469 -0.236328 -0.028320 1311187207.917562
1.509766 -0.209961 -0.070312 1311187208.020612
1.324219 -0.125000 -0.039062 1311187208.022563
1.249023 -0.176758 -0.117188 1311187208.038562
1.268555 -0.304688 -0.127930 1311187208.054571
1.203125 -0.182617 -0.041992 1311187208.097565
1.083984 -0.129883 -0.118164 1311187208.123570
1.103516 -0.129883 -0.118164 1311187208.144559
1.103516 -0.129883 -0.118164 1311187208.190539
0.913086 -0.127930 -0.068359 1311187208.234568
0.959961 -0.121094 -0.027344 1311187208.255567
0.871094 -0.127930 -0.086914 1311187208.278572
0.871094 -0.127930 -0.086914 1311187208.320571
0.832031 -0.175781 0.007812 1311187208.342573
0.714844 -0.226562 -0.068359 1311187208.387570
0.707031 -0.130859 -0.064453 1311187208.409574
0.650391 -0.104492 -0.061523 1311187208.453568
0.670898 -0.166992 0.000977 1311187208.475572
0.620117 -0.133789 -0.020508 1311187208.508574
0.643555 -0.032227 -0.012695 1311187208.552577
0.647461 0.033203 -0.051758 1311187208.597577
0.631836 0.115234 -0.019531 1311187208.599573
0.644531 0.121094 0.038086 1311187208.643541
0.690430 0.118164 0.047852 1311187208.667581
0.685547 0.105469 0.057617 1311187208.713579
0.722656 0.115234 0.068359 1311187208.755578
0.734375 0.197266 0.144531 1311187208.778588
0.749023 0.299805 0.208984 1311187208.802578
0.788086 0.339844 0.230469 1311187208.847583
0.863281 0.284180 0.292969 1311187208.860560
0.922852 0.279297 0.339844 1311187208.902560
0.885742 0.304688 0.367188 1311187208.924578
0.931641 0.195312 0.427734 1311187208.968595
0.819336 0.232422 0.433594 1311187208.992583
0.830078 0.275391 0.351562 1311187209.034583
0.997070 0.275391 0.351562 1311187209.057579
1.009766 0.245117 0.321289 1311187209.100584
0.988281 -0.206055 0.253906 1311187209.123579
0.954102 -0.013672 0.143555 1311187209.167609
0.949219 0.166992 0.021484 1311187209.189580
