0.976562 0.097656 0.194336 1310583708.698888
0.934570 -0.146484 0.150391 1310583708.723961
0.894531 -0.204102 0.125977 1310583708.747955
0.865234 -0.127930 0.089844 1310583708.795969
0.893555 -0.099609 0.103516 1310583708.834868
0.851562 -0.061523 0.085938 1310583708.855869
0.810547 -0.127930 0.021484 1310583708.877959
0.661133 -0.152344 0.034180 1310583708.918891
0.664062 -0.215820 -0.009766 1310583708.943912
0.805664 -0.252930 -0.083008 1310583708.987967
0.939453 -0.254883 -0.056641 1310583709.011922
0.843750 -0.208008 -0.071289 1310583709.038976
0.859375 -0.226562 -0.030273 1310583709.068888
0.735352 -0.163086 0.036133 1310583709.112905
0.746094 -0.187500 0.042969 1310583709.133904
0.765625 -0.238281 0.043945 1310583709.178849
0.979492 -0.242188 0.050781 1310583709.212836
0.784180 -0.152344 0.089844 1310583709.257887
0.799805 -0.173828 -0.004883 1310583709.258830
1.011719 -0.187500 -0.063477 1310583709.301855
1.039062 -0.295898 -0.063477 1310583709.324883
1.147461 -0.211914 -0.138672 1310583709.371844
1.224609 -0.502930 -0.114258 1310583709.413881
1.065430 -0.455078 -0.149414 1310583709.436904
1.138672 -0.389648 -0.177734 1310583709.459912
1.045898 -0.414062 -0.212891 1310583709.483846
1.076172 -0.224609 -0.212891 1310583709.520834
1.084961 -0.326172 -0.191406 1310583709.566973
1.075195 -0.254883 -0.220703 1310583709.588971
1.328125 -0.200195 0.085938 1310583709.634972
1.097656 -0.181641 -0.072266 1310583709.656972
0.822266 -0.041016 -0.458008 1310583709.704912
1.109375 0.201172 -0.299805 1310583709.728940
1.037109 0.078125 -0.084961 1310583709.751936
0.853516 -0.060547 -0.124023 1310583709.793949
0.885742 -0.063477 -0.045898 1310583709.816976
0.901367 0.226562 -0.013672 1310583709.839966
0.900391 0.100586 0.071289 1310583709.883896
0.917969 0.305664 -0.017578 1310583709.927900
1.021484 0.349609 -0.156250 1310583709.949980
1.064453 0.215820 -0.161133 1310583709.993901
1.051758 0.279297 -0.068359 1310583710.017928
0.955078 0.306641 -0.041992 1310583710.039869
0.973633 0.236328 0.049805 1310583710.115014
0.916016 0.191406 0.017578 1310583710.132950
0.927734 0.431641 0.083008 1310583710.133943
0.938477 0.359375 0.156250 1310583710.177850
0.741211 0.278320 0.172852 1310583710.208852
0.637695 0.304688 0.180664 1310583710.232931
0.641602 0.309570 0.180664 1310583710.269859
0.646484 0.287109 0.107422 1310583710.294858
0.694336 0.330078 0.044922 1310583710.351861
0.637695 0.539062 -0.188477 1310583710.352855
0.883789 0.658203 -0.147461 1310583710.393869
0.907227 0.300781 0.253906 1310583710.436948
0.893555 0.206055 0.451172 1310583710.459934
0.837891 0.206055 0.451172 1310583710.481853
0.866211 0.625977 0.280273 1310583710.536957
0.809570 0.457031 0.190430 1310583710.561999
0.803711 0.427734 0.066406 1310583710.597915
0.786133 0.464844 0.041016 1310583710.619913
0.786133 0.464844 0.041016 1310583710.643003
0.841797 0.348633 0.077148 1310583710.707931
0.854492 0.375977 0.084961 1310583710.708987
0.841797 0.399414 0.084961 1310583710.743922
0.818359 0.459961 0.050781 1310583710.788888
0.780273 0.423828 0.053711 1310583710.811867
0.800781 0.414062 0.082031 1310583710.858936
0.850586 0.431641 0.040039 1310583710.892964
0.832031 0.414062 0.034180 1310583710.916926
0.837891 0.398438 0.023438 1310583710.939940
0.838867 0.388672 0.054688 1310583710.982967
0.807617 0.375977 0.053711 1310583711.005002
0.809570 0.374023 0.064453 1310583711.048002
0.811523 0.410156 0.068359 1310583711.072956
0.812500 0.455078 0.048828 1310583711.096969
0.845703 0.497070 0.029297 1310583711.142877
0.838867 0.470703 0.026367 1310583711.173931
0.833008 0.422852 0.052734 1310583711.196904
0.846680 0.451172 0.028320 1310583711.241913
0.833008 0.400391 0.020508 1310583711.264922
0.817383 0.398438 0.051758 1310583711.308879
0.829102 0.390625 0.023438 1310583711.332025
0.843750 0.400391 -0.017578 1310583711.384961
0.845703 0.392578 -0.017578 1310583711.410916
-2.000000 0.392578 -0.017578 1310583711.411926
