1.006836 0.201172 -0.288086 1310510877.149434
0.944336 0.428711 -0.364258 1310510877.172476
0.957031 1.081055 -0.249023 1310510877.215430
0.916992 1.175781 -0.360352 1310510877.258418
0.939453 1.022461 -0.339844 1310510877.259387
0.939453 1.022461 -0.339844 1310510877.304494
0.881836 0.959961 -0.573242 1310510877.345411
0.808594 0.933594 -0.767578 1310510877.390468
0.732422 0.823242 -0.811523 1310510877.392462
0.623047 0.749023 -0.874023 1310510877.434446
0.452148 0.666016 -0.862305 1310510877.462465
0.219727 0.666016 -0.862305 1310510877.484477
0.126953 0.491211 -0.864258 1310510877.532443
0.022461 0.500977 -0.963867 1310510877.584480
0.086914 0.501953 -1.094727 1310510877.608432
0.137695 0.522461 -1.036133 1310510877.622421
0.233398 0.601562 -0.981445 1310510877.643443
0.291992 0.460938 -0.775391 1310510877.694404
1.972656 -1.982422 1.987305 1310510877.715395
-0.663086 0.053711 -0.828125 1310510877.759425
-0.550781 -0.037109 0.071289 1310510877.783475
0.375000 1.598633 0.383789 1310510877.805411
-0.496094 0.591797 0.000000 1310510877.849449
-0.177734 0.922852 0.016602 1310510877.884483
-0.414062 0.748047 -0.511719 1310510877.929538
-0.401367 0.592773 -0.801758 1310510877.953523
-0.624023 0.453125 -1.180664 1310510877.974465
-0.838867 0.249023 -1.466797 1310510878.018458
-0.714844 0.386719 -1.508789 1310510878.039441
-0.742188 0.292969 -1.508789 1310510878.061443
-0.508789 0.292969 -1.508789 1310510878.105425
-0.073242 0.661133 -0.884766 1310510878.130410
1.987305 1.980469 1.991211 1310510878.178411
-1.813477 0.426758 -1.195312 1310510878.200595
0.273438 0.426758 -1.195312 1310510878.224503
0.161133 1.288086 -0.333008 1310510878.269505
-0.223633 0.554688 0.220703 1310510878.337461
-0.168945 1.113281 -0.271484 1310510878.338409
-0.256836 0.757812 -0.710938 1310510878.358447
-0.493164 0.504883 -1.234375 1310510878.400452
-0.456055 0.376953 -1.516602 1310510878.423462
-0.606445 0.350586 -1.641602 1310510878.468498
-0.455078 0.371094 -1.702148 1310510878.490469
-0.476562 0.204102 -1.945312 1310510878.535506
-0.080078 0.504883 -1.343750 1310510878.559448
-0.541016 0.743164 1.153320 1310510878.582436
-0.833008 1.983398 -1.569336 1310510878.625424
-0.622070 1.183594 -0.000977 1310510878.648416
0.660156 1.240234 0.462891 1310510878.692447
-0.907227 0.708008 -0.179688 1310510878.725506
-0.079102 1.000000 0.097656 1310510878.747515
-0.416992 0.810547 -0.537109 1310510878.769472
-0.413086 0.588867 -1.069336 1310510878.813541
-0.751953 0.298828 -1.553711 1310510878.857420
-0.729492 0.272461 -1.722656 1310510878.881468
-0.726562 0.265625 -1.979492 1310510878.925478
-0.589844 0.224609 -1.747070 1310510878.948418
-0.154297 0.455078 -1.247070 1310510878.971510
-1.985352 -1.161133 1.972656 1310510879.015496
-1.261719 1.978516 0.465820 1310510879.035399
-0.782227 0.712891 0.106445 1310510879.080405
0.592773 1.035156 0.262695 1310510879.123444
-0.726562 0.700195 -0.053711 1310510879.144511
-0.058594 1.029297 0.192383 1310510879.167522
-0.058594 1.029297 0.192383 1310510879.189488
-0.261719 0.656250 -0.915039 1310510879.237473
-0.556641 0.421875 -1.358398 1310510879.259490
-0.731445 0.322266 -1.667969 1310510879.303438
-0.747070 0.270508 -1.776367 1310510879.325508
-0.497070 0.270508 -1.776367 1310510879.368469
-0.532227 0.402344 -1.894531 1310510879.402527
-0.299805 0.425781 -1.584961 1310510879.424514
0.275391 0.628906 -0.992188 1310510879.469680
1.412109 1.976562 -1.976562 1310510879.510515
-0.983398 0.274414 -0.232422 1310510879.533529
0.182617 0.330078 0.082031 1310510879.605546
-0.470703 0.691406 0.215820 1310510879.632459
-0.229492 0.144531 -0.169922 1310510879.633433
0.054688 0.761719 -0.114258 1310510879.655527
0.186523 0.669922 -0.251953 1310510879.679481
0.137695 0.679688 -0.362305 1310510879.722474
0.159180 0.794922 -0.528320 1310510879.743483
0.087891 0.827148 -0.608398 1310510879.788447
0.140625 0.882812 -0.588867 1310510879.809450
0.194336 0.980469 -0.591797 1310510879.852534
0.254883 1.050781 -0.627930 1310510879.877543
0.312500 1.108398 -0.609375 1310510879.914491
0.312500 1.108398 -0.609375 1310510879.929443
0.425781 1.125000 -0.592773 1310510879.975451
0.439453 1.056641 -0.530273 1310510880.017440
0.480469 0.920898 -0.473633 1310510880.039504
0.512695 0.822266 -0.473633 1310510880.063539
0.510742 0.747070 -0.473633 1310510880.098509
0.604492 0.686523 -0.435547 1310510880.145455
0.655273 0.617188 -0.362305 1310510880.173521
0.689453 0.574219 -0.272461 1310510880.195493
0.769531 0.524414 -0.236328 1310510880.239503
0.894531 0.503906 -0.238281 1310510880.275541
0.993164 0.503906 -0.238281 1310510880.293498
1.084961 0.391602 -0.191406 1310510880.339500
1.053711 0.281250 -0.269531 1310510880.362459
1.064453 0.144531 -0.235352 1310510880.385550
1.027344 0.087891 -0.161133 1310510880.422472
1.019531 0.101562 -0.077148 1310510880.465544
1.010742 0.187500 0.011719 1310510880.488535
