0.941406 0.078125 0.371094 1311188081.039555
0.976562 -0.019531 0.438477 1311188081.101544
0.979492 0.119141 0.570312 1311188081.103543
0.935547 0.079102 0.670898 1311188081.125529
1.033203 0.185547 0.766602 1311188081.149509
1.010742 0.235352 0.729492 1311188081.197496
1.017578 0.279297 0.703125 1311188081.219501
0.956055 0.359375 0.764648 1311188081.241499
0.948242 0.443359 0.754883 1311188081.284539
0.900391 0.523438 0.731445 1311188081.308539
0.878906 0.520508 0.716797 1311188081.357555
0.766602 0.596680 0.727539 1311188081.379554
0.716797 0.678711 0.775391 1311188081.424561
0.595703 0.835938 0.798828 1311188081.447608
0.546875 0.835938 0.798828 1311188081.472560
0.467773 0.850586 0.711914 1311188081.502563
0.418945 0.633789 0.635742 1311188081.533550
0.295898 0.722656 0.539062 1311188081.581507
0.198242 0.644531 0.383789 1311188081.602548
0.051758 0.619141 0.247070 1311188081.644559
0.051758 0.619141 0.247070 1311188081.667557
0.018555 0.392578 -0.107422 1311188081.697562
-0.072266 0.275391 -0.155273 1311188081.731568
-0.278320 0.324219 -0.210938 1311188081.776557
-0.271484 0.253906 -0.132812 1311188081.799525
-0.200195 0.035156 -0.166992 1311188081.843509
-0.139648 -0.295898 -0.158203 1311188081.864544
-0.223633 -0.743164 -0.407227 1311188081.907511
-0.362305 -0.748047 -0.489258 1311188081.928585
-0.354492 -0.824219 -0.372070 1311188081.949555
-0.428711 -1.248047 -0.425781 1311188081.994547
-0.374023 -1.349609 -0.317383 1311188082.016568
-0.427734 -1.568359 -0.399414 1311188082.061573
-0.250977 -1.540039 -0.198242 1311188082.103516
-0.475586 -1.666992 -0.319336 1311188082.127524
-0.405273 -1.304688 -0.189453 1311188082.153519
-0.423828 -1.004883 -0.167969 1311188082.194521
-0.427734 -0.780273 -0.214844 1311188082.219518
-0.305664 -0.554688 -0.257812 1311188082.243575
-0.371094 -0.372070 -0.238281 1311188082.287574
-0.226562 -0.233398 -0.313477 1311188082.324555
-0.337891 0.046875 -0.333984 1311188082.388567
-0.458984 0.226562 -0.255859 1311188082.389551
-0.386719 0.239258 -0.142578 1311188082.411572
-0.239258 0.297852 -0.002930 1311188082.456579
-0.143555 0.406250 0.020508 1311188082.478573
-0.056641 0.417969 0.121094 1311188082.500567
-0.008789 0.523438 0.177734 1311188082.543524
0.081055 0.501953 0.330078 1311188082.569525
0.254883 0.599609 0.419922 1311188082.604565
0.287109 0.560547 0.381836 1311188082.633586
0.573242 0.611328 0.370117 1311188082.677583
0.798828 0.568359 0.392578 1311188082.698580
0.985352 0.450195 0.485352 1311188082.722576
1.260742 0.683594 0.386719 1311188082.769557
1.328125 0.083984 0.549805 1311188082.801528
1.588867 0.569336 0.457031 1311188082.826568
1.713867 0.155273 0.596680 1311188082.871531
1.671875 0.109375 1.014648 1311188082.897579
1.402344 0.057617 1.360352 1311188082.933595
1.403320 -0.000977 1.299805 1311188082.954583
1.229492 -0.046875 1.799805 1311188082.979602
1.012695 -0.038086 1.984375 1311188083.026581
1.113281 -0.652344 1.303711 1311188083.048599
1.153320 -0.000977 1.252930 1311188083.103537
1.239258 0.162109 1.240234 1311188083.126572
1.327148 0.316406 1.191406 1311188083.169541
1.632812 0.464844 0.874023 1311188083.183536
1.629883 0.604492 0.667969 1311188083.216560
1.476562 0.709961 0.557617 1311188083.249582
1.352539 0.751953 0.521484 1311188083.272595
1.174805 0.658203 0.477539 1311188083.316589
1.029297 0.638672 0.477539 1311188083.344583
1.029297 0.638672 0.477539 1311188083.371584
0.639648 0.740234 0.319336 1311188083.417595
0.469727 0.812500 0.280273 1311188083.448589
0.271484 0.632812 0.208984 1311188083.469598
0.127930 0.579102 0.190430 1311188083.514542
0.115234 0.499023 0.103516 1311188083.537566
0.092773 0.370117 -0.146484 1311188083.562597
-0.027344 0.168945 -0.323242 1311188083.631599
-0.173828 0.187500 -0.386719 1311188083.668595
-0.222656 -0.027344 -0.245117 1311188083.691599
-0.318359 -0.313477 -0.328125 1311188083.702619
-0.333984 -0.313477 -0.328125 1311188083.720593
-0.346680 -0.478516 -0.417969 1311188083.791549
-0.192383 -0.658203 -0.367188 1311188083.797549
-0.107422 -0.810547 -0.247070 1311188083.841554
-0.341797 -1.285156 -0.219727 1311188083.862549
-0.245117 -1.524414 -0.110352 1311188083.884594
-0.400391 -1.920898 -0.234375 1311188083.928584
-0.329102 -1.689453 -0.065430 1311188083.972603
-0.401367 -1.416016 -0.085938 1311188083.993614
-0.483398 -1.111328 -0.063477 1311188084.026582
-0.568359 -0.979492 -0.059570 1311188084.047556
-0.554688 -0.850586 -0.096680 1311188084.091588
-0.459961 -0.705078 -0.117188 1311188084.134564
-0.465820 -0.573242 -0.198242 1311188084.157561
-0.411133 -0.454102 -0.208984 1311188084.202589
-0.226562 -0.244141 -0.196289 1311188084.204594
-0.223633 -0.180664 -0.257812 1311188084.252607
-0.164062 -0.012695 -0.291992 1311188084.277616
-0.143555 0.093750 -0.041992 1311188084.300593
-0.045898 0.210938 -0.193359 1311188084.346644
0.060547 0.150391 -0.146484 1311188084.377640
0.312500 0.208008 -0.082031 1311188084.399609
0.522461 0.253906 0.048828 1311188084.442593
0.726562 0.331055 0.048828 1311188084.464562
0.997070 0.411133 0.362305 1311188084.507598
1.206055 0.502930 0.550781 1311188084.552635
1.596680 0.474609 0.366211 1311188084.574607
1.638672 0.334961 0.644531 1311188084.604608
1.976562 0.420898 0.898438 1311188084.631616
1.741211 0.098633 0.837891 1311188084.679620
1.966797 0.287109 0.921875 1311188084.701613
1.794922 0.104492 1.244141 1311188084.723597
1.499023 -0.214844 1.428711 1311188084.771572
1.399414 -0.291016 1.854492 1311188084.792583
1.337891 0.261719 1.985352 1311188084.836571
1.057617 -1.099609 1.499023 1311188084.857615
1.308594 -0.084961 1.249023 1311188084.880649
1.435547 0.429688 1.319336 1311188084.954624
1.530273 0.271484 1.162109 1311188084.973635
1.685547 0.300781 0.969727 1311188085.003576
1.818359 0.668945 1.009766 1311188085.032580
1.643555 0.634766 0.789062 1311188085.058600
1.471680 0.694336 0.539062 1311188085.084580
1.471680 0.577148 0.559570 1311188085.126650
1.259766 0.543945 0.434570 1311188085.147626
1.106445 0.569336 0.377930 1311188085.189630
0.814453 0.474609 0.255859 1311188085.212645
0.555664 0.508789 0.170898 1311188085.248634
0.555664 0.508789 0.170898 1311188085.273633
0.140625 0.346680 0.093750 1311188085.319623
-0.011719 0.219727 0.057617 1311188085.341629
-0.142578 0.140625 -0.037109 1311188085.384637
-0.230469 0.173828 -0.213867 1311188085.406631
-0.230469 0.173828 -0.213867 1311188085.429600
-0.083008 -0.073242 -0.305664 1311188085.492645
-0.092773 -0.574219 -0.425781 1311188085.514650
-0.416992 -0.885742 -0.578125 1311188085.539638
-0.387695 -1.122070 -0.402344 1311188085.569653
-0.494141 -1.122070 -0.402344 1311188085.591637
-0.416016 -1.551758 -0.392578 1311188085.636663
-0.504883 -1.613281 -0.410156 1311188085.658614
-0.442383 -1.272461 -0.383789 1311188085.704583
-0.594727 -1.083008 -0.321289 1311188085.734615
-0.509766 -0.838867 -0.304688 1311188085.778588
-0.493164 -0.659180 -0.239258 1311188085.789590
-0.606445 -0.465820 -0.198242 1311188085.826630
-0.488281 -0.270508 -0.225586 1311188085.851635
-0.505859 -0.089844 -0.265625 1311188085.882652
-0.504883 0.059570 -0.163086 1311188085.913635
-0.421875 0.129883 -0.105469 1311188085.958619
-0.362305 0.144531 -0.069336 1311188086.008588
-0.279297 0.171875 -0.019531 1311188086.009592
-0.244141 0.177734 0.033203 1311188086.053595
-0.061523 0.197266 0.003906 1311188086.074591
0.017578 0.234375 0.108398 1311188086.123652
0.161133 0.310547 0.179688 1311188086.144649
0.401367 0.402344 0.383789 1311188086.239668
0.611328 0.361328 0.415039 1311188086.241652
0.826172 0.688477 0.548828 1311188086.261658
0.982422 0.531250 0.554688 1311188086.282651
1.099609 0.374023 0.540039 1311188086.311638
1.444336 0.429688 0.790039 1311188086.336644
1.500000 0.352539 0.687500 1311188086.376646
1.417969 0.276367 0.973633 1311188086.399599
1.475586 0.090820 0.838867 1311188086.447630
1.688477 0.225586 0.688477 1311188086.469663
1.489258 0.111328 1.042969 1311188086.492656
1.331055 0.136719 1.042969 1311188086.521656
1.101562 -0.113281 1.042969 1311188086.566655
1.101562 -0.113281 1.042969 1311188086.592657
0.969727 -1.309570 1.394531 1311188086.648638
1.187500 -0.480469 0.898438 1311188086.671605
1.337891 0.319336 1.046875 1311188086.693603
1.352539 0.270508 0.966797 1311188086.717653
1.352539 0.270508 0.966797 1311188086.746606
1.423828 0.259766 0.755859 1311188086.791637
1.362305 0.566406 0.751953 1311188086.818669
1.165039 0.654297 0.714844 1311188086.861664
1.085938 0.674805 0.772461 1311188086.887656
1.071289 0.601562 0.563477 1311188086.932665
0.872070 0.640625 0.488281 1311188086.974613
0.741211 0.611328 0.472656 1311188086.992660
0.526367 0.628906 0.454102 1311188087.039613
0.412109 0.687500 0.312500 1311188087.062618
0.283203 0.551758 0.293945 1311188087.093662
0.107422 0.502930 0.358398 1311188087.116660
0.018555 0.206055 0.174805 1311188087.139667
-0.071289 0.226562 -0.039062 1311188087.171670
-0.206055 0.216797 -0.190430 1311188087.202669
-0.313477 0.271484 -0.240234 1311188087.254667
-0.332031 0.257812 -0.352539 1311188087.276682
-0.207031 0.137695 -0.375977 1311188087.299636
-0.179688 -0.132812 -0.387695 1311188087.344672
-0.197266 -0.479492 -0.488281 1311188087.366617
-0.321289 -0.773438 -0.522461 1311188087.409648
-0.571289 -1.302734 -0.500000 1311188087.457669
-0.436523 -1.692383 -0.517578 1311188087.549674
-0.424805 -1.655273 -0.504883 1311188087.563678
-0.417969 -1.438477 -0.448242 1311188087.564672
-0.515625 -1.193359 -0.411133 1311188087.581651
-0.500977 -1.019531 -0.406250 1311188087.607623
-0.502930 -0.776367 -0.405273 1311188087.631624
-0.428711 -0.526367 -0.405273 1311188087.652624
-0.344727 -0.374023 -0.336914 1311188087.697633
-0.396484 -0.215820 -0.225586 1311188087.723674
-0.310547 -0.146484 -0.202148 1311188087.762679
-0.324219 0.001953 -0.110352 1311188087.783668
-0.217773 0.077148 -0.084961 1311188087.828663
-0.037109 0.090820 -0.084961 1311188087.840655
0.071289 0.179688 -0.009766 1311188087.904664
0.323242 0.335938 0.129883 1311188087.928630
0.454102 0.333008 0.227539 1311188087.951663
0.703125 0.409180 0.297852 1311188087.987631
1.035156 0.327148 0.321289 1311188088.013655
1.188477 0.498047 0.474609 1311188088.059699
1.397461 0.237305 0.593750 1311188088.083770
1.542969 0.382812 0.698242 1311188088.132686
1.651367 0.402344 0.827148 1311188088.153702
1.857422 0.278320 0.763672 1311188088.174686
1.926758 0.605469 1.145508 1311188088.196689
1.784180 0.365234 0.971680 1311188088.241683
1.445312 0.466797 1.272461 1311188088.284670
1.244141 0.186523 1.523438 1311188088.311685
0.911133 0.384766 1.983398 1311188088.354640
1.240234 -0.774414 1.932617 1311188088.376681
1.121094 0.100586 0.932617 1311188088.397704
1.219727 0.285156 1.127930 1311188088.439692
1.464844 0.711914 1.096680 1311188088.461692
1.498047 0.375977 0.841797 1311188088.507694
1.562500 0.582031 0.806641 1311188088.533689
1.513672 0.660156 0.785156 1311188088.564648
1.500977 0.632812 0.535156 1311188088.589654
1.371094 0.822266 0.623047 1311188088.636650
1.257812 0.701172 0.567383 1311188088.664643
1.128906 0.821289 0.451172 1311188088.709749
0.985352 0.728516 0.461914 1311188088.733709
0.789062 0.601562 0.354492 1311188088.762702
0.520508 0.434570 0.228516 1311188088.799689
0.270508 0.434570 0.228516 1311188088.829706
0.186523 0.262695 0.168945 1311188088.856672
0.006836 0.166016 0.062500 1311188088.894656
-0.093750 0.030273 -0.057617 1311188088.923699
-0.165039 -0.004883 -0.124023 1311188088.949661
-0.204102 -0.048828 -0.240234 1311188088.992659
-0.182617 -0.133789 -0.358398 1311188089.037685
-0.396484 -0.265625 -0.512695 1311188089.058681
-0.405273 -0.497070 -0.496094 1311188089.079724
-0.432617 -0.767578 -0.574219 1311188089.103712
-0.476562 -0.913086 -0.520508 1311188089.156707
-0.476562 -0.913086 -0.520508 1311188089.181706
-0.424805 -1.153320 -0.533203 1311188089.203714
-0.445312 -1.244141 -0.510742 1311188089.247656
-0.486328 -1.251953 -0.421875 1311188089.272654
-0.501953 -1.095703 -0.374023 1311188089.319733
-0.515625 -0.967773 -0.364258 1311188089.324709
-0.619141 -0.833984 -0.407227 1311188089.369704
-0.608398 -0.722656 -0.287109 1311188089.423714
-0.636719 -0.649414 -0.268555 1311188089.447710
-0.573242 -0.552734 -0.203125 1311188089.486714
-0.499023 -0.385742 -0.179688 1311188089.493712
-0.469727 -0.265625 -0.208984 1311188089.537669
-0.393555 -0.148438 -0.173828 1311188089.581732
-0.424805 0.060547 -0.194336 1311188089.613698
-0.229492 0.140625 -0.192383 1311188089.636674
-0.223633 0.237305 -0.135742 1311188089.661667
-0.113281 0.296875 -0.045898 1311188089.693718
0.026367 0.296875 -0.045898 1311188089.717728
0.106445 0.339844 0.092773 1311188089.764715
0.319336 0.455078 0.180664 1311188089.787721
0.464844 0.458008 0.323242 1311188089.831700
0.653320 0.496094 0.390625 1311188089.853667
0.928711 0.404297 0.476562 1311188089.899726
1.019531 0.503906 0.671875 1311188089.921689
1.263672 0.556641 0.824219 1311188089.964666
1.305664 0.460938 0.749023 1311188089.988680
1.440430 0.542969 0.889648 1311188090.023720
1.538086 0.367188 0.894531 1311188090.087697
1.527344 0.121094 0.818359 1311188090.113674
1.413086 0.219727 0.897461 1311188090.114671
1.419922 0.287109 0.672852 1311188090.147715
1.396484 0.268555 0.610352 1311188090.171713
1.407227 -0.070312 0.578125 1311188090.213735
0.975586 0.548828 1.747070 1311188090.258675
0.900391 -1.967773 0.242188 1311188090.259674
1.100586 0.782227 0.242188 1311188090.306709
