0.941406 0.081055 0.079102 1309563199.076614
1.061523 0.023438 0.086914 1309563199.099607
1.083008 0.110352 0.203125 1309563199.144618
1.169922 1.152344 0.637695 1309563199.188618
0.956055 0.982422 1.088867 1309563199.211641
1.159180 1.092773 1.213867 1309563199.279629
1.319336 1.476562 1.178711 1309563199.281730
1.498047 1.430664 1.093750 1309563199.301710
1.519531 1.414062 0.877930 1309563199.339628
1.496094 1.512695 0.752930 1309563199.363626
1.432617 1.236328 0.708008 1309563199.409623
1.245117 1.134766 0.642578 1309563199.434624
1.163086 0.917969 0.439453 1309563199.481640
0.983398 0.792969 0.294922 1309563199.503623
0.674805 0.673828 0.163086 1309563199.547625
0.515625 0.435547 0.097656 1309563199.571628
0.274414 0.285156 0.025391 1309563199.591629
0.132812 0.141602 -0.087891 1309563199.722609
-0.061523 0.086914 -0.177734 1309563199.723612
-0.174805 -0.106445 -0.177734 1309563199.725631
-0.260742 -0.057617 -0.205078 1309563199.758625
-0.396484 -0.078125 -0.276367 1309563199.759627
-0.535156 -0.046875 -0.327148 1309563199.803634
-0.614258 -0.105469 -0.363281 1309563199.871605
-0.697266 -0.083984 -0.404297 1309563199.873607
-0.700195 0.003906 -0.404297 1309563199.895630
-0.743164 -0.092773 -0.481445 1309563199.917630
-0.804688 0.101562 -0.610352 1309563200.073636
-0.874023 -0.029297 -0.660156 1309563200.108641
-0.892578 -0.074219 -0.602539 1309563200.174639
-0.876953 0.036133 -0.572266 1309563200.197634
-0.909180 0.045898 -0.538086 1309563200.198630
-0.961914 0.045898 -0.538086 1309563200.221652
-0.934570 0.038086 -0.431641 1309563200.266638
-0.832031 0.026367 -0.329102 1309563200.292648
-0.811523 0.111328 -0.374023 1309563200.382653
-0.979492 0.219727 -0.485352 1309563200.403641
-0.962891 0.014648 -0.485352 1309563200.426641
-0.910156 0.031250 -0.486328 1309563200.446629
-0.933594 0.081055 -0.548828 1309563200.467642
-0.934570 0.110352 -0.640625 1309563200.471644
-0.876953 0.084961 -0.707031 1309563200.513628
-0.884766 0.139648 -0.721680 1309563200.515644
-0.732422 0.078125 -0.701172 1309563200.602629
-0.541992 0.096680 -0.687500 1309563200.643650
-0.450195 0.140625 -0.663086 1309563200.711653
-0.245117 0.103516 -0.652344 1309563200.754650
-0.020508 0.092773 -0.608398 1309563200.756645
0.291016 0.072266 -0.608398 1309563200.757648
0.459961 0.119141 -0.510742 1309563200.809648
0.500000 0.070312 -0.479492 1309563200.827669
0.733398 0.106445 -0.330078 1309563200.829641
1.026367 -0.049805 -0.035156 1309563200.831645
1.378906 0.017578 0.209961 1309563200.832722
1.540039 -0.242188 0.418945 1309563200.851655
1.706055 -0.264648 0.356445 1309563200.854663
1.982422 0.596680 0.971680 1309563200.896636
1.805664 0.193359 0.568359 1309563200.939650
1.984375 0.317383 0.985352 1309563200.941642
1.975586 -0.046875 0.915039 1309563200.984650
1.952148 0.251953 0.932617 1309563201.027630
1.828125 0.101562 0.848633 1309563201.029654
1.977539 0.233398 0.541016 1309563201.073651
1.830078 0.325195 0.613281 1309563201.119665
1.562500 0.180664 0.502930 1309563201.142629
1.648438 0.151367 0.364258 1309563201.163654
1.739258 0.425781 0.180664 1309563201.206656
1.621094 0.210938 0.228516 1309563201.281673
1.382812 0.095703 0.160156 1309563201.282657
1.218750 0.020508 0.005859 1309563201.343638
1.214844 0.143555 -0.145508 1309563201.344665
1.141602 0.098633 -0.263672 1309563201.384663
1.183594 0.386719 -0.122070 1309563201.414668
1.072266 -0.024414 -0.176758 1309563201.457642
1.178711 0.013672 -0.319336 1309563201.458636
1.108398 0.241211 -0.374023 1309563201.493668
0.923828 0.098633 -0.292969 1309563201.513662
1.012695 0.000000 -0.212891 1309563201.557667
1.077148 -0.101562 -0.207031 1309563201.612663
1.210938 0.031250 -0.057617 1309563201.613668
1.371094 -0.074219 0.094727 1309563201.656652
1.502930 -0.039062 0.132812 1309563201.678672
1.619141 0.031250 0.249023 1309563201.721682
1.703125 0.031250 0.249023 1309563201.743678
1.798828 0.080078 0.386719 1309563201.809677
1.790039 0.119141 0.471680 1309563201.811667
1.784180 0.056641 0.530273 1309563201.856673
1.771484 0.019531 0.500000 1309563201.879651
1.775391 0.048828 0.509766 1309563201.922674
1.666992 -0.003906 0.493164 1309563201.945667
1.581055 0.027344 0.385742 1309563201.989678
1.341797 0.085938 0.320312 1309563202.012675
1.156250 0.132812 0.263672 1309563202.033692
1.081055 0.068359 0.297852 1309563202.143677
0.961914 0.074219 0.304688 1309563202.328679
0.961914 0.074219 0.304688 1309563202.351818
0.650391 -0.028320 0.226562 1309563202.619688
0.474609 -0.019531 0.192383 1309563202.621684
0.273438 -0.021484 0.125977 1309563202.642671
0.097656 -0.033203 0.041992 1309563202.687691
-0.096680 -0.058594 0.008789 1309563202.711674
-0.235352 -0.122070 -0.014648 1309563202.756686
-0.417969 -0.012695 0.025391 1309563202.757674
-0.359375 -0.099609 0.004883 1309563202.843681
-0.412109 -0.170898 -0.141602 1309563202.904697
-0.476562 -0.094727 -0.227539 1309563202.906662
-0.541016 -0.167969 -0.284180 1309563202.997695
-0.674805 -0.124023 -0.377930 1309563203.019719
-0.780273 -0.136719 -0.366211 1309563203.039694
-0.791016 -0.115234 -0.323242 1309563203.041694
-0.799805 -0.130859 -0.338867 1309563203.106674
-0.773438 -0.074219 -0.317383 1309563203.109703
-0.767578 -0.246094 -0.485352 1309563203.130694
-0.805664 -0.112305 -0.738281 1309563203.151679
-0.781250 -0.045898 -0.816406 1309563203.153693
-0.750000 -0.063477 -0.806641 1309563203.221719
-0.765625 -0.115234 -0.833008 1309563203.222744
-0.833008 -0.175781 -0.887695 1309563203.223688
-0.823242 -0.175781 -0.887695 1309563203.243697
-0.791992 -0.188477 -0.843750 1309563203.266697
-0.841797 -0.234375 -0.876953 1309563203.288731
-0.822266 -0.219727 -0.862305 1309563203.309662
-0.808594 -0.248047 -0.738281 1309563203.329702
-0.812500 -0.310547 -0.746094 1309563203.331696
-0.812500 -0.310547 -0.746094 1309563203.332695
-0.723633 -0.243164 -0.692383 1309563203.354700
-0.685547 -0.257812 -0.667969 1309563203.396693
-0.685547 -0.233398 -0.629883 1309563203.419710
-0.695312 -0.212891 -0.616211 1309563203.441706
-0.615234 -0.269531 -0.601562 1309563203.443673
-0.543945 -0.215820 -0.547852 1309563203.446703
-0.389648 -0.136719 -0.542969 1309563203.446716
-0.177734 -0.083008 -0.450195 1309563203.464729
-0.022461 -0.061523 -0.428711 1309563203.466694
0.098633 -0.007812 -0.411133 1309563203.488699
0.310547 0.032227 -0.340820 1309563203.490783
0.524414 0.006836 -0.383789 1309563203.511710
0.751953 -0.076172 -0.301758 1309563203.553696
1.045898 -0.105469 -0.123047 1309563203.576700
1.296875 0.274414 0.126953 1309563203.601703
1.461914 0.492188 0.292969 1309563203.644712
1.773438 0.302734 0.537109 1309563203.687706
1.851562 0.376953 0.666016 1309563203.729712
1.928711 0.342773 0.935547 1309563203.731700
1.930664 0.288086 1.018555 1309563203.732697
1.936523 0.028320 0.811523 1309563203.753710
1.867188 0.179688 0.750000 1309563203.776704
1.981445 0.429688 0.750000 1309563203.809717
1.979492 0.282227 0.647461 1309563203.872685
1.979492 0.138672 0.468750 1309563203.894717
1.978516 0.160156 0.703125 1309563203.943739
1.667969 0.038086 0.324219 1309563203.944706
1.608398 0.143555 0.333008 1309563204.018749
1.408203 -0.019531 0.415039 1309563204.020708
1.319336 -0.139648 0.025391 1309563204.069709
1.268555 -0.187500 -0.043945 1309563204.134719
1.121094 -0.072266 0.039062 1309563204.183743
1.176758 -0.010742 -0.164062 1309563204.184713
1.066406 -0.009766 -0.176758 1309563204.227737
1.066406 -0.009766 -0.176758 1309563204.229709
1.145508 0.060547 -0.277344 1309563204.339693
1.100586 0.044922 -0.258789 1309563204.389718
1.134766 -0.082031 -0.192383 1309563204.391711
1.269531 -0.003906 -0.176758 1309563204.412700
1.328125 -0.027344 -0.076172 1309563204.413720
1.390625 -0.109375 0.018555 1309563204.433720
1.485352 -0.044922 0.101562 1309563204.456720
1.536133 -0.039062 0.188477 1309563204.457720
1.589844 -0.105469 0.261719 1309563204.480733
1.632812 -0.043945 0.396484 1309563204.533723
1.601562 -0.212891 0.455078 1309563204.556723
1.650391 -0.157227 0.355469 1309563204.594708
1.687500 -0.091797 0.319336 1309563204.642722
1.543945 0.031250 0.431641 1309563204.643720
1.499023 0.132812 0.456055 1309563204.687723
1.466797 0.146484 0.416992 1309563204.734732
1.435547 0.163086 0.426758 1309563204.736722
1.435547 0.163086 0.426758 1309563204.782734
1.300781 0.083008 0.333008 1309563204.889738
1.165039 0.031250 0.365234 1309563204.891711
1.066406 -0.017578 0.327148 1309563204.892708
0.886719 -0.065430 0.277344 1309563205.002794
0.725586 -0.065430 0.277344 1309563205.003727
0.536133 -0.069336 0.216797 1309563205.026734
0.377930 -0.083984 0.139648 1309563205.083705
0.201172 -0.072266 0.084961 1309563205.239733
0.062500 -0.041016 0.092773 1309563205.303740
-0.105469 -0.020508 -0.116211 1309563205.348721
-0.105469 -0.020508 -0.116211 1309563205.349743
-0.286133 -0.394531 -0.180664 1309563205.374741
-0.332031 -0.194336 -0.125977 1309563205.376733
-0.409180 0.122070 -0.160156 1309563205.396733
-0.538086 0.144531 -0.257812 1309563205.497742
-0.583008 0.197266 -0.322266 1309563205.522748
-0.620117 0.281250 -0.357422 1309563205.564747
-0.645508 0.304688 -0.435547 1309563205.609750
-0.708008 0.185547 -0.505859 1309563205.628746
-0.742188 0.136719 -0.576172 1309563205.673725
-0.871094 0.005859 -0.713867 1309563205.697749
-0.901367 0.191406 -0.765625 1309563205.698742
-0.826172 0.256836 -0.816406 1309563205.739731
-0.789062 0.249023 -0.822266 1309563205.741747
-0.784180 0.135742 -0.872070 1309563205.742742
-0.786133 0.138672 -0.875000 1309563205.858752
-0.809570 0.178711 -0.898438 1309563205.879723
-0.859375 0.048828 -0.905273 1309563205.967755
-0.869141 0.048828 -0.792969 1309563206.014753
-0.850586 0.007812 -0.705078 1309563206.106756
-0.845703 0.027344 -0.673828 1309563206.109751
-0.849609 0.043945 -0.666016 1309563206.201744
-0.853516 0.111328 -0.683594 1309563206.224747
-0.801758 0.039062 -0.663086 1309563206.247755
-0.792969 0.041992 -0.685547 1309563206.269747
-0.786133 0.093750 -0.656250 1309563206.312750
-0.740234 0.123047 -0.658203 1309563206.314745
-0.716797 0.103516 -0.641602 1309563206.352761
-0.635742 0.128906 -0.622070 1309563206.464758
-0.590820 0.108398 -0.656250 1309563206.485793
-0.500000 0.036133 -0.649414 1309563206.488728
-0.386719 -0.117188 -0.629883 1309563206.509835
-0.219727 -0.070312 -0.582031 1309563206.511757
0.014648 -0.024414 -0.482422 1309563206.531760
0.260742 0.045898 -0.374023 1309563206.532751
0.457031 0.070312 -0.293945 1309563206.597752
0.630859 0.008789 -0.284180 1309563206.598747
0.815430 -0.026367 -0.262695 1309563206.619848
1.142578 0.014648 -0.137695 1309563206.621763
1.452148 -0.007812 0.093750 1309563206.639763
1.640625 0.052734 0.368164 1309563206.641765
1.717773 -0.119141 0.697266 1309563206.704778
1.740234 -0.207031 0.647461 1309563206.707766
1.964844 -0.041016 0.705078 1309563206.731778
1.958008 -0.298828 0.830078 1309563206.748768
1.981445 -0.276367 0.638672 1309563206.771763
1.975586 -0.376953 0.777344 1309563206.772763
1.861328 -0.463867 0.671875 1309563206.775215
1.882812 -0.056641 0.794922 1309563206.776755
1.772461 -0.106445 0.534180 1309563206.819765
1.838867 -0.144531 0.375977 1309563206.821760
1.800781 -0.005859 0.503906 1309563206.846768
1.580078 0.045898 0.230469 1309563206.847760
1.620117 -0.112305 0.076172 1309563206.851765
1.572266 -0.250977 0.016602 1309563206.869740
1.433594 -0.061523 0.048828 1309563206.941776
1.399414 -0.039062 -0.003906 1309563206.943739
1.311523 -0.016602 0.055664 1309563206.971770
1.190430 -0.016602 0.055664 1309563207.002772
1.201172 0.180664 -0.028320 1309563207.052769
1.092773 0.148438 -0.174805 1309563207.132803
1.038086 0.062500 -0.161133 1309563207.152787
1.074219 0.075195 -0.160156 1309563207.181786
1.088867 -0.010742 -0.202148 1309563207.193773
1.267578 -0.010742 -0.202148 1309563207.194769
1.322266 -0.050781 -0.032227 1309563207.259764
1.368164 0.018555 -0.024414 1309563207.292770
1.327148 -0.095703 0.121094 1309563207.334777
1.287109 -0.118164 0.154297 1309563207.357796
1.315430 -0.002930 0.220703 1309563207.358777
1.487305 -0.024414 0.269531 1309563207.381776
1.512695 -0.099609 0.330078 1309563207.424779
1.494141 -0.034180 0.422852 1309563207.466777
1.532227 -0.181641 0.470703 1309563207.489781
1.428711 -0.188477 0.551758 1309563207.532782
1.427734 -0.112305 0.601562 1309563207.554773
1.440430 -0.141602 0.509766 1309563207.577797
1.354492 -0.091797 0.547852 1309563207.621783
1.266602 -0.049805 0.529297 1309563207.687779
1.166992 -0.025391 0.483398 1309563207.726785
1.038086 -0.079102 0.459961 1309563207.747783
0.896484 -0.043945 0.423828 1309563207.748780
0.896484 -0.043945 0.423828 1309563207.768782
0.602539 -0.110352 0.336914 1309563207.837789
0.456055 -0.102539 0.305664 1309563207.880782
0.348633 -0.053711 0.171875 1309563207.950795
0.239258 -0.060547 0.155273 1309563207.952786
0.095703 -0.060547 0.155273 1309563207.953788
-0.105469 -0.033203 -0.027344 1309563208.040799
-0.241211 0.144531 -0.148438 1309563208.042788
-0.328125 0.026367 -0.192383 1309563208.043786
-0.374023 -0.058594 -0.189453 1309563208.152796
-0.426758 -0.019531 -0.231445 1309563208.153775
-0.491211 -0.022461 -0.231445 1309563208.175793
-0.663086 -0.033203 -0.330078 1309563208.195789
-0.693359 0.104492 -0.295898 1309563208.215798
-0.754883 0.044922 -0.357422 1309563208.237795
-0.746094 0.079102 -0.472656 1309563208.260792
-0.783203 -0.117188 -0.575195 1309563208.282796
-0.791992 -0.093750 -0.683594 1309563208.653809
-0.794922 -0.021484 -0.736328 1309563208.678812
-0.726562 0.050781 -0.477539 1309563208.698802
-0.803711 0.022461 -0.610352 1309563208.699808
-0.848633 0.069336 -0.786133 1309563208.733808
-0.846680 0.053711 -0.888672 1309563208.734798
-0.871094 0.025391 -0.955078 1309563208.760812
-0.842773 0.072266 -0.959961 1309563208.787808
-0.818359 0.035156 -0.928711 1309563208.849806
-0.839844 0.052734 -0.903320 1309563208.872778
-0.826172 0.070312 -0.859375 1309563208.894807
-0.875000 0.045898 -0.819336 1309563208.913808
-0.835938 0.035156 -0.775391 1309563208.915802
-0.795898 0.069336 -0.783203 1309563208.918802
-0.762695 0.100586 -0.774414 1309563208.941824
-0.736328 0.084961 -0.725586 1309563209.023823
-0.727539 0.105469 -0.751953 1309563209.153814
-0.631836 0.115234 -0.501953 1309563209.175811
-0.641602 0.097656 -0.705078 1309563209.198819
-0.736328 0.014648 -0.650391 1309563209.202820
-0.650391 0.017578 -0.571289 1309563209.222813
-0.375000 -0.017578 -0.513672 1309563209.223807
-0.239258 0.015625 -0.455078 1309563209.265819
-0.182617 0.029297 -0.408203 1309563209.324835
0.028320 -0.002930 -0.381836 1309563209.419833
0.218750 0.063477 -0.354492 1309563209.440815
0.365234 0.083984 -0.201172 1309563209.442900
0.542969 0.107422 -0.062500 1309563209.444817
0.690430 -0.169922 0.085938 1309563209.478811
0.802734 -0.419922 0.085938 1309563209.479809
1.103516 -0.419922 0.085938 1309563209.501818
1.216797 -0.072266 0.435547 1309563209.504816
1.238281 -0.332031 0.500000 1309563209.523808
1.485352 -0.108398 0.637695 1309563209.525813
1.565430 -0.150391 0.520508 1309563209.547818
1.597656 -0.277344 0.416016 1309563209.568829
1.838867 0.201172 0.577148 1309563209.569820
1.983398 -0.018555 0.593750 1309563209.570816
1.979492 0.056641 0.880859 1309563209.608827
1.821289 0.060547 0.669922 1309563209.620819
1.847656 0.168945 0.617188 1309563209.622812
1.752930 0.013672 0.827148 1309563209.650829
1.702148 -0.089844 0.541992 1309563209.720827
1.638672 0.011719 0.375000 1309563209.744830
1.478516 0.178711 0.431641 1309563209.764821
1.454102 0.123047 0.136719 1309563209.765826
1.500977 -0.071289 -0.031250 1309563209.802819
1.343750 -0.133789 -0.032227 1309563209.850830
1.228516 -0.023438 -0.072266 1309563209.879791
1.253906 0.093750 -0.155273 1309563209.904841
1.250000 0.027344 -0.205078 1309563209.955854
1.213867 -0.167969 -0.231445 1309563210.020826
1.206055 -0.167969 -0.231445 1309563210.022438
1.313477 -0.021484 -0.262695 1309563210.024814
1.314453 -0.039062 -0.263672 1309563210.055825
1.268555 0.009766 -0.160156 1309563210.114841
1.350586 -0.029297 -0.132812 1309563210.149823
1.151367 -0.118164 -0.073242 1309563210.197826
1.195312 -0.083984 -0.000977 1309563210.198784
1.215820 -0.113281 0.010742 1309563210.314872
1.333008 0.101562 0.264648 1309563210.334873
1.325195 0.034180 0.365234 1309563210.335850
1.397461 -0.031250 0.396484 1309563210.358859
1.504883 0.124023 0.455078 1309563210.379855
1.576172 0.162109 0.606445 1309563210.400845
1.578125 0.105469 0.596680 1309563210.423810
1.556641 0.048828 0.510742 1309563210.444839
1.501953 0.069336 0.521484 1309563210.492843
1.435547 0.111328 0.444336 1309563210.540817
1.295898 0.007812 0.405273 1309563210.559824
1.289062 -0.153320 0.365234 1309563210.649841
1.077148 -0.300781 0.258789 1309563210.692828
0.907227 -0.279297 0.299805 1309563210.694819
0.666016 -0.184570 0.342773 1309563210.695815
0.603516 -0.072266 0.377930 1309563210.738845
0.476562 -0.101562 0.336914 1309563210.739843
0.316406 -0.107422 0.229492 1309563210.830845
0.214844 -0.093750 0.208984 1309563210.851849
0.062500 -0.050781 0.136719 1309563211.030821
-0.081055 -0.089844 0.017578 1309563211.052845
-0.139648 -0.017578 -0.082031 1309563211.055845
-0.210938 -0.042969 -0.176758 1309563211.057854
-0.353516 -0.009766 -0.203125 1309563211.058845
-0.509766 0.010742 -0.318359 1309563211.059844
-0.582031 0.087891 -0.321289 1309563211.073858
-0.600586 0.107422 -0.343750 1309563211.074846
-0.703125 0.150391 -0.337891 1309563211.164858
-0.692383 0.150391 -0.337891 1309563211.165848
-0.747070 0.072266 -0.428711 1309563211.409863
-0.822266 0.070312 -0.496094 1309563211.454852
-0.909180 -0.116211 -0.583984 1309563211.497864
-0.891602 0.040039 -0.586914 1309563211.635863
-0.850586 0.114258 -0.536133 1309563211.744862
-0.850586 0.114258 -0.536133 1309563211.745862
-0.875977 0.097656 -0.637695 1309563211.834865
-0.874023 0.131836 -0.700195 1309563211.854863
-0.854492 0.076172 -0.665039 1309563211.874838
-0.895508 0.052734 -0.603516 1309563211.943853
-0.908203 0.005859 -0.625977 1309563211.965883
-0.895508 0.050781 -0.631836 1309563211.967867
-0.899414 0.146484 -0.659180 1309563211.987861
-0.900391 0.124023 -0.684570 1309563211.988858
-0.878906 0.148438 -0.681641 1309563212.027871
-0.921875 0.164062 -0.708984 1309563212.028863
-0.920898 0.125000 -0.672852 1309563212.042871
-0.877930 0.158203 -0.710938 1309563212.172875
-0.828125 0.101562 -0.686523 1309563212.262925
-0.778320 0.175781 -0.683594 1309563212.263872
-0.786133 0.109375 -0.672852 1309563212.284871
-0.750000 0.165039 -0.608398 1309563212.287870
-0.691406 0.125000 -0.577148 1309563212.287882
-0.635742 0.123047 -0.555664 1309563212.287892
-0.563477 0.118164 -0.522461 1309563212.287903
-0.445312 0.072266 -0.449219 1309563212.287913
-0.293945 0.105469 -0.478516 1309563212.287923
-0.125977 0.103516 -0.432617 1309563212.333850
0.072266 0.105469 -0.432617 1309563212.335870
0.239258 0.105469 -0.372070 1309563212.382879
0.532227 0.077148 -0.345703 1309563212.383851
0.665039 0.038086 -0.311523 1309563212.408882
0.922852 0.009766 -0.026367 1309563212.442882
1.142578 -0.271484 0.217773 1309563212.443870
1.218750 -0.231445 0.392578 1309563212.473872
1.358398 -0.171875 0.566406 1309563212.474864
1.480469 -0.229492 0.589844 1309563212.543860
1.506836 -0.235352 0.758789 1309563212.544880
1.571289 -0.056641 0.842773 1309563212.585865
1.633789 -0.148438 0.773438 1309563212.587956
1.707031 0.101562 0.773438 1309563212.588870
1.794922 0.087891 0.953125 1309563212.592871
1.663086 0.005859 0.736328 1309563212.628881
1.619141 0.144531 0.640625 1309563212.630877
1.589844 0.206055 0.608398 1309563212.632882
1.586914 0.166992 0.584961 1309563212.633878
1.611328 -0.002930 0.456055 1309563212.658880
1.602539 -0.063477 0.231445 1309563212.687882
1.684570 0.047852 0.235352 1309563212.733886
1.658203 -0.143555 0.169922 1309563212.734877
1.357422 -0.203125 0.056641 1309563212.837893
1.376953 0.165039 0.256836 1309563212.838872
1.374023 -0.248047 0.310547 1309563212.884881
1.204102 -0.004883 0.260742 1309563212.904928
1.282227 -0.144531 0.218750 1309563212.905879
1.312500 -0.021484 0.120117 1309563212.925885
1.282227 0.048828 0.046875 1309563212.969885
1.299805 -0.030273 0.099609 1309563212.993887
1.299805 -0.030273 0.099609 1309563213.015898
1.343750 -0.034180 0.123047 1309563213.059888
1.383789 -0.067383 0.150391 1309563213.103891
1.468750 -0.042969 0.224609 1309563213.127878
1.447266 -0.123047 0.239258 1309563213.152893
1.480469 -0.123047 0.239258 1309563213.174893
1.409180 -0.046875 0.401367 1309563213.244891
1.443359 -0.028320 0.527344 1309563213.285893
1.386719 -0.093750 0.651367 1309563213.287920
1.290039 -0.149414 0.549805 1309563213.309882
1.326172 -0.118164 0.617188 1309563213.352893
1.246094 -0.220703 0.617188 1309563213.375880
1.275391 -0.215820 0.558594 1309563213.433902
1.167969 -0.122070 0.519531 1309563213.447901
1.052734 -0.145508 0.546875 1309563213.533896
0.948242 -0.107422 0.517578 1309563213.535888
0.867188 -0.074219 0.440430 1309563213.537897
0.727539 -0.131836 0.342773 1309563213.579896
0.599609 -0.120117 0.291016 1309563213.643920
0.445312 -0.094727 0.215820 1309563213.645895
0.241211 -0.081055 0.185547 1309563213.671022
0.047852 -0.162109 0.101562 1309563213.713905
-0.023438 -0.055664 0.016602 1309563213.735902
-0.159180 -0.055664 0.016602 1309563213.758898
-0.222656 -0.083984 -0.013672 1309563213.825909
-0.333008 -0.100586 -0.096680 1309563213.973912
-0.395508 -0.021484 -0.117188 1309563213.983878
-0.458008 0.009766 -0.020508 1309563214.004886
-0.493164 -0.111328 -0.106445 1309563214.005909
-0.576172 -0.071289 -0.250977 1309563214.027906
-0.710938 -0.029297 -0.387695 1309563214.028903
-0.829102 -0.001953 -0.396484 1309563214.048904
-0.803711 0.005859 -0.430664 1309563214.069886
-0.860352 -0.040039 -0.500000 1309563214.178909
-0.964844 0.000000 -0.606445 1309563214.179906
-0.905273 -0.009766 -0.552734 1309563214.243933
-0.835938 0.016602 -0.547852 1309563214.247910
-0.843750 -0.001953 -0.542969 1309563214.248905
-0.854492 -0.013672 -0.563477 1309563214.249905
-0.891602 -0.050781 -0.578125 1309563214.315911
-0.873047 -0.103516 -0.578125 1309563214.464932
-0.873047 -0.103516 -0.578125 1309563214.465887
-0.866211 -0.164062 -0.484375 1309563214.489891
-0.743164 -0.420898 -0.480469 1309563214.512917
-0.801758 -0.333984 -0.479492 1309563214.513915
-0.690430 -0.519531 -0.471680 1309563214.523921
-0.777344 -0.408203 -0.558594 1309563214.550922
-0.633789 -0.440430 -0.480469 1309563214.552914
-0.482422 -0.347656 -0.396484 1309563214.574918
-0.389648 -0.220703 -0.368164 1309563214.642931
-0.187500 -0.141602 -0.364258 1309563214.687916
0.002930 -0.052734 -0.333008 1309563214.840931
0.258789 0.026367 -0.263672 1309563214.843922
0.687500 -0.021484 -0.184570 1309563214.879901
0.800781 0.170898 -0.193359 1309563214.950006
1.245117 0.264648 -0.092773 1309563214.950920
1.808594 0.628906 0.181641 1309563214.952923
1.710938 0.683594 0.273438 1309563214.953925
1.981445 1.188477 0.552734 1309563214.993919
1.980469 0.795898 0.633789 1309563215.014933
1.986328 0.575195 0.998047 1309563215.015924
1.981445 0.488281 1.071289 1309563215.017921
1.971680 0.264648 1.249023 1309563215.018920
1.850586 1.076172 1.306641 1309563215.088922
1.410156 1.087891 1.396484 1309563215.108933
1.006836 0.401367 1.370117 1309563215.129941
1.521484 0.058594 1.025391 1309563215.150927
1.157227 -1.047852 0.788086 1309563215.195940
1.088867 -0.168945 0.293945 1309563215.217954
0.763672 -0.168945 0.293945 1309563215.260933
0.763672 -0.168945 0.293945 1309563215.282923
0.894531 -0.151367 0.097656 1309563215.325939
1.081055 0.011719 0.025391 1309563215.369932
1.174805 0.037109 -0.009766 1309563215.391931
1.101562 0.142578 -0.000977 1309563215.479923
0.968750 0.183594 -0.000977 1309563215.481955
0.838867 0.176758 -0.053711 1309563215.502935
0.790039 0.160156 -0.073242 1309563215.503929
0.819336 0.207031 -0.070312 1309563215.547918
0.827148 0.242188 -0.018555 1309563215.570945
0.858398 0.299805 0.052734 1309563215.638938
0.909180 0.118164 0.102539 1309563215.662947
0.839844 0.066406 0.139648 1309563215.680931
0.869141 0.170898 0.109375 1309563215.703939
0.870117 0.170898 0.134766 1309563215.725941
0.866211 0.101562 0.109375 1309563215.769945
0.901367 0.097656 0.115234 1309563215.792943
0.972656 0.077148 0.157227 1309563215.834939
0.973633 0.010742 0.161133 1309563215.857943
0.947266 0.104492 0.138672 1309563215.898941
0.924805 0.087891 0.178711 1309563215.922969
0.893555 0.093750 0.181641 1309563215.964940
0.908203 0.107422 0.181641 1309563215.987961
0.932617 0.113281 0.138672 1309563216.034965
0.935547 0.066406 0.136719 1309563216.055947
0.917969 0.092773 0.147461 1309563216.098959
0.938477 0.046875 0.122070 1309563216.120971
0.986328 0.045898 0.089844 1309563216.165957
0.970703 0.073242 0.069336 1309563216.187956
0.925781 0.059570 0.103516 1309563216.230949
0.949219 0.089844 0.084961 1309563216.253957
0.921875 0.090820 0.103516 1309563216.297952
0.914062 0.093750 0.069336 1309563216.319930
