0.978516 0.390625 0.069336 1311030984.336877
0.971680 0.360352 0.060547 1311030984.359879
1.014648 0.319336 0.065430 1311030984.401878
0.981445 0.307617 0.067383 1311030984.423840
1.000977 0.345703 0.152344 1311030984.466871
1.014648 0.398438 0.197266 1311030984.489824
1.020508 0.566406 0.315430 1311030984.534881
1.158203 0.703125 0.321289 1311030984.558883
1.222656 0.703125 0.321289 1311030984.580880
1.255859 0.667969 0.248047 1311030984.624884
1.310547 0.855469 0.299805 1311030984.668882
1.211914 0.902344 0.317383 1311030984.690893
1.031250 0.902344 0.350586 1311030984.713899
0.898438 0.808594 0.350586 1311030984.758889
0.622070 0.614258 0.207031 1311030984.790891
0.467773 0.542969 0.245117 1311030984.870889
0.303711 0.486328 0.161133 1311030984.872887
0.282227 0.611328 0.134766 1311030984.895888
0.184570 0.367188 0.167969 1311030984.918897
-0.108398 0.171875 0.079102 1311030984.941900
-0.232422 0.141602 0.201172 1311030984.988888
-0.434570 -0.264648 0.121094 1311030985.011890
-0.460938 -0.430664 0.148438 1311030985.040889
-0.551758 -0.326172 0.303711 1311030985.085890
-0.584961 -0.430664 0.264648 1311030985.106893
-0.584961 -0.430664 0.264648 1311030985.130894
-0.589844 -0.367188 0.285156 1311030985.173841
-0.658203 -0.231445 0.283203 1311030985.218836
-0.715820 -0.281250 0.199219 1311030985.241896
-0.774414 -0.135742 0.252930 1311030985.275821
-0.752930 -0.125000 0.311523 1311030985.298903
-0.752930 -0.125000 0.311523 1311030985.321908
-0.849609 -0.214844 0.277344 1311030985.368841
-0.817383 -0.126953 0.311523 1311030985.403897
-0.847656 -0.184570 0.262695 1311030985.449898
-0.807617 -0.127930 0.255859 1311030985.450900
-0.809570 -0.169922 0.246094 1311030985.493899
-0.852539 -0.212891 0.241211 1311030985.515857
-0.865234 -0.295898 0.254883 1311030985.565903
-0.770508 -0.429688 0.348633 1311030985.594857
-0.822266 -0.660156 0.338867 1311030985.644904
-1.165039 -0.876953 0.233398 1311030985.658838
-1.431641 -1.198242 0.260742 1311030985.682918
-1.491211 -0.902344 0.304688 1311030985.732899
-1.985352 -1.376953 0.405273 1311030985.770892
-1.984375 -0.947266 0.153320 1311030985.791878
-0.250000 -0.499023 0.221680 1311030985.813903
1.978516 -0.115234 0.182617 1311030985.836905
1.979492 -0.138672 -0.307617 1311030985.881924
1.096680 -0.331055 -0.852539 1311030985.924911
1.984375 1.660156 0.863281 1311030985.947960
1.981445 0.296875 0.404297 1311030985.969909
1.007812 0.544922 0.386719 1311030986.012907
-1.428711 -0.125000 -0.010742 1311030986.037911
-1.122070 -0.125000 -0.010742 1311030986.084900
-0.988281 -1.123047 0.145508 1311030986.135912
-1.461914 -1.424805 0.266602 1311030986.162871
-1.081055 -1.739258 0.221680 1311030986.164908
-0.988281 -0.709961 -0.044922 1311030986.207915
-0.873047 -0.166992 0.260742 1311030986.230916
-0.681641 -0.253906 0.057617 1311030986.253907
-0.581055 -0.051758 0.307617 1311030986.298919
-0.581055 -0.051758 0.307617 1311030986.320925
-0.785156 -0.035156 0.400391 1311030986.365868
-0.876953 -0.016602 0.400391 1311030986.389879
-0.917969 -0.101562 0.365234 1311030986.436918
-0.892578 -0.041992 0.409180 1311030986.461917
-0.823242 -0.016602 0.351562 1311030986.504919
-0.871094 -0.046875 0.272461 1311030986.527917
-0.792969 -0.021484 0.289062 1311030986.551922
-0.786133 0.056641 0.338867 1311030986.595836
-0.699219 0.025391 0.394531 1311030986.619911
-0.472656 -0.244141 0.394531 1311030986.640937
-0.478516 -0.244141 0.394531 1311030986.684930
-0.666016 -0.453125 0.376953 1311030986.728022
-0.921875 -0.157227 0.191406 1311030986.751934
-0.866211 -0.040039 0.218750 1311030986.772923
-0.768555 0.089844 0.218750 1311030986.822921
-0.818359 0.124023 0.279297 1311030986.846927
-0.708984 0.191406 0.351562 1311030986.890928
-0.706055 0.082031 0.402344 1311030986.914926
-0.728516 0.124023 0.434570 1311030986.955929
-0.772461 0.152344 0.393555 1311030986.977925
-0.755859 0.139648 0.429688 1311030987.000934
-0.689453 0.100586 0.385742 1311030987.047930
-0.747070 -0.003906 0.370117 1311030987.075925
-0.762695 0.000977 0.383789 1311030987.117920
-0.749023 -0.140625 0.390625 1311030987.140932
-0.857422 -0.314453 0.394531 1311030987.162932
-0.857422 -0.314453 0.394531 1311030987.205927
-1.114258 -0.703125 0.384766 1311030987.227936
-1.306641 -0.792969 0.455078 1311030987.277887
-1.791016 -1.111328 0.564453 1311030987.299940
-1.989258 -1.843750 0.136719 1311030987.344939
-0.868164 -1.023438 0.567383 1311030987.366936
0.881836 -1.023438 0.567383 1311030987.437944
1.972656 -1.575195 -0.677734 1311030987.459940
1.873047 1.981445 0.889648 1311030987.460930
1.613281 0.659180 -1.182617 1311030987.501938
0.928711 -1.472656 -0.568359 1311030987.527946
1.250977 0.826172 0.397461 1311030987.549936
0.092773 0.615234 0.725586 1311030987.594891
-0.869141 0.200195 0.484375 1311030987.615940
-1.049805 -0.317383 0.230469 1311030987.659917
-1.390625 -0.664062 0.321289 1311030987.680933
-1.435547 -1.072266 0.370117 1311030987.725943
-1.168945 -0.612305 0.529297 1311030987.747839
-1.059570 -0.583984 0.495117 1311030987.791919
-0.943359 -0.222656 0.443359 1311030987.815921
-0.886719 -0.447266 0.337891 1311030987.857936
-0.712891 -0.123047 0.375977 1311030987.879945
-0.605469 -0.029297 0.376953 1311030987.901948
-0.657227 -0.143555 0.299805 1311030987.967947
-0.617188 -0.011719 0.452148 1311030987.969947
-0.636719 -0.040039 0.439453 1311030988.020950
-0.737305 -0.069336 0.419922 1311030988.042899
-0.668945 0.045898 0.484375 1311030988.065875
-0.729492 -0.035156 0.389648 1311030988.115951
-0.802734 -0.156250 0.426758 1311030988.127954
-0.911133 -0.018555 0.446289 1311030988.172946
-0.706055 -0.035156 0.467773 1311030988.194952
-0.514648 -0.260742 0.377930 1311030988.239950
-0.460938 -0.295898 0.281250 1311030988.260954
-0.573242 -0.325195 0.233398 1311030988.302943
-0.755859 -0.325195 0.233398 1311030988.330960
-0.831055 -0.104492 0.279297 1311030988.362950
-0.772461 -0.108398 0.299805 1311030988.386927
-0.768555 -0.046875 0.259766 1311030988.429957
-0.794922 -0.076172 0.283203 1311030988.475957
-0.863281 -0.052734 0.267578 1311030988.496957
-0.863281 -0.052734 0.267578 1311030988.519961
-0.841797 0.024414 0.336914 1311030988.562954
-0.803711 -0.005859 0.356445 1311030988.605958
-0.799805 0.030273 0.390625 1311030988.629961
-0.802734 -0.028320 0.334961 1311030988.654913
-0.780273 -0.113281 0.324219 1311030988.727971
-0.791016 -0.138672 0.345703 1311030988.729962
-0.770508 -0.170898 0.377930 1311030988.751961
-0.742188 -0.195312 0.327148 1311030988.770962
-0.750977 -0.382812 0.400391 1311030988.814964
-0.935547 -0.634766 0.390625 1311030988.836965
-0.996094 -0.864258 0.542969 1311030988.882967
-1.625000 -1.390625 0.523438 1311030988.905961
-1.988281 -1.790039 0.580078 1311030988.969967
-1.984375 -1.982422 -0.107422 1311030988.970969
-0.252930 -0.955078 0.155273 1311030989.016973
1.980469 -0.663086 -0.536133 1311030989.038940
1.987305 1.746094 0.474609 1311030989.060966
1.644531 0.000977 -0.637695 1311030989.102973
1.330078 0.381836 0.052734 1311030989.147926
1.406250 -0.204102 0.089844 1311030989.169969
0.281250 0.502930 0.624023 1311030989.191966
-1.302734 0.237305 0.406250 1311030989.236967
-1.052734 0.237305 0.406250 1311030989.265972
-1.433594 -1.205078 0.408203 1311030989.302969
-1.510742 -1.230469 0.812500 1311030989.349975
-1.094727 -1.319336 0.719727 1311030989.370980
-0.788086 -0.261719 0.596680 1311030989.416974
-0.881836 0.039062 0.353516 1311030989.419980
-0.852539 0.039062 0.353516 1311030989.450980
-0.694336 -0.056641 0.332031 1311030989.491969
-0.652344 -0.146484 0.391602 1311030989.515975
-0.708984 0.027344 0.364258 1311030989.560980
-0.703125 0.105469 0.353516 1311030989.592980
-0.730469 0.027344 0.357422 1311030989.614969
-0.730469 0.070312 0.426758 1311030989.658006
-0.878906 0.007812 0.363281 1311030989.680989
-0.937500 -0.025391 0.358398 1311030989.724988
-0.848633 0.140625 0.432617 1311030989.746984
-0.753906 0.041016 0.367188 1311030989.792971
-0.689453 0.014648 0.398438 1311030989.814988
-0.339844 -0.292969 0.350586 1311030989.837980
-0.512695 -0.287109 0.338867 1311030989.880985
-0.628906 -0.249023 0.291992 1311030989.902978
-0.826172 -0.172852 0.152344 1311030989.947986
-0.875977 -0.006836 0.163086 1311030990.019986
-0.799805 0.046875 0.233398 1311030990.020980
-0.750000 0.029297 0.234375 1311030990.039990
-0.708984 0.021484 0.355469 1311030990.084979
-0.735352 0.056641 0.344727 1311030990.126977
-0.740234 0.060547 0.338867 1311030990.147992
-0.773438 0.071289 0.441406 1311030990.167990
-0.761719 0.071289 0.441406 1311030990.189991
-0.732422 0.062500 0.406250 1311030990.231982
-0.715820 0.006836 0.345703 1311030990.255964
-0.778320 -0.038086 0.334961 1311030990.297979
-0.793945 -0.137695 0.354492 1311030990.341984
-0.874023 -0.210938 0.358398 1311030990.364993
-0.922852 -0.384766 0.403320 1311030990.388997
-0.927734 -0.492188 0.731445 1311030990.421995
-1.290039 -0.924805 0.581055 1311030990.467937
-1.805664 -1.486328 0.283203 1311030990.490001
-1.978516 -0.877930 0.412109 1311030990.511997
-1.632812 -0.945312 0.035156 1311030990.555996
-0.110352 -0.456055 0.122070 1311030990.580003
1.983398 -0.012695 0.005859 1311030990.615945
1.980469 0.333984 -0.235352 1311030990.642000
1.579102 1.579102 -0.160156 1311030990.692021
1.611328 0.451172 0.139648 1311030990.722993
1.393555 0.410156 0.298828 1311030990.744999
-0.427734 0.125000 0.618164 1311030990.788012
-1.801758 -1.071289 0.203125 1311030990.818004
-1.340820 -1.021484 0.439453 1311030990.840003
-1.700195 -1.184570 0.575195 1311030990.870001
-1.458984 -0.933594 0.366211 1311030990.924972
-1.111328 -0.593750 0.366211 1311030990.930007
-1.045898 -0.120117 0.103516 1311030991.017009
-0.847656 -0.065430 0.209961 1311030991.018014
-0.791016 -0.041016 0.246094 1311030991.038006
-0.726562 0.000000 0.237305 1311030991.059998
-0.687500 -0.020508 0.379883 1311030991.103010
-0.729492 -0.037109 0.237305 1311030991.126012
-0.740234 0.040039 0.262695 1311030991.169972
-0.703125 -0.080078 0.239258 1311030991.215953
-0.745117 0.075195 0.339844 1311030991.238013
-0.710938 0.066406 0.392578 1311030991.292020
-0.802734 0.147461 0.335938 1311030991.317011
-0.802734 0.147461 0.335938 1311030991.317943
-0.769531 -0.006836 0.274414 1311030991.400958
-0.751953 0.031250 0.250977 1311030991.401946
-0.740234 0.021484 0.378906 1311030991.444996
-0.738281 -0.247070 0.356445 1311030991.458004
-0.686523 -0.254883 0.390625 1311030991.500016
-0.792969 -0.276367 0.299805 1311030991.515018
-0.873047 -0.123047 0.253906 1311030991.559937
-0.792969 0.023438 0.266602 1311030991.581016
-0.773438 0.107422 0.268555 1311030991.626006
-0.748047 0.149414 0.294922 1311030991.650017
-0.833984 0.044922 0.334961 1311030991.672019
-0.790039 0.019531 0.308594 1311030991.718008
-0.856445 0.102539 0.290039 1311030991.740986
-0.774414 0.181641 0.307617 1311030991.785969
-0.708984 0.117188 0.301758 1311030991.801010
-0.678711 0.150391 0.317383 1311030991.866012
-0.674805 0.069336 0.397461 1311030991.867011
-0.690430 -0.027344 0.352539 1311030991.911026
-0.790039 -0.063477 0.380859 1311030991.934993
-0.871094 -0.120117 0.436523 1311030991.981996
-1.015625 -0.309570 0.550781 1311030992.003027
-1.074219 -0.403320 0.721680 1311030992.046995
-1.548828 -0.962891 0.721680 1311030992.070005
-1.987305 -1.882812 0.760742 1311030992.113026
-1.990234 -1.982422 -0.014648 1311030992.137245
-0.872070 -1.709961 0.124023 1311030992.168027
1.977539 -0.082031 -1.013672 1311030992.202025
1.985352 0.791016 -1.052734 1311030992.225025
0.833984 1.791016 -1.052734 1311030992.248030
1.984375 0.370117 -0.180664 1311030992.297013
1.392578 -0.236328 0.161133 1311030992.336026
0.140625 0.209961 0.419922 1311030992.357030
-1.536133 -0.287109 0.406250 1311030992.382033
-1.323242 -1.606445 0.108398 1311030992.426971
-1.446289 -0.418945 0.826172 1311030992.449012
-1.605469 -1.144531 0.452148 1311030992.495014
-0.919922 -0.178711 0.810547 1311030992.520009
-1.139648 -0.579102 0.597656 1311030992.600040
-0.952148 -0.168945 0.334961 1311030992.616034
-0.716797 -0.117188 0.291016 1311030992.616968
-0.726562 -0.123047 0.281250 1311030992.661039
-0.657227 -0.019531 0.371094 1311030992.683031
-0.726562 -0.039062 0.356445 1311030992.726041
-0.749023 0.050781 0.351562 1311030992.748038
-0.650391 0.099609 0.407227 1311030992.775044
-0.694336 -0.016602 0.355469 1311030992.818044
-0.720703 0.109375 0.444336 1311030992.842040
-0.716797 0.080078 0.478516 1311030992.886046
-0.773438 0.058594 0.346680 1311030992.932039
-0.757812 -0.028320 0.344727 1311030992.953047
-0.768555 0.059570 0.339844 1311030992.975046
-0.751953 0.023438 0.339844 1311030992.999051
-0.709961 0.136719 0.318359 1311030993.032006
-0.434570 -0.042969 0.418945 1311030993.075982
-0.527344 -0.201172 0.387695 1311030993.097989
-0.717773 -0.209961 0.320312 1311030993.142038
-0.917969 -0.048828 0.260742 1311030993.166048
-0.849609 0.092773 0.276367 1311030993.187037
-0.823242 0.159180 0.231445 1311030993.241050
-0.833984 0.310547 0.346680 1311030993.262052
-0.755859 0.284180 0.381836 1311030993.285046
-0.774414 0.251953 0.397461 1311030993.328048
-0.705078 0.272461 0.420898 1311030993.350029
-0.696289 0.272461 0.420898 1311030993.393053
-0.663086 0.208008 0.372070 1311030993.421055
-0.630859 0.149414 0.336914 1311030993.465050
-0.699219 0.136719 0.336914 1311030993.495036
-0.715820 0.118164 0.337891 1311030993.520056
-0.688477 0.181641 0.418945 1311030993.568055
-0.724609 0.181641 0.418945 1311030993.576056
-0.694336 0.223633 0.393555 1311030993.612058
-0.749023 0.099609 0.356445 1311030993.681057
-0.647461 0.142578 0.308594 1311030993.682056
-0.706055 0.166992 0.357422 1311030993.720058
-0.679688 0.083008 0.352539 1311030993.757058
-0.694336 0.061523 0.316406 1311030993.772057
-0.632812 0.089844 0.308594 1311030993.822059
-0.604492 0.101562 0.296875 1311030993.875066
-0.543945 0.075195 0.307617 1311030993.902065
-0.515625 0.080078 0.329102 1311030993.905064
-0.492188 0.105469 0.283203 1311030993.927058
-0.458984 0.021484 0.196289 1311030993.971058
-0.399414 0.038086 0.146484 1311030994.013064
-0.389648 0.171875 0.119141 1311030994.035058
-0.309570 0.269531 0.052734 1311030994.056013
-0.290039 0.139648 0.038086 1311030994.100032
-0.219727 0.231445 0.038086 1311030994.121069
0.034180 0.541016 0.123047 1311030994.167061
0.239258 0.582031 0.286133 1311030994.211068
0.265625 0.821289 0.199219 1311030994.233067
0.538086 0.995117 0.341797 1311030994.256067
0.964844 0.815430 0.482422 1311030994.300064
1.151367 0.815430 0.482422 1311030994.326039
1.155273 0.612305 0.316406 1311030994.363071
1.260742 0.298828 0.294922 1311030994.387066
1.430664 0.543945 0.177734 1311030994.431065
1.276367 0.335938 0.128906 1311030994.455076
1.170898 0.151367 0.113281 1311030994.476062
1.101562 0.172852 0.074219 1311030994.521076
1.015625 0.175781 -0.033203 1311030994.566072
0.946289 0.270508 -0.019531 1311030994.587076
0.928711 0.317383 -0.086914 1311030994.608076
0.955078 0.294922 -0.074219 1311030994.652077
0.933594 0.181641 -0.138672 1311030994.675079
