0.904297 -0.007812 -0.081055 1311029568.538285
0.965820 0.074219 0.073242 1311029568.562334
1.123047 -0.018555 0.393555 1311029568.583332
1.465820 -0.551758 0.341797 1311029568.629352
1.546875 -0.781250 0.124023 1311029568.653309
1.324219 -0.707031 0.015625 1311029568.697314
1.262695 -0.271484 0.094727 1311029568.718338
1.208984 -0.217773 -0.215820 1311029568.762328
1.037109 -0.092773 -0.404297 1311029568.783332
0.791016 0.104492 -0.409180 1311029568.807349
0.595703 0.157227 -0.546875 1311029568.853341
0.270508 0.076172 -0.667969 1311029568.875344
0.132812 0.189453 -0.708984 1311029568.918342
0.097656 0.360352 -0.599609 1311029568.963335
0.128906 0.545898 -0.599609 1311029568.971350
0.350586 0.692383 -0.378906 1311029569.024283
0.701172 0.978516 -0.131836 1311029569.047301
1.487305 1.153320 0.411133 1311029569.069346
1.980469 0.250000 0.594727 1311029569.114351
1.978516 -0.886719 0.841797 1311029569.128349
1.970703 -1.982422 -0.158203 1311029569.172311
1.969727 -1.984375 -1.250000 1311029569.198311
1.980469 -1.095703 -0.534180 1311029569.233349
1.197266 -1.772461 -1.356445 1311029569.277297
-0.336914 -1.277344 -1.534180 1311029569.300327
-0.605469 -0.220703 -0.795898 1311029569.332350
-0.605469 -0.220703 -0.795898 1311029569.353294
0.221680 0.363281 -0.895508 1311029569.400432
0.267578 0.629883 -0.694336 1311029569.443358
0.345703 0.798828 -0.116211 1311029569.465353
0.202148 0.378906 -0.372070 1311029569.489350
0.328125 0.180664 -0.295898 1311029569.513287
0.208008 0.029297 -0.184570 1311029569.574353
0.053711 0.238281 -0.100586 1311029569.598355
-0.072266 0.251953 -0.084961 1311029569.622302
-0.150391 0.301758 -0.027344 1311029569.650279
-0.293945 0.446289 0.162109 1311029569.684338
-0.591797 0.523438 0.380859 1311029569.746358
-0.541016 0.574219 0.566406 1311029569.749356
0.315430 0.779297 1.037109 1311029569.792353
1.114258 0.916016 1.492188 1311029569.837363
1.983398 0.921875 1.867188 1311029569.860364
1.976562 -0.840820 -0.232422 1311029569.884335
1.981445 0.130859 -0.204102 1311029569.907357
1.979492 -0.386719 -1.190430 1311029569.950351
1.282227 -0.883789 -1.173828 1311029569.972305
-0.679688 -0.235352 -0.469727 1311029570.015362
-0.279297 0.220703 0.029297 1311029570.037309
-0.141602 0.035156 -0.175781 1311029570.079362
0.111328 0.278320 -0.289062 1311029570.104366
0.302734 0.460938 -0.099609 1311029570.148371
0.185547 0.202148 -0.221680 1311029570.158356
0.282227 -0.138672 -0.471680 1311029570.202305
0.032227 -0.138672 -0.471680 1311029570.239376
0.089844 0.099609 -0.118164 1311029570.285371
-0.046875 0.234375 -0.118164 1311029570.287374
-0.053711 0.484375 -0.118164 1311029570.330370
-0.396484 0.515625 -0.254883 1311029570.368368
-0.554688 0.632812 -0.177734 1311029570.390376
-0.620117 0.722656 0.101562 1311029570.433371
-0.404297 1.034180 0.485352 1311029570.455375
0.278320 1.123047 1.238281 1311029570.500368
1.981445 1.408203 1.492188 1311029570.523320
1.981445 -0.345703 0.751953 1311029570.565376
1.981445 0.103516 0.364258 1311029570.589374
1.975586 -0.998047 -1.961914 1311029570.618308
1.977539 -0.901367 -1.375000 1311029570.640376
1.980469 -0.901367 -1.375000 1311029570.683351
-0.534180 -1.130859 -0.875000 1311029570.727324
-0.558594 -0.807617 -0.762695 1311029570.754381
0.020508 0.490234 -0.375000 1311029570.776379
0.161133 0.423828 -0.667969 1311029570.819379
0.268555 0.736328 -0.492188 1311029570.840377
0.311523 0.797852 -0.282227 1311029570.884381
0.165039 0.308594 -0.240234 1311029570.906382
0.250977 0.394531 0.023438 1311029571.005335
0.193359 0.169922 0.051758 1311029571.034379
0.148438 0.048828 0.092773 1311029571.055328
0.166016 0.163086 0.092773 1311029571.057313
0.148438 0.275391 -0.110352 1311029571.085320
-0.064453 0.439453 -0.034180 1311029571.109389
-0.204102 0.572266 0.022461 1311029571.131387
-0.373047 0.744141 0.070312 1311029571.176390
-0.366211 0.793945 0.289062 1311029571.198335
-0.435547 0.658203 0.684570 1311029571.245390
1.965820 1.920898 1.913086 1311029571.268389
1.988281 1.447266 1.121094 1311029571.310385
1.971680 -1.051758 0.125977 1311029571.331391
1.976562 -1.031250 -0.204102 1311029571.356395
1.976562 -0.796875 -0.860352 1311029571.399392
1.976562 -0.796875 -0.860352 1311029571.432396
-0.989258 -0.739258 -1.832031 1311029571.475357
-0.671875 -0.378906 -0.919922 1311029571.496336
-0.040039 0.230469 -0.714844 1311029571.519339
0.354492 0.468750 -0.546875 1311029571.561398
0.514648 0.730469 -0.284180 1311029571.584338
0.180664 0.597656 -0.211914 1311029571.628392
0.374023 0.494141 0.086914 1311029571.651347
0.306641 -0.105469 0.023438 1311029571.683347
0.416992 -0.177734 0.089844 1311029571.711399
0.374023 -0.061523 0.139648 1311029571.756353
0.263672 0.079102 0.178711 1311029571.781400
0.306641 0.301758 0.021484 1311029571.803401
0.232422 0.400391 -0.189453 1311029571.847406
0.075195 0.987305 -0.051758 1311029571.871367
-0.409180 1.136719 0.125000 1311029571.921336
-0.865234 0.893555 0.224609 1311029571.944358
-0.787109 0.621094 0.536133 1311029571.966403
-0.749023 0.896484 0.770508 1311029572.010408
1.987305 1.601562 1.648438 1311029572.035350
1.981445 0.074219 -1.057617 1311029572.078397
1.969727 -1.982422 -0.597656 1311029572.099398
1.975586 -0.564453 0.162109 1311029572.143382
1.977539 -1.431641 0.162109 1311029572.164342
0.569336 -0.574219 -0.904297 1311029572.208371
-0.624023 1.057617 -0.369141 1311029572.230409
-0.334961 0.541992 -0.472656 1311029572.264413
0.023438 0.868164 -0.532227 1311029572.325349
0.210938 0.699219 -0.405273 1311029572.326351
0.765625 0.601562 -0.405273 1311029572.348411
0.471680 0.493164 0.012695 1311029572.392418
0.471680 0.493164 0.012695 1311029572.413409
0.147461 -0.164062 -0.264648 1311029572.476409
0.213867 -0.031250 -0.037109 1311029572.493376
0.049805 0.136719 -0.007812 1311029572.516418
-0.083008 0.026367 -0.099609 1311029572.563410
-0.021484 0.099609 0.036133 1311029572.590426
0.028320 0.247070 0.189453 1311029572.616419
0.022461 0.519531 0.278320 1311029572.660415
0.101562 0.155273 0.259766 1311029572.685374
0.328125 -0.022461 0.294922 1311029572.709418
1.875000 0.531250 0.269531 1311029572.754415
1.974609 -1.208984 -1.240234 1311029572.778419
1.978516 -0.898438 -0.542969 1311029572.823422
1.974609 -1.642578 -1.078125 1311029572.846380
1.972656 -1.125000 -0.812500 1311029572.868379
1.553711 -0.268555 -0.499023 1311029572.912363
0.331055 -0.333984 -0.424805 1311029572.956360
0.050781 -0.281250 -0.299805 1311029572.979424
0.089844 -0.293945 -0.372070 1311029573.001423
0.164062 -0.190430 -0.369141 1311029573.044423
0.073242 -0.261719 -0.322266 1311029573.061423
0.280273 -0.015625 -0.123047 1311029573.109375
0.730469 0.109375 -0.121094 1311029573.153427
1.342773 0.133789 -0.088867 1311029573.174368
1.545898 0.057617 -0.008789 1311029573.196424
1.400391 0.082031 -0.018555 1311029573.239371
1.182617 0.222656 -0.013672 1311029573.261429
0.900391 0.154297 0.003906 1311029573.305425
0.836914 0.160156 0.036133 1311029573.328431
0.866211 0.148438 0.036133 1311029573.352376
0.982422 0.094727 -0.003906 1311029573.386380
1.067383 0.117188 -0.055664 1311029573.426428
1.029297 0.164062 0.005859 1311029573.470428
1.029297 0.164062 0.005859 1311029573.471432
0.924805 0.224609 0.027344 1311029573.539429
0.983398 0.174805 0.007812 1311029573.606430
1.011719 0.091797 -0.002930 1311029573.608433
0.926758 0.123047 -0.021484 1311029573.628434
0.985352 0.117188 -0.044922 1311029573.649429
0.953125 0.156250 -0.037109 1311029573.671435
