0.355469 0.393555 0.592773 1309543172.779052
0.365234 0.369141 0.592773 1309543172.781051
0.351562 0.395508 0.642578 1309543172.849001
0.333008 0.393555 0.632812 1309543172.872051
0.363281 0.350586 0.625000 1309543172.897002
0.358398 0.317383 0.613281 1309543172.942009
0.336914 0.341797 0.592773 1309543172.988003
0.327148 0.361328 0.600586 1309543172.989001
0.327148 0.361328 0.600586 1309543173.011003
0.325195 0.414062 0.583984 1309543173.067050
0.327148 0.368164 0.548828 1309543173.097005
0.327148 0.355469 0.557617 1309543173.118003
0.359375 0.388672 0.575195 1309543173.141031
0.400391 0.367188 0.528320 1309543173.183008
0.422852 0.367188 0.528320 1309543173.206060
0.384766 0.389648 0.502930 1309543173.249243
0.400391 0.388672 0.493164 1309543173.293066
0.377930 0.383789 0.537109 1309543173.318063
0.393555 0.399414 0.527344 1309543173.341065
0.357422 0.430664 0.516602 1309543173.385073
0.403320 0.434570 0.576172 1309543173.424070
0.376953 0.489258 0.606445 1309543173.446069
0.374023 0.390625 0.618164 1309543173.468067
0.341797 0.358398 0.583008 1309543173.512063
0.353516 0.460938 0.597656 1309543173.534065
0.312500 0.546875 0.563477 1309543173.578072
0.338867 0.552734 0.485352 1309543173.601069
0.371094 0.559570 0.495117 1309543173.644077
0.367188 0.471680 0.454102 1309543173.667016
0.443359 0.605469 0.407227 1309543173.691016
0.465820 0.606445 0.414062 1309543173.734068
0.471680 0.847656 0.456055 1309543173.786018
0.510742 0.766602 0.381836 1309543173.812012
0.604492 0.654297 0.355469 1309543173.834076
0.670898 0.561523 0.312500 1309543173.856019
0.690430 0.551758 0.253906 1309543173.899019
0.658203 0.578125 0.253906 1309543173.923135
0.650391 0.608398 0.197266 1309543173.967023
0.562500 0.632812 0.148438 1309543173.988070
0.681641 0.607422 0.226562 1309543174.032066
0.906250 0.559570 0.172852 1309543174.055045
1.071289 0.511719 0.035156 1309543174.098023
1.069336 0.410156 0.019531 1309543174.121056
1.296875 0.309570 0.039062 1309543174.146027
1.180664 0.241211 -0.012695 1309543174.188028
1.081055 0.195312 -0.021484 1309543174.209092
1.064453 0.206055 -0.055664 1309543174.253084
0.958008 0.201172 -0.043945 1309543174.276085
0.958008 0.201172 -0.043945 1309543174.319083
0.958008 0.201172 -0.043945 1309543174.334085
0.712891 0.208984 -0.036133 1309543174.379084
0.687500 0.199219 -0.068359 1309543174.407092
0.657227 0.260742 -0.077148 1309543174.458089
0.719727 0.215820 -0.118164 1309543174.459083
0.740234 0.220703 -0.038086 1309543174.503085
0.754883 0.205078 -0.031250 1309543174.549089
0.844727 0.227539 -0.047852 1309543174.582095
0.866211 0.212891 0.012695 1309543174.596060
0.856445 0.225586 0.057617 1309543174.642025
0.849609 0.245117 0.028320 1309543174.663068
0.869141 0.246094 0.092773 1309543174.706095
0.878906 0.250977 0.088867 1309543174.728037
0.894531 0.228516 0.115234 1309543174.774047
0.891602 0.268555 0.135742 1309543174.799108
0.887695 0.247070 0.125000 1309543174.821095
0.945312 0.232422 0.125000 1309543174.845041
0.938477 0.249023 0.141602 1309543174.893042
0.921875 0.227539 0.128906 1309543174.937690
0.895508 0.236328 0.107422 1309543174.959068
0.893555 0.218750 0.142578 1309543174.983067
0.913086 0.220703 0.112305 1309543175.013042
0.910156 0.213867 0.115234 1309543175.057075
0.924805 0.179688 0.108398 1309543175.094043
0.889648 0.197266 0.101562 1309543175.117100
0.877930 0.198242 0.120117 1309543175.156105
0.891602 0.204102 0.087891 1309543175.178100
0.899414 0.220703 0.096680 1309543175.206109
0.879883 0.196289 0.096680 1309543175.250102
0.893555 0.171875 0.083008 1309543175.272101
0.890625 0.206055 0.054688 1309543175.316101
0.875000 0.238281 0.079102 1309543175.352098
0.883789 0.197266 0.088867 1309543175.378106
0.893555 0.225586 0.074219 1309543175.407106
0.886719 0.253906 0.074219 1309543175.429108
0.904297 0.225586 0.083984 1309543175.473110
0.890625 0.247070 0.111328 1309543175.496107
0.895508 0.237305 0.098633 1309543175.532107
0.902344 0.220703 0.102539 1309543175.576082
0.904297 0.256836 0.100586 1309543175.598050
0.907227 0.263672 0.090820 1309543175.644098
0.911133 0.256836 0.080078 1309543175.668108
0.882812 0.268555 0.102539 1309543175.692057
0.882812 0.250977 0.100586 1309543175.726061
