1.122070 0.012695 0.389648 1311031491.233736
1.108398 0.056641 0.494141 1311031491.256738
1.329102 0.098633 0.615234 1311031491.289737
1.475586 0.358398 0.750977 1311031491.313737
1.414062 0.562500 0.700195 1311031491.336739
1.801758 0.967773 0.640625 1311031491.358744
1.816406 0.725586 0.551758 1311031491.424692
1.854492 1.014648 0.480469 1311031491.448743
1.934570 1.040039 0.368164 1311031491.494741
1.896484 0.749023 0.164062 1311031491.503718
1.681641 0.638672 0.186523 1311031491.523743
1.681641 0.638672 0.186523 1311031491.554745
1.205078 0.484375 -0.049805 1311031491.601753
0.970703 0.600586 -0.017578 1311031491.624745
0.855469 0.449219 -0.208008 1311031491.669695
0.514648 0.351562 -0.137695 1311031491.691754
0.327148 0.441406 -0.150391 1311031491.734724
0.337891 0.368164 -0.218750 1311031491.852748
0.118164 0.175781 -0.215820 1311031491.853746
-0.167969 -0.152344 -0.355469 1311031491.864749
-0.169922 -0.162109 -0.221680 1311031491.903749
0.059570 -0.510742 -0.163086 1311031491.907750
-0.282227 -1.109375 -0.582031 1311031491.909748
-0.058594 -1.359375 -0.582031 1311031491.952754
-0.214844 -1.833984 -0.646484 1311031491.998749
-0.268555 -1.913086 -0.670898 1311031492.026746
-0.211914 -1.854492 -0.547852 1311031492.048757
-0.244141 -1.583984 -0.538086 1311031492.073693
-0.061523 -1.262695 -0.417969 1311031492.116756
-0.076172 -0.874023 -0.325195 1311031492.161760
0.002930 -0.616211 -0.315430 1311031492.182757
0.147461 -0.419922 -0.385742 1311031492.206757
0.135742 0.103516 -0.183594 1311031492.249759
0.463867 0.126953 -0.195312 1311031492.272757
0.683594 0.126953 -0.195312 1311031492.294763
1.085938 0.126953 -0.195312 1311031492.337768
1.170898 0.970703 -0.020508 1311031492.382759
1.067383 1.253906 0.053711 1311031492.404759
1.336914 0.493164 -0.165039 1311031492.447762
1.305664 0.889648 0.333984 1311031492.489773
1.649414 0.889648 0.333984 1311031492.491770
1.789062 0.339844 0.152344 1311031492.558765
1.983398 1.039062 0.722656 1311031492.559755
1.936523 0.562500 0.420898 1311031492.608763
1.788086 0.547852 0.508789 1311031492.628755
1.846680 0.453125 0.541992 1311031492.656769
1.416992 0.621094 0.904297 1311031492.699788
1.492188 0.651367 0.908203 1311031492.736767
1.329102 0.278320 0.756836 1311031492.758770
1.209961 0.039062 0.559570 1311031492.802771
1.120117 0.354492 0.886719 1311031492.826772
1.109375 0.093750 0.542969 1311031492.847769
1.247070 0.000000 0.529297 1311031492.889759
1.472656 0.316406 1.128906 1311031492.968772
1.808594 0.437500 1.173828 1311031492.969769
1.934570 0.640625 0.948242 1311031492.991773
1.982422 1.074219 0.876953 1311031493.012762
1.986328 0.831055 0.596680 1311031493.057743
1.981445 0.773438 0.404297 1311031493.123767
1.982422 0.769531 0.196289 1311031493.124770
1.718750 0.449219 0.037109 1311031493.144769
1.390625 0.549805 0.170898 1311031493.187778
0.939453 0.510742 0.054688 1311031493.212774
0.970703 0.865234 0.079102 1311031493.256777
0.777344 0.156250 -0.123047 1311031493.278778
0.427734 0.203125 -0.222656 1311031493.316779
0.432617 0.272461 -0.270508 1311031493.341783
0.394531 0.130859 -0.368164 1311031493.372777
0.206055 -0.117188 -0.463867 1311031493.416780
0.107422 -0.173828 -0.385742 1311031493.438720
-0.148438 -0.448242 -0.376953 1311031493.468784
-1.066406 -1.121094 -0.665039 1311031493.503718
-0.348633 -0.458984 -0.328125 1311031493.526743
-0.459961 -1.464844 -0.455078 1311031493.569783
-0.370117 -1.415039 -0.516602 1311031493.599728
-0.370117 -1.415039 -0.516602 1311031493.644755
-0.172852 -1.645508 -0.555664 1311031493.699780
-0.152344 -1.486328 -0.581055 1311031493.722789
-0.158203 -1.342773 -0.545898 1311031493.731792
-0.279297 -1.147461 -0.384766 1311031493.761741
-0.182617 -0.899414 -0.308594 1311031493.779790
-0.068359 -0.834961 -0.282227 1311031493.815808
-0.040039 -0.615234 -0.251953 1311031493.871791
-0.027344 -0.628906 -0.261719 1311031493.894793
-0.018555 -0.253906 -0.109375 1311031493.918793
0.279297 0.000977 0.005859 1311031493.962785
0.574219 -0.061523 -0.146484 1311031493.984790
1.012695 0.504883 0.021484 1311031494.006737
1.015625 0.745117 -0.015625 1311031494.054731
1.224609 0.871094 0.270508 1311031494.097781
1.173828 0.746094 -0.099609 1311031494.119788
1.408203 0.982422 0.446289 1311031494.143896
1.625977 0.493164 0.162109 1311031494.188795
1.875977 0.493164 0.162109 1311031494.211797
1.867188 1.029297 0.598633 1311031494.251795
1.985352 0.746094 0.556641 1311031494.272796
1.544922 0.293945 0.888672 1311031494.314802
1.600586 0.837891 0.674805 1311031494.339801
1.634766 0.837891 0.674805 1311031494.392797
1.509766 0.073242 0.273438 1311031494.421795
1.285156 0.185547 0.350586 1311031494.444800
1.157227 0.224609 0.321289 1311031494.466772
1.195312 0.689453 0.946289 1311031494.498750
1.242188 -0.500000 0.895508 1311031494.541801
1.242188 -0.500000 0.895508 1311031494.563793
1.294922 0.619141 0.461914 1311031494.608800
1.238281 0.375000 0.573242 1311031494.644761
1.431641 0.404297 0.791992 1311031494.669768
1.670898 0.359375 0.733398 1311031494.691787
1.777344 0.659180 0.604492 1311031494.714803
1.834961 0.733398 0.604492 1311031494.756809
1.834961 0.733398 0.604492 1311031494.792811
1.971680 0.716797 0.607422 1311031494.822801
1.755859 0.541992 0.353516 1311031494.864808
1.696289 0.704102 0.434570 1311031494.898811
1.500977 0.519531 0.369141 1311031494.907806
1.309570 0.519531 0.369141 1311031494.952813
1.022461 0.724609 0.146484 1311031494.996814
0.864258 0.428711 0.060547 1311031495.017812
0.459961 0.291016 -0.096680 1311031495.041797
0.452148 0.130859 -0.214844 1311031495.107813
0.090820 0.294922 -0.333984 1311031495.109808
0.103516 0.380859 -0.219727 1311031495.132819
0.383789 -0.005859 -0.283203 1311031495.178813
0.582031 -0.293945 -0.391602 1311031495.209812
0.037109 -0.965820 -0.745117 1311031495.244784
0.090820 -1.039062 -0.357422 1311031495.288811
-0.476562 -1.983398 -0.357422 1311031495.305818
-0.322266 -1.663086 -0.770508 1311031495.353819
-0.164062 -1.969727 -0.631836 1311031495.374812
-0.114258 -1.914062 -0.720703 1311031495.418781
-0.037109 -1.422852 -0.555664 1311031495.441810
-0.071289 -1.238281 -0.549805 1311031495.463798
-0.000977 -0.788086 -0.299805 1311031495.497814
0.249023 -0.788086 -0.299805 1311031495.521813
-0.015625 -0.247070 -0.305664 1311031495.564820
0.036133 -0.183594 -0.319336 1311031495.594789
0.177734 -0.048828 -0.168945 1311031495.650832
0.420898 0.066406 -0.065430 1311031495.698831
0.420898 0.066406 -0.065430 1311031495.714828
0.917969 0.636719 0.124023 1311031495.717821
1.077148 0.730469 0.147461 1311031495.762826
0.847656 1.093750 0.233398 1311031495.783828
1.346680 0.935547 0.220703 1311031495.827829
1.348633 0.737305 0.281250 1311031495.849823
1.348633 0.737305 0.281250 1311031495.883844
1.531250 0.800781 0.439453 1311031495.929783
1.827148 0.573242 0.433594 1311031495.952774
1.651367 0.476562 0.613281 1311031495.996828
1.844727 0.650391 0.550781 1311031496.018794
1.728516 0.525391 0.450195 1311031496.041820
1.330078 0.446289 0.535156 1311031496.082786
1.346680 0.694336 0.691406 1311031496.104829
1.147461 0.221680 0.401367 1311031496.150832
1.165039 0.336914 0.419922 1311031496.174833
1.265625 0.459961 0.356445 1311031496.204835
1.006836 -0.033203 0.138672 1311031496.227822
1.051758 0.250977 0.175781 1311031496.272832
0.944336 -0.287109 -0.074219 1311031496.296835
0.972656 -0.104492 0.012695 1311031496.333815
1.054688 0.083984 0.538086 1311031496.377833
1.217773 0.044922 0.834961 1311031496.422841
1.606445 0.458008 1.275391 1311031496.444852
1.856445 0.458008 1.275391 1311031496.467785
1.983398 0.795898 1.077148 1311031496.489831
1.985352 0.734375 0.819336 1311031496.526796
1.980469 0.682617 0.575195 1311031496.572776
1.982422 0.441406 0.207031 1311031496.591782
1.983398 0.492188 0.054688 1311031496.635836
1.875000 0.219727 -0.105469 1311031496.647841
1.537109 0.597656 0.030273 1311031496.690839
1.231445 0.203125 -0.101562 1311031496.732841
0.761719 0.113281 -0.122070 1311031496.754849
0.579102 0.264648 -0.124023 1311031496.807846
0.176758 0.099609 -0.209961 1311031496.832839
0.018555 0.093750 -0.202148 1311031496.871820
0.029297 -0.116211 -0.380859 1311031496.894818
-0.248047 -0.107422 -0.353516 1311031496.918822
-0.245117 -0.088867 -0.330078 1311031496.992838
-0.099609 -0.138672 -0.327148 1311031496.993837
-0.097656 -0.435547 -0.515625 1311031497.013840
-0.578125 -1.085938 -0.682617 1311031497.057788
-0.312500 -1.150391 -0.450195 1311031497.079772
-0.512695 -1.933594 -0.732422 1311031497.101840
-0.300781 -1.679688 -0.533203 1311031497.144841
-0.250977 -1.572266 -0.409180 1311031497.166810
-0.212891 -1.414062 -0.402344 1311031497.209851
-0.250977 -1.218750 -0.354492 1311031497.232853
-0.428711 -1.082031 -0.349609 1311031497.276858
-0.295898 -0.745117 -0.250000 1311031497.319856
-0.154297 -0.464844 -0.271484 1311031497.346859
0.036133 -0.297852 -0.271484 1311031497.367824
0.049805 -0.257812 -0.235352 1311031497.416866
0.177734 0.092773 -0.105469 1311031497.438858
0.419922 -0.001953 -0.162109 1311031497.459821
0.608398 0.103516 -0.167969 1311031497.502826
0.944336 0.555664 -0.037109 1311031497.524805
1.150391 0.173828 -0.286133 1311031497.549862
1.425781 0.988281 0.177734 1311031497.594860
1.569336 0.760742 -0.166992 1311031497.619870
1.799805 0.158203 -0.075195 1311031497.672821
1.958008 1.076172 0.405273 1311031497.699862
1.957031 0.755859 0.106445 1311031497.724866
1.957031 0.755859 0.106445 1311031497.746865
1.984375 1.050781 0.801758 1311031497.792868
1.983398 0.730469 0.497070 1311031497.814868
1.878906 0.745117 0.919922 1311031497.859870
1.491211 0.560547 0.912109 1311031497.887871
1.171875 0.305664 0.647461 1311031497.907825
1.343750 -0.062500 1.626953 1311031497.950851
1.099609 -0.368164 0.558594 1311031497.973871
1.006836 0.023438 0.055664 1311031498.017860
1.036133 0.218750 0.235352 1311031498.045835
1.159180 0.006836 0.583984 1311031498.089870
1.501953 -0.375000 0.776367 1311031498.095828
1.787109 0.742188 1.328125 1311031498.139828
1.925781 0.718750 1.049805 1311031498.185871
1.988281 1.055664 0.828125 1311031498.209868
1.982422 0.779297 0.616211 1311031498.262843
1.984375 0.831055 0.463867 1311031498.310827
1.982422 0.478516 0.175781 1311031498.312863
1.979492 0.793945 0.148438 1311031498.354825
1.824219 0.531250 -0.086914 1311031498.379832
1.382812 0.421875 -0.115234 1311031498.419852
1.015625 0.345703 -0.128906 1311031498.423853
0.855469 0.172852 -0.310547 1311031498.463848
0.436523 0.018555 -0.310547 1311031498.486881
0.229492 0.316406 -0.253906 1311031498.533871
0.205078 0.041992 -0.333984 1311031498.578881
-0.094727 -0.146484 -0.353516 1311031498.601878
-0.101562 -0.252930 -0.250000 1311031498.625881
0.172852 -0.459961 -0.368164 1311031498.663881
0.325195 -0.846680 -0.618164 1311031498.686877
-0.310547 -1.333008 -0.760742 1311031498.715831
-0.254883 -0.913086 -0.337891 1311031498.758886
-0.367188 -1.715820 -0.753906 1311031498.780882
-0.729492 -1.927734 -0.976562 1311031498.823853
-0.362305 -1.640625 -0.511719 1311031498.844876
-0.308594 -1.570312 -0.694336 1311031498.888882
-0.207031 -1.177734 -0.587891 1311031498.914852
-0.054688 -0.912109 -0.453125 1311031498.958891
-0.076172 -0.605469 -0.351562 1311031498.979887
-0.001953 -0.439453 -0.269531 1311031499.004878
0.146484 -0.208984 -0.169922 1311031499.053836
0.002930 0.168945 -0.001953 1311031499.065885
0.345703 0.269531 0.081055 1311031499.110890
0.397461 0.052734 -0.001953 1311031499.158895
0.757812 0.193359 0.075195 1311031499.199892
0.884766 0.649414 -0.048828 1311031499.223896
0.938477 1.280273 0.080078 1311031499.225889
1.055664 1.280273 0.080078 1311031499.268885
1.035156 0.823242 0.064453 1311031499.313858
1.165039 1.236328 0.092773 1311031499.333889
1.516602 0.851562 0.083984 1311031499.357899
1.488281 1.026367 0.327148 1311031499.404835
1.502930 0.898438 0.458984 1311031499.432804
1.439453 0.937500 0.670898 1311031499.478882
1.606445 0.955078 0.372070 1311031499.500893
1.583984 0.597656 0.319336 1311031499.578892
1.277344 0.473633 0.373047 1311031499.579897
1.119141 0.687500 0.346680 1311031499.583898
1.059570 0.328125 0.375000 1311031499.627905
1.020508 0.337891 0.259766 1311031499.649900
1.309570 0.796875 1.376953 1311031499.697898
