0.805664 0.053711 0.208984 1309978892.459969
0.789062 0.059570 0.204102 1309978892.480944
0.871094 -0.017578 0.203125 1309978892.525952
0.794922 -0.051758 0.208984 1309978892.546943
0.725586 0.041016 0.166992 1309978892.589946
0.806641 -0.022461 0.115234 1309978892.615932
0.786133 -0.058594 0.125977 1309978892.657944
0.796875 -0.002930 0.125977 1309978892.683962
0.750000 0.037109 0.189453 1309978892.706955
0.684570 0.130859 0.225586 1309978892.750950
0.593750 0.166992 0.294922 1309978892.772942
0.540039 0.098633 0.404297 1309978892.799962
0.708984 0.265625 0.739258 1309978892.845961
1.819336 0.539062 1.411133 1309978892.867926
1.978516 -0.279297 1.414062 1309978892.909927
1.982422 -0.044922 1.365234 1309978892.931950
1.982422 0.435547 1.151367 1309978892.980959
1.973633 0.232422 0.408203 1309978893.005968
1.330078 0.054688 -0.360352 1309978893.047955
0.691406 0.013672 -0.698242 1309978893.070955
-0.010742 -0.081055 -0.698242 1309978893.094994
-0.297852 0.135742 -0.736328 1309978893.145940
-0.338867 0.117188 -0.613281 1309978893.166973
-0.239258 0.036133 -0.540039 1309978893.187945
-0.018555 0.163086 -0.481445 1309978893.231963
0.059570 0.126953 -0.383789 1309978893.256959
0.077148 0.036133 -0.203125 1309978893.299982
0.147461 0.138672 0.070312 1309978893.321936
0.452148 0.369141 0.436523 1309978893.366961
1.734375 0.924805 0.957031 1309978893.387951
1.978516 -0.179688 1.198242 1309978893.412934
1.980469 -0.090820 1.825195 1309978893.459964
1.982422 0.436523 1.617188 1309978893.481975
1.980469 0.002930 0.816406 1309978893.527960
1.179688 -0.091797 0.339844 1309978893.550948
0.104492 -0.229492 -0.149414 1309978893.572970
-0.353516 -0.205078 -0.397461 1309978893.677968
-0.380859 -0.193359 -0.712891 1309978893.698965
-0.188477 0.203125 -0.560547 1309978893.700945
-0.105469 0.145508 -0.372070 1309978893.714966
-0.140625 0.083008 -0.315430 1309978893.736972
-0.049805 0.159180 -0.252930 1309978893.764983
0.128906 0.159180 -0.252930 1309978893.815951
0.128906 0.159180 -0.252930 1309978893.839975
0.278320 0.529297 0.394531 1309978893.870971
1.309570 0.624023 0.673828 1309978893.913970
1.845703 0.251953 1.051758 1309978893.935976
1.989258 1.470703 1.927734 1309978893.983978
1.981445 0.470703 1.927734 1309978893.985968
1.982422 0.240234 1.273438 1309978894.025989
1.980469 -0.076172 0.068359 1309978894.058972
1.026367 -0.210938 -0.653320 1309978894.102950
0.530273 -0.242188 -0.859375 1309978894.127983
0.167969 -0.144531 -0.703125 1309978894.151995
-0.188477 0.133789 -0.489258 1309978894.194974
-0.221680 0.177734 -0.442383 1309978894.218992
-0.278320 0.381836 -0.386719 1309978894.273973
-0.139648 0.218750 -0.291016 1309978894.296976
-0.026367 0.068359 -0.151367 1309978894.318978
-0.062500 0.049805 0.021484 1309978894.341973
0.106445 0.316406 0.232422 1309978894.385941
0.573242 0.738281 0.232422 1309978894.409000
1.900391 0.796875 1.138672 1309978894.452001
1.985352 0.867188 1.915039 1309978894.507000
1.984375 1.146484 1.944336 1309978894.512969
1.984375 0.575195 1.208008 1309978894.536983
1.965820 -0.007812 0.128906 1309978894.581981
1.021484 0.056641 -0.370117 1309978894.625977
0.488281 0.068359 -0.606445 1309978894.648001
-0.297852 0.080078 -0.646484 1309978894.670992
-0.622070 -0.027344 -0.590820 1309978894.712995
-0.380859 -0.014648 -0.590820 1309978894.735991
-0.260742 0.060547 -0.251953 1309978894.791987
-0.141602 0.037109 -0.113281 1309978894.807989
-0.081055 0.006836 -0.012695 1309978894.837997
-0.127930 0.055664 0.124023 1309978894.861999
-0.093750 0.279297 0.267578 1309978894.928993
0.242188 1.257812 0.870117 1309978894.930987
1.984375 1.548828 1.457031 1309978894.968986
1.988281 1.646484 1.990234 1309978895.008996
1.983398 1.390625 1.974609 1309978895.031989
1.983398 0.772461 0.851562 1309978895.076986
1.521484 -0.191406 -0.165039 1309978895.098994
1.521484 -0.191406 -0.165039 1309978895.120996
0.224609 -0.011719 -0.785156 1309978895.167999
-0.546875 0.029297 -0.646484 1309978895.191992
-0.320312 -0.113281 -0.592773 1309978895.237999
-0.298828 0.117188 -0.548828 1309978895.259011
-0.293945 0.067383 -0.369141 1309978895.280992
-0.359375 0.000000 -0.178711 1309978895.326991
-0.555664 0.004883 -0.020508 1309978895.348999
-0.684570 0.367188 0.173828 1309978895.392999
-0.429688 1.425781 0.986328 1309978895.422016
1.362305 1.915039 1.884766 1309978895.443004
1.990234 1.980469 1.989258 1309978895.489004
1.986328 1.468750 1.988281 1309978895.519001
1.982422 0.817383 0.869141 1309978895.540996
1.148438 -0.378906 0.011719 1309978895.586015
0.389648 -0.437500 -0.302734 1309978895.616006
-0.118164 -0.196289 -0.582031 1309978895.658000
-0.477539 -0.106445 -0.560547 1309978895.659995
-0.417969 0.128906 -0.564453 1309978895.726009
-0.196289 0.153320 -0.490234 1309978895.747003
-0.001953 0.285156 -0.379883 1309978895.769014
0.142578 0.253906 -0.244141 1309978895.813983
0.271484 0.310547 0.073242 1309978895.838013
0.445312 0.310547 0.073242 1309978895.860010
0.842773 0.404297 0.529297 1309978895.904007
1.108398 0.857422 0.732422 1309978895.948006
1.394531 0.793945 0.732422 1309978895.973013
1.578125 0.788086 0.736328 1309978895.999012
1.496094 0.405273 0.646484 1309978896.021014
1.252930 0.405273 0.646484 1309978896.066015
0.923828 0.226562 0.415039 1309978896.089014
0.611328 0.303711 0.296875 1309978896.132984
0.596680 0.283203 0.262695 1309978896.158017
0.698242 0.258789 0.178711 1309978896.183017
0.788086 0.226562 0.128906 1309978896.253982
0.823242 0.221680 0.125000 1309978896.292019
0.823242 0.221680 0.125000 1309978896.298016
0.823242 0.221680 0.125000 1309978896.309009
0.959961 0.209961 0.127930 1309978896.351998
0.935547 0.142578 0.140625 1309978896.396018
0.872070 0.175781 0.170898 1309978896.417042
0.831055 0.162109 0.176758 1309978896.455996
0.852539 0.131836 0.202148 1309978896.478003
0.901367 0.086914 0.190430 1309978896.524001
0.912109 0.076172 0.180664 1309978896.549003
0.862305 0.101562 0.163086 1309978896.574002
0.894531 0.092773 0.196289 1309978896.608987
0.881836 0.083008 0.197266 1309978896.639993
0.924805 0.062500 0.226562 1309978896.684022
0.938477 0.045898 0.241211 1309978896.707994
