0.893555 0.204102 0.175781 1310160994.064271
0.841797 0.259766 0.441406 1310160994.106295
0.976562 0.504883 0.803711 1310160994.129293
1.027344 0.558594 1.119141 1310160994.178297
1.086914 0.613281 1.148438 1310160994.203288
1.277344 0.782227 1.099609 1310160994.226299
1.269531 0.939453 0.893555 1310160994.253318
1.302734 1.066406 0.621094 1310160994.303300
1.363281 1.540039 0.431641 1310160994.324296
1.403320 1.194336 0.384766 1310160994.368297
1.416016 1.068359 0.161133 1310160994.391280
1.191406 1.148438 0.083984 1310160994.416301
1.134766 1.123047 -0.037109 1310160994.450297
1.042969 1.044922 -0.129883 1310160994.489302
0.811523 0.897461 -0.194336 1310160994.513299
0.709961 0.843750 -0.211914 1310160994.554305
0.637695 0.562500 -0.168945 1310160994.618305
0.393555 0.407227 -0.261719 1310160994.620296
0.345703 0.237305 -0.283203 1310160994.671313
0.295898 -0.058594 -0.356445 1310160994.696306
0.233398 -0.020508 -0.301758 1310160994.720306
0.261719 -0.500977 -0.476562 1310160994.739303
0.105469 -0.990234 -0.504883 1310160994.764301
0.126953 -0.988281 -0.378906 1310160994.809305
0.350586 -1.584961 -0.394531 1310160994.824307
0.655273 -1.983398 -0.394531 1310160994.872311
0.837891 -1.980469 -0.003906 1310160994.910310
0.662109 -1.982422 -0.076172 1310160994.943309
0.698242 -1.766602 0.173828 1310160994.964305
0.467773 -1.381836 0.010742 1310160995.009313
0.376953 -1.112305 0.057617 1310160995.051312
0.317383 -0.805664 0.045898 1310160995.073312
0.433594 -0.511719 -0.176758 1310160995.095314
0.195312 -0.232422 -0.204102 1310160995.138313
0.146484 0.174805 -0.171875 1310160995.159316
0.226562 0.148438 -0.236328 1310160995.203310
0.218750 0.237305 -0.224609 1310160995.225321
0.083984 1.003906 -0.234375 1310160995.268315
0.652344 0.726562 -0.294922 1310160995.291315
0.417969 0.898438 -0.171875 1310160995.338352
0.917969 0.898438 -0.171875 1310160995.339316
0.414062 1.495117 -0.301758 1310160995.383318
0.802734 1.830078 -0.398438 1310160995.426318
0.328125 1.982422 -0.743164 1310160995.450305
0.409180 1.979492 -0.734375 1310160995.504325
0.224609 1.983398 -0.937500 1310160995.528325
0.224609 1.975586 -0.949219 1310160995.571322
0.204102 1.982422 -0.890625 1310160995.573320
0.282227 1.783203 -0.762695 1310160995.615324
0.341797 1.701172 -0.576172 1310160995.638321
0.506836 1.880859 -0.432617 1310160995.682323
0.479492 1.475586 -0.474609 1310160995.696337
0.398438 1.442383 -0.469727 1310160995.740272
0.235352 1.182617 -0.275391 1310160995.774314
0.144531 0.773438 -0.180664 1310160995.820303
0.010742 0.490234 -0.214844 1310160995.831307
-0.033203 0.404297 -0.180664 1310160995.865341
-0.086914 0.260742 -0.195312 1310160995.889301
-0.050781 -0.070312 -0.164062 1310160995.959335
-0.120117 -0.118164 -0.239258 1310160995.983330
0.040039 -0.323242 -0.215820 1310160996.004326
-0.006836 -0.686523 -0.271484 1310160996.026328
-0.035156 -0.903320 -0.261719 1310160996.074356
0.045898 -1.102539 -0.211914 1310160996.095331
0.262695 -1.280273 -0.211914 1310160996.118333
0.249023 -1.538086 -0.213867 1310160996.160332
0.341797 -1.663086 -0.206055 1310160996.204333
0.268555 -1.754883 -0.278320 1310160996.228340
0.178711 -1.872070 -0.223633 1310160996.249340
0.315430 -1.872070 -0.223633 1310160996.293340
0.309570 -1.150391 -0.285156 1310160996.338361
0.381836 -0.594727 -0.358398 1310160996.363336
0.538086 -0.347656 -0.428711 1310160996.411341
0.511719 -0.043945 -0.378906 1310160996.414329
0.450195 0.176758 -0.458008 1310160996.471338
0.600586 0.250977 -0.433594 1310160996.482358
0.709961 0.541016 -0.452148 1310160996.521335
1.036133 0.783203 -0.435547 1310160996.543317
1.223633 1.417969 -0.393555 1310160996.588342
1.472656 1.636719 -0.399414 1310160996.610350
1.211914 1.980469 -0.385742 1310160996.655364
1.891602 1.671875 0.128906 1310160996.680347
1.496094 1.984375 -0.123047 1310160996.708344
1.261719 1.981445 0.175781 1310160996.751338
0.916016 1.981445 0.234375 1310160996.776348
0.553711 1.977539 -0.037109 1310160996.809349
0.373047 1.981445 0.068359 1310160996.839348
0.428711 1.978516 -0.106445 1310160996.881343
0.862305 1.981445 -0.133789 1310160996.903350
1.250977 1.980469 -0.274414 1310160996.926349
1.661133 1.815430 -0.231445 1310160996.971343
1.429688 1.816406 -0.239258 1310160996.994350
1.140625 1.558594 -0.215820 1310160997.018365
0.640625 1.558594 -0.215820 1310160997.064354
0.347656 1.181641 -0.274414 1310160997.111349
0.625000 1.077148 -0.291992 1310160997.134368
0.245117 0.714844 -0.310547 1310160997.156362
0.410156 0.548828 -0.245117 1310160997.210370
0.128906 0.371094 -0.286133 1310160997.248352
0.146484 0.189453 -0.231445 1310160997.279355
0.235352 -0.072266 -0.214844 1310160997.301362
0.173828 -0.183594 -0.162109 1310160997.324352
0.257812 -0.605469 -0.262695 1310160997.368358
0.257812 -1.018555 -0.249023 1310160997.389363
0.257812 -1.018555 -0.249023 1310160997.411347
0.416016 -1.892578 -0.187500 1310160997.454371
0.447266 -1.983398 -0.198242 1310160997.478374
0.421875 -1.962891 -0.177734 1310160997.521314
0.355469 -1.548828 -0.288086 1310160997.565364
0.405273 -1.137695 -0.225586 1310160997.566359
0.357422 -0.823242 -0.199219 1310160997.611358
0.309570 -0.435547 -0.271484 1310160997.655364
0.324219 -0.179688 -0.316406 1310160997.681363
0.297852 0.173828 -0.326172 1310160997.725315
0.350586 0.195312 -0.331055 1310160997.748316
0.366211 0.312500 -0.368164 1310160997.789362
0.514648 0.745117 -0.360352 1310160997.811330
0.982422 0.745117 -0.265625 1310160997.858371
0.777344 1.042969 -0.153320 1310160997.865365
1.460938 0.703125 -0.375977 1310160997.908373
1.347656 1.541016 -0.023438 1310160997.929353
1.685547 1.201172 -0.074219 1310160997.953371
1.461914 1.603516 0.130859 1310160997.999359
1.767578 1.445312 0.105469 1310160998.035368
1.256836 1.980469 0.130859 1310160998.078372
1.350586 1.842773 0.076172 1310160998.100373
0.942383 1.982422 0.208008 1310160998.143396
0.629883 1.982422 0.164062 1310160998.173388
0.548828 1.982422 0.164062 1310160998.196381
0.649414 1.981445 -0.101562 1310160998.218377
1.033203 1.982422 -0.108398 1310160998.251379
1.327148 1.773438 -0.128906 1310160998.281383
1.581055 1.648438 -0.087891 1310160998.325404
1.709961 1.648438 -0.087891 1310160998.348362
1.684570 1.551758 -0.242188 1310160998.391370
1.415039 1.603516 -0.250000 1310160998.415381
1.349609 1.392578 -0.208984 1310160998.458380
0.854492 0.915039 -0.241211 1310160998.480378
0.540039 0.806641 -0.331055 1310160998.558387
0.583984 0.617188 -0.193359 1310160998.559379
0.331055 0.295898 -0.246094 1310160998.580379
0.167969 0.035156 -0.311523 1310160998.603382
0.199219 0.066406 -0.160156 1310160998.648363
0.250977 -0.216797 -0.245117 1310160998.670379
0.282227 -0.550781 -0.167969 1310160998.713380
0.196289 -1.038086 -0.276367 1310160998.736384
0.280273 -1.478516 -0.259766 1310160998.783347
0.405273 -1.885742 -0.231445 1310160998.806387
0.431641 -1.982422 -0.284180 1310160998.830388
0.424805 -1.980469 -0.294922 1310160998.874388
0.406250 -1.537109 -0.223633 1310160998.896384
0.301758 -1.209961 -0.141602 1310160998.963390
0.292969 -0.647461 -0.194336 1310160998.964380
0.155273 -0.519531 -0.327148 1310160999.009396
0.323242 -0.127930 -0.257812 1310160999.031392
0.308594 0.246094 -0.248047 1310160999.051410
0.233398 0.296875 -0.369141 1310160999.094387
0.108398 0.541016 -0.382812 1310160999.116392
0.625000 0.636719 -0.398438 1310160999.160393
0.716797 1.037109 -0.203125 1310160999.184396
0.999023 0.436523 -0.235352 1310160999.220395
1.033203 1.034180 -0.184570 1310160999.264396
1.459961 0.964844 -0.184570 1310160999.289405
1.098633 1.429688 -0.091797 1310160999.331566
1.602539 1.313477 -0.216797 1310160999.355396
1.307617 1.630859 0.098633 1310160999.399394
1.638672 1.473633 0.006836 1310160999.420403
1.206055 1.969727 0.226562 1310160999.445524
1.206055 1.969727 0.226562 1310160999.468467
0.954102 1.978516 0.386719 1310160999.513403
0.673828 1.982422 0.312500 1310160999.579373
0.621094 1.978516 0.153320 1310160999.580360
0.737305 1.938477 0.128906 1310160999.648388
0.991211 1.694336 0.028320 1310160999.661420
1.234375 1.694336 0.028320 1310160999.663372
1.484375 1.694336 0.028320 1310160999.705384
1.357422 1.548828 -0.186523 1310160999.751379
1.553711 1.744141 -0.176758 1310160999.785428
1.494141 1.610352 -0.156250 1310160999.823376
0.942383 1.442383 -0.213867 1310160999.850380
0.390625 1.142578 -0.183594 1310160999.874421
0.337891 1.036133 -0.285156 1310160999.924404
0.183594 0.773438 -0.288086 1310160999.926513
-0.093750 0.613281 -0.250977 1310160999.961413
0.208984 0.534180 -0.209961 1310161000.005431
0.008789 0.263672 -0.230469 1310161000.031388
0.091797 0.140625 -0.278320 1310161000.079425
0.182617 -0.016602 -0.167969 1310161000.087396
0.282227 -0.458984 -0.296875 1310161000.121417
0.183594 -0.909180 -0.381836 1310161000.170398
0.222656 -1.116211 -0.250000 1310161000.189383
0.291992 -1.406250 -0.250000 1310161000.212360
0.373047 -1.658203 -0.196289 1310161000.257419
0.563477 -1.855469 -0.016602 1310161000.316413
0.452148 -1.677734 -0.166992 1310161000.322424
0.303711 -1.598633 -0.210938 1310161000.350439
0.349609 -1.041016 -0.040039 1310161000.387414
0.175781 -0.791016 -0.040039 1310161000.409418
0.163086 -0.660156 -0.132812 1310161000.441431
0.169922 -0.203125 -0.225586 1310161000.517464
0.163086 -0.066406 -0.231445 1310161000.519410
0.171875 0.315430 -0.240234 1310161000.532418
0.253906 0.483398 -0.275391 1310161000.576417
0.315430 0.640625 -0.259766 1310161000.598439
0.650391 0.742188 -0.249023 1310161000.662422
0.511719 0.994141 -0.282227 1310161000.685417
1.005859 0.835938 -0.222656 1310161000.707430
0.902344 1.253906 -0.223633 1310161000.731423
1.210938 1.030273 -0.324219 1310161000.755417
1.225586 1.376953 -0.013672 1310161000.822425
1.473633 1.027344 -0.115234 1310161000.846398
1.255859 1.697266 0.078125 1310161000.873425
1.319336 1.308594 0.361328 1310161000.895427
1.345703 1.251953 0.359375 1310161000.939431
1.210938 1.474609 0.521484 1310161000.970447
1.003906 1.228516 0.557617 1310161000.991423
0.865234 1.562500 0.555664 1310161001.037430
0.766602 1.645508 0.717773 1310161001.110431
