0.944336 0.316406 0.880859 1311186931.789179
0.941406 0.275391 0.877930 1311186931.847165
1.109375 0.229492 1.064453 1311186931.849145
1.079102 0.383789 1.022461 1311186931.892143
1.136719 0.497070 1.005859 1311186931.914193
1.186523 0.500977 1.092773 1311186931.962137
1.046875 0.500000 0.984375 1311186931.984183
0.994141 0.607422 0.948242 1311186932.030177
0.839844 0.476562 0.907227 1311186932.051151
0.689453 0.413086 0.831055 1311186932.074162
0.511719 0.384766 0.745117 1311186932.097183
0.351562 0.404297 0.745117 1311186932.143141
0.260742 0.226562 0.632812 1311186932.186178
0.076172 0.225586 0.525391 1311186932.210159
-0.034180 0.190430 0.419922 1311186932.232156
-0.098633 0.144531 0.305664 1311186932.279158
-0.147461 0.032227 0.233398 1311186932.302162
-0.252930 0.019531 0.042969 1311186932.359182
-0.305664 0.004883 0.040039 1311186932.380162
-0.372070 -0.039062 -0.124023 1311186932.415167
-0.482422 0.033203 -0.190430 1311186932.452153
-0.477539 0.048828 -0.269531 1311186932.480154
-0.611328 -0.008789 -0.440430 1311186932.482155
-0.685547 0.005859 -0.621094 1311186932.557157
-0.635742 0.149414 -0.812500 1311186932.562161
-0.706055 0.093750 -1.115234 1311186932.591194
-0.702148 0.128906 -1.189453 1311186932.621169
-0.724609 0.025391 -1.293945 1311186932.666162
-0.797852 0.082031 -1.176758 1311186932.693178
-0.876953 0.082031 -1.176758 1311186932.719167
-0.750000 0.056641 -0.974609 1311186932.765172
-0.703125 0.092773 -0.877930 1311186932.787167
-0.683594 -0.006836 -0.696289 1311186932.831195
-0.627930 0.133789 -0.606445 1311186932.854167
-0.627930 0.133789 -0.606445 1311186932.876188
-0.368164 0.021484 -0.335938 1311186932.914177
-0.231445 0.037109 -0.221680 1311186932.957175
-0.127930 -0.017578 -0.178711 1311186932.980186
0.075195 -0.056641 0.001953 1311186933.025204
0.213867 -0.105469 0.033203 1311186933.049185
0.255859 -0.125000 0.094727 1311186933.074180
0.330078 -0.150391 0.143555 1311186933.141202
0.496094 -0.208008 0.231445 1311186933.142166
0.605469 -0.250977 0.261719 1311186933.186197
0.758789 -0.150391 0.319336 1311186933.209194
0.886719 -0.251953 0.330078 1311186933.232193
1.005859 -0.125000 0.462891 1311186933.275198
1.189453 -0.159180 0.506836 1311186933.299191
1.246094 -0.309570 0.526367 1311186933.346189
1.354492 -0.095703 0.701172 1311186933.370196
1.477539 -0.125977 0.592773 1311186933.392194
1.504883 -0.099609 0.686523 1311186933.436196
1.543945 -0.000977 0.787109 1311186933.481185
1.485352 -0.256836 0.621094 1311186933.504187
1.547852 -0.090820 0.573242 1311186933.529193
1.504883 0.001953 0.572266 1311186933.553176
1.453125 -0.122070 0.391602 1311186933.596179
1.409180 -0.122070 0.391602 1311186933.621190
1.317383 0.020508 0.344727 1311186933.657184
1.404297 -0.094727 0.243164 1311186933.721186
1.375000 -0.056641 0.113281 1311186933.758184
1.376953 0.058594 0.155273 1311186933.760177
1.461914 -0.029297 0.102539 1311186933.778188
1.625977 -0.042969 0.095703 1311186933.823208
1.622070 0.004883 0.163086 1311186933.856193
1.487305 -0.086914 0.184570 1311186933.894184
1.448242 -0.104492 0.085938 1311186933.915189
1.423828 -0.026367 0.184570 1311186933.938185
1.386719 -0.183594 0.149414 1311186933.981198
1.322266 -0.079102 0.120117 1311186934.027228
1.216797 0.033203 0.187500 1311186934.050194
1.256836 -0.125000 0.196289 1311186934.073194
1.193359 -0.080078 0.258789 1311186934.117186
1.227539 -0.052734 0.332031 1311186934.141202
1.234375 0.012695 0.443359 1311186934.166199
1.269531 -0.021484 0.490234 1311186934.208189
1.193359 0.017578 0.526367 1311186934.240212
1.205078 0.101562 0.620117 1311186934.277197
1.259766 0.008789 0.604492 1311186934.300214
1.111328 0.142578 0.671875 1311186934.382183
1.006836 0.087891 0.773438 1311186934.384198
1.073242 0.071289 0.695312 1311186934.422432
0.961914 0.064453 0.702148 1311186934.446210
0.863281 0.051758 0.670898 1311186934.467201
0.685547 0.012695 0.520508 1311186934.491200
0.562500 0.035156 0.419922 1311186934.536216
0.365234 -0.024414 0.272461 1311186934.559221
0.192383 -0.059570 0.176758 1311186934.616205
0.008789 -0.005859 0.070312 1311186934.617197
-0.125977 -0.041992 -0.007812 1311186934.660200
-0.250000 -0.078125 -0.094727 1311186934.682200
-0.269531 -0.094727 -0.188477 1311186934.726228
-0.319336 -0.094727 -0.188477 1311186934.750231
-0.456055 -0.073242 -0.351562 1311186934.800222
-0.501953 -0.120117 -0.425781 1311186934.825351
-0.642578 -0.109375 -0.523438 1311186934.848214
-0.658203 -0.099609 -0.705078 1311186934.881211
-0.793945 -0.042969 -0.716797 1311186934.913224
-0.740234 -0.015625 -0.792969 1311186934.949228
-0.829102 0.015625 -0.910156 1311186934.974206
-0.856445 0.104492 -0.966797 1311186935.026206
-0.806641 0.020508 -1.013672 1311186935.073208
-0.830078 0.067383 -0.970703 1311186935.077211
-0.896484 0.101562 -0.920898 1311186935.098225
-0.816406 0.099609 -0.824219 1311186935.137205
-0.827148 0.132812 -0.719727 1311186935.185219
-0.743164 0.190430 -0.603516 1311186935.211211
-0.618164 0.130859 -0.500000 1311186935.235347
-0.476562 0.126953 -0.441406 1311186935.281225
-0.368164 0.154297 -0.326172 1311186935.302221
-0.250977 0.107422 -0.342773 1311186935.325207
-0.030273 0.057617 -0.204102 1311186935.368224
0.184570 0.056641 -0.195312 1311186935.392212
0.428711 0.045898 -0.032227 1311186935.463230
0.561523 -0.057617 0.080078 1311186935.465210
0.638672 -0.052734 0.166992 1311186935.491220
0.839844 -0.043945 0.272461 1311186935.533214
0.909180 -0.173828 0.282227 1311186935.556223
1.091797 -0.134766 0.363281 1311186935.600243
1.209961 -0.068359 0.426758 1311186935.631237
1.344727 -0.126953 0.558594 1311186935.655233
1.499023 -0.126953 0.558594 1311186935.679231
1.459961 -0.081055 0.779297 1311186935.725220
1.452148 -0.198242 0.731445 1311186935.768239
1.531250 -0.111328 0.680664 1311186935.790246
1.466797 0.011719 0.755859 1311186935.816253
1.407227 -0.072266 0.543945 1311186935.841221
1.479492 -0.027344 0.538086 1311186935.885249
1.528320 -0.006836 0.500000 1311186935.927254
1.522461 -0.069336 0.448242 1311186935.948234
1.535156 -0.122070 0.373047 1311186935.971218
1.578125 0.006836 0.389648 1311186936.015233
1.606445 -0.085938 0.345703 1311186936.041269
1.606445 -0.085938 0.345703 1311186936.075224
1.651367 -0.052734 0.287109 1311186936.112247
1.683594 0.032227 0.239258 1311186936.136245
1.659180 -0.081055 0.187500 1311186936.180249
1.530273 0.019531 0.244141 1311186936.201245
1.482422 -0.014648 0.131836 1311186936.222250
1.482422 -0.014648 0.131836 1311186936.279234
1.352539 -0.093750 0.101562 1311186936.330229
1.222656 -0.053711 0.131836 1311186936.346232
1.156250 -0.073242 0.173828 1311186936.368245
1.177734 -0.083008 0.125000 1311186936.390237
1.053711 0.016602 0.231445 1311186936.434240
1.124023 -0.080078 0.365234 1311186936.458235
1.194336 -0.103516 0.349609 1311186936.503255
1.108398 0.029297 0.453125 1311186936.525235
1.167969 -0.045898 0.469727 1311186936.568238
1.033203 -0.105469 0.538086 1311186936.591246
0.989258 0.092773 0.636719 1311186936.613239
1.000977 0.016602 0.662109 1311186936.661269
0.892578 -0.025391 0.672852 1311186936.683256
0.809570 0.088867 0.729492 1311186936.730267
0.766602 0.006836 0.666016 1311186936.752249
0.634766 0.061523 0.616211 1311186936.781253
0.523438 0.061523 0.616211 1311186936.803257
0.437500 0.032227 0.529297 1311186936.848267
0.253906 -0.016602 0.465820 1311186936.902264
0.190430 0.070312 0.373047 1311186936.950258
0.027344 0.024414 0.303711 1311186936.953256
-0.104492 -0.050781 0.183594 1311186936.997246
-0.141602 -0.050781 0.183594 1311186936.998240
-0.141602 -0.050781 0.183594 1311186937.041263
-0.351562 -0.077148 -0.177734 1311186937.075277
-0.441406 -0.069336 -0.333008 1311186937.100264
-0.533203 -0.064453 -0.408203 1311186937.142291
-0.584961 -0.072266 -0.591797 1311186937.165261
-0.637695 0.007812 -0.731445 1311186937.195257
-0.601562 -0.052734 -0.802734 1311186937.260245
-0.602539 -0.019531 -0.977539 1311186937.262253
-0.626953 0.014648 -1.152344 1311186937.312261
-0.741211 -0.030273 -1.219727 1311186937.335241
-0.736328 -0.117188 -1.191406 1311186937.358279
-0.752930 -0.106445 -1.194336 1311186937.391269
-0.791992 -0.105469 -1.075195 1311186937.427292
-0.766602 -0.094727 -0.927734 1311186937.470266
-0.707031 -0.066406 -0.915039 1311186937.496275
-0.671875 0.057617 -0.742188 1311186937.538284
-0.580078 0.070312 -0.657227 1311186937.616371
-0.527344 0.079102 -0.517578 1311186937.617259
-0.359375 0.064453 -0.446289 1311186937.637264
-0.237305 0.088867 -0.391602 1311186937.658270
-0.084961 0.078125 -0.225586 1311186937.681300
0.096680 0.038086 -0.248047 1311186937.712281
0.241211 0.073242 -0.053711 1311186937.758277
0.548828 -0.064453 0.043945 1311186937.781276
0.542969 -0.074219 0.137695 1311186937.811258
0.591797 -0.059570 0.279297 1311186937.855680
0.806641 -0.131836 0.294922 1311186937.920283
0.897461 -0.200195 0.372070 1311186937.921257
1.011719 -0.046875 0.457031 1311186937.945298
1.206055 -0.204102 0.494141 1311186937.972278
1.213867 -0.171875 0.629883 1311186938.006280
1.334961 -0.103516 0.612305 1311186938.048625
1.491211 -0.143555 0.618164 1311186938.091568
1.452148 -0.045898 0.806641 1311186938.115285
1.513672 -0.183594 0.659180 1311186938.140297
1.527344 -0.103516 0.693359 1311186938.165291
1.483398 0.015625 0.686523 1311186938.203263
1.440430 -0.138672 0.539062 1311186938.246270
1.535156 -0.070312 0.461914 1311186938.268273
1.532227 -0.056641 0.483398 1311186938.312271
1.528320 -0.121094 0.428711 1311186938.333291
1.670898 -0.002930 0.394531 1311186938.377270
1.688477 -0.057617 0.323242 1311186938.406280
1.677734 -0.122070 0.287109 1311186938.422453
1.682617 -0.105469 0.200195 1311186938.466281
1.591797 -0.109375 0.249023 1311186938.489275
1.625977 -0.073242 0.276367 1311186938.542273
1.504883 -0.037109 0.233398 1311186938.566928
1.380859 -0.022461 0.199219 1311186938.587313
1.299805 -0.060547 0.221680 1311186938.613275
1.210938 -0.138672 0.195312 1311186938.656288
1.163086 -0.047852 0.152344 1311186938.680275
1.077148 -0.087891 0.141602 1311186938.727294
1.084961 -0.051758 0.300781 1311186938.750293
1.151367 0.056641 0.419922 1311186938.775288
1.241211 -0.138672 0.448242 1311186938.828685
1.228516 0.026367 0.614258 1311186938.874281
1.208984 0.026367 0.614258 1311186938.911295
1.237305 0.011719 0.627930 1311186938.925677
1.233398 0.000000 0.764648 1311186938.948285
1.138672 -0.046875 0.780273 1311186938.981282
1.048828 -0.016602 0.744141 1311186939.042302
1.015625 0.035156 0.777344 1311186939.078280
0.885742 0.035156 0.777344 1311186939.080287
0.793945 -0.009766 0.605469 1311186939.106299
0.706055 -0.030273 0.548828 1311186939.138289
0.517578 -0.010742 0.357422 1311186939.160296
0.427734 -0.067383 0.250977 1311186939.208302
0.220703 -0.016602 0.140625 1311186939.231317
0.088867 -0.050781 0.057617 1311186939.281312
-0.080078 -0.067383 -0.066406 1311186939.303297
-0.153320 -0.046875 -0.139648 1311186939.327332
-0.272461 -0.027344 -0.201172 1311186939.356319
-0.366211 -0.064453 -0.302734 1311186939.400319
-0.508789 -0.061523 -0.388672 1311186939.427324
-0.594727 -0.117188 -0.541992 1311186939.448307
-0.572266 -0.066406 -0.631836 1311186939.492321
-0.706055 0.001953 -0.783203 1311186939.514306
-0.730469 0.008789 -0.885742 1311186939.560318
-0.733398 -0.007812 -0.906250 1311186939.603312
-0.775391 0.016602 -1.078125 1311186939.625315
-0.786133 -0.013672 -1.114258 1311186939.647311
-0.924805 0.023438 -1.030273 1311186939.710348
-0.862305 -0.039062 -0.962891 1311186939.711302
-0.851562 0.017578 -0.945312 1311186939.753307
-0.776367 0.045898 -0.871094 1311186939.797302
-0.803711 0.045898 -0.871094 1311186939.798294
-0.704102 0.155273 -0.695312 1311186939.841331
-0.685547 0.175781 -0.629883 1311186939.888314
-0.525391 0.117188 -0.472656 1311186939.911318
-0.474609 0.080078 -0.372070 1311186939.936314
-0.309570 0.075195 -0.326172 1311186939.978303
-0.186523 0.056641 -0.198242 1311186940.000290
-0.007812 0.045898 -0.186523 1311186940.045314
0.138672 0.003906 -0.015625 1311186940.073315
0.301758 0.019531 0.054688 1311186940.095314
0.459961 -0.034180 0.150391 1311186940.154307
0.546875 -0.092773 0.232422 1311186940.205322
0.649414 -0.061523 0.258789 1311186940.223306
0.854492 -0.097656 0.311523 1311186940.247448
0.897461 -0.195312 0.413086 1311186940.270336
1.017578 -0.166992 0.437500 1311186940.306325
1.170898 -0.119141 0.504883 1311186940.333434
1.369141 -0.208984 0.657227 1311186940.358301
1.375977 -0.136719 0.657227 1311186940.383330
1.445312 0.113281 0.657227 1311186940.426336
1.472656 -0.147461 0.591797 1311186940.471311
1.416992 -0.055664 0.699219 1311186940.495334
1.434570 -0.058594 0.552734 1311186940.546317
1.485352 -0.113281 0.522461 1311186940.548312
1.495117 0.010742 0.596680 1311186940.581320
1.444336 -0.142578 0.417969 1311186940.631323
1.508789 -0.109375 0.401367 1311186940.655345
1.413086 -0.140625 0.383789 1311186940.698316
1.459961 -0.064453 0.278320 1311186940.721321
1.407227 -0.114258 0.236328 1311186940.743322
1.407227 -0.114258 0.236328 1311186940.768315
1.560547 -0.066406 0.087891 1311186940.816347
1.686523 0.119141 0.115234 1311186940.844348
1.573242 -0.114258 0.119141 1311186940.868350
1.611328 -0.015625 0.145508 1311186940.912337
1.542969 -0.015625 0.145508 1311186940.926345
1.476562 -0.095703 0.232422 1311186940.992329
1.494141 -0.073242 0.215820 1311186941.015343
1.345703 -0.147461 0.158203 1311186941.038353
1.195312 -0.166016 0.192383 1311186941.066341
1.223633 -0.255859 0.281250 1311186941.111330
1.223633 -0.255859 0.281250 1311186941.133327
1.230469 -0.212891 0.497070 1311186941.168344
1.208984 -0.075195 0.512695 1311186941.192352
1.283203 0.025391 0.723633 1311186941.235336
1.318359 -0.064453 0.581055 1311186941.281344
1.248047 0.073242 0.643555 1311186941.282327
1.231445 0.121094 0.710938 1311186941.350342
1.166016 0.006836 0.619141 1311186941.375336
0.984375 0.073242 0.625977 1311186941.410351
0.888672 0.055664 0.610352 1311186941.501330
0.820312 -0.044922 0.510742 1311186941.502330
0.636719 -0.046875 0.474609 1311186941.525344
0.524414 0.009766 0.388672 1311186941.548332
0.423828 -0.021484 0.295898 1311186941.592334
0.275391 -0.048828 0.186523 1311186941.613361
0.107422 -0.056641 0.173828 1311186941.615348
-0.044922 -0.041016 0.085938 1311186941.657357
-0.124023 -0.061523 0.000000 1311186941.680363
-0.251953 -0.090820 -0.250000 1311186941.704385
-0.393555 0.002930 -0.168945 1311186941.755372
-0.463867 -0.028320 -0.259766 1311186941.777370
-0.517578 -0.041016 -0.352539 1311186941.823393
-0.553711 -0.079102 -0.494141 1311186941.855359
-0.639648 -0.079102 -0.494141 1311186941.876357
-0.661133 0.036133 -0.786133 1311186941.907365
-0.631836 0.007812 -0.786133 1311186941.941356
-0.746094 -0.009766 -1.037109 1311186941.985373
-0.782227 -0.006836 -1.043945 1311186942.010354
-0.883789 0.020508 -1.036133 1311186942.033359
-0.866211 0.024414 -1.019531 1311186942.103370
-0.814453 0.002930 -0.912109 1311186942.141376
-0.765625 -0.021484 -0.922852 1311186942.143373
-0.783203 0.037109 -0.806641 1311186942.160374
-0.738281 0.071289 -0.691406 1311186942.208374
-0.705078 0.067383 -0.624023 1311186942.252342
-0.639648 0.020508 -0.471680 1311186942.272379
-0.541992 0.073242 -0.463867 1311186942.312357
-0.444336 0.054688 -0.312500 1311186942.333369
-0.337891 0.125000 -0.274414 1311186942.357363
-0.190430 0.020508 -0.141602 1311186942.383359
-0.030273 0.001953 -0.018555 1311186942.492374
0.141602 0.024414 0.027344 1311186942.513354
0.274414 0.024414 0.125977 1311186942.537352
0.511719 -0.101562 0.239258 1311186942.538349
0.505859 -0.093750 0.315430 1311186942.558361
0.625977 -0.034180 0.398438 1311186942.580365
0.811523 -0.242188 0.532227 1311186942.604401
0.793945 -0.314453 0.558594 1311186942.647379
0.924805 -0.228516 0.574219 1311186942.690380
0.978516 -0.344727 0.505859 1311186942.762368
1.110352 -0.294922 0.499023 1311186942.813362
1.094727 -0.231445 0.516602 1311186942.815383
1.327148 -0.201172 0.266602 1311186942.819386
1.367188 -0.217773 0.507812 1311186942.836354
1.354492 -0.146484 0.500977 1311186942.891369
1.437500 -0.183594 0.460938 1311186942.912393
1.405273 -0.148438 0.467773 1311186942.956386
1.480469 -0.141602 0.434570 1311186942.978361
1.424805 -0.141602 0.434570 1311186943.001387
1.381836 -0.088867 0.417969 1311186943.031369
1.405273 -0.148438 0.465820 1311186943.075383
1.374023 -0.231445 0.359375 1311186943.096366
1.486328 -0.135742 0.270508 1311186943.140388
1.428711 -0.024414 0.253906 1311186943.163372
1.399414 -0.024414 0.253906 1311186943.186370
1.505859 -0.099609 0.105469 1311186943.231385
1.457031 -0.054688 0.157227 1311186943.255378
1.529297 -0.109375 0.140625 1311186943.305398
1.435547 -0.072266 0.093750 1311186943.328375
1.408203 -0.130859 0.003906 1311186943.355374
1.420898 -0.081055 -0.026367 1311186943.402370
1.350586 -0.209961 -0.087891 1311186943.424385
1.250977 -0.203125 -0.190430 1311186943.447403
1.207031 -0.251953 -0.196289 1311186943.490377
1.115234 -0.193359 -0.142578 1311186943.512374
1.145508 -0.333008 -0.210938 1311186943.537397
1.093750 -0.250977 -0.225586 1311186943.601379
1.067383 -0.154297 -0.202148 1311186943.622379
0.995117 -0.166992 -0.250000 1311186943.667392
1.084961 -0.185547 -0.226562 1311186943.690402
0.963867 -0.171875 -0.238281 1311186943.711416
0.781250 -0.038086 -0.238281 1311186943.733419
0.781250 -0.038086 -0.238281 1311186943.776430
0.781250 0.051758 -0.200195 1311186943.821414
0.667969 0.027344 -0.168945 1311186943.844430
0.687500 0.016602 -0.175781 1311186943.867427
0.640625 0.077148 -0.089844 1311186943.911414
0.562500 0.064453 -0.089844 1311186943.935408
0.568359 0.038086 -0.049805 1311186943.981397
0.657227 0.110352 -0.076172 1311186944.013422
0.623047 0.175781 -0.031250 1311186944.051411
0.702148 0.232422 0.056641 1311186944.077413
0.636719 0.247070 0.072266 1311186944.100434
0.715820 0.277344 0.144531 1311186944.122422
0.794922 0.318359 0.166992 1311186944.170411
0.869141 0.303711 0.198242 1311186944.191443
0.867188 0.238281 0.278320 1311186944.237389
0.895508 0.197266 0.300781 1311186944.260426
0.909180 0.331055 0.309570 1311186944.283445
0.905273 0.353516 0.328125 1311186944.330413
1.000977 0.495117 0.357422 1311186944.355427
1.007812 -0.208008 0.277344 1311186944.397436
