0.673828 0.599609 0.413086 1311114639.104964
0.533203 0.520508 0.396484 1311114639.126963
0.493164 0.581055 0.353516 1311114639.149962
0.604492 0.825195 0.452148 1311114639.193951
0.659180 0.974609 0.502930 1311114639.214951
0.670898 0.999023 0.590820 1311114639.257948
0.568359 1.006836 0.592773 1311114639.294957
0.497070 1.045898 0.668945 1311114639.315916
0.356445 0.901367 0.675781 1311114639.358963
0.336914 0.773438 0.593750 1311114639.381971
0.294922 0.745117 0.629883 1311114639.424963
0.186523 0.790039 0.648438 1311114639.465971
0.083984 0.769531 0.503906 1311114639.467962
-0.047852 0.519531 0.503906 1311114639.510898
-0.151367 0.445312 -0.172852 1311114639.558971
-0.406250 0.571289 -0.335938 1311114639.608953
-0.549805 0.761719 -0.436523 1311114639.620972
-0.436523 0.976562 -0.436523 1311114639.643912
-0.486328 0.827148 -0.397461 1311114639.685974
-0.577148 0.554688 -0.867188 1311114639.709913
-0.696289 0.480469 -1.483398 1311114639.740919
-0.865234 0.690430 -1.784180 1311114639.764976
-0.710938 0.576172 -1.898438 1311114639.788978
0.011719 0.660156 -1.945312 1311114639.855979
0.270508 0.380859 -1.970703 1311114639.876935
0.978516 0.189453 -1.977539 1311114639.898977
1.714844 0.291016 -0.837891 1311114639.940973
0.372070 1.121094 -1.001953 1311114639.963977
1.984375 1.097656 -0.473633 1311114639.985980
1.973633 -1.984375 0.109375 1311114640.052985
0.472656 1.975586 0.958984 1311114640.089977
1.375000 0.190430 0.961914 1311114640.090972
1.820312 -0.052734 0.939453 1311114640.111918
1.077148 0.898438 1.058594 1311114640.151985
1.195312 -0.312500 1.558594 1311114640.198907
1.335938 -0.312500 1.558594 1311114640.211957
1.693359 0.088867 1.024414 1311114640.265982
1.831055 0.246094 0.791992 1311114640.286983
1.766602 -0.153320 0.593750 1311114640.329986
1.481445 0.163086 0.631836 1311114640.350986
1.394531 -0.132812 0.631836 1311114640.372989
1.241211 -0.181641 0.456055 1311114640.418983
1.221680 0.126953 0.251953 1311114640.455964
1.173828 0.361328 0.143555 1311114640.478975
1.004883 0.464844 0.006836 1311114640.500989
0.957031 0.545898 -0.052734 1311114640.544995
0.957031 0.545898 -0.052734 1311114640.588994
0.891602 0.457031 -0.009766 1311114640.611990
0.872070 0.398438 0.057617 1311114640.634926
0.874023 0.308594 0.124023 1311114640.680949
0.842773 0.351562 0.119141 1311114640.704944
0.874023 0.265625 0.142578 1311114640.739927
0.874023 0.265625 0.142578 1311114640.761989
0.867188 0.296875 0.171875 1311114640.806943
0.875977 0.228516 0.218750 1311114640.836954
0.864258 0.158203 0.233398 1311114640.860989
0.855469 0.163086 0.224609 1311114640.904998
0.863281 0.171875 0.251953 1311114640.935990
0.867188 0.144531 0.250977 1311114640.959002
0.878906 0.164062 0.198242 1311114641.000999
0.859375 0.160156 0.205078 1311114641.021995
0.845703 0.157227 0.181641 1311114641.065006
0.836914 0.148438 0.199219 1311114641.086942
0.856445 0.159180 0.167969 1311114641.132991
0.817383 0.170898 0.149414 1311114641.157027
0.866211 0.168945 0.149414 1311114641.200001
0.870117 0.168945 0.141602 1311114641.220964
0.843750 0.220703 0.124023 1311114641.265003
0.791992 0.210938 0.148438 1311114641.297004
0.875977 0.192383 0.160156 1311114641.307009
0.907227 0.208984 0.156250 1311114641.355997
0.912109 0.205078 0.108398 1311114641.383996
0.891602 0.203125 0.179688 1311114641.406003
0.900391 0.233398 0.141602 1311114641.450006
0.866211 0.238281 0.155273 1311114641.472007
0.861328 0.238281 0.155273 1311114641.496001
0.875000 0.222656 0.155273 1311114641.541960
