0.987305 -0.025391 -0.066406 1310580447.131438
0.968750 0.029297 -0.046875 1310580447.153396
0.956055 -0.011719 0.003906 1310580447.175413
0.741211 0.026367 -0.035156 1310580447.221411
0.521484 -0.031250 0.004883 1310580447.242459
0.405273 0.061523 0.029297 1310580447.265523
0.330078 -0.012695 -0.003906 1310580447.308504
0.731445 0.254883 0.004883 1310580447.337482
1.365234 0.227539 0.218750 1310580447.375526
1.397461 0.891602 0.345703 1310580447.400437
1.465820 1.142578 0.564453 1310580447.443412
1.979492 1.838867 0.550781 1310580447.466376
1.991211 1.982422 0.765625 1310580447.523465
1.989258 1.978516 0.366211 1310580447.587491
1.681641 1.070312 -0.481445 1310580447.590463
0.873047 -0.250977 -0.911133 1310580447.592444
0.035156 -1.455078 -1.066406 1310580447.633675
-0.427734 -1.455078 -1.066406 1310580447.657430
-0.423828 -0.807617 0.112305 1310580447.702397
-0.263672 -0.308594 0.116211 1310580447.806401
0.206055 0.002930 -0.061523 1310580447.810398
0.864258 0.990234 0.072266 1310580447.811389
0.941406 1.441406 0.140625 1310580447.832441
0.262695 0.369141 0.140625 1310580447.855415
-0.381836 -0.400391 -0.186523 1310580447.898399
-0.457031 -0.318359 -0.202148 1310580447.941539
-0.395508 -0.004883 -0.062500 1310580447.963398
-0.169922 0.574219 -0.022461 1310580448.008423
0.076172 1.984375 0.191406 1310580448.010412
1.987305 1.984375 0.191406 1310580448.055482
1.583984 1.984375 0.796875 1310580448.080501
1.538086 1.982422 0.273438 1310580448.122403
0.942383 0.955078 -0.244141 1310580448.166424
0.290039 0.233398 -0.298828 1310580448.188452
0.384766 0.298828 0.870117 1310580448.212524
-0.135742 1.196289 0.870117 1310580448.235495
-1.414062 0.643555 -0.011719 1310580448.281532
-0.446289 -0.121094 0.270508 1310580448.323494
-0.244141 -0.462891 -0.296875 1310580448.346533
0.003906 -0.581055 -0.530273 1310580448.367537
0.118164 0.378906 -0.530273 1310580448.411407
0.059570 -0.123047 -0.551758 1310580448.455475
-0.025391 -0.165039 -0.486328 1310580448.477453
-0.157227 0.123047 -0.299805 1310580448.520499
-0.106445 0.617188 -0.200195 1310580448.542469
0.039062 1.195312 -0.364258 1310580448.565517
0.354492 1.931641 -0.594727 1310580448.588491
1.750977 1.980469 -0.626953 1310580448.631401
1.989258 1.983398 -0.441406 1310580448.677443
1.428711 1.980469 -0.175781 1310580448.691536
0.556641 1.980469 -0.232422 1310580448.751411
0.026367 1.069336 -0.288086 1310580448.752401
0.026367 1.069336 -0.288086 1310580448.793440
0.036133 -1.184570 -0.119141 1310580448.871468
-0.086914 -0.372070 0.028320 1310580448.872436
-0.025391 0.421875 -0.340820 1310580448.898511
0.423828 1.242188 -0.365234 1310580448.931417
-0.075195 0.356445 -0.338867 1310580448.953419
-0.075195 0.356445 -0.338867 1310580448.975469
-0.325195 0.356445 -0.338867 1310580449.018490
-0.324219 -0.429688 -0.401367 1310580449.047551
-0.517578 -0.189453 -0.259766 1310580449.090442
-0.325195 0.116211 -0.130859 1310580449.133434
-0.220703 0.359375 0.063477 1310580449.135439
-0.113281 1.257812 0.063477 1310580449.179561
0.303711 1.979492 0.285156 1310580449.223539
1.023438 1.982422 0.361328 1310580449.246550
0.787109 1.980469 0.208984 1310580449.290554
0.514648 1.982422 0.224609 1310580449.311481
0.111328 1.980469 -0.081055 1310580449.334485
-0.057617 0.695312 -0.337891 1310580449.400427
-0.068359 -0.360352 -0.290039 1310580449.440502
-0.063477 -0.823242 -0.208008 1310580449.453481
-0.285156 -0.439453 -0.039062 1310580449.473482
-0.272461 -0.013672 -0.049805 1310580449.495492
0.086914 0.231445 -0.153320 1310580449.540555
0.275391 0.241211 -0.344727 1310580449.568518
0.211914 -0.023438 -0.290039 1310580449.593452
0.104492 -0.459961 -0.391602 1310580449.646489
-0.023438 -0.473633 -0.549805 1310580449.671433
-0.121094 -0.071289 -0.374023 1310580449.703453
-0.206055 -0.071289 -0.374023 1310580449.725459
-0.393555 0.658203 -0.113281 1310580449.763562
-0.424805 1.525391 -0.634766 1310580449.808483
0.555664 1.980469 -1.239258 1310580449.831452
1.992188 1.981445 -1.092773 1310580449.853467
1.032227 1.980469 -1.010742 1310580449.878501
0.877930 1.980469 -0.328125 1310580449.909490
0.003906 0.533203 -0.123047 1310580449.953501
0.067383 -0.812500 -0.211914 1310580450.000566
0.154297 -1.106445 -0.159180 1310580450.022535
-0.427734 -0.392578 -0.311523 1310580450.045437
-0.648438 0.210938 -0.661133 1310580450.150567
0.081055 0.589844 -0.483398 1310580450.192527
-0.038086 0.198242 -0.483398 1310580450.194471
0.004883 0.035156 -0.188477 1310580450.215541
0.009766 -0.115234 -0.187500 1310580450.216534
0.094727 0.123047 -0.248047 1310580450.237615
0.004883 0.083008 -0.151367 1310580450.280572
-0.051758 0.170898 -0.168945 1310580450.303578
-0.026367 0.077148 -0.053711 1310580450.338454
-0.047852 0.712891 -0.084961 1310580450.382441
0.289062 1.981445 -0.449219 1310580450.426514
1.313477 1.982422 -0.374023 1310580450.427568
0.583984 1.978516 -0.107422 1310580450.471514
0.469727 1.979492 -0.109375 1310580450.513487
0.376953 1.761719 -0.145508 1310580450.526529
0.218750 1.082031 -0.099609 1310580450.571449
0.164062 0.595703 -0.066406 1310580450.595450
0.191406 0.325195 -0.051758 1310580450.638485
0.147461 0.187500 -0.065430 1310580450.661478
0.147461 0.187500 -0.065430 1310580450.688471
0.283203 0.002930 -0.046875 1310580450.736500
0.375000 0.050781 -0.067383 1310580450.766477
0.650391 0.189453 -0.072266 1310580450.787451
1.253906 0.353516 -0.051758 1310580450.832739
1.977539 0.500000 0.170898 1310580450.856486
1.810547 0.451172 0.170898 1310580450.879465
0.466797 0.423828 0.320312 1310580450.922521
0.706055 0.175781 0.356445 1310580450.965499
0.622070 -0.201172 0.255859 1310580450.986556
0.604492 -0.330078 0.093750 1310580451.007481
1.108398 -0.330078 0.093750 1310580451.053497
1.258789 0.583984 -0.008789 1310580451.097538
0.871094 0.461914 -0.043945 1310580451.118508
0.659180 0.470703 -0.073242 1310580451.165520
0.639648 0.428711 0.073242 1310580451.170592
0.877930 0.393555 0.215820 1310580451.210519
0.979492 0.348633 0.248047 1310580451.231463
1.011719 0.123047 0.248047 1310580451.275518
1.011719 0.123047 0.248047 1310580451.298563
0.999023 -0.072266 0.039062 1310580451.342459
0.942383 -0.017578 0.035156 1310580451.417596
0.866211 0.069336 0.019531 1310580451.445596
0.896484 0.215820 0.044922 1310580451.447589
0.945312 0.249023 0.086914 1310580451.470593
0.939453 0.269531 0.097656 1310580451.493595
0.948242 0.222656 0.103516 1310580451.545467
0.914062 0.148438 0.094727 1310580451.570516
0.900391 0.116211 0.049805 1310580451.592461
0.901367 0.085938 0.068359 1310580451.637505
0.959961 0.105469 0.062500 1310580451.663548
0.975586 0.119141 0.042969 1310580451.708469
0.967773 0.103516 0.063477 1310580451.731467
0.936523 0.089844 0.027344 1310580451.775518
0.924805 0.089844 0.027344 1310580451.776510
