0.362305 0.395508 0.585938 1309542928.799313
0.387695 0.395508 0.588867 1309542928.822313
0.368164 0.402344 0.575195 1309542928.866311
0.385742 0.367188 0.575195 1309542928.891318
0.379883 0.361328 0.592773 1309542928.926314
0.385742 0.386719 0.589844 1309542928.948307
0.405273 0.351562 0.587891 1309542928.983318
0.392578 0.361328 0.550781 1309542929.002336
0.376953 0.349609 0.569336 1309542929.047308
0.375000 0.357422 0.550781 1309542929.091308
0.375977 0.349609 0.560547 1309542929.112315
0.388672 0.409180 0.512695 1309542929.201315
0.349609 0.390625 0.533203 1309542929.222310
0.359375 0.350586 0.541016 1309542929.242291
0.383789 0.364258 0.553711 1309542929.244323
0.339844 0.415039 0.563477 1309542929.269281
0.348633 0.402344 0.509766 1309542929.307265
0.319336 0.390625 0.561523 1309542929.331290
0.353516 0.451172 0.620117 1309542929.356263
0.333984 0.456055 0.569336 1309542929.398393
0.351562 0.441406 0.553711 1309542929.421322
0.355469 0.504883 0.508789 1309542929.464320
0.387695 0.478516 0.549805 1309542929.488313
0.346680 0.429688 0.607422 1309542929.518265
0.305664 0.494141 0.533203 1309542929.561282
0.332031 0.456055 0.489258 1309542929.583269
0.321289 0.706055 0.489258 1309542929.627275
0.342773 0.596680 0.441406 1309542929.658314
0.387695 0.595703 0.477539 1309542929.683315
0.473633 0.560547 0.497070 1309542929.729316
0.460938 0.582031 0.557617 1309542929.754315
0.434570 0.691406 0.417969 1309542929.791335
0.532227 0.691406 0.417969 1309542929.813323
0.605469 0.712891 0.344727 1309542929.859330
0.695312 0.597656 0.192383 1309542929.881326
0.749023 0.594727 0.234375 1309542929.903333
0.691406 0.624023 0.171875 1309542929.947326
0.675781 0.632812 0.169922 1309542929.968330
0.675781 0.632812 0.169922 1309542930.012322
0.635742 0.557617 0.151367 1309542930.057337
0.658203 0.572266 0.157227 1309542930.079350
0.703125 0.527344 0.153320 1309542930.101339
0.827148 0.464844 0.141602 1309542930.143341
0.971680 0.436523 0.046875 1309542930.168375
1.143555 0.384766 0.046875 1309542930.191344
1.223633 0.302734 0.015625 1309542930.236306
1.206055 0.199219 -0.027344 1309542930.260297
1.093750 0.217773 -0.082031 1309542930.302316
0.993164 0.246094 -0.077148 1309542930.324361
0.876953 0.263672 -0.024414 1309542930.370336
0.817383 0.231445 -0.043945 1309542930.432353
0.755859 0.189453 -0.002930 1309542930.471327
0.714844 0.162109 -0.006836 1309542930.472325
0.711914 0.173828 -0.011719 1309542930.492309
0.695312 0.191406 -0.035156 1309542930.514316
0.686523 0.221680 -0.048828 1309542930.552320
0.723633 0.238281 -0.064453 1309542930.597325
0.763672 0.291992 0.004883 1309542930.629319
0.790039 0.287109 -0.019531 1309542930.652312
0.807617 0.289062 -0.000977 1309542930.694299
0.831055 0.285156 0.041992 1309542930.718350
0.868164 0.285156 0.041992 1309542930.741356
0.872070 0.252930 0.097656 1309542930.784361
0.881836 0.257812 0.088867 1309542930.828356
0.930664 0.257812 0.124023 1309542930.849346
0.904297 0.250000 0.147461 1309542930.872348
0.918945 0.250000 0.134766 1309542930.914336
0.919922 0.250000 0.134766 1309542930.936384
0.907227 0.266602 0.176758 1309542930.986357
0.923828 0.281250 0.139648 1309542931.008347
0.926758 0.283203 0.161133 1309542931.051352
0.967773 0.260742 0.155273 1309542931.097355
0.938477 0.242188 0.148438 1309542931.098349
0.939453 0.296875 0.117188 1309542931.146352
0.961914 0.218750 0.109375 1309542931.184300
0.926758 0.219727 0.109375 1309542931.206298
0.968750 0.207031 0.072266 1309542931.228348
0.922852 0.212891 0.088867 1309542931.272310
0.919922 0.200195 0.077148 1309542931.295301
0.919922 0.200195 0.077148 1309542931.338332
0.886719 0.212891 0.059570 1309542931.369357
0.875977 0.183594 0.053711 1309542931.393362
0.866211 0.193359 0.043945 1309542931.437359
0.879883 0.199219 0.081055 1309542931.459304
0.851562 0.186523 0.073242 1309542931.503310
0.851562 0.186523 0.073242 1309542931.504305
0.878906 0.204102 0.106445 1309542931.569309
0.869141 0.235352 0.094727 1309542931.592346
0.896484 0.218750 0.125977 1309542931.636381
0.915039 0.231445 0.112305 1309542931.658367
0.928711 0.231445 0.112305 1309542931.681361
0.914062 0.230469 0.129883 1309542931.736370
0.893555 0.256836 0.119141 1309542931.762347
0.934570 0.230469 0.088867 1309542931.788368
0.898438 0.234375 0.117188 1309542931.833359
0.903320 0.260742 0.070312 1309542931.834357
0.898438 0.260742 0.070312 1309542931.877366
0.924805 0.263672 0.060547 1309542931.922342
0.892578 0.276367 0.087891 1309542931.944387
