0.746094 0.112305 0.439453 1309978782.771806
0.717773 0.103516 0.420898 1309978782.796810
0.717773 0.103516 0.420898 1309978782.820787
0.742188 0.114258 0.313477 1309978782.852805
0.794922 0.048828 0.311523 1309978782.947821
0.829102 -0.016602 0.305664 1309978782.969810
0.786133 0.015625 0.286133 1309978782.970806
0.778320 0.073242 0.273438 1309978782.971809
0.765625 0.054688 0.252930 1309978783.015805
0.781250 0.058594 0.258789 1309978783.057823
0.712891 0.123047 0.211914 1309978783.080816
0.651367 0.121094 0.186523 1309978783.109829
0.550781 0.103516 0.324219 1309978783.142838
0.561523 0.117188 0.519531 1309978783.166809
0.702148 0.367188 0.519531 1309978783.211882
1.652344 0.423828 1.769531 1309978783.257819
1.976562 -0.016602 1.831055 1309978783.281827
1.982422 0.224609 1.694336 1309978783.302815
1.876953 0.231445 1.357422 1309978783.346818
1.631836 0.406250 0.803711 1309978783.367818
1.154297 0.364258 0.119141 1309978783.392824
0.745117 0.134766 -0.598633 1309978783.476819
0.049805 0.078125 -1.038086 1309978783.477818
-0.307617 0.053711 -0.749023 1309978783.517819
-0.114258 -0.015625 -0.461914 1309978783.519814
-0.099609 -0.121094 -0.461914 1309978783.549818
-0.090820 0.058594 -0.477539 1309978783.593817
0.159180 0.058594 -0.477539 1309978783.614826
0.121094 0.115234 -0.113281 1309978783.659801
0.013672 0.175781 0.056641 1309978783.684833
-0.016602 0.352539 0.363281 1309978783.731824
0.346680 1.000000 1.196289 1309978783.776820
1.936523 1.173828 1.983398 1309978783.820828
1.986328 1.345703 1.991211 1309978783.841834
1.984375 1.253906 1.987305 1309978783.843872
1.836914 0.365234 1.987305 1309978783.876865
0.824219 0.002930 0.813477 1309978783.921828
0.226562 0.345703 -0.121094 1309978783.945910
-0.113281 0.247070 -0.937500 1309978783.990842
-0.383789 -0.057617 -0.901367 1309978784.011830
-0.213867 -0.238281 -0.912109 1309978784.055826
-0.218750 -0.227539 -0.753906 1309978784.079830
-0.204102 -0.315430 -0.569336 1309978784.102834
-0.168945 -0.142578 -0.286133 1309978784.165839
-0.181641 -0.108398 -0.079102 1309978784.237837
-0.216797 0.021484 0.216797 1309978784.261837
-0.196289 0.462891 0.691406 1309978784.262833
0.358398 0.767578 1.483398 1309978784.282838
0.882812 1.101562 1.983398 1309978784.304830
1.991211 1.868164 1.988281 1309978784.336836
1.986328 1.394531 1.987305 1309978784.360840
1.105469 0.155273 1.371094 1309978784.407842
0.208008 -0.250000 -0.109375 1309978784.434839
-0.023438 0.097656 -1.151367 1309978784.455831
-0.230469 0.123047 -0.927734 1309978784.499842
-0.173828 0.100586 -0.581055 1309978784.522845
-0.393555 -0.045898 -0.551758 1309978784.574838
-0.327148 -0.156250 -0.454102 1309978784.596848
-0.229492 -0.116211 -0.267578 1309978784.642008
-0.214844 -0.062500 -0.045898 1309978784.650841
-0.464844 -0.062500 -0.045898 1309978784.672853
-0.344727 0.191406 0.551758 1309978784.718827
-0.138672 0.172852 1.024414 1309978784.756844
0.633789 1.060547 1.981445 1309978784.796846
1.987305 1.278320 1.987305 1309978784.818849
1.986328 1.462891 1.991211 1309978784.841850
1.904297 0.324219 1.741211 1309978784.884817
0.689453 -0.589844 0.154297 1309978784.929867
0.031250 -0.196289 -0.617188 1309978784.951845
-0.167969 -0.105469 -0.641602 1309978784.972815
-0.195312 -0.006836 -0.590820 1309978785.016859
-0.375977 0.208008 -0.546875 1309978785.039848
-0.432617 0.253906 -0.410156 1309978785.080850
-0.266602 0.033203 -0.279297 1309978785.104855
-0.296875 0.077148 -0.122070 1309978785.147879
-0.371094 0.193359 0.056641 1309978785.170857
-0.267578 0.293945 0.299805 1309978785.195860
0.454102 1.028320 0.913086 1309978785.226468
1.745117 1.231445 1.689453 1309978785.269856
1.983398 0.703125 1.990234 1309978785.314840
1.983398 0.486328 1.990234 1309978785.330835
1.983398 0.465820 1.541992 1309978785.376853
1.467773 -0.629883 0.401367 1309978785.397861
0.418945 -0.514648 -0.098633 1309978785.422858
-0.204102 -0.197266 -0.549805 1309978785.522904
-0.871094 -0.192383 -0.663086 1309978785.524861
-0.678711 0.037109 -0.501953 1309978785.544852
-0.207031 -0.008789 -0.404297 1309978785.565859
-0.169922 0.079102 -0.325195 1309978785.593866
-0.150391 0.054688 -0.186523 1309978785.620870
-0.065430 0.081055 -0.090820 1309978785.655863
0.150391 0.210938 0.111328 1309978785.701863
0.596680 0.560547 0.404297 1309978785.722865
1.479492 0.378906 0.393555 1309978785.744862
1.982422 0.668945 0.856445 1309978785.811873
1.982422 0.668945 0.856445 1309978785.812864
1.982422 -0.078125 0.635742 1309978785.857873
1.440430 -0.013672 0.550781 1309978785.880864
1.007812 0.017578 0.496094 1309978785.922856
0.716797 -0.128906 0.348633 1309978785.945865
0.512695 0.019531 0.267578 1309978785.970470
0.552734 0.113281 0.211914 1309978786.019880
0.634766 0.050781 0.165039 1309978786.042872
0.664062 0.088867 0.158203 1309978786.090873
0.758789 0.145508 0.144531 1309978786.111855
0.796875 0.126953 0.179688 1309978786.132870
0.810547 0.158203 0.174805 1309978786.178839
0.872070 0.143555 0.233398 1309978786.211874
0.911133 0.083984 0.225586 1309978786.234872
0.882812 0.122070 0.215820 1309978786.277876
0.826172 0.117188 0.268555 1309978786.300867
0.815430 0.134766 0.206055 1309978786.344877
0.861328 0.114258 0.206055 1309978786.369882
0.846680 0.101562 0.247070 1309978786.406863
0.835938 0.120117 0.263672 1309978786.430881
0.862305 0.068359 0.255859 1309978786.468882
0.837891 0.102539 0.265625 1309978786.504202
0.838867 0.094727 0.277344 1309978786.527882
0.848633 0.092773 0.264648 1309978786.550881
0.841797 0.089844 0.270508 1309978786.599883
0.846680 0.085938 0.254883 1309978786.621881
0.828125 0.087891 0.252930 1309978786.645884
0.849609 0.089844 0.259766 1309978786.686888
0.855469 0.091797 0.221680 1309978786.730889
0.855469 0.091797 0.221680 1309978786.779889
