0.333984 0.732422 0.508789 1311114687.909887
0.592773 0.512695 0.956055 1311114687.950911
0.634766 0.539062 0.787109 1311114687.973915
0.163086 0.687500 0.628906 1311114688.016908
0.246094 0.599609 0.610352 1311114688.050915
0.214844 0.568359 0.609375 1311114688.073879
0.208984 0.250000 0.671875 1311114688.118866
0.230469 0.174805 0.585938 1311114688.161921
0.233398 0.142578 0.593750 1311114688.163907
0.141602 0.291016 0.626953 1311114688.206906
0.126953 0.462891 0.497070 1311114688.250912
0.327148 0.761719 0.707031 1311114688.273926
0.468750 0.857422 0.555664 1311114688.315890
0.582031 0.793945 0.593750 1311114688.336920
0.663086 0.718750 0.630859 1311114688.361921
0.641602 0.701172 0.706055 1311114688.407899
0.772461 0.951172 0.706055 1311114688.430926
0.648438 0.675781 0.830078 1311114688.457906
0.482422 0.602539 0.858398 1311114688.499920
0.407227 0.522461 0.838867 1311114688.523871
0.249023 0.552734 0.714844 1311114688.546913
0.125977 0.552734 0.714844 1311114688.590843
0.033203 0.603516 0.469727 1311114688.630886
-0.226562 0.392578 0.140625 1311114688.651920
-0.484375 0.494141 -0.063477 1311114688.698925
-0.516602 0.525391 -0.299805 1311114688.720928
-0.509766 0.565430 -0.219727 1311114688.743925
-0.559570 0.392578 -0.590820 1311114688.788847
-0.634766 0.309570 -0.819336 1311114688.830926
-0.522461 0.191406 -1.263672 1311114688.855863
-0.439453 0.314453 -1.940430 1311114688.898931
-0.542969 0.602539 -1.983398 1311114688.921897
-0.559570 0.632812 -1.983398 1311114688.944939
-0.243164 0.492188 -1.983398 1311114689.011927
0.174805 0.048828 -1.981445 1311114689.034921
1.141602 -0.146484 -1.941406 1311114689.055937
1.825195 -0.027344 -0.371094 1311114689.076937
1.985352 0.825195 -0.911133 1311114689.100938
1.987305 1.825195 -0.911133 1311114689.131861
1.971680 -1.983398 -0.152344 1311114689.175890
1.133789 1.914062 0.899414 1311114689.200919
1.444336 0.363281 1.376953 1311114689.245938
1.389648 0.254883 1.127930 1311114689.268947
0.937500 0.600586 0.906250 1311114689.289894
1.389648 -0.649414 0.906250 1311114689.335011
1.526367 -0.760742 1.248047 1311114689.359945
1.422852 0.137695 0.972656 1311114689.396935
1.525391 0.393555 0.851562 1311114689.440926
1.768555 0.193359 0.869141 1311114689.470938
1.639648 0.183594 0.646484 1311114689.491941
1.389648 0.183594 0.646484 1311114689.514938
1.404297 0.042969 0.506836 1311114689.563939
1.261719 0.157227 0.258789 1311114689.585950
1.155273 0.476562 0.159180 1311114689.635888
1.112305 0.500977 0.072266 1311114689.658944
1.038086 0.499023 -0.177734 1311114689.679876
0.967773 0.453125 -0.018555 1311114689.721948
0.972656 0.379883 -0.017578 1311114689.746922
0.908203 0.298828 -0.016602 1311114689.793938
0.888672 0.278320 -0.048828 1311114689.816952
0.873047 0.324219 -0.047852 1311114689.843936
0.811523 0.314453 0.015625 1311114689.897971
0.794922 0.298828 0.060547 1311114689.920953
0.770508 0.331055 0.061523 1311114689.943940
0.789062 0.245117 0.129883 1311114689.990945
0.786133 0.277344 0.154297 1311114690.011945
0.818359 0.244141 0.207031 1311114690.035954
0.874023 0.233398 0.225586 1311114690.065952
0.868164 0.207031 0.279297 1311114690.109954
0.865234 0.180664 0.282227 1311114690.152950
0.876953 0.197266 0.264648 1311114690.174957
0.846680 0.201172 0.246094 1311114690.216958
0.869141 0.194336 0.268555 1311114690.250956
