0.926758 0.089844 0.157227 1309549569.390481
0.921875 0.058594 0.147461 1309549569.434483
0.918945 0.036133 0.175781 1309549569.436480
0.912109 0.068359 0.148438 1309549569.482481
0.912109 0.068359 0.148438 1309549569.503473
0.931641 0.054688 0.136719 1309549569.568489
0.897461 0.058594 0.140625 1309549569.590492
0.910156 0.056641 0.134766 1309549569.618485
0.930664 0.050781 0.129883 1309549569.662466
0.894531 0.045898 0.138672 1309549569.684490
0.903320 0.064453 0.138672 1309549569.732499
0.900391 0.075195 0.159180 1309549569.792488
0.905273 0.058594 0.133789 1309549569.793487
0.893555 0.096680 0.119141 1309549569.794486
0.924805 0.101562 0.122070 1309549569.837491
0.907227 0.070312 0.116211 1309549569.860491
0.909180 0.131836 0.101562 1309549569.902549
0.904297 0.153320 0.095703 1309549569.947495
0.888672 0.092773 0.063477 1309549569.968494
0.866211 0.070312 0.059570 1309549569.991493
0.845703 0.072266 0.053711 1309549570.035494
0.818359 0.048828 0.019531 1309549570.057495
0.791016 0.035156 0.014648 1309549570.100496
0.692383 0.065430 0.017578 1309549570.123499
0.618164 0.056641 -0.019531 1309549570.167513
0.568359 0.037109 0.012695 1309549570.191499
0.631836 0.109375 -0.017578 1309549570.230497
0.771484 0.183594 -0.009766 1309549570.265506
0.874023 0.139648 -0.004883 1309549570.288497
0.964844 0.076172 -0.013672 1309549570.332495
1.030273 0.073242 -0.040039 1309549570.354506
1.111328 0.073242 -0.040039 1309549570.377507
1.075195 0.115234 -0.069336 1309549570.420498
1.142578 0.109375 -0.019531 1309549570.463508
1.124023 0.244141 0.050781 1309549570.484502
1.098633 0.325195 0.042969 1309549570.511510
1.002930 0.314453 0.040039 1309549570.552498
0.955078 0.314453 0.040039 1309549570.573485
1.164062 0.597656 0.564453 1309549570.615511
0.882812 0.194336 0.323242 1309549570.638506
0.697266 0.328125 0.004883 1309549570.687507
0.772461 0.622070 0.093750 1309549570.709512
0.820312 0.700195 0.128906 1309549570.730508
0.744141 0.566406 0.118164 1309549570.777490
0.784180 0.581055 0.183594 1309549570.820510
0.749023 0.561523 0.247070 1309549570.842503
0.715820 0.440430 0.278320 1309549570.863481
0.693359 0.525391 0.327148 1309549570.905500
0.595703 0.593750 0.326172 1309549570.927535
0.577148 0.571289 0.388672 1309549570.970507
0.581055 0.573242 0.411133 1309549571.004525
0.541016 0.563477 0.429688 1309549571.055512
0.458008 0.507812 0.539062 1309549571.075512
0.424805 0.403320 0.585938 1309549571.097519
0.418945 0.396484 0.543945 1309549571.119519
0.492188 0.434570 0.568359 1309549571.164515
0.525391 0.402344 0.535156 1309549571.188533
0.505859 0.338867 0.506836 1309549571.230510
0.484375 0.336914 0.505859 1309549571.253525
0.449219 0.302734 0.537109 1309549571.289521
0.498047 0.302734 0.537109 1309549571.312519
0.528320 0.223633 0.572266 1309549571.358524
0.481445 0.185547 0.532227 1309549571.380524
0.529297 0.254883 0.558594 1309549571.419519
0.512695 0.242188 0.541016 1309549571.445487
0.467773 0.197266 0.565430 1309549571.489527
0.483398 0.197266 0.565430 1309549571.512524
0.490234 0.191406 0.605469 1309549571.557524
0.487305 0.160156 0.578125 1309549571.582530
0.545898 0.154297 0.561523 1309549571.604528
0.526367 0.194336 0.540039 1309549571.648528
0.523438 0.193359 0.504883 1309549571.672538
0.497070 0.193359 0.504883 1309549571.714530
0.489258 0.174805 0.522461 1309549571.758527
0.483398 0.178711 0.578125 1309549571.780533
0.479492 0.218750 0.570312 1309549571.809514
0.472656 0.253906 0.578125 1309549571.854493
0.463867 0.230469 0.627930 1309549571.855492
0.445312 0.246094 0.551758 1309549571.899521
0.437500 0.263672 0.623047 1309549571.920552
0.412109 0.274414 0.510742 1309549571.987496
0.379883 0.273438 0.568359 1309549572.011523
0.361328 0.320312 0.607422 1309549572.020558
0.382812 0.342773 0.663086 1309549572.052520
0.412109 0.441406 0.834961 1309549572.099535
0.351562 0.274414 0.634766 1309549572.144537
0.437500 0.372070 0.629883 1309549572.167538
0.490234 0.596680 0.520508 1309549572.188554
0.552734 0.699219 0.375000 1309549572.210535
0.741211 0.641602 0.375000 1309549572.256537
0.880859 0.603516 0.227539 1309549572.292543
0.951172 0.536133 0.314453 1309549572.340538
0.941406 0.511719 0.206055 1309549572.359539
1.023438 0.381836 0.209961 1309549572.382545
1.164062 0.498047 0.162109 1309549572.425545
1.170898 0.406250 0.075195 1309549572.448543
1.110352 0.296875 0.105469 1309549572.492549
1.027344 0.216797 0.077148 1309549572.514541
0.988281 0.199219 0.082031 1309549572.535543
0.938477 0.120117 0.099609 1309549572.578544
0.927734 0.111328 0.068359 1309549572.602546
0.868164 0.111328 0.068359 1309549572.652549
0.823242 0.111328 0.068359 1309549572.675543
0.770508 0.037109 0.037109 1309549572.697548
0.736328 0.089844 0.012695 1309549572.730547
0.710938 0.061523 -0.032227 1309549572.774547
0.649414 0.089844 -0.034180 1309549572.797549
0.699219 0.143555 -0.028320 1309549572.844550
0.716797 0.163086 -0.010742 1309549572.870533
0.731445 0.112305 -0.005859 1309549572.893554
0.808594 0.085938 0.020508 1309549572.935545
0.851562 0.080078 -0.016602 1309549572.957551
0.862305 0.122070 0.001953 1309549572.980553
0.885742 0.070312 0.043945 1309549573.047559
0.873047 0.084961 0.046875 1309549573.070562
0.847656 0.091797 0.101562 1309549573.093558
0.922852 0.116211 0.096680 1309549573.136559
0.953125 0.119141 0.095703 1309549573.158563
0.960938 0.100586 0.049805 1309549573.179556
0.910156 0.120117 0.092773 1309549573.224559
0.913086 0.078125 0.109375 1309549573.247558
0.867188 0.094727 0.081055 1309549573.290563
0.900391 0.082031 0.067383 1309549573.334557
0.856445 0.102539 0.072266 1309549573.357572
0.844727 0.102539 0.072266 1309549573.378564
0.787109 0.057617 0.005859 1309549573.422562
0.736328 0.034180 0.000000 1309549573.444555
0.690430 0.072266 -0.032227 1309549573.478564
0.629883 0.069336 -0.033203 1309549573.523566
0.640625 0.085938 -0.075195 1309549573.544559
0.729492 0.160156 -0.109375 1309549573.579572
0.909180 0.240234 -0.048828 1309549573.643563
0.925781 0.231445 0.021484 1309549573.645566
0.950195 0.217773 -0.044922 1309549573.665563
0.923828 0.271484 -0.037109 1309549573.710566
0.920898 0.281250 0.008789 1309549573.732570
0.951172 0.298828 0.040039 1309549573.774581
1.001953 0.358398 0.108398 1309549573.798576
0.932617 0.402344 0.153320 1309549573.840567
0.930664 0.495117 0.239258 1309549573.863566
0.940430 0.541016 0.274414 1309549573.907571
0.908203 0.737305 0.342773 1309549573.929570
0.857422 0.584961 0.342773 1309549573.952544
0.938477 0.634766 0.635742 1309549573.995577
0.657227 0.229492 0.221680 1309549574.019574
0.737305 0.461914 0.337891 1309549574.062576
0.803711 0.496094 0.402344 1309549574.083553
0.757812 0.465820 0.345703 1309549574.126578
0.714844 0.511719 0.370117 1309549574.148577
0.754883 0.551758 0.452148 1309549574.202580
0.636719 0.498047 0.442383 1309549574.224575
0.591797 0.461914 0.568359 1309549574.245577
0.566406 0.306641 0.628906 1309549574.289580
0.533203 0.314453 0.618164 1309549574.312555
0.533203 0.314453 0.618164 1309549574.335596
0.430664 0.252930 0.421875 1309549574.383583
0.418945 0.279297 0.521484 1309549574.427583
0.451172 0.226562 0.515625 1309549574.449594
0.446289 0.292969 0.535156 1309549574.499589
0.418945 0.292969 0.535156 1309549574.503583
0.401367 0.275391 0.605469 1309549574.547585
0.381836 0.290039 0.629883 1309549574.569584
0.346680 0.308594 0.655273 1309549574.615585
0.356445 0.292969 0.626953 1309549574.645577
0.342773 0.266602 0.638672 1309549574.668587
0.357422 0.266602 0.638672 1309549574.694591
0.349609 0.258789 0.638672 1309549574.738566
0.355469 0.302734 0.618164 1309549574.762604
0.365234 0.282227 0.584961 1309549574.797598
0.393555 0.291016 0.581055 1309549574.840590
0.432617 0.334961 0.601562 1309549574.914613
0.441406 0.328125 0.521484 1309549574.934589
0.470703 0.343750 0.515625 1309549574.935588
0.457031 0.322266 0.543945 1309549574.973586
0.444336 0.357422 0.534180 1309549574.999597
0.376953 0.307617 0.532227 1309549575.024576
0.360352 0.339844 0.593750 1309549575.049596
0.369141 0.381836 0.602539 1309549575.094597
0.338867 0.385742 0.586914 1309549575.117596
0.343750 0.398438 0.620117 1309549575.159592
0.343750 0.413086 0.637695 1309549575.182596
0.291992 0.402344 0.680664 1309549575.230597
0.338867 0.539062 0.809570 1309549575.254597
0.314453 0.478516 0.732422 1309549575.300592
0.320312 0.394531 0.481445 1309549575.320599
0.443359 0.645508 0.560547 1309549575.365581
0.484375 0.545898 0.432617 1309549575.386613
0.650391 0.610352 0.386719 1309549575.408598
0.731445 0.610352 0.386719 1309549575.450606
0.805664 0.653320 0.339844 1309549575.473574
0.899414 0.511719 0.317383 1309549575.517604
1.005859 0.390625 0.306641 1309549575.560608
1.046875 0.446289 0.333984 1309549575.583601
1.224609 0.436523 0.356445 1309549575.605605
1.270508 0.279297 0.286133 1309549575.628602
1.248047 0.253906 0.211914 1309549575.673582
1.124023 0.134766 0.172852 1309549575.708607
0.973633 -0.025391 0.071289 1309549575.735605
0.850586 -0.102539 0.010742 1309549575.764610
0.784180 0.011719 -0.052734 1309549575.788610
0.753906 0.117188 -0.052734 1309549575.829600
0.714844 0.182617 0.005859 1309549575.872611
0.688477 0.146484 0.012695 1309549575.917615
0.661133 0.133789 0.061523 1309549575.935609
0.657227 0.121094 0.053711 1309549575.958615
0.663086 0.133789 0.018555 1309549575.980604
0.639648 0.114258 -0.014648 1309549576.038627
0.696289 0.125977 0.010742 1309549576.059611
0.709961 0.134766 0.006836 1309549576.102616
0.764648 0.087891 0.035156 1309549576.123614
0.749023 0.112305 0.068359 1309549576.155619
0.803711 0.167969 0.084961 1309549576.221619
0.833008 0.253906 0.166016 1309549576.238616
0.897461 0.227539 0.183594 1309549576.254620
0.951172 0.140625 0.157227 1309549576.275596
0.969727 0.154297 0.234375 1309549576.322624
0.947266 0.082031 0.232422 1309549576.347619
0.931641 0.057617 0.250000 1309549576.410620
0.931641 0.057617 0.250000 1309549576.413620
0.925781 0.084961 0.262695 1309549576.452620
0.922852 0.071289 0.267578 1309549576.477626
0.941406 0.103516 0.279297 1309549576.499621
0.896484 0.113281 0.299805 1309549576.543621
0.890625 0.113281 0.299805 1309549576.565612
0.902344 0.084961 0.240234 1309549576.608620
0.899414 0.055664 0.206055 1309549576.652602
0.792969 0.077148 0.169922 1309549576.673611
0.875000 0.097656 0.132812 1309549576.735629
0.876953 0.074219 0.122070 1309549576.737623
0.844727 0.074219 0.122070 1309549576.759626
0.777344 0.065430 0.050781 1309549576.803624
0.733398 0.036133 0.033203 1309549576.825621
0.696289 0.093750 -0.056641 1309549576.869629
0.661133 0.124023 -0.086914 1309549576.890630
0.632812 0.065430 -0.179688 1309549576.913611
0.694336 0.045898 -0.241211 1309549576.964633
0.805664 0.041016 -0.219727 1309549577.005632
0.922852 0.101562 -0.158203 1309549577.030629
0.958984 0.123047 -0.105469 1309549577.053645
0.960938 0.152344 -0.037109 1309549577.095634
0.962891 0.141602 0.062500 1309549577.117628
0.962891 0.141602 0.062500 1309549577.139637
1.020508 0.276367 0.141602 1309549577.198633
0.992188 0.332031 0.283203 1309549577.219643
0.912109 0.298828 0.381836 1309549577.242633
0.890625 0.391602 0.416992 1309549577.285635
0.863281 0.393555 0.337891 1309549577.314639
0.775391 0.490234 0.335938 1309549577.359650
0.814453 0.523438 0.391602 1309549577.380635
0.976562 0.792969 0.854492 1309549577.403635
0.676758 0.198242 0.294922 1309549577.495646
0.684570 0.523438 0.335938 1309549577.497641
0.721680 0.523438 0.335938 1309549577.517647
0.720703 0.598633 0.335938 1309549577.538645
0.705078 0.534180 0.403320 1309549577.565637
0.694336 0.566406 0.440430 1309549577.607642
0.604492 0.369141 0.435547 1309549577.628644
0.464844 0.311523 0.533203 1309549577.672609
0.414062 0.316406 0.722656 1309549577.694666
0.484375 0.299805 0.666016 1309549577.738640
0.480469 0.337891 0.652344 1309549577.762647
0.440430 0.339844 0.615234 1309549577.807644
0.416016 0.341797 0.579102 1309549577.835641
0.376953 0.320312 0.563477 1309549577.859651
0.416992 0.292969 0.583984 1309549577.904647
0.493164 0.314453 0.571289 1309549577.928646
0.492188 0.337891 0.587891 1309549577.970643
0.465820 0.303711 0.569336 1309549577.992626
0.479492 0.248047 0.506836 1309549578.038662
0.433594 0.332031 0.571289 1309549578.040648
0.400391 0.291992 0.617188 1309549578.098656
0.432617 0.214844 0.555664 1309549578.119846
0.404297 0.150391 0.584961 1309549578.167654
0.466797 0.121094 0.636719 1309549578.189654
0.516602 0.080078 0.575195 1309549578.212662
0.569336 0.148438 0.563477 1309549578.236637
0.572266 0.148438 0.563477 1309549578.279665
0.537109 0.149414 0.529297 1309549578.328661
0.522461 0.226562 0.523438 1309549578.349657
0.466797 0.199219 0.554688 1309549578.372658
0.473633 0.255859 0.535156 1309549578.410654
0.442383 0.264648 0.565430 1309549578.432637
0.396484 0.347656 0.575195 1309549578.478665
0.428711 0.340820 0.546875 1309549578.502658
0.428711 0.349609 0.592773 1309549578.545695
0.388672 0.339844 0.591797 1309549578.570661
0.424805 0.420898 0.751953 1309549578.614674
0.386719 0.420898 0.751953 1309549578.637663
0.392578 0.362305 0.536133 1309549578.660658
0.487305 0.535156 0.523438 1309549578.704675
0.480469 0.575195 0.425781 1309549578.745674
0.607422 0.632812 0.383789 1309549578.784663
0.702148 0.545898 0.353516 1309549578.785664
0.702148 0.545898 0.353516 1309549578.848672
0.854492 0.524414 0.220703 1309549578.871662
0.864258 0.511719 0.291016 1309549578.893668
0.970703 0.426758 0.234375 1309549578.936679
1.116211 0.397461 0.229492 1309549578.958673
1.269531 0.421875 0.132812 1309549578.980667
1.254883 0.260742 0.106445 1309549579.025669
1.170898 0.209961 0.040039 1309549579.047668
1.128906 0.257812 0.078125 1309549579.090673
1.025391 0.146484 0.066406 1309549579.111675
0.926758 0.127930 0.047852 1309549579.154686
0.865234 0.071289 0.057617 1309549579.175680
0.778320 0.115234 0.032227 1309549579.218484
0.782227 0.091797 -0.044922 1309549579.261685
0.781250 0.084961 -0.039062 1309549579.284699
0.799805 0.099609 -0.121094 1309549579.326674
0.807617 0.125977 -0.048828 1309549579.348678
0.803711 0.071289 -0.048828 1309549579.371676
0.795898 0.057617 -0.038086 1309549579.415684
0.780273 0.080078 -0.053711 1309549579.438678
0.760742 0.063477 -0.015625 1309549579.484683
0.732422 0.083008 -0.040039 1309549579.526666
0.758789 0.077148 -0.052734 1309549579.548680
0.765625 0.077148 -0.052734 1309549579.570683
0.829102 0.116211 -0.103516 1309549579.604685
0.807617 0.151367 0.031250 1309549579.626681
0.834961 0.164062 0.085938 1309549579.666696
0.889648 0.142578 0.120117 1309549579.691669
0.891602 0.167969 0.149414 1309549579.735688
0.929688 0.148438 0.209961 1309549579.759683
0.917969 0.145508 0.237305 1309549579.803684
0.936523 0.083984 0.241211 1309549579.824677
0.968750 0.034180 0.242188 1309549579.868687
0.986328 0.015625 0.179688 1309549579.890686
0.983398 0.000977 0.163086 1309549579.914671
0.938477 0.000977 0.163086 1309549579.952685
0.934570 0.067383 0.198242 1309549579.994691
0.908203 0.084961 0.204102 1309549580.046699
0.894531 0.085938 0.198242 1309549580.048689
0.884766 0.103516 0.181641 1309549580.074688
0.877930 0.110352 0.140625 1309549580.118693
0.873047 0.099609 0.112305 1309549580.161690
0.819336 0.070312 0.104492 1309549580.185694
0.839844 0.070312 0.049805 1309549580.208694
0.797852 0.076172 -0.006836 1309549580.251704
0.726562 0.023438 -0.000977 1309549580.275697
0.688477 0.037109 -0.043945 1309549580.312675
0.613281 0.042969 -0.084961 1309549580.355700
0.653320 0.013672 -0.160156 1309549580.378696
0.651367 0.072266 -0.180664 1309549580.421702
0.782227 0.113281 -0.224609 1309549580.444694
0.919922 0.142578 -0.228516 1309549580.466697
1.134766 0.259766 -0.150391 1309549580.489697
1.097656 0.174805 -0.091797 1309549580.535704
1.054688 0.198242 -0.091797 1309549580.576694
0.997070 0.281250 0.077148 1309549580.608703
1.030273 0.340820 0.197266 1309549580.629699
0.916016 0.214844 0.235352 1309549580.674775
0.944336 0.274414 0.291992 1309549580.696703
0.999023 0.526367 0.500000 1309549580.718715
0.937500 0.276367 0.500000 1309549580.762718
1.033203 0.790039 1.149414 1309549580.806705
0.602539 0.007812 0.383789 1309549580.829697
0.595703 0.447266 0.270508 1309549580.873683
0.726562 0.732422 0.270508 1309549580.874707
0.704102 0.525391 0.331055 1309549580.918715
0.729492 0.583008 0.306641 1309549580.963718
0.704102 0.608398 0.350586 1309549580.984706
0.742188 0.555664 0.396484 1309549581.026710
0.601562 0.490234 0.470703 1309549581.048710
0.503906 0.461914 0.592773 1309549581.090704
0.467773 0.392578 0.676758 1309549581.111713
0.401367 0.308594 0.694336 1309549581.158721
0.313477 0.289062 0.616211 1309549581.181711
0.342773 0.330078 0.553711 1309549581.204714
0.350586 0.398438 0.561523 1309549581.249718
0.454102 0.339844 0.565430 1309549581.271711
0.491211 0.338867 0.594727 1309549581.388717
0.532227 0.279297 0.530273 1309549581.389712
0.605469 0.322266 0.499023 1309549581.406719
0.586914 0.288086 0.497070 1309549581.408715
0.471680 0.244141 0.497070 1309549581.431716
0.502930 0.494141 0.497070 1309549581.468717
0.480469 0.156250 0.584961 1309549581.503719
0.436523 0.184570 0.572266 1309549581.528743
0.481445 0.171875 0.598633 1309549581.563716
0.492188 0.192383 0.558594 1309549581.608719
0.483398 0.222656 0.558594 1309549581.629722
0.481445 0.199219 0.541016 1309549581.659719
0.511719 0.122070 0.538086 1309549581.703743
0.489258 0.117188 0.548828 1309549581.725729
0.502930 0.202148 0.562500 1309549581.769726
0.494141 0.270508 0.525391 1309549581.792710
0.458984 0.264648 0.544922 1309549581.835723
0.473633 0.294922 0.587891 1309549581.878723
0.429688 0.322266 0.587891 1309549581.879721
0.459961 0.338867 0.603516 1309549581.945726
0.454102 0.271484 0.607422 1309549581.946721
0.455078 0.271484 0.565430 1309549581.988730
0.455078 0.271484 0.565430 1309549582.014734
0.366211 0.325195 0.567383 1309549582.051725
0.359375 0.395508 0.631836 1309549582.083710
0.360352 0.446289 0.720703 1309549582.126734
0.440430 0.457031 0.781250 1309549582.153706
0.346680 0.314453 0.521484 1309549582.174737
0.390625 0.536133 0.577148 1309549582.214726
0.383789 0.654297 0.523438 1309549582.238734
0.596680 0.564453 0.496094 1309549582.276733
0.721680 0.425781 0.379883 1309549582.299706
0.856445 0.443359 0.335938 1309549582.349735
0.945312 0.498047 0.300781 1309549582.371736
1.000977 0.415039 0.242188 1309549582.416734
1.081055 0.415039 0.242188 1309549582.438735
1.224609 0.347656 0.144531 1309549582.474733
1.216797 0.247070 0.112305 1309549582.500758
1.241211 0.303711 0.040039 1309549582.535734
1.161133 0.279297 0.068359 1309549582.591743
1.072266 0.183594 0.060547 1309549582.638744
0.963867 0.118164 0.030273 1309549582.639741
0.866211 0.020508 -0.032227 1309549582.658739
0.803711 0.003906 -0.064453 1309549582.701748
0.781250 0.064453 -0.107422 1309549582.745745
0.780273 0.064453 -0.107422 1309549582.746739
0.733398 0.115234 -0.110352 1309549582.789741
0.705078 0.095703 -0.030273 1309549582.833722
0.740234 0.025391 0.009766 1309549582.876751
0.719727 0.033203 0.037109 1309549582.898744
0.752930 0.074219 0.018555 1309549582.919749
0.796875 0.095703 0.018555 1309549582.942747
0.816406 0.130859 -0.011719 1309549582.989746
0.862305 0.141602 0.027344 1309549583.033733
0.862305 0.131836 0.013672 1309549583.055794
0.858398 0.158203 0.038086 1309549583.084746
0.867188 0.115234 0.062500 1309549583.101752
0.857422 0.068359 0.045898 1309549583.163750
0.820312 0.144531 0.042969 1309549583.185497
0.895508 0.164062 0.096680 1309549583.251753
0.946289 0.112305 0.132812 1309549583.253753
0.852539 0.080078 0.156250 1309549583.274751
0.860352 0.095703 0.175781 1309549583.295749
0.913086 0.049805 0.184570 1309549583.339752
0.934570 0.048828 0.233398 1309549583.383757
0.945312 0.085938 0.219727 1309549583.429757
0.940430 0.074219 0.263672 1309549583.430750
0.930664 0.050781 0.259766 1309549583.475748
0.949219 0.048828 0.259766 1309549583.498753
0.961914 0.054688 0.248047 1309549583.561760
0.960938 0.030273 0.236328 1309549583.563754
0.952148 0.043945 0.208008 1309549583.593733
0.920898 0.061523 0.163086 1309549583.639762
0.912109 0.062500 0.154297 1309549583.663760
0.931641 0.091797 0.154297 1309549583.686762
0.887695 0.123047 0.143555 1309549583.730765
0.937500 0.138672 0.111328 1309549583.755761
0.897461 0.090820 0.113281 1309549583.816763
0.886719 0.126953 0.080078 1309549583.830757
0.880859 0.112305 0.043945 1309549583.861763
0.869141 0.073242 0.030273 1309549583.910784
0.797852 0.088867 0.021484 1309549583.937758
0.741211 0.083984 -0.033203 1309549583.959775
0.687500 0.039062 -0.076172 1309549583.981761
0.592773 0.028320 -0.099609 1309549584.025768
0.587891 -0.083984 -0.159180 1309549584.048771
0.533203 -0.069336 -0.159180 1309549584.092758
0.663086 0.067383 -0.215820 1309549584.115785
0.929688 0.111328 -0.162109 1309549584.138774
1.084961 0.165039 -0.062500 1309549584.179767
1.156250 0.276367 0.015625 1309549584.203775
1.197266 0.191406 0.028320 1309549584.245775
1.171875 0.140625 0.005859 1309549584.269770
1.130859 0.194336 0.065430 1309549584.311770
1.058594 0.245117 0.085938 1309549584.338776
0.919922 0.238281 0.164062 1309549584.361774
0.895508 0.409180 0.193359 1309549584.409784
0.791992 0.471680 0.292969 1309549584.434777
0.892578 0.343750 0.946289 1309549584.460774
0.533203 0.052734 0.201172 1309549584.503773
0.670898 0.615234 0.171875 1309549584.525781
0.794922 0.696289 0.333984 1309549584.575782
0.703125 0.495117 0.281250 1309549584.598780
0.741211 0.607422 0.296875 1309549584.641754
0.786133 0.677734 0.308594 1309549584.665780
0.693359 0.657227 0.333984 1309549584.690781
0.768555 0.643555 0.381836 1309549584.734786
0.642578 0.437500 0.470703 1309549584.756783
0.534180 0.475586 0.568359 1309549584.799779
0.448242 0.392578 0.612305 1309549584.821780
0.379883 0.388672 0.618164 1309549584.859783
0.411133 0.378906 0.593750 1309549584.881791
0.440430 0.388672 0.553711 1309549584.924780
0.471680 0.392578 0.539062 1309549584.946785
0.464844 0.417969 0.534180 1309549584.993767
0.428711 0.417969 0.534180 1309549585.015785
0.485352 0.362305 0.622070 1309549585.059783
0.463867 0.276367 0.581055 1309549585.081801
0.489258 0.264648 0.573242 1309549585.106791
0.462891 0.218750 0.569336 1309549585.136796
0.488281 0.254883 0.527344 1309549585.214816
0.424805 0.196289 0.571289 1309549585.234798
0.514648 0.165039 0.494141 1309549585.276790
0.476562 0.177734 0.548828 1309549585.278789
0.468750 0.139648 0.597656 1309549585.300797
0.424805 0.171875 0.460938 1309549585.350788
0.429688 0.125000 0.553711 1309549585.371793
0.449219 0.172852 0.574219 1309549585.419796
0.500977 0.169922 0.542969 1309549585.446794
0.498047 0.198242 0.536133 1309549585.470792
0.473633 0.269531 0.541016 1309549585.514798
0.546875 0.255859 0.498047 1309549585.535794
0.500977 0.271484 0.567383 1309549585.565800
0.500977 0.299805 0.564453 1309549585.591794
0.468750 0.318359 0.575195 1309549585.636814
0.420898 0.328125 0.564453 1309549585.660798
0.369141 0.345703 0.546875 1309549585.735808
0.365234 0.475586 0.710938 1309549585.773809
0.371094 0.475586 0.710938 1309549585.774806
0.333984 0.378906 0.541992 1309549585.819816
0.393555 0.509766 0.623047 1309549585.821796
0.487305 0.509766 0.589844 1309549585.866802
0.557617 0.519531 0.433594 1309549585.881808
0.691406 0.521484 0.483398 1309549585.925803
0.774414 0.552734 0.328125 1309549585.948807
0.828125 0.552734 0.328125 1309549585.991805
0.828125 0.552734 0.328125 1309549586.014805
0.962891 0.445312 0.263672 1309549586.059811
1.005859 0.366211 0.258789 1309549586.080806
1.128906 0.416016 0.165039 1309549586.101807
1.128906 0.416016 0.165039 1309549586.144806
1.143555 0.296875 0.049805 1309549586.190808
1.083008 0.203125 0.046875 1309549586.213809
0.979492 0.175781 0.082031 1309549586.234814
0.877930 0.146484 0.003906 1309549586.301812
0.823242 0.094727 0.043945 1309549586.320822
0.788086 0.064453 0.033203 1309549586.345817
0.764648 0.046875 0.023438 1309549586.383811
0.686523 0.073242 -0.000977 1309549586.405814
0.748047 0.083008 0.025391 1309549586.428832
0.728516 0.085938 -0.001953 1309549586.501819
0.749023 0.091797 -0.006836 1309549586.503813
0.774414 0.080078 0.051758 1309549586.559821
0.804688 0.045898 0.036133 1309549586.576815
0.822266 0.058594 0.045898 1309549586.593821
0.841797 0.081055 0.023438 1309549586.636818
0.877930 0.084961 0.052734 1309549586.659816
0.888672 0.119141 0.032227 1309549586.682815
0.846680 0.091797 0.027344 1309549586.728826
0.808594 0.125000 0.062500 1309549586.750821
0.842773 0.084961 0.099609 1309549586.794828
0.882812 0.080078 0.121094 1309549586.816824
0.916016 0.062500 0.127930 1309549586.860825
