-0.660156 0.629883 -0.264648 1310683294.738875
-0.675781 0.626953 -0.252930 1310683294.755828
-0.732422 0.623047 -0.313477 1310683294.756805
-0.718750 0.562500 -0.333008 1310683294.806838
-0.750000 0.538086 -0.408203 1310683294.823845
-0.749023 0.478516 -0.490234 1310683294.854836
-0.701172 0.464844 -0.518555 1310683294.875921
-0.723633 0.494141 -0.581055 1310683294.942842
-0.697266 0.557617 -0.599609 1310683294.963845
-0.679688 0.632812 -0.771484 1310683294.988849
-0.586914 0.592773 -0.743164 1310683295.036855
-0.359375 0.460938 -0.453125 1310683295.039827
1.614258 1.981445 -0.731445 1310683295.068861
-1.287109 0.273438 -0.403320 1310683295.111915
-0.450195 0.425781 0.160156 1310683295.135875
-0.454102 0.892578 0.282227 1310683295.177869
-0.644531 0.454102 0.002930 1310683295.201871
-0.571289 0.748047 -0.071289 1310683295.250863
-0.608398 0.916992 -0.071289 1310683295.273911
-0.543945 0.923828 -0.019531 1310683295.312888
-0.547852 0.828125 -0.067383 1310683295.335855
-0.605469 0.777344 -0.095703 1310683295.377858
-0.670898 0.652344 -0.203125 1310683295.401854
-0.635742 0.564453 -0.212891 1310683295.439902
-0.649414 0.612305 -0.312500 1310683295.461859
-0.727539 0.612305 -0.312500 1310683295.489841
-0.632812 0.613281 -0.480469 1310683295.532894
-0.834961 0.744141 -0.834961 1310683295.555886
-0.629883 0.779297 -0.762695 1310683295.599856
-0.669922 0.498047 -0.618164 1310683295.645967
-0.669922 0.498047 -0.618164 1310683295.646860
-0.490234 0.621094 -0.040039 1310683295.694833
-0.601562 0.522461 0.021484 1310683295.716851
-0.427734 0.589844 0.207031 1310683295.766864
-0.498047 0.889648 0.260742 1310683295.789865
-0.556641 0.632812 -0.003906 1310683295.814903
-0.510742 0.902344 -0.062500 1310683295.847861
-0.535156 1.152344 -0.062500 1310683295.882870
-0.285156 1.152344 -0.062500 1310683295.925852
-0.493164 0.826172 -0.134766 1310683296.024867
-0.625977 0.698242 -0.257812 1310683296.025863
-0.583008 0.619141 -0.292969 1310683296.027860
-0.562500 0.644531 -0.359375 1310683296.049873
-0.625000 0.582031 -0.456055 1310683296.074910
-0.626953 0.558594 -0.576172 1310683296.125941
-0.653320 0.654297 -0.694336 1310683296.147898
-0.617188 0.791992 -0.773438 1310683296.169859
-0.664062 0.552734 -0.584961 1310683296.191874
0.075195 0.429688 0.196289 1310683296.235902
-0.197266 0.675781 0.545898 1310683296.292883
-0.862305 0.740234 0.287109 1310683296.306907
-0.327148 0.694336 0.231445 1310683296.334884
-0.491211 0.841797 0.170898 1310683296.377886
-0.631836 0.784180 0.170898 1310683296.399880
-0.563477 1.028320 -0.081055 1310683296.441904
-0.634766 0.899414 -0.224609 1310683296.462912
-0.551758 0.753906 -0.281250 1310683296.486887
-0.546875 0.698242 -0.294922 1310683296.531891
-0.687500 0.659180 -0.368164 1310683296.554915
-0.640625 0.608398 -0.368164 1310683296.577923
-0.669922 0.561523 -0.543945 1310683296.622916
-0.711914 0.561523 -0.606445 1310683296.667875
-0.661133 0.728516 -0.717773 1310683296.691881
-0.679688 0.687500 -0.798828 1310683296.722876
-0.494141 0.566406 -0.518555 1310683296.745916
1.436523 0.157227 1.176758 1310683296.795870
-0.679688 0.169922 0.681641 1310683296.816898
-0.643555 0.465820 0.161133 1310683296.860919
-0.398438 0.675781 0.251953 1310683296.881906
-0.683594 0.879883 0.185547 1310683296.925872
-0.649414 0.659180 0.030273 1310683296.989925
-0.620117 1.067383 -0.029297 1310683296.997880
-0.555664 1.010742 -0.084961 1310683297.020880
-0.472656 0.796875 -0.070312 1310683297.042930
-0.521484 0.699219 -0.177734 1310683297.070901
-0.699219 0.691406 -0.261719 1310683297.114899
-0.621094 0.601562 -0.316406 1310683297.137912
-0.677734 0.592773 -0.429688 1310683297.194890
-0.675781 0.531250 -0.515625 1310683297.205890
-0.750977 0.591797 -0.673828 1310683297.250925
-0.709961 0.762695 -0.851562 1310683297.311918
-0.629883 0.723633 -0.859375 1310683297.312904
-0.512695 0.365234 -0.859375 1310683297.335930
1.990234 1.979492 1.988281 1310683297.359895
-0.977539 0.484375 -0.223633 1310683297.409895
-0.549805 -0.082031 0.421875 1310683297.430904
-0.485352 1.009766 0.247070 1310683297.452908
-0.625000 0.416992 -0.036133 1310683297.501919
-0.777344 0.416992 -0.036133 1310683297.511949
-0.670898 1.004883 0.087891 1310683297.561891
-0.511719 0.887695 0.057617 1310683297.605894
-0.394531 0.773438 -0.023438 1310683297.630096
-0.519531 0.757812 -0.033203 1310683297.651965
-0.530273 0.676758 0.003906 1310683297.695909
-0.473633 0.673828 0.002930 1310683297.717900
-0.554688 0.698242 -0.032227 1310683297.740925
-0.475586 0.677734 -0.020508 1310683297.797922
-0.478516 0.691406 -0.020508 1310683297.814927
-0.513672 0.708008 0.008789 1310683297.839913
-0.532227 0.713867 0.017578 1310683297.866917
-0.568359 0.700195 0.028320 1310683297.931932
-0.558594 0.713867 0.031250 1310683297.952904
-0.522461 0.722656 0.002930 1310683297.975942
-0.546875 0.695312 0.044922 1310683298.017925
-0.523438 0.720703 0.011719 1310683298.039947
-0.504883 0.672852 0.010742 1310683298.082887
-0.558594 0.674805 0.003906 1310683298.104954
-0.541016 0.658203 0.018555 1310683298.151925
-0.555664 0.671875 0.025391 1310683298.174911
