0.664062 0.236328 0.022461 1310159009.980694
0.482422 0.021484 0.075195 1310159010.026701
0.258789 -0.009766 0.122070 1310159010.073708
0.107422 0.042969 0.168945 1310159010.099705
0.159180 -0.022461 0.339844 1310159010.120660
0.652344 -0.022461 0.339844 1310159010.143704
1.982422 0.205078 1.565430 1310159010.189715
1.979492 -0.427734 1.716797 1310159010.223686
1.979492 -0.134766 1.925781 1310159010.244684
1.984375 0.340820 1.623047 1310159010.288677
1.979492 0.519531 0.791016 1310159010.330703
1.658203 0.630859 -0.208984 1310159010.367720
0.967773 -0.299805 -1.029297 1310159010.388714
0.006836 -0.410156 -1.300781 1310159010.409694
-0.357422 0.188477 -0.911133 1310159010.433706
-0.397461 0.437500 -0.284180 1310159010.480715
0.223633 0.146484 -0.005859 1310159010.501662
0.017578 -0.069336 0.077148 1310159010.545710
0.392578 -0.283203 -0.181641 1310159010.589716
0.444336 -0.035156 -0.213867 1310159010.611707
0.394531 0.041016 -0.175781 1310159010.634709
0.342773 0.182617 -0.165039 1310159010.676704
0.026367 0.260742 -0.261719 1310159010.698706
-0.422852 0.010742 -0.261719 1310159010.720712
-0.602539 0.186523 -0.243164 1310159010.764709
-0.413086 0.526367 0.249023 1310159010.808719
0.030273 0.409180 0.566406 1310159010.830709
1.572266 0.767578 1.585938 1310159010.873712
1.983398 0.388672 1.835938 1310159010.896715
1.984375 0.594727 1.990234 1310159010.929724
1.985352 1.757812 1.989258 1310159010.950717
1.981445 1.251953 1.990234 1310159011.018714
1.988281 1.334961 1.394531 1310159011.019712
1.674805 0.533203 -0.841797 1310159011.064720
-0.286133 -0.876953 -1.981445 1310159011.073723
-1.259766 -0.232422 -1.795898 1310159011.120713
-0.450195 0.734375 -0.913086 1310159011.164718
0.660156 0.238281 -0.250977 1310159011.186724
0.775391 0.054688 -0.017578 1310159011.229718
0.463867 -0.376953 -0.138672 1310159011.253722
0.963867 -0.376953 -0.138672 1310159011.269729
0.835938 -0.211914 -0.000977 1310159011.323725
0.426758 -0.391602 -0.286133 1310159011.344723
0.194336 -0.033203 -0.241211 1310159011.388724
-0.219727 -0.235352 -0.416992 1310159011.410719
-0.919922 -0.235352 -0.337891 1310159011.431720
-1.419922 -0.235352 -0.337891 1310159011.458720
-0.871094 0.228516 0.147461 1310159011.523718
0.166016 0.532227 0.802734 1310159011.546727
1.987305 1.924805 1.990234 1310159011.571727
1.987305 1.208984 1.987305 1310159011.601728
1.989258 1.980469 1.991211 1310159011.668733
1.988281 1.980469 1.987305 1310159011.670727
1.985352 1.279297 1.989258 1310159011.693732
1.633789 1.029297 0.814453 1310159011.735709
0.955078 0.056641 -1.299805 1310159011.755729
0.694336 -0.437500 -1.978516 1310159011.799721
0.168945 0.086914 -1.961914 1310159011.823729
-0.032227 0.717773 -1.128906 1310159011.881738
0.238281 0.287109 -0.433594 1310159011.883731
0.322266 0.179688 -0.075195 1310159011.938738
0.263672 0.083984 0.119141 1310159011.967746
0.322266 0.216797 0.236328 1310159011.989793
0.444336 0.275391 0.263672 1310159012.025744
0.484375 0.229492 -0.062500 1310159012.049729
0.518555 0.265625 -0.028320 1310159012.094737
0.313477 0.182617 -0.064453 1310159012.123736
0.038086 0.072266 0.070312 1310159012.146740
-0.436523 0.344727 0.250000 1310159012.183740
-0.355469 -0.004883 0.250000 1310159012.227747
0.220703 0.500000 0.933594 1310159012.249738
1.983398 1.155273 1.989258 1310159012.271739
1.976562 -0.921875 1.991211 1310159012.314748
1.984375 0.649414 1.990234 1310159012.344756
1.987305 1.964844 1.994141 1310159012.388745
1.982422 0.638672 1.989258 1310159012.409741
1.988281 1.351562 1.550781 1310159012.452739
1.218750 -0.910156 -1.210938 1310159012.474741
0.740234 -0.968750 -1.647461 1310159012.496748
0.540039 -0.254883 -1.980469 1310159012.540748
0.171875 0.231445 -1.954102 1310159012.561746
0.398438 0.156250 -0.547852 1310159012.605750
0.419922 -0.016602 -0.258789 1310159012.649749
0.251953 -0.040039 -0.258789 1310159012.673752
0.856445 -0.119141 -0.071289 1310159012.695747
0.650391 0.282227 0.069336 1310159012.739750
0.398438 0.202148 -0.071289 1310159012.761778
0.221680 0.174805 -0.071289 1310159012.789730
0.071289 0.727539 -0.367188 1310159012.831754
-0.355469 0.796875 -0.416016 1310159012.853761
-0.619141 1.125000 -0.563477 1310159012.886731
-0.041992 1.116211 -0.076172 1310159012.924753
0.484375 1.199219 1.173828 1310159012.952757
1.985352 1.317383 1.982422 1310159012.994730
1.984375 1.271484 1.988281 1310159013.019759
1.987305 1.982422 1.988281 1310159013.061755
1.991211 1.980469 1.991211 1310159013.106753
1.986328 1.500000 1.989258 1310159013.107748
1.753906 1.584961 1.987305 1310159013.144760
1.983398 0.908203 1.579102 1310159013.191758
1.224609 -0.438477 -0.419922 1310159013.214471
1.508789 -0.699219 -1.075195 1310159013.254765
1.068359 -0.396484 -1.978516 1310159013.281768
0.618164 -0.332031 -1.840820 1310159013.302758
0.368164 -0.332031 -1.840820 1310159013.348766
0.686523 0.264648 -0.590820 1310159013.373760
0.744141 0.425781 0.068359 1310159013.410767
0.650391 -0.001953 0.469727 1310159013.434750
0.421875 0.466797 0.575195 1310159013.477758
0.381836 0.345703 0.303711 1310159013.501761
0.381836 0.345703 0.303711 1310159013.523778
0.060547 0.302734 -0.186523 1310159013.571767
-0.080078 0.387695 -0.098633 1310159013.614771
-0.223633 0.428711 -0.212891 1310159013.636766
-0.215820 0.601562 0.068359 1310159013.657768
0.176758 0.539062 0.316406 1310159013.701770
1.071289 0.660156 0.549805 1310159013.727777
1.983398 0.629883 0.937500 1310159013.765770
1.984375 0.371094 1.533203 1310159013.787767
1.984375 0.154297 1.425781 1310159013.834779
1.976562 -0.481445 0.552734 1310159013.855771
1.980469 -0.144531 0.420898 1310159013.877773
1.411133 -0.557617 0.189453 1310159013.941773
0.786133 -0.359375 -0.035156 1310159013.964775
0.520508 -0.217773 -0.030273 1310159013.986776
0.420898 -0.146484 -0.103516 1310159014.010775
0.297852 -0.085938 -0.122070 1310159014.055775
0.409180 -0.074219 -0.079102 1310159014.076774
0.561523 -0.007812 -0.060547 1310159014.120778
0.687500 0.050781 -0.088867 1310159014.174778
1.071289 0.140625 -0.085938 1310159014.175751
1.190430 0.228516 -0.058594 1310159014.211776
1.000000 0.261719 0.000000 1310159014.239748
0.899414 0.261719 0.000000 1310159014.283779
0.878906 0.413086 0.127930 1310159014.305778
0.814453 0.444336 0.138672 1310159014.347782
0.784180 0.390625 0.145508 1310159014.391775
0.788086 0.337891 0.166016 1310159014.406788
0.923828 0.300781 0.168945 1310159014.432783
0.989258 0.233398 0.131836 1310159014.455780
0.948242 0.236328 0.148438 1310159014.520787
0.904297 0.267578 0.161133 1310159014.541790
0.936523 0.288086 0.161133 1310159014.562781
0.956055 0.197266 0.129883 1310159014.606787
0.853516 0.140625 0.093750 1310159014.629790
0.853516 0.140625 0.093750 1310159014.652788
0.952148 0.242188 0.135742 1310159014.700840
1.012695 0.218750 0.107422 1310159014.746794
1.054688 0.189453 0.120117 1310159014.771794
0.916016 0.204102 0.102539 1310159014.792789
0.774414 0.212891 0.160156 1310159014.815788
0.822266 0.217773 0.130859 1310159014.864792
0.877930 0.194336 0.118164 1310159014.887789
