0.869141 0.277344 0.118164 1309539984.058031
0.853516 0.328125 0.123047 1309539984.102027
0.902344 0.311523 0.109375 1309539984.125028
0.910156 0.246094 0.072266 1309539984.171029
0.866211 0.259766 0.080078 1309539984.192032
0.830078 0.204102 0.010742 1309539984.217032
0.795898 0.145508 0.010742 1309539984.253034
0.700195 0.009766 -0.069336 1309539984.277029
0.588867 -0.000977 -0.056641 1309539984.312036
0.532227 -0.106445 -0.020508 1309539984.355027
0.449219 -0.171875 0.072266 1309539984.376472
0.603516 -0.101562 0.408203 1309539984.400034
1.117188 -0.105469 0.834961 1309539984.430036
1.799805 -0.274414 1.158203 1309539984.473031
1.977539 0.154297 1.917969 1309539984.517042
1.982422 0.455078 1.990234 1309539984.540028
1.980469 0.255859 1.978516 1309539984.563036
1.982422 0.361328 1.669922 1309539984.623053
1.982422 0.361328 1.669922 1309539984.675016
1.986328 0.647461 0.855469 1309539984.696035
1.639648 0.365234 0.295898 1309539984.711043
1.395508 0.435547 0.054688 1309539984.733036
1.785156 0.512695 -0.067383 1309539984.756042
1.775391 0.442383 -0.151367 1309539984.800021
1.701172 0.459961 -0.151367 1309539984.821036
1.749023 0.434570 -0.375977 1309539984.865045
1.652344 0.291992 -0.543945 1309539984.887042
1.495117 0.193359 -0.543945 1309539984.935060
1.580078 0.049805 -0.700195 1309539984.957053
0.909180 -0.995117 -1.608398 1309539984.979041
0.453125 -1.710938 -1.959961 1309539985.023051
-0.331055 -1.984375 -1.983398 1309539985.045045
-0.331055 -1.984375 -1.983398 1309539985.103046
-0.440430 -1.774414 -1.982422 1309539985.126045
-0.134766 -0.904297 -1.106445 1309539985.147046
0.809570 -0.164062 -0.243164 1309539985.170016
1.983398 0.666016 0.012695 1309539985.217040
1.987305 1.240234 0.360352 1309539985.259052
1.989258 1.141602 0.102539 1309539985.282048
1.979492 0.660156 -0.025391 1309539985.327568
1.905273 0.412109 -0.040039 1309539985.348050
1.978516 0.434570 -0.041016 1309539985.369047
1.985352 0.535156 0.166992 1309539985.413045
1.683594 0.515625 0.296875 1309539985.449053
1.828125 0.795898 1.261719 1309539985.476067
1.985352 0.460938 1.988281 1309539985.499064
1.981445 0.535156 1.987305 1309539985.547055
1.979492 -1.017578 1.990234 1309539985.569053
1.979492 0.006836 1.990234 1309539985.591056
1.981445 0.400391 1.740234 1309539985.635060
1.979492 0.181641 0.972656 1309539985.682049
1.984375 0.455078 0.750000 1309539985.704060
1.580078 0.535156 0.469727 1309539985.727056
1.773438 0.699219 0.196289 1309539985.771072
1.983398 0.815430 0.116211 1309539985.796061
1.977539 0.794922 0.042969 1309539985.839060
1.989258 0.867188 0.117188 1309539985.866061
1.983398 0.867188 0.006836 1309539985.888060
1.981445 0.533203 -0.211914 1309539985.941045
1.899414 0.399414 -0.387695 1309539985.969056
1.551758 -0.291992 -0.803711 1309539985.992071
0.561523 -1.914062 -1.979492 1309539986.017062
0.303711 -1.984375 -1.981445 1309539986.062069
0.002930 -1.982422 -1.983398 1309539986.083060
0.311523 -1.984375 -1.980469 1309539986.118064
0.683594 -1.198242 -1.980469 1309539986.142066
1.264648 -0.189453 -0.755859 1309539986.186066
1.981445 0.560547 -0.184570 1309539986.229066
1.982422 0.658203 -0.102539 1309539986.258067
1.984375 0.681641 0.087891 1309539986.268071
1.983398 0.501953 -0.162109 1309539986.301069
1.983398 0.621094 0.080078 1309539986.346068
1.980469 0.578125 -0.031250 1309539986.392077
1.979492 0.394531 0.161133 1309539986.413067
1.573242 0.455078 0.957031 1309539986.436069
1.981445 0.550781 1.991211 1309539986.466091
1.983398 -0.029297 1.983398 1309539986.504072
1.981445 0.264648 1.988281 1309539986.536070
1.980469 -0.524414 1.988281 1309539986.574079
1.984375 -0.071289 1.992188 1309539986.618074
1.979492 0.380859 1.499023 1309539986.641076
1.982422 0.490234 0.913086 1309539986.663073
1.982422 0.490234 0.913086 1309539986.686069
1.637695 0.801758 0.271484 1309539986.751076
1.579102 0.730469 0.077148 1309539986.777078
1.816406 0.583984 -0.089844 1309539986.798079
1.865234 0.516602 -0.000977 1309539986.828082
1.931641 0.583008 -0.007812 1309539986.863081
1.931641 0.583008 -0.007812 1309539986.884081
1.922852 0.396484 -0.167969 1309539986.929076
1.608398 0.367188 -0.290039 1309539986.971086
1.495117 0.079102 -0.353516 1309539986.993086
1.246094 -1.052734 -1.199219 1309539987.019079
0.235352 -1.983398 -1.980469 1309539987.043083
-0.237305 -1.984375 -1.983398 1309539987.087080
-0.388672 -1.983398 -1.982422 1309539987.131057
0.093750 -1.508789 -1.980469 1309539987.153082
0.681641 -0.410156 -0.972656 1309539987.228091
1.422852 0.181641 -0.317383 1309539987.254084
1.983398 0.601562 -0.093750 1309539987.256086
1.982422 0.512695 -0.061523 1309539987.279086
1.981445 0.384766 0.030273 1309539987.323091
1.982422 0.597656 0.094727 1309539987.346085
1.983398 0.731445 0.070312 1309539987.367088
1.982422 0.676758 0.107422 1309539987.412090
1.978516 0.503906 0.287109 1309539987.434086
1.337891 0.984375 1.172852 1309539987.478093
1.984375 0.611328 1.987305 1309539987.501096
1.982422 0.462891 1.989258 1309539987.546092
1.982422 0.334961 1.989258 1309539987.589095
1.980469 0.016602 1.990234 1309539987.613102
1.983398 0.401367 1.992188 1309539987.636096
1.981445 0.396484 1.242188 1309539987.679097
1.981445 0.648438 0.781250 1309539987.694095
1.659180 0.987305 0.457031 1309539987.723113
1.925781 0.642578 0.230469 1309539987.778106
1.983398 0.617188 0.089844 1309539987.799096
1.983398 0.915039 0.054688 1309539987.822097
1.984375 0.717773 -0.029297 1309539987.857108
1.983398 0.664062 0.018555 1309539987.909102
1.988281 0.435547 -0.326172 1309539987.933080
1.919922 0.432617 -0.435547 1309539987.957102
1.729492 -0.066406 -0.618164 1309539987.979097
1.068359 -1.279297 -1.529297 1309539988.022097
0.256836 -1.984375 -1.982422 1309539988.066105
-0.330078 -1.984375 -1.983398 1309539988.088104
-0.285156 -1.983398 -1.982422 1309539988.111109
0.232422 -1.493164 -1.922852 1309539988.154102
0.828125 -0.412109 -1.121094 1309539988.179116
1.484375 0.414062 -1.121094 1309539988.209106
1.983398 0.835938 -0.202148 1309539988.256110
1.984375 0.683594 -0.100586 1309539988.277082
1.982422 0.562500 -0.053711 1309539988.322105
1.984375 0.678711 0.284180 1309539988.344109
1.982422 0.461914 -0.104492 1309539988.367108
1.982422 0.481445 0.018555 1309539988.413104
1.982422 0.919922 0.718750 1309539988.436112
1.691406 0.852539 0.654297 1309539988.484115
1.985352 0.677734 1.603516 1309539988.531116
1.983398 0.523438 1.990234 1309539988.532109
1.983398 0.617188 1.988281 1309539988.552114
1.981445 0.778320 1.989258 1309539988.598109
1.985352 0.778320 1.989258 1309539988.641119
1.979492 0.528320 1.989258 1309539988.657120
1.982422 0.556641 0.700195 1309539988.708117
1.716797 0.722656 0.377930 1309539988.731114
1.716797 0.722656 0.377930 1309539988.752120
1.904297 0.752930 0.031250 1309539988.797118
1.982422 0.801758 -0.028320 1309539988.821096
1.984375 0.636719 0.051758 1309539988.857125
1.985352 0.730469 0.028320 1309539988.894117
1.982422 0.627930 0.024414 1309539988.917119
1.981445 0.478516 -0.225586 1309539988.961125
1.641602 0.556641 -0.370117 1309539988.996124
1.795898 -0.129883 -0.712891 1309539989.017123
0.493164 -1.983398 -1.978516 1309539989.061124
0.096680 -1.985352 -1.981445 1309539989.083123
-0.422852 -1.984375 -1.983398 1309539989.106134
-0.343750 -1.982422 -1.984375 1309539989.152128
0.241211 -1.208984 -1.588867 1309539989.176125
0.783203 -0.406250 -0.914062 1309539989.222124
1.409180 0.363281 -0.212891 1309539989.243123
1.983398 0.804688 -0.035156 1309539989.267130
1.982422 0.653320 -0.027344 1309539989.294132
1.980469 0.751953 0.004883 1309539989.342124
1.900391 0.642578 -0.047852 1309539989.387131
1.745117 0.420898 -0.011719 1309539989.411148
1.750977 0.325195 0.125977 1309539989.453128
1.734375 0.317383 0.345703 1309539989.474131
1.273438 0.480469 0.754883 1309539989.498129
1.984375 0.046875 0.754883 1309539989.524132
1.979492 0.046875 0.754883 1309539989.568133
1.978516 0.009766 1.863281 1309539989.614141
1.796875 -0.391602 1.479492 1309539989.638134
1.651367 -0.150391 0.991211 1309539989.663134
0.947266 -0.150391 0.991211 1309539989.694134
0.415039 0.312500 0.544922 1309539989.739134
0.216797 0.360352 0.365234 1309539989.824138
0.276367 0.191406 0.136719 1309539989.826136
0.448242 0.060547 0.016602 1309539989.863140
1.107422 0.244141 0.024414 1309539989.864138
1.945312 0.370117 0.052734 1309539989.887139
1.186523 0.287109 0.053711 1309539989.921142
0.654297 0.287109 0.053711 1309539989.942142
0.612305 0.135742 -0.056641 1309539989.986139
0.776367 0.287109 -0.020508 1309539990.029126
0.971680 0.358398 0.010742 1309539990.054157
0.971680 0.358398 0.010742 1309539990.076144
0.734375 0.255859 0.132812 1309539990.132147
0.721680 0.264648 0.147461 1309539990.153124
0.791016 0.265625 0.140625 1309539990.197159
0.836914 0.244141 0.118164 1309539990.222166
0.833984 0.296875 0.188477 1309539990.243165
0.807617 0.300781 0.188477 1309539990.266128
0.771484 0.294922 0.216797 1309539990.316149
0.814453 0.269531 0.210938 1309539990.337158
0.846680 0.222656 0.186523 1309539990.379170
0.905273 0.228516 0.224609 1309539990.402170
0.915039 0.179688 0.207031 1309539990.424155
0.932617 0.166992 0.197266 1309539990.461151
0.923828 0.192383 0.202148 1309539990.507156
0.921875 0.199219 0.179688 1309539990.528149
0.953125 0.241211 0.166992 1309539990.573144
0.940430 0.210938 0.141602 1309539990.596157
0.913086 0.194336 0.138672 1309539990.619167
0.913086 0.194336 0.138672 1309539990.669145
