0.971680 0.425781 0.064453 1310163166.509603
1.008789 0.490234 0.034180 1310163166.531625
0.947266 0.494141 0.025391 1310163166.575563
0.944336 0.500000 -0.006836 1310163166.600633
0.916992 0.564453 -0.037109 1310163166.643505
0.878906 0.499023 -0.084961 1310163166.664507
0.850586 0.591797 -0.121094 1310163166.687558
0.756836 0.500000 -0.121094 1310163166.728562
0.620117 0.437500 -0.127930 1310163166.755629
0.473633 0.446289 -0.124023 1310163166.803625
0.407227 0.367188 -0.194336 1310163166.824573
0.449219 0.378906 -0.242188 1310163166.867630
0.647461 0.285156 -0.348633 1310163166.919633
0.978516 0.285156 -0.348633 1310163166.945639
1.029297 0.262695 -0.359375 1310163166.967635
0.815430 0.294922 -0.373047 1310163166.989606
0.870117 0.399414 -0.392578 1310163167.012571
0.948242 0.400391 -0.341797 1310163167.058562
0.891602 0.405273 -0.403320 1310163167.079647
0.881836 0.316406 -0.338867 1310163167.123590
0.809570 0.316406 -0.338867 1310163167.145668
1.020508 0.462891 -0.390625 1310163167.193564
1.021484 0.441406 -0.244141 1310163167.214518
0.999023 0.469727 -0.244141 1310163167.239649
1.053711 0.374023 -0.278320 1310163167.282604
0.923828 1.979492 0.037109 1310163167.303643
0.662109 -0.735352 -0.095703 1310163167.347581
0.572266 1.167969 -0.296875 1310163167.369588
0.577148 0.622070 -0.306641 1310163167.413563
0.638672 1.046875 -0.404297 1310163167.435606
0.780273 0.765625 -0.424805 1310163167.479595
0.776367 0.806641 -0.300781 1310163167.503593
0.681641 0.695312 -0.204102 1310163167.548643
0.566406 0.869141 -0.354492 1310163167.569637
0.312500 0.814453 -0.305664 1310163167.592643
0.272461 0.878906 -0.067383 1310163167.634586
0.243164 0.907227 0.075195 1310163167.655642
0.253906 1.061523 -0.021484 1310163167.699650
0.228516 1.103516 -0.110352 1310163167.744594
0.192383 1.045898 -0.119141 1310163167.766653
0.116211 0.835938 0.075195 1310163167.787656
0.012695 0.652344 0.095703 1310163167.829567
0.063477 0.788086 0.095703 1310163167.852655
0.110352 0.856445 0.147461 1310163167.896646
0.198242 0.874023 0.095703 1310163167.922657
0.257812 0.914062 0.120117 1310163167.964653
0.349609 0.859375 0.121094 1310163167.985600
0.358398 0.796875 0.159180 1310163168.030663
0.363281 0.703125 0.160156 1310163168.052658
0.395508 0.744141 0.148438 1310163168.094610
0.393555 0.736328 0.166992 1310163168.124668
0.332031 0.796875 0.047852 1310163168.145671
0.367188 0.792969 0.069336 1310163168.188658
0.357422 0.824219 0.104492 1310163168.225658
0.357422 0.824219 0.104492 1310163168.227657
0.250977 0.767578 0.056641 1310163168.289660
0.182617 0.827148 0.166992 1310163168.312671
0.216797 0.924805 0.187500 1310163168.354632
0.281250 0.763672 0.315430 1310163168.375669
0.350586 0.779297 0.326172 1310163168.398670
0.321289 0.806641 0.217773 1310163168.442660
0.345703 0.693359 0.226562 1310163168.463625
0.373047 0.730469 0.237305 1310163168.507666
0.353516 0.771484 0.236328 1310163168.529590
0.347656 0.723633 0.236328 1310163168.573613
0.323242 0.658203 0.229492 1310163168.595676
0.331055 0.649414 0.241211 1310163168.625581
0.305664 0.718750 0.182617 1310163168.679547
0.296875 0.782227 0.240234 1310163168.702581
0.300781 0.775391 0.238281 1310163168.725646
0.320312 0.709961 0.197266 1310163168.768665
0.356445 0.719727 0.228516 1310163168.790688
0.356445 0.719727 0.228516 1310163168.813682
0.334961 0.792969 0.267578 1310163168.858678
0.349609 0.765625 0.234375 1310163168.879670
0.337891 0.742188 0.228516 1310163168.924677
0.339844 0.751953 0.229492 1310163168.945681
0.316406 0.751953 0.229492 1310163168.969684
0.359375 0.738281 0.223633 1310163169.014671
0.360352 0.703125 0.270508 1310163169.058654
0.369141 0.718750 0.261719 1310163169.080676
0.342773 0.753906 0.256836 1310163169.104618
0.356445 0.699219 0.260742 1310163169.145677
0.354492 0.699219 0.260742 1310163169.168676
0.338867 0.703125 0.287109 1310163169.213683
0.320312 0.747070 0.234375 1310163169.255676
0.375977 0.744141 0.241211 1310163169.278670
0.362305 0.718750 0.252930 1310163169.299611
0.375977 0.716797 0.218750 1310163169.342642
