0.896484 0.903320 0.247070 1310581897.460594
1.154297 1.310547 0.340820 1310581897.484591
1.395508 1.560547 0.490234 1310581897.494585
1.633789 1.771484 0.552734 1310581897.539608
1.772461 1.771484 0.552734 1310581897.560617
1.936523 1.687500 0.349609 1310581897.609639
1.987305 1.450195 0.227539 1310581897.635728
1.983398 1.376953 -0.196289 1310581897.660835
1.985352 1.457031 -0.492188 1310581897.704721
1.795898 1.102539 -0.546875 1310581897.728677
1.455078 0.602539 -0.546875 1310581897.752740
1.083008 0.416016 -0.242188 1310581897.800720
0.668945 0.378906 -0.298828 1310581897.822628
0.650391 0.222656 -0.246094 1310581897.865602
0.584961 -0.013672 -0.285156 1310581897.888658
0.349609 -0.490234 -0.229492 1310581897.932698
0.106445 -0.603516 -0.229492 1310581897.953735
-0.004883 -0.702148 -0.242188 1310581897.999732
0.102539 -0.985352 -0.108398 1310581898.042645
0.169922 -1.174805 -0.279297 1310581898.064604
0.155273 -1.761719 -0.344727 1310581898.088604
0.120117 -1.821289 -0.496094 1310581898.112673
0.020508 -1.855469 -0.372070 1310581898.155665
0.000000 -1.513672 -0.328125 1310581898.179606
-0.131836 -1.499023 -0.234375 1310581898.223631
-0.192383 -1.069336 -0.250000 1310581898.244643
-0.262695 -0.878906 -0.192383 1310581898.288639
-0.255859 -0.575195 -0.076172 1310581898.310634
-0.125977 -0.452148 -0.137695 1310581898.357651
-0.040039 -0.226562 -0.254883 1310581898.393755
0.004883 0.081055 -0.256836 1310581898.417694
-0.145508 0.021484 -0.333008 1310581898.439613
-0.221680 0.116211 -0.467773 1310581898.462633
0.026367 0.616211 -0.467773 1310581898.504639
-0.037109 0.949219 -0.357422 1310581898.595638
-0.091797 1.396484 -0.358398 1310581898.597634
-0.130859 1.773438 -0.286133 1310581898.617642
-0.037109 1.980469 -0.491211 1310581898.639708
-0.271484 1.980469 -0.413086 1310581898.667655
-0.344727 1.982422 -0.382812 1310581898.689744
-0.192383 1.982422 -0.332031 1310581898.735659
-0.059570 1.986328 -0.248047 1310581898.757741
0.004883 1.649414 -0.198242 1310581898.800620
0.116211 1.147461 -0.079102 1310581898.823613
0.122070 0.748047 -0.072266 1310581898.847686
0.154297 0.377930 -0.146484 1310581898.888664
0.170898 0.168945 -0.146484 1310581898.910676
0.201172 0.168945 -0.146484 1310581898.953678
0.162109 -0.409180 -0.041016 1310581899.002752
-0.088867 -0.590820 -0.110352 1310581899.023667
-0.021484 -0.837891 -0.120117 1310581899.111047
-0.013672 -1.192383 -0.234375 1310581899.134662
-0.201172 -1.741211 -0.388672 1310581899.165627
-0.010742 -1.841797 -0.324219 1310581899.188627
-0.093750 -1.861328 -0.383789 1310581899.189624
0.036133 -1.488281 -0.356445 1310581899.215640
-0.050781 -1.338867 -0.434570 1310581899.238656
-0.135742 -1.252930 -0.406250 1310581899.284651
-0.270508 -1.083008 -0.333008 1310581899.307657
-0.409180 -0.875977 -0.293945 1310581899.349687
-0.379883 -0.776367 -0.200195 1310581899.375680
-0.207031 -0.386719 -0.239258 1310581899.402630
-0.125000 -0.250000 -0.241211 1310581899.444661
-0.125000 -0.250000 -0.241211 1310581899.453659
0.031250 0.201172 -0.228516 1310581899.514659
-0.007812 0.276367 -0.239258 1310581899.544695
0.073242 0.625000 -0.257812 1310581899.570766
-0.177734 0.978516 -0.381836 1310581899.614705
-0.166016 0.978516 -0.381836 1310581899.637767
-0.225586 1.973633 -0.659180 1310581899.655703
-0.326172 1.980469 -0.852539 1310581899.690776
-0.340820 1.982422 -0.834961 1310581899.740113
-0.270508 1.981445 -0.801758 1310581899.764663
-0.215820 1.979492 -0.753906 1310581899.789655
-0.062500 1.729492 -0.753906 1310581899.807639
0.026367 1.279297 -0.432617 1310581899.900706
0.118164 0.927734 -0.336914 1310581899.902725
0.048828 0.457031 -0.230469 1310581899.923723
-0.131836 0.148438 -0.236328 1310581899.965771
-0.128906 0.096680 -0.266602 1310581899.972727
-0.134766 -0.227539 -0.125000 1310581900.022643
-0.068359 -0.244141 -0.161133 1310581900.044640
0.037109 -0.613281 -0.154297 1310581900.093735
0.222656 -0.648438 -0.156250 1310581900.120646
-0.099609 -1.159180 0.056641 1310581900.142645
0.056641 -1.434570 0.011719 1310581900.167673
-0.136719 -1.434570 0.011719 1310581900.195671
-0.101562 -1.806641 -0.290039 1310581900.242683
-0.110352 -1.750977 -0.305664 1310581900.268671
-0.019531 -1.578125 -0.297852 1310581900.312738
-0.070312 -1.402344 -0.250000 1310581900.354660
-0.195312 -1.264648 -0.500000 1310581900.377648
-0.316406 -1.047852 -0.212891 1310581900.399685
-0.389648 -0.899414 -0.305664 1310581900.443673
-0.254883 -0.402344 -0.263672 1310581900.464648
-0.248047 -0.405273 -0.208984 1310581900.508654
-0.118164 -0.164062 -0.181641 1310581900.532741
-0.036133 0.201172 -0.181641 1310581900.555784
0.004883 0.187500 -0.311523 1310581900.602721
0.099609 0.585938 -0.508789 1310581900.624731
-0.140625 0.861328 -0.736328 1310581900.674709
-0.414062 1.232422 -1.023438 1310581900.695727
-0.334961 1.728516 -1.193359 1310581900.718722
-0.455078 1.698242 -1.385742 1310581900.744656
-0.445312 1.831055 -1.295898 1310581900.790717
-0.423828 1.798828 -1.108398 1310581900.832784
-0.397461 1.735352 -1.101562 1310581900.854703
-0.306641 1.394531 -0.958984 1310581900.898735
-0.245117 1.027344 -0.808594 1310581900.920789
-0.203125 0.759766 -0.623047 1310581900.967663
-0.141602 0.500000 -0.475586 1310581900.988659
-0.061523 0.277344 -0.396484 1310581901.018698
-0.094727 0.067383 -0.323242 1310581901.042575
-0.015625 0.012695 -0.183594 1310581901.085669
0.025391 -0.121094 -0.124023 1310581901.122708
0.083984 -0.659180 -0.345703 1310581901.171751
0.162109 -0.938477 -0.406250 1310581901.207660
0.276367 -1.510742 -0.477539 1310581901.228668
-0.015625 -1.983398 -0.520508 1310581901.249694
0.144531 -1.796875 -0.475586 1310581901.270806
0.071289 -1.955078 -0.391602 1310581901.296742
0.112305 -1.872070 -0.348633 1310581901.340691
0.133789 -1.408203 -0.291016 1310581901.404801
-0.042969 -1.242188 -0.170898 1310581901.405742
-0.086914 -0.877930 -0.187500 1310581901.422696
-0.101562 -0.545898 -0.210938 1310581901.472712
-0.213867 -0.411133 -0.210938 1310581901.498706
-0.200195 -0.411133 -0.210938 1310581901.520757
-0.151367 0.090820 -0.210938 1310581901.556801
-0.163086 0.341797 -0.303711 1310581901.602802
0.149414 0.728516 -0.361328 1310581901.623741
0.150391 1.000977 -0.509766 1310581901.672715
0.015625 1.000977 -0.509766 1310581901.695681
-0.291016 1.591797 -0.955078 1310581901.740747
-0.284180 1.946289 -1.285156 1310581901.770753
-0.286133 1.648438 -1.309570 1310581901.792806
-0.286133 1.812500 -1.296875 1310581901.835747
-0.275391 1.863281 -1.207031 1310581901.859719
-0.192383 1.770508 -1.207031 1310581901.883805
-0.136719 1.389648 -0.904297 1310581901.925790
0.005859 0.975586 -0.584961 1310581901.948704
0.028320 0.769531 -0.449219 1310581901.990680
0.039062 0.452148 -0.379883 1310581902.014736
-0.016602 0.116211 -0.248047 1310581902.040705
-0.278320 -0.216797 0.016602 1310581902.089711
-0.091797 -0.382812 0.115234 1310581902.113752
-0.162109 -0.500977 0.180664 1310581902.144707
0.031250 -0.545898 0.151367 1310581902.168681
0.074219 -0.841797 0.037109 1310581902.198709
-0.323242 -1.122070 -0.242188 1310581902.227719
0.075195 -1.487305 -0.248047 1310581902.292704
-0.129883 -1.896484 -0.378906 1310581902.317687
0.132812 -1.714844 -0.341797 1310581902.338715
0.143555 -1.514648 -0.208008 1310581902.362709
0.079102 -1.366211 -0.374023 1310581902.455718
-0.022461 -1.293945 -0.374023 1310581902.457716
-0.240234 -1.154297 -0.221680 1310581902.502783
-0.536133 -1.096680 -0.183594 1310581902.524831
-0.834961 -1.225586 -0.144531 1310581902.540795
-0.709961 -0.887695 -0.172852 1310581902.570744
-0.405273 -0.389648 -0.078125 1310581902.607742
-0.050781 -0.139648 -0.078125 1310581902.629775
0.135742 -0.010742 -0.156250 1310581902.653716
0.095703 0.133789 -0.274414 1310581902.695702
-0.559570 -0.340820 -0.699219 1310581902.719719
-0.244141 0.354492 -0.287109 1310581902.763810
-0.262695 0.015625 -0.397461 1310581902.784820
0.002930 -0.055664 -0.279297 1310581902.814723
0.345703 0.188477 -0.176758 1310581902.857794
0.650391 0.066406 -0.044922 1310581902.880792
1.115234 0.661133 -0.138672 1310581902.928701
1.289062 1.660156 0.150391 1310581902.950697
0.416016 1.547852 -0.173828 1310581902.995831
0.213867 1.454102 0.383789 1310581903.008723
-0.031250 1.422852 0.351562 1310581903.050701
0.207031 1.636719 0.374023 1310581903.074724
0.369141 1.508789 0.482422 1310581903.119703
0.488281 1.157227 0.445312 1310581903.153794
0.869141 0.900391 0.522461 1310581903.195839
1.359375 0.654297 0.522461 1310581903.200836
1.984375 0.746094 0.501953 1310581903.244834
1.624023 1.044922 0.301758 1310581903.268730
0.679688 0.842773 0.807617 1310581903.312740
1.185547 0.308594 1.229492 1310581903.333918
1.032227 0.208984 0.658203 1310581903.357776
0.998047 0.303711 0.295898 1310581903.404722
