-0.279297 0.909180 -0.106445 1311188976.340980
-0.319336 0.951172 -0.018555 1311188976.390980
-0.391602 0.818359 -0.086914 1311188976.441975
-0.384766 0.939453 0.040039 1311188976.442940
-0.079102 0.682617 0.203125 1311188976.492950
-0.345703 1.158203 0.213867 1311188976.514966
-0.521484 0.841797 0.027344 1311188976.537966
-0.458008 0.841797 0.027344 1311188976.581969
-0.592773 0.832031 -0.008789 1311188976.604972
-0.373047 0.746094 0.277344 1311188976.649971
-0.402344 0.568359 0.237305 1311188976.689971
-0.519531 0.615234 0.024414 1311188976.714970
-0.340820 0.391602 0.066406 1311188976.737978
-0.396484 0.315430 -0.183594 1311188976.760973
-0.387695 0.287109 -0.118164 1311188976.804978
-0.333984 0.216797 -0.151367 1311188976.828978
-0.356445 0.279297 -0.277344 1311188976.873977
-0.297852 0.445312 -0.189453 1311188976.897976
-0.226562 0.488281 -0.208008 1311188976.939992
-0.282227 0.639648 -0.376953 1311188976.964963
-0.345703 0.730469 -0.166992 1311188976.992979
-0.205078 0.828125 -0.371094 1311188977.039926
-0.233398 0.978516 -0.386719 1311188977.062953
-0.254883 1.285156 -0.266602 1311188977.106982
-0.211914 1.292969 -0.238281 1311188977.128986
-0.142578 1.359375 0.005859 1311188977.169982
-0.213867 1.408203 0.067383 1311188977.201979
-0.336914 1.387695 0.128906 1311188977.251991
-0.380859 1.358398 0.118164 1311188977.252979
-0.439453 1.441406 0.130859 1311188977.289986
-0.497070 1.328125 0.130859 1311188977.311981
-0.537109 1.234375 0.104492 1311188977.354992
-0.596680 1.249023 0.076172 1311188977.379983
-0.616211 1.317383 0.067383 1311188977.447994
-0.604492 1.078125 -0.026367 1311188977.451985
-0.693359 0.930664 -0.117188 1311188977.477995
-0.813477 0.764648 -0.124023 1311188977.501991
-0.708984 0.546875 -0.211914 1311188977.572989
-0.768555 0.478516 -0.178711 1311188977.592996
-0.740234 0.436523 -0.122070 1311188977.619987
-0.684570 0.380859 -0.111328 1311188977.643009
-0.730469 0.519531 -0.206055 1311188977.684981
-0.730469 0.519531 -0.206055 1311188977.707975
-0.824219 0.455078 -0.484375 1311188977.737995
-0.851562 0.444336 -0.708984 1311188977.782996
-0.939453 0.497070 -0.952148 1311188977.804997
-1.112305 0.605469 -1.101562 1311188977.851999
-1.200195 0.791016 -1.331055 1311188977.872994
-1.241211 0.856445 -1.511719 1311188977.899989
-1.136719 1.274414 -1.798828 1311188977.923990
-1.124023 1.445312 -1.968750 1311188977.978998
-0.863281 1.921875 -1.957031 1311188978.002005
-0.408203 1.981445 -1.599609 1311188978.024007
0.408203 1.977539 -1.190430 1311188978.046999
1.988281 1.980469 0.721680 1311188978.094994
1.974609 -1.198242 -1.512695 1311188978.131995
-0.909180 -0.345703 0.200195 1311188978.157000
-0.176758 0.726562 1.981445 1311188978.205005
0.259766 -1.982422 1.427734 1311188978.227009
0.097656 -1.416992 1.562500 1311188978.247992
-0.086914 -0.282227 1.220703 1311188978.292021
-0.244141 -0.797852 0.944336 1311188978.337001
-0.320312 -0.680664 0.929688 1311188978.350009
-0.230469 -0.623047 1.018555 1311188978.396999
-0.323242 -0.525391 1.036133 1311188978.419976
-0.270508 -0.520508 0.791016 1311188978.449007
-0.269531 -0.610352 0.592773 1311188978.523006
-0.172852 -0.391602 0.471680 1311188978.549006
-0.191406 -0.261719 0.408203 1311188978.549982
-0.247070 -0.592773 0.603516 1311188978.573001
-0.399414 -0.391602 0.772461 1311188978.614998
-0.348633 -0.318359 0.522461 1311188978.637010
-0.428711 -0.315430 0.800781 1311188978.670001
-0.409180 -0.431641 0.811523 1311188978.703995
-0.270508 -0.278320 0.757812 1311188978.748004
-0.288086 -0.254883 0.711914 1311188978.769010
-0.225586 -0.280273 0.671875 1311188978.793014
-0.250977 -0.183594 0.642578 1311188978.836032
-0.250977 -0.221680 0.671875 1311188978.862014
-0.283203 -0.327148 0.699219 1311188978.909006
-0.369141 -0.327148 0.655273 1311188978.930015
-0.404297 -0.203125 0.675781 1311188978.958019
-0.343750 -0.255859 0.623047 1311188978.980013
-0.343750 -0.255859 0.623047 1311188979.013991
-0.415039 -0.166992 0.593750 1311188979.059004
-0.380859 -0.217773 0.592773 1311188979.103012
-0.394531 -0.220703 0.569336 1311188979.125008
-0.400391 -0.146484 0.562500 1311188979.147014
-0.406250 -0.230469 0.535156 1311188979.194017
-0.401367 -0.226562 0.568359 1311188979.215014
-0.403320 -0.204102 0.597656 1311188979.262024
-0.418945 -0.239258 0.569336 1311188979.284023
-0.401367 -0.292969 0.617188 1311188979.309023
-0.414062 -0.281250 0.625000 1311188979.354018
-0.419922 -0.245117 0.583984 1311188979.380028
-0.410156 -0.268555 0.575195 1311188979.424026
-0.392578 -0.228516 0.556641 1311188979.449004
-0.389648 -0.283203 0.580078 1311188979.474039
-0.385742 -0.231445 0.589844 1311188979.526017
-0.378906 -0.254883 0.614258 1311188979.546999
