0.947266 0.142578 -0.082031 1310682949.951175
0.897461 0.135742 -0.103516 1310682949.972182
0.928711 0.108398 -0.098633 1310682949.996179
0.881836 0.136719 -0.068359 1310682950.051149
0.962891 0.120117 -0.073242 1310682950.074159
0.962891 0.120117 -0.073242 1310682950.095204
0.967773 0.112305 -0.059570 1310682950.144208
0.942383 0.119141 -0.032227 1310682950.167185
0.941406 0.140625 -0.043945 1310682950.189207
0.932617 0.077148 -0.031250 1310682950.235198
0.979492 0.139648 -0.060547 1310682950.257196
0.948242 0.139648 -0.060547 1310682950.300171
0.935547 0.143555 -0.052734 1310682950.324226
0.953125 0.101562 -0.062500 1310682950.370177
0.985352 0.091797 -0.097656 1310682950.392167
0.964844 0.124023 -0.092773 1310682950.416167
0.937500 0.159180 -0.047852 1310682950.444163
0.950195 0.138672 -0.033203 1310682950.491206
0.971680 0.156250 -0.051758 1310682950.536171
0.970703 0.151367 -0.045898 1310682950.559172
0.942383 0.139648 -0.041992 1310682950.580219
0.938477 0.142578 -0.053711 1310682950.622162
0.930664 0.145508 -0.037109 1310682950.645214
0.930664 0.145508 -0.037109 1310682950.669204
0.950195 0.134766 -0.055664 1310682950.712245
0.969727 0.138672 -0.062500 1310682950.760242
0.943359 0.132812 -0.048828 1310682950.782194
0.996094 0.103516 -0.040039 1310682950.805168
0.961914 0.090820 -0.002930 1310682950.829214
0.961914 0.090820 -0.002930 1310682950.871199
0.956055 0.138672 -0.012695 1310682950.927242
0.939453 0.170898 0.006836 1310682950.967163
0.927734 0.163086 -0.006836 1310682950.969164
0.958984 0.133789 -0.012695 1310682951.010174
0.947266 0.133789 -0.012695 1310682951.032164
0.944336 0.152344 -0.043945 1310682951.077187
0.924805 0.158203 -0.003906 1310682951.101184
0.918945 0.152344 -0.033203 1310682951.124191
0.942383 0.157227 -0.041016 1310682951.166247
0.917969 0.125000 -0.029297 1310682951.191192
0.936523 0.142578 -0.054688 1310682951.220200
0.905273 0.137695 -0.046875 1310682951.265255
0.932617 0.140625 -0.040039 1310682951.311261
0.913086 0.155273 -0.004883 1310682951.332248
0.924805 0.137695 -0.017578 1310682951.355220
0.937500 0.127930 0.004883 1310682951.380188
0.940430 0.136719 0.002930 1310682951.422253
0.932617 0.154297 0.050781 1310682951.451234
0.915039 0.134766 0.091797 1310682951.494216
0.978516 0.180664 0.159180 1310682951.515199
0.986328 0.121094 0.170898 1310682951.560222
0.961914 0.092773 0.209961 1310682951.585216
0.971680 0.164062 0.292969 1310682951.629204
0.985352 0.156250 0.214844 1310682951.651196
0.994141 0.203125 0.176758 1310682951.695196
0.953125 0.201172 0.185547 1310682951.719261
0.836914 0.216797 0.341797 1310682951.742260
0.938477 0.409180 0.591797 1310682951.765263
1.095703 0.156250 0.616211 1310682951.810189
1.042969 0.454102 0.717773 1310682951.852269
1.203125 0.312500 0.893555 1310682951.876232
1.154297 0.647461 0.987305 1310682951.900727
1.289062 0.496094 0.920898 1310682951.944231
1.217773 0.588867 0.795898 1310682951.967266
1.217773 0.588867 0.795898 1310682951.992200
1.099609 0.516602 0.583984 1310682952.037264
0.994141 0.571289 0.594727 1310682952.060220
0.870117 0.470703 0.386719 1310682952.092220
0.702148 0.373047 0.291992 1310682952.135274
0.452148 0.373047 0.291992 1310682952.160247
0.274414 0.390625 0.072266 1310682952.271259
0.049805 0.398438 0.026367 1310682952.279277
-0.048828 0.463867 0.010742 1310682952.294237
-0.180664 0.355469 0.027344 1310682952.295227
-0.278320 0.328125 -0.007812 1310682952.316269
-0.411133 0.328125 -0.007812 1310682952.341280
-0.501953 0.114258 -0.066406 1310682952.411232
-0.576172 0.113281 -0.027344 1310682952.416288
-0.638672 0.066406 -0.042969 1310682952.462280
-0.692383 0.002930 -0.015625 1310682952.486232
-0.717773 -0.130859 -0.003906 1310682952.510247
-0.756836 -0.136719 -0.030273 1310682952.551236
-0.835938 -0.185547 -0.027344 1310682952.595217
-0.851562 -0.195312 -0.031250 1310682952.605210
-0.839844 -0.235352 -0.040039 1310682952.647250
-0.845703 -0.277344 -0.061523 1310682952.671218
-0.840820 -0.254883 -0.064453 1310682952.696262
-0.829102 -0.272461 -0.044922 1310682952.746213
-0.853516 -0.333984 -0.116211 1310682952.769295
-0.880859 -0.360352 -0.141602 1310682952.816283
-0.797852 -0.394531 -0.161133 1310682952.852281
-0.863281 -0.404297 -0.169922 1310682952.874245
-0.833008 -0.455078 -0.169922 1310682952.895233
-0.848633 -0.484375 -0.173828 1310682952.931224
-0.836914 -0.513672 -0.172852 1310682952.977215
-0.823242 -0.486328 -0.222656 1310682953.000292
-0.825195 -0.558594 -0.180664 1310682953.049234
-0.874023 -0.532227 -0.194336 1310682953.071225
-0.823242 -0.532227 -0.194336 1310682953.094287
-0.765625 -0.484375 -0.226562 1310682953.142207
-0.787109 -0.407227 -0.204102 1310682953.165205
-0.733398 -0.343750 -0.222656 1310682953.186223
-0.773438 -0.277344 -0.233398 1310682953.230269
-0.765625 -0.183594 -0.165039 1310682953.256234
-0.638672 -0.124023 -0.166016 1310682953.279221
-0.638672 -0.124023 -0.166016 1310682953.311205
-0.661133 0.098633 -0.123047 1310682953.360273
-0.647461 0.193359 -0.025391 1310682953.381231
-0.438477 0.261719 0.028320 1310682953.429243
-0.458008 0.277344 0.008789 1310682953.451217
-0.291016 0.242188 0.041016 1310682953.487266
-0.178711 0.257812 0.087891 1310682953.550229
-0.071289 0.340820 0.209961 1310682953.551219
0.080078 0.300781 0.074219 1310682953.576308
0.205078 0.622070 0.369141 1310682953.629304
0.313477 0.469727 0.090820 1310682953.630292
0.502930 0.469727 0.090820 1310682953.675240
0.570312 0.677734 0.279297 1310682953.721301
0.833984 0.525391 0.467773 1310682953.734266
0.786133 0.640625 0.546875 1310682953.785301
0.990234 0.520508 0.199219 1310682953.809300
1.232422 0.763672 0.949219 1310682953.832278
1.112305 0.488281 0.483398 1310682953.876241
1.396484 0.373047 0.853516 1310682953.897252
1.058594 0.620117 0.708984 1310682953.945254
1.256836 0.369141 0.387695 1310682953.966258
1.134766 0.063477 0.674805 1310682953.989255
1.217773 0.096680 0.674805 1310682954.034275
1.130859 0.161133 0.481445 1310682954.071289
1.039062 0.286133 0.510742 1310682954.097273
0.970703 0.250977 0.356445 1310682954.141289
0.983398 -0.005859 0.319336 1310682954.164286
0.935547 0.041016 0.293945 1310682954.185233
0.926758 0.041016 0.293945 1310682954.212319
1.017578 0.131836 0.225586 1310682954.256278
0.972656 0.089844 0.064453 1310682954.301313
0.998047 0.102539 0.012695 1310682954.322244
0.956055 0.140625 -0.058594 1310682954.365257
0.937500 0.103516 -0.095703 1310682954.387256
0.975586 0.103516 -0.095703 1310682954.414307
0.936523 0.132812 -0.068359 1310682954.449316
0.958008 0.035156 -0.027344 1310682954.492315
0.965820 0.081055 -0.028320 1310682954.514280
0.928711 0.094727 -0.035156 1310682954.537282
0.964844 0.106445 0.013672 1310682954.566299
0.965820 0.073242 -0.006836 1310682954.621237
0.959961 0.064453 0.053711 1310682954.665261
0.978516 0.056641 0.075195 1310682954.686269
0.943359 0.123047 0.125977 1310682954.707255
0.933594 0.118164 0.225586 1310682954.731236
0.943359 0.180664 0.346680 1310682954.826216
1.010742 0.121094 0.553711 1310682954.847240
1.054688 0.046875 0.428711 1310682954.849230
1.122070 0.259766 0.681641 1310682954.869225
1.138672 0.159180 0.609375 1310682954.911243
1.072266 0.448242 0.576172 1310682954.934251
1.126953 0.526367 0.576172 1310682954.957254
1.094727 0.767578 0.647461 1310682955.000240
1.124023 0.664062 0.547852 1310682955.045265
1.108398 0.712891 0.564453 1310682955.069333
1.078125 0.732422 0.545898 1310682955.113324
1.027344 0.615234 0.416016 1310682955.134327
0.949219 0.656250 0.382812 1310682955.158349
0.772461 0.510742 0.266602 1310682955.206256
0.612305 0.550781 0.154297 1310682955.229301
0.446289 0.694336 0.166992 1310682955.252270
0.340820 0.783203 0.129883 1310682955.295296
0.175781 0.735352 0.085938 1310682955.316264
0.039062 0.685547 0.061523 1310682955.359266
-0.054688 0.631836 0.025391 1310682955.402294
-0.117188 0.576172 -0.015625 1310682955.426286
-0.203125 0.486328 -0.047852 1310682955.451290
-0.313477 0.449219 -0.028320 1310682955.474303
-0.391602 0.375000 -0.042969 1310682955.519258
-0.543945 0.301758 -0.104492 1310682955.541342
-0.532227 0.259766 -0.048828 1310682955.585292
-0.593750 0.182617 -0.102539 1310682955.606346
-0.654297 0.080078 -0.083008 1310682955.655351
-0.690430 -0.033203 -0.127930 1310682955.677341
-0.738281 -0.078125 -0.119141 1310682955.700278
-0.765625 -0.136719 -0.136719 1310682955.745307
-0.801758 -0.204102 -0.112305 1310682955.767316
-0.780273 -0.255859 -0.120117 1310682955.812278
-0.775391 -0.309570 -0.070312 1310682955.834300
-0.774414 -0.442383 -0.073242 1310682955.877337
-0.791992 -0.490234 -0.073242 1310682955.899287
-0.778320 -0.541992 -0.076172 1310682955.931246
-0.826172 -0.578125 -0.077148 1310682955.975433
-0.848633 -0.567383 -0.083984 1310682955.997339
-0.833008 -0.509766 -0.071289 1310682956.025307
-0.833984 -0.535156 -0.083008 1310682956.122341
-0.831055 -0.505859 -0.083008 1310682956.126296
-0.814453 -0.472656 -0.067383 1310682956.146345
-0.799805 -0.504883 -0.094727 1310682956.169290
-0.895508 -0.418945 -0.069336 1310682956.190283
-0.811523 -0.408203 -0.075195 1310682956.232275
-0.793945 -0.417969 -0.085938 1310682956.254281
-0.792969 -0.417969 -0.085938 1310682956.299285
-0.746094 -0.410156 -0.141602 1310682956.316293
-0.791016 -0.353516 -0.111328 1310682956.364357
-0.714844 -0.385742 -0.095703 1310682956.385356
-0.736328 -0.257812 -0.106445 1310682956.407292
-0.668945 -0.242188 -0.086914 1310682956.452269
-0.695312 -0.242188 -0.086914 1310682956.474278
-0.655273 -0.043945 -0.014648 1310682956.519312
-0.580078 -0.107422 -0.032227 1310682956.562340
-0.585938 0.050781 0.039062 1310682956.585309
-0.442383 0.016602 -0.006836 1310682956.607328
-0.350586 0.101562 0.037109 1310682956.650255
-0.250000 0.245117 0.115234 1310682956.695371
-0.052734 0.137695 -0.091797 1310682956.716363
0.178711 0.443359 0.150391 1310682956.740362
0.294922 0.474609 0.159180 1310682956.770326
0.443359 0.544922 0.209961 1310682956.814278
0.504883 0.739258 0.374023 1310682956.838354
0.713867 0.662109 0.406250 1310682956.862301
0.842773 0.808594 0.500000 1310682956.907806
1.047852 0.853516 0.367188 1310682956.929365
1.116211 0.929688 0.629883 1310682956.986370
1.190430 0.875000 0.365234 1310682957.007323
1.250000 0.908203 0.711914 1310682957.029370
1.116211 0.825195 0.487305 1310682957.052374
1.326172 0.703125 0.492188 1310682957.099315
0.986328 0.693359 0.579102 1310682957.131343
1.132812 0.662109 0.376953 1310682957.155314
1.173828 0.421875 0.503906 1310682957.181316
0.937500 0.374023 0.503906 1310682957.225297
0.938477 0.388672 0.305664 1310682957.249318
1.030273 0.230469 0.185547 1310682957.294371
1.009766 0.282227 0.126953 1310682957.349346
1.019531 0.187500 0.096680 1310682957.350325
0.953125 0.155273 0.045898 1310682957.411296
0.901367 0.159180 0.044922 1310682957.412297
0.901367 0.159180 0.044922 1310682957.436361
0.963867 0.245117 0.083984 1310682957.481372
1.008789 0.124023 0.148438 1310682957.526288
0.975586 0.013672 0.002930 1310682957.570338
0.978516 0.000977 -0.058594 1310682957.571339
0.984375 0.139648 -0.020508 1310682957.621318
0.941406 0.116211 -0.034180 1310682957.643417
0.938477 0.118164 -0.021484 1310682957.685308
0.974609 0.180664 0.007812 1310682957.707341
0.985352 0.130859 -0.008789 1310682957.750307
0.949219 0.174805 0.026367 1310682957.772314
0.973633 0.128906 0.067383 1310682957.817299
0.928711 0.222656 0.140625 1310682957.841327
0.929688 0.382812 0.413086 1310682957.865349
1.012695 0.333008 0.445312 1310682957.889387
1.116211 0.437500 0.456055 1310682957.934341
1.145508 0.279297 0.706055 1310682957.960343
1.084961 0.375000 0.478516 1310682958.004370
1.182617 0.429688 0.549805 1310682958.026392
1.161133 0.336914 0.471680 1310682958.070338
1.124023 0.459961 0.447266 1310682958.092358
1.112305 0.464844 0.356445 1310682958.116332
1.004883 0.562500 0.349609 1310682958.144342
0.894531 0.511719 0.376953 1310682958.214353
0.842773 0.678711 0.409180 1310682958.236343
0.761719 0.666016 0.459961 1310682958.260313
0.626953 0.756836 0.538086 1310682958.282333
0.623047 0.840820 0.583008 1310682958.326395
0.551758 0.717773 0.501953 1310682958.350390
0.434570 0.742188 0.430664 1310682958.375306
0.368164 0.598633 0.330078 1310682958.417343
0.240234 0.537109 0.246094 1310682958.442349
0.065430 0.560547 0.182617 1310682958.486337
-0.067383 0.402344 0.092773 1310682958.508400
-0.190430 0.476562 0.038086 1310682958.535356
-0.249023 0.316406 -0.017578 1310682958.600327
-0.379883 0.305664 -0.001953 1310682958.601318
-0.461914 0.204102 0.023438 1310682958.668349
-0.551758 0.082031 0.010742 1310682958.692329
-0.595703 -0.061523 -0.035156 1310682958.694319
-0.674805 -0.096680 -0.073242 1310682958.735397
-0.674805 -0.096680 -0.073242 1310682958.759385
-0.689453 -0.095703 0.014648 1310682958.825355
-0.777344 -0.177734 -0.058594 1310682958.846368
-0.776367 -0.177734 -0.043945 1310682958.867349
-0.824219 -0.282227 -0.029297 1310682958.888352
-0.828125 -0.365234 0.000000 1310682958.932366
-0.792969 -0.401367 -0.081055 1310682958.980350
-0.820312 -0.487305 -0.080078 1310682959.001407
-0.803711 -0.487305 -0.089844 1310682959.022341
-0.803711 -0.451172 -0.056641 1310682959.050415
-0.786133 -0.532227 -0.111328 1310682959.093373
-0.807617 -0.469727 -0.094727 1310682959.128381
-0.816406 -0.510742 -0.091797 1310682959.148414
-0.809570 -0.473633 -0.065430 1310682959.200372
-0.801758 -0.492188 -0.086914 1310682959.221332
-0.841797 -0.476562 -0.070312 1310682959.250355
-0.805664 -0.501953 -0.044922 1310682959.290368
-0.827148 -0.500977 -0.057617 1310682959.312353
-0.784180 -0.514648 -0.111328 1310682959.361422
-0.789062 -0.494141 -0.057617 1310682959.388342
-0.803711 -0.486328 -0.074219 1310682959.432329
-0.752930 -0.440430 -0.112305 1310682959.433311
-0.783203 -0.416016 -0.107422 1310682959.476378
-0.783203 -0.416016 -0.107422 1310682959.499416
-0.783203 -0.416016 -0.107422 1310682959.542402
-0.812500 -0.276367 -0.087891 1310682959.570383
-0.751953 -0.189453 -0.070312 1310682959.615348
-0.753906 -0.091797 -0.091797 1310682959.636337
-0.719727 0.009766 -0.081055 1310682959.676374
-0.653320 0.021484 -0.093750 1310682959.700359
-0.778320 0.134766 0.010742 1310682959.743362
-0.605469 0.081055 0.019531 1310682959.768373
-0.529297 0.185547 0.071289 1310682959.792358
-0.459961 0.173828 0.113281 1310682959.837374
-0.371094 0.270508 0.012695 1310682959.887354
-0.199219 0.259766 0.109375 1310682959.898363
-0.229492 0.421875 0.036133 1310682959.978350
-0.038086 0.458984 0.133789 1310682959.980338
0.092773 0.423828 0.124023 1310682960.000387
0.156250 0.603516 0.124023 1310682960.021427
0.406250 0.408203 0.285156 1310682960.065387
0.415039 0.714844 0.297852 1310682960.108395
0.644531 0.818359 0.538086 1310682960.131371
0.693359 0.593750 0.356445 1310682960.175424
0.869141 1.031250 0.656250 1310682960.200375
0.842773 0.736328 0.592773 1310682960.221366
0.886719 0.845703 0.623047 1310682960.257375
0.936523 0.834961 0.685547 1310682960.278361
1.006836 0.458984 0.358398 1310682960.322367
1.081055 0.719727 0.423828 1310682960.350403
0.896484 0.662109 0.569336 1310682960.385395
1.146484 0.662109 0.569336 1310682960.410379
1.025391 0.332031 0.313477 1310682960.475445
0.958984 0.375977 0.311523 1310682960.476424
1.047852 0.327148 0.162109 1310682960.522394
0.884766 0.353516 0.467773 1310682960.541432
0.945312 0.324219 0.426758 1310682960.565385
1.036133 0.249023 0.426758 1310682960.616361
1.074219 0.199219 0.132812 1310682960.646378
1.074219 0.199219 0.132812 1310682960.678367
0.933594 0.199219 0.132812 1310682960.694438
0.910156 0.128906 0.118164 1310682960.743391
0.903320 0.201172 0.092773 1310682960.767417
0.947266 0.229492 0.075195 1310682960.788441
0.905273 0.208984 0.096680 1310682960.831437
0.945312 0.170898 0.096680 1310682960.860399
0.945312 0.181641 -0.000977 1310682960.903388
0.960938 0.102539 -0.008789 1310682960.946399
1.003906 0.083984 0.088867 1310682960.968390
0.919922 0.158203 0.159180 1310682960.991382
0.933594 0.233398 0.339844 1310682961.035450
0.994141 0.320312 0.504883 1310682961.060453
1.089844 0.169922 0.486328 1310682961.081389
1.101562 0.193359 0.500000 1310682961.125405
1.172852 0.216797 0.500000 1310682961.150414
1.166992 0.159180 0.574219 1310682961.196371
1.215820 0.341797 0.778320 1310682961.262443
1.241211 0.199219 0.695312 1310682961.283377
1.238281 0.388672 0.748047 1310682961.285370
1.194336 0.380859 0.708984 1310682961.318372
1.156250 0.491211 0.647461 1310682961.341405
1.068359 0.511719 0.534180 1310682961.386397
0.891602 0.426758 0.519531 1310682961.407390
0.861328 0.522461 0.447266 1310682961.455450
0.666992 0.358398 0.306641 1310682961.477462
0.525391 0.307617 0.302734 1310682961.498375
0.525391 0.307617 0.302734 1310682961.543386
0.099609 0.406250 0.216797 1310682961.586384
-0.042969 0.454102 0.143555 1310682961.608417
-0.181641 0.386719 0.110352 1310682961.653395
-0.220703 0.548828 0.052734 1310682961.675404
-0.351562 0.539062 0.065430 1310682961.705426
-0.416992 0.467773 0.022461 1310682961.728464
-0.445312 0.416992 -0.017578 1310682961.775418
-0.503906 0.318359 -0.067383 1310682961.797405
-0.558594 0.290039 -0.079102 1310682961.822430
-0.590820 0.208984 -0.105469 1310682961.868473
-0.623047 0.112305 -0.107422 1310682961.901398
-0.721680 0.074219 -0.127930 1310682961.927469
-0.771484 0.050781 -0.142578 1310682961.948456
-0.815430 0.029297 -0.116211 1310682961.991454
-0.845703 -0.220703 -0.116211 1310682962.018458
-0.844727 -0.128906 -0.137695 1310682962.066414
-0.811523 -0.129883 -0.118164 1310682962.088452
-0.816406 -0.192383 -0.102539 1310682962.121463
-0.812500 -0.276367 -0.140625 1310682962.151396
-0.833008 -0.278320 -0.120117 1310682962.196354
-0.859375 -0.376953 -0.125977 1310682962.220355
-0.804688 -0.394531 -0.182617 1310682962.242406
-0.861328 -0.467773 -0.158203 1310682962.266391
-0.859375 -0.473633 -0.160156 1310682962.316402
-0.828125 -0.511719 -0.189453 1310682962.360463
-0.808594 -0.564453 -0.225586 1310682962.383418
-0.868164 -0.542969 -0.187500 1310682962.407472
-0.828125 -0.571289 -0.174805 1310682962.450394
-0.828125 -0.571289 -0.174805 1310682962.472412
-0.822266 -0.486328 -0.166016 1310682962.570431
-0.875977 -0.490234 -0.175781 1310682962.578462
-0.861328 -0.481445 -0.154297 1310682962.598475
-0.810547 -0.469727 -0.178711 1310682962.600430
-0.833008 -0.423828 -0.170898 1310682962.625439
-0.833008 -0.423828 -0.170898 1310682962.667441
-0.773438 -0.342773 -0.195312 1310682962.713482
-0.739258 -0.283203 -0.161133 1310682962.735485
-0.709961 -0.264648 -0.200195 1310682962.782409
-0.705078 -0.155273 -0.156250 1310682962.807488
-0.662109 -0.083984 -0.130859 1310682962.831428
-0.662109 -0.083984 -0.130859 1310682962.853443
-0.589844 0.016602 0.030273 1310682962.905428
-0.465820 0.011719 -0.011719 1310682962.926449
-0.462891 0.093750 0.072266 1310682962.965421
-0.272461 0.132812 0.101562 1310682962.986438
-0.255859 0.228516 0.155273 1310682963.008426
-0.122070 0.374023 0.269531 1310682963.056485
-0.008789 0.298828 0.164062 1310682963.098480
0.147461 0.456055 0.445312 1310682963.125444
0.295898 0.492188 0.379883 1310682963.150447
0.408203 0.454102 0.205078 1310682963.193494
0.625000 0.617188 0.516602 1310682963.216493
0.776367 0.413086 0.245117 1310682963.261448
0.934570 0.776367 0.481445 1310682963.291405
1.009766 0.607422 0.500000 1310682963.312429
1.168945 0.540039 0.214844 1310682963.358490
1.316406 0.675781 0.672852 1310682963.380453
1.206055 0.613281 0.401367 1310682963.401488
1.250000 0.509766 0.759766 1310682963.447464
1.224609 0.460938 0.687500 1310682963.480466
1.238281 0.426758 0.658203 1310682963.502494
1.096680 0.384766 0.635742 1310682963.548477
1.125000 0.340820 0.525391 1310682963.571447
1.125000 0.340820 0.525391 1310682963.592495
1.073242 0.281250 0.430664 1310682963.658447
0.973633 0.208984 0.278320 1310682963.660456
0.983398 0.073242 0.154297 1310682963.703483
0.955078 0.041992 0.066406 1310682963.726467
0.938477 0.001953 -0.014648 1310682963.771460
0.927734 0.131836 -0.014648 1310682963.822464
1.016602 0.232422 -0.037109 1310682963.849431
0.991211 0.132812 0.081055 1310682963.871505
0.954102 0.053711 0.116211 1310682963.893458
0.976562 -0.017578 0.020508 1310682963.936446
0.924805 -0.082031 -0.052734 1310682963.958468
0.979492 0.129883 -0.059570 1310682964.002501
0.913086 0.128906 -0.083008 1310682964.027474
0.920898 0.129883 -0.071289 1310682964.050508
0.954102 0.170898 -0.020508 1310682964.093461
0.984375 0.140625 0.034180 1310682964.116510
0.981445 0.066406 0.033203 1310682964.139513
1.004883 0.059570 0.092773 1310682964.184480
0.942383 0.136719 0.128906 1310682964.230453
0.913086 0.222656 0.350586 1310682964.252435
0.965820 0.357422 0.433594 1310682964.275439
1.084961 0.487305 0.736328 1310682964.318470
1.160156 0.216797 0.632812 1310682964.341467
1.229492 0.384766 0.632812 1310682964.366470
1.260742 0.224609 0.679688 1310682964.410468
1.298828 0.347656 0.712891 1310682964.453506
1.301758 0.281250 0.649414 1310682964.477481
1.215820 0.421875 0.594727 1310682964.513475
1.195312 0.408203 0.542969 1310682964.537440
1.117188 0.519531 0.500000 1310682964.581440
0.996094 0.339844 0.338867 1310682964.603462
0.786133 0.372070 0.239258 1310682964.630462
0.608398 0.439453 0.291016 1310682964.676451
0.436523 0.497070 0.287109 1310682964.697520
0.289062 0.654297 0.280273 1310682964.720431
0.202148 0.644531 0.274414 1310682964.766505
0.055664 0.515625 0.260742 1310682964.808478
-0.039062 0.517578 0.197266 1310682964.831451
-0.128906 0.393555 0.064453 1310682964.875511
-0.334961 0.559570 0.039062 1310682964.876457
-0.363281 0.585938 0.070312 1310682964.920450
-0.417969 0.538086 0.009766 1310682964.966524
-0.451172 0.410156 0.006836 1310682964.991474
-0.485352 0.295898 -0.023438 1310682965.018532
-0.583008 0.281250 -0.041016 1310682965.073486
-0.555664 0.084961 -0.067383 1310682965.075488
-0.636719 0.007812 -0.067383 1310682965.138457
-0.718750 -0.065430 -0.110352 1310682965.161530
-0.806641 -0.041016 -0.090820 1310682965.183486
-0.791016 -0.082031 -0.037109 1310682965.207467
-0.795898 -0.125977 -0.098633 1310682965.251442
-0.817383 -0.207031 -0.068359 1310682965.273491
-0.800781 -0.271484 -0.103516 1310682965.321527
-0.777344 -0.281250 -0.125977 1310682965.343495
-0.832031 -0.340820 -0.125977 1310682965.373519
-0.835938 -0.364258 -0.082031 1310682965.426467
-0.833984 -0.407227 -0.094727 1310682965.427510
-0.904297 -0.407227 -0.094727 1310682965.471464
-0.860352 -0.540039 -0.081055 1310682965.516454
-0.791016 -0.546875 -0.129883 1310682965.542537
-0.816406 -0.574219 -0.134766 1310682965.566468
-0.782227 -0.576172 -0.123047 1310682965.613529
-0.849609 -0.561523 -0.149414 1310682965.628729
-0.849609 -0.561523 -0.149414 1310682965.651486
-0.838867 -0.532227 -0.114258 1310682965.702493
-0.801758 -0.478516 -0.103516 1310682965.725497
-0.797852 -0.467773 -0.115234 1310682965.773468
-0.798828 -0.425781 -0.086914 1310682965.796533
-0.873047 -0.417969 -0.129883 1310682965.818506
-0.854492 -0.429688 -0.105469 1310682965.863462
-0.753906 -0.362305 -0.112305 1310682965.911507
-0.807617 -0.304688 -0.110352 1310682965.922470
-0.785156 -0.326172 -0.139648 1310682965.966504
-0.757812 -0.242188 -0.101562 1310682965.988539
-0.778320 -0.194336 -0.066406 1310682966.010536
-0.734375 -0.138672 -0.060547 1310682966.055516
-0.683594 -0.020508 -0.039062 1310682966.080510
-0.678711 0.060547 -0.040039 1310682966.126516
-0.630859 0.121094 0.090820 1310682966.148490
-0.501953 0.217773 0.120117 1310682966.195552
-0.608398 0.284180 0.131836 1310682966.216539
-0.433594 0.326172 0.192383 1310682966.248551
-0.434570 0.384766 0.201172 1310682966.281475
-0.246094 0.503906 0.251953 1310682966.305494
-0.262695 0.452148 0.147461 1310682966.361497
-0.175781 0.488281 0.263672 1310682966.427509
-0.000977 0.574219 0.253906 1310682966.428535
0.000000 0.416016 0.195312 1310682966.450477
0.246094 0.611328 0.397461 1310682966.471485
0.237305 0.549805 0.231445 1310682966.496515
0.373047 0.732422 0.428711 1310682966.540548
0.456055 0.707031 0.426758 1310682966.561523
0.487305 0.707031 0.426758 1310682966.585475
0.587891 0.601562 0.391602 1310682966.647505
0.708008 0.478516 0.339844 1310682966.671517
0.900391 0.632812 0.413086 1310682966.716562
0.816406 0.357422 0.462891 1310682966.737497
0.998047 0.573242 0.299805 1310682966.760483
0.977539 0.456055 0.529297 1310682966.783561
1.052734 0.417969 0.430664 1310682966.827507
1.133789 0.386719 0.396484 1310682966.851567
1.036133 0.493164 0.621094 1310682966.881490
1.115234 0.479492 0.444336 1310682966.925551
1.121094 0.227539 0.322266 1310682966.938520
1.006836 0.162109 0.408203 1310682966.990517
1.081055 0.218750 0.274414 1310682967.020557
1.099609 0.136719 0.211914 1310682967.043643
1.081055 0.161133 0.214844 1310682967.073559
1.008789 0.207031 0.193359 1310682967.116527
1.000977 0.156250 0.172852 1310682967.138507
0.914062 0.171875 0.190430 1310682967.183523
0.976562 0.053711 0.266602 1310682967.228483
1.002930 0.189453 0.515625 1310682967.250523
0.925781 -0.132812 0.001953 1310682967.272508
0.956055 0.023438 -0.042969 1310682967.315574
0.937500 0.134766 -0.042969 1310682967.338526
0.943359 0.107422 -0.086914 1310682967.385530
0.918945 0.142578 -0.071289 1310682967.408503
0.963867 0.129883 -0.030273 1310682967.433516
