0.166992 0.582031 0.374023 1310078211.001944
0.105469 0.640625 0.363281 1310078211.022960
0.132812 0.628906 0.338867 1310078211.045990
0.160156 0.620117 0.319336 1310078211.089945
0.144531 0.490234 0.069336 1310078211.112944
0.191406 0.689453 0.179688 1310078211.141940
0.313477 0.696289 0.185547 1310078211.185943
0.344727 0.668945 0.271484 1310078211.274949
0.390625 0.630859 0.312500 1310078211.294965
0.526367 0.728516 0.239258 1310078211.295944
0.599609 0.678711 0.315430 1310078211.297938
0.851562 0.511719 0.387695 1310078211.360912
1.008789 0.414062 0.466797 1310078211.369947
1.188477 0.555664 0.661133 1310078211.416937
1.253906 0.314453 0.633789 1310078211.439955
1.363281 0.134766 0.807617 1310078211.474958
1.363281 0.134766 0.807617 1310078211.495950
1.146484 0.202148 0.998047 1310078211.537958
1.102539 0.156250 0.977539 1310078211.561945
1.137695 0.178711 0.966797 1310078211.597951
1.208984 0.228516 0.958008 1310078211.620957
1.156250 0.279297 0.865234 1310078211.664928
1.073242 0.238281 0.824219 1310078211.690962
0.913086 0.221680 0.814453 1310078211.737961
0.739258 0.127930 0.709961 1310078211.761929
0.588867 0.142578 0.686523 1310078211.786966
0.425781 0.052734 0.589844 1310078211.851962
0.256836 0.016602 0.515625 1310078211.853961
0.083984 0.033203 0.406250 1310078211.897958
-0.091797 -0.024414 0.196289 1310078211.942962
-0.304688 0.032227 -0.024414 1310078211.970962
-0.204102 0.298828 0.157227 1310078211.992960
-0.164062 0.120117 0.040039 1310078212.015964
-0.418945 0.439453 -0.395508 1310078212.037963
-0.620117 0.507812 -0.517578 1310078212.080964
-0.805664 0.507812 -0.517578 1310078212.103965
-0.750977 0.608398 -0.921875 1310078212.149960
-0.854492 0.646484 -0.981445 1310078212.172970
-0.891602 0.773438 -1.090820 1310078212.219969
-0.893555 0.832031 -1.209961 1310078212.239968
-0.949219 1.193359 -1.415039 1310078212.285388
-1.225586 1.498047 -1.986328 1310078212.315975
-1.164062 0.732422 -1.985352 1310078212.337950
0.151367 0.265625 -1.662109 1310078212.380977
1.989258 1.982422 -1.973633 1310078212.402968
1.989258 1.982422 -1.973633 1310078212.428981
1.972656 -1.983398 -0.250000 1310078212.462972
1.041016 -1.984375 0.490234 1310078212.559985
0.803711 -1.983398 0.658203 1310078212.560971
0.198242 -1.179688 0.695312 1310078212.580975
0.214844 -0.533203 0.895508 1310078212.601974
0.335938 -0.781250 0.976562 1310078212.624983
0.293945 -0.642578 1.131836 1310078212.667955
0.409180 -0.447266 1.016602 1310078212.690975
0.331055 -0.406250 0.870117 1310078212.755008
0.343750 -0.375977 0.868164 1310078212.757970
0.309570 -0.329102 0.832031 1310078212.777959
0.242188 -0.162109 0.763672 1310078212.822973
0.233398 -0.162109 0.763672 1310078212.849984
0.184570 -0.139648 0.623047 1310078212.892981
0.226562 -0.113281 0.569336 1310078212.914973
0.274414 -0.055664 0.445312 1310078212.956979
0.299805 0.004883 0.354492 1310078212.979980
0.338867 -0.033203 0.308594 1310078213.025963
0.396484 0.051758 0.284180 1310078213.069981
0.506836 0.093750 0.271484 1310078213.091982
0.518555 0.120117 0.322266 1310078213.116983
0.678711 0.139648 0.306641 1310078213.139984
0.764648 0.193359 0.306641 1310078213.163494
0.908203 0.224609 0.297852 1310078213.205986
1.055664 0.214844 0.276367 1310078213.249985
1.157227 0.294922 0.337891 1310078213.271987
1.315430 0.331055 0.374023 1310078213.300975
1.404297 0.297852 0.326172 1310078213.342990
1.394531 0.294922 0.331055 1310078213.365995
1.377930 0.264648 0.344727 1310078213.412984
1.290039 0.242188 0.404297 1310078213.435994
1.164062 0.240234 0.408203 1310078213.479989
1.057617 0.215820 0.440430 1310078213.500996
0.971680 0.179688 0.410156 1310078213.526004
0.971680 0.179688 0.410156 1310078213.567990
0.916016 0.141602 0.341797 1310078213.597989
0.982422 0.148438 0.262695 1310078213.640994
0.995117 0.107422 0.218750 1310078213.664999
1.018555 0.080078 0.166992 1310078213.685968
1.048828 0.063477 0.102539 1310078213.711999
1.133789 0.053711 0.105469 1310078213.758003
