0.965820 0.012695 0.122070 1310077010.386584
1.055664 0.123047 0.137695 1310077010.433592
1.065430 0.129883 0.194336 1310077010.458596
1.155273 0.196289 0.296875 1310077010.479597
1.218750 0.341797 0.383789 1310077010.524590
1.255859 0.326172 0.470703 1310077010.546594
1.140625 0.454102 0.520508 1310077010.568597
0.977539 0.607422 0.425781 1310077010.613590
0.934570 0.510742 0.474609 1310077010.636595
0.785156 0.546875 0.505859 1310077010.680595
0.645508 0.468750 0.434570 1310077010.744589
0.538086 0.491211 0.401367 1310077010.745589
0.405273 0.422852 0.428711 1310077010.754595
0.333984 0.380859 0.413086 1310077010.802619
0.277344 0.322266 0.380859 1310077010.845596
0.148438 0.326172 0.314453 1310077010.869599
0.021484 0.268555 0.335938 1310077010.895607
-0.089844 0.218750 0.285156 1310077010.939597
-0.183594 0.166992 0.186523 1310077010.961598
-0.280273 0.166992 0.186523 1310077010.984603
-0.348633 0.238281 0.282227 1310077011.029598
-0.436523 0.128906 0.340820 1310077011.057610
-0.446289 0.277344 0.386719 1310077011.111596
-0.447266 0.386719 0.438477 1310077011.112598
-0.549805 0.357422 0.535156 1310077011.157594
-0.616211 0.324219 0.538086 1310077011.179603
-0.734375 0.263672 0.573242 1310077011.222608
-0.829102 0.078125 0.513672 1310077011.315582
-0.799805 0.173828 0.522461 1310077011.316601
-0.838867 0.085938 0.571289 1310077011.336610
-1.041016 -0.055664 0.553711 1310077011.360608
-1.084961 0.074219 0.578125 1310077011.384619
-1.155273 0.020508 0.475586 1310077011.434605
-1.187500 -0.016602 0.435547 1310077011.457617
-1.325195 -0.171875 0.251953 1310077011.489613
-1.377930 -0.387695 0.111328 1310077011.508612
-1.518555 -0.291016 0.111328 1310077011.555575
-1.650391 -0.411133 0.152344 1310077011.584608
-1.410156 -0.289062 0.171875 1310077011.605616
-1.023438 -0.226562 0.147461 1310077011.641612
-0.333984 -0.205078 0.103516 1310077011.685612
1.416992 -0.380859 0.515625 1310077011.707611
1.978516 -0.711914 -0.188477 1310077011.751601
1.958984 -0.125977 0.421875 1310077011.790620
0.410156 -1.105469 -0.531250 1310077011.821615
-0.073242 -0.395508 0.617188 1310077011.844628
0.093750 -1.071289 0.004883 1310077011.876618
0.452148 -0.742188 0.151367 1310077011.899616
0.499023 0.059570 0.423828 1310077011.944615
0.867188 -0.537109 0.534180 1310077011.966618
1.134766 -0.458008 0.486328 1310077011.987614
1.166016 0.642578 0.445312 1310077012.031614
0.498047 0.625977 0.875000 1310077012.060637
-0.089844 0.318359 0.519531 1310077012.107621
-1.476562 0.401367 0.345703 1310077012.130621
-1.631836 0.234375 0.361328 1310077012.172618
-1.837891 -0.050781 -0.029297 1310077012.195627
-1.913086 -0.187500 0.037109 1310077012.219628
-1.140625 -0.357422 0.486328 1310077012.281626
-1.018555 0.332031 0.632812 1310077012.367629
-0.839844 0.291992 0.742188 1310077012.387624
-0.614258 0.681641 0.819336 1310077012.389622
-0.566406 0.525391 0.665039 1310077012.411627
-0.416992 0.579102 0.581055 1310077012.424605
-0.293945 0.710938 0.557617 1310077012.455626
-0.284180 0.471680 0.557617 1310077012.468629
-0.317383 0.476562 0.334961 1310077012.525627
-0.339844 0.628906 0.428711 1310077012.601627
-0.362305 0.472656 0.351562 1310077012.602623
-0.353516 0.542969 0.376953 1310077012.622626
-0.360352 0.509766 0.416992 1310077012.624622
-0.328125 0.375000 0.503906 1310077012.687629
-0.100586 0.205078 0.577148 1310077012.710644
-0.444336 0.307617 0.516602 1310077012.732633
-0.769531 0.552734 0.446289 1310077012.775639
-0.650391 0.644531 0.500977 1310077012.799642
-0.443359 0.527344 0.604492 1310077012.820637
-0.353516 0.416016 0.477539 1310077012.874633
-0.361328 0.459961 0.403320 1310077012.911636
-0.370117 0.503906 0.441406 1310077012.932637
-0.351562 0.470703 0.448242 1310077012.977635
-0.344727 0.412109 0.492188 1310077013.000630
-0.298828 0.662109 0.492188 1310077013.023636
-0.206055 0.662109 0.492188 1310077013.046642
-0.200195 0.531250 0.457031 1310077013.091640
-0.214844 0.470703 0.421875 1310077013.135645
-0.201172 0.583984 0.481445 1310077013.156646
-0.252930 0.626953 0.459961 1310077013.199642
-0.252930 0.626953 0.459961 1310077013.221646
-0.327148 0.687500 0.477539 1310077013.245635
-0.560547 0.548828 0.546875 1310077013.276648
-0.910156 0.457031 0.746094 1310077013.306640
-1.289062 0.226562 0.843750 1310077013.350624
-1.444336 0.068359 0.608398 1310077013.374653
-1.720703 0.087891 0.553711 1310077013.427648
-1.888672 -0.002930 0.229492 1310077013.450649
-1.983398 -0.222656 -0.437500 1310077013.471626
-1.982422 -0.405273 -0.746094 1310077013.520654
-1.795898 -0.457031 -0.950195 1310077013.534650
-0.414062 -0.579102 -0.630859 1310077013.578659
1.533203 -0.372070 -0.570312 1310077013.629650
1.983398 0.207031 -0.437500 1310077013.650650
1.672852 0.248047 0.596680 1310077013.672650
0.641602 -1.451172 0.002930 1310077013.694656
0.222656 -0.688477 0.302734 1310077013.745650
0.331055 -0.482422 0.203125 1310077013.767655
0.479492 -0.373047 0.203125 1310077013.784653
0.671875 -0.763672 0.379883 1310077013.906660
0.803711 -0.108398 0.435547 1310077013.907651
0.721680 0.007812 0.613281 1310077013.909652
0.609375 0.222656 0.373047 1310077013.931659
-0.086914 0.722656 0.373047 1310077013.954698
-0.204102 0.818359 0.525391 1310077013.999637
-0.959961 0.338867 0.412109 1310077014.021655
-1.554688 0.254883 0.174805 1310077014.066660
-1.398438 0.689453 0.578125 1310077014.089661
-1.768555 0.289062 0.533203 1310077014.117691
-1.250000 0.164062 0.309570 1310077014.140660
-1.008789 0.818359 0.809570 1310077014.185667
-0.921875 0.259766 0.836914 1310077014.229648
-0.695312 0.230469 0.697266 1310077014.251662
-0.340820 0.737305 0.781250 1310077014.297668
-0.384766 0.642578 0.469727 1310077014.319666
-0.384766 0.642578 0.469727 1310077014.342667
-0.191406 0.632812 0.351562 1310077014.389661
-0.166016 0.584961 0.359375 1310077014.410666
-0.148438 0.759766 0.409180 1310077014.454644
-0.102539 0.704102 0.458008 1310077014.476667
-0.125000 0.535156 0.361328 1310077014.497668
-0.193359 0.489258 0.361328 1310077014.542673
-0.200195 0.406250 0.455078 1310077014.566671
-0.053711 0.308594 0.447266 1310077014.609675
-0.475586 0.550781 0.456055 1310077014.634673
-0.684570 0.678711 0.394531 1310077014.682668
-0.574219 0.646484 0.461914 1310077014.699673
-0.416016 0.516602 0.589844 1310077014.746667
-0.270508 0.644531 0.564453 1310077014.769675
-0.240234 0.538086 0.397461 1310077014.812671
-0.302734 0.540039 0.399414 1310077014.836674
-0.303711 0.546875 0.427734 1310077014.861672
-0.250977 0.539062 0.418945 1310077014.884673
-0.280273 0.625000 0.477539 1310077014.941691
-0.249023 0.648438 0.436523 1310077014.962680
-0.237305 0.644531 0.424805 1310077014.989680
-0.209961 0.613281 0.406250 1310077015.032674
-0.206055 0.570312 0.434570 1310077015.054659
-0.178711 0.570312 0.434570 1310077015.099680
-0.218750 0.564453 0.472656 1310077015.156703
-0.267578 0.644531 0.437500 1310077015.182675
-0.393555 0.674805 0.620117 1310077015.204665
-0.726562 0.650391 0.746094 1310077015.226677
-0.956055 0.333984 0.854492 1310077015.249681
-1.157227 0.333984 0.854492 1310077015.271681
-1.254883 0.198242 0.709961 1310077015.317691
-1.425781 0.033203 0.593750 1310077015.340678
-1.739258 -0.253906 0.094727 1310077015.384684
-1.983398 -0.541992 -0.221680 1310077015.406682
-1.982422 -0.197266 -0.284180 1310077015.431690
-1.410156 -0.382812 -0.557617 1310077015.485690
0.235352 -0.153320 0.198242 1310077015.510687
1.979492 -0.535156 -0.633789 1310077015.550689
1.979492 -0.329102 0.020508 1310077015.572684
0.437500 -0.679688 -0.386719 1310077015.599681
0.467773 -0.852539 0.604492 1310077015.620699
0.014648 -0.206055 -0.158203 1310077015.685695
0.576172 -0.705078 0.223633 1310077015.710685
0.553711 -0.428711 0.318359 1310077015.734702
0.749023 -0.590820 0.310547 1310077015.758701
0.682617 -0.362305 0.466797 1310077015.796690
0.580078 -0.046875 0.631836 1310077015.817688
0.282227 0.021484 0.525391 1310077015.866696
-0.272461 0.337891 0.567383 1310077015.911708
-0.607422 0.683594 0.179688 1310077015.932707
-0.774414 1.375000 0.566406 1310077015.964691
-0.862305 1.008789 0.674805 1310077015.985699
-1.374023 0.008789 0.674805 1310077016.008696
-1.313477 0.024414 0.620117 1310077016.096699
-1.123047 0.458984 0.889648 1310077016.097696
-0.948242 -0.248047 0.743164 1310077016.121683
-0.682617 1.112305 0.875977 1310077016.147700
-0.721680 0.501953 0.631836 1310077016.214704
-0.513672 0.625000 0.674805 1310077016.260702
-0.250977 0.647461 0.625977 1310077016.281702
-0.106445 0.703125 0.424805 1310077016.282700
-0.084961 0.709961 0.319336 1310077016.306713
-0.135742 0.730469 0.238281 1310077016.350701
-0.192383 0.715820 0.301758 1310077016.375708
-0.220703 0.637695 0.280273 1310077016.471699
-0.260742 0.631836 0.212891 1310077016.474705
-0.237305 0.568359 0.301758 1310077016.477711
-0.225586 0.517578 0.364258 1310077016.502712
-0.060547 0.569336 0.505859 1310077016.546708
-0.193359 0.284180 0.438477 1310077016.570710
-0.613281 0.582031 0.438477 1310077016.593717
-0.682617 0.673828 0.381836 1310077016.642710
-0.503906 0.684570 0.601562 1310077016.674701
-0.425781 0.642578 0.594727 1310077016.714699
-0.383789 0.573242 0.437500 1310077016.739709
-0.390625 0.596680 0.313477 1310077016.762712
-0.387695 0.576172 0.337891 1310077016.806713
-0.316406 0.659180 0.376953 1310077016.827712
-0.259766 0.660156 0.412109 1310077016.874724
-0.251953 0.690430 0.425781 1310077016.895718
-0.217773 0.638672 0.375000 1310077016.939721
-0.183594 0.629883 0.341797 1310077016.940711
-0.179688 0.627930 0.344727 1310077017.004714
-0.141602 0.643555 0.307617 1310077017.025719
-0.151367 0.556641 0.317383 1310077017.054721
-0.142578 0.574219 0.392578 1310077017.077721
-0.183594 0.595703 0.577148 1310077017.124726
-0.250000 0.512695 0.639648 1310077017.151715
-0.375000 0.637695 0.684570 1310077017.195697
-0.758789 0.609375 0.748047 1310077017.216730
-1.002930 0.526367 0.774414 1310077017.240721
-1.170898 0.475586 0.751953 1310077017.282722
-1.509766 0.357422 0.646484 1310077017.326722
-1.653320 0.357422 0.646484 1310077017.329720
-1.981445 -0.256836 -0.047852 1310077017.385720
-1.982422 -0.296875 -0.584961 1310077017.407727
-1.984375 -0.916016 -1.343750 1310077017.452719
-0.544922 -0.894531 0.163086 1310077017.476728
1.982422 0.219727 -0.208008 1310077017.501726
1.981445 -0.259766 -0.206055 1310077017.545723
1.713867 -1.027344 0.020508 1310077017.580727
0.839844 -0.108398 -0.309570 1310077017.591714
0.172852 -0.577148 0.093750 1310077017.647742
0.560547 -0.818359 0.090820 1310077017.751730
0.445312 -0.623047 0.224609 1310077017.752727
0.554688 -0.416992 0.594727 1310077017.771731
0.605469 -0.080078 0.548828 1310077017.866739
0.280273 -0.114258 0.555664 1310077017.881736
-0.008789 0.179688 0.588867 1310077017.883732
-0.190430 0.440430 0.702148 1310077017.904734
-0.492188 0.599609 0.592773 1310077017.910736
-0.998047 0.429688 0.342773 1310077017.927735
-0.824219 0.577148 0.470703 1310077017.949735
-1.192383 0.324219 0.249023 1310077017.982737
-1.477539 0.122070 -0.001953 1310077018.025736
-1.129883 0.255859 0.418945 1310077018.049730
-1.035156 0.283203 0.677734 1310077018.092750
-0.458008 0.797852 1.381836 1310077018.137735
-0.411133 1.371094 1.113281 1310077018.160742
-0.523438 0.646484 0.363281 1310077018.184738
-0.178711 0.574219 0.215820 1310077018.207739
-0.074219 0.695312 0.201172 1310077018.255730
-0.093750 0.777344 0.210938 1310077018.274735
-0.206055 0.828125 0.300781 1310077018.320750
-0.294922 0.807617 0.325195 1310077018.336767
-0.311523 0.646484 0.225586 1310077018.383744
-0.312500 0.740234 0.246094 1310077018.404744
-0.327148 0.585938 0.199219 1310077018.429740
-0.357422 0.534180 0.256836 1310077018.479740
-0.069336 0.614258 0.434570 1310077018.509745
0.005859 0.312500 0.482422 1310077018.530759
-0.455078 0.772461 0.326172 1310077018.574744
-0.536133 0.862305 0.281250 1310077018.600727
-0.331055 0.835938 0.460938 1310077018.622767
-0.242188 0.725586 0.497070 1310077018.667749
-0.229492 0.674805 0.344727 1310077018.715726
-0.278320 0.687500 0.283203 1310077018.736744
-0.274414 0.639648 0.231445 1310077018.759766
-0.333984 0.637695 0.283203 1310077018.789766
-0.231445 0.723633 0.284180 1310077018.822753
-0.185547 0.682617 0.287109 1310077018.867756
-0.204102 0.710938 0.314453 1310077018.892755
-0.153320 0.759766 0.345703 1310077018.925756
-0.129883 0.687500 0.399414 1310077018.946755
-0.174805 0.689453 0.361328 1310077019.039755
-0.252930 0.719727 0.516602 1310077019.040749
-0.376953 0.775391 0.680664 1310077019.061762
-0.693359 0.678711 0.728516 1310077019.081744
-1.038086 0.591797 0.728516 1310077019.124760
-1.180664 0.412109 0.576172 1310077019.167755
-1.351562 0.392578 0.489258 1310077019.197763
-1.604492 0.392578 0.489258 1310077019.205762
-1.980469 -0.251953 -0.073242 1310077019.250761
-1.982422 -0.403320 -0.654297 1310077019.292758
-1.583008 -0.639648 -0.649414 1310077019.315735
-1.291992 -0.355469 -0.392578 1310077019.359783
0.208984 0.221680 -0.259766 1310077019.364766
1.972656 -1.778320 -0.259766 1310077019.409764
1.980469 -0.150391 0.002930 1310077019.432760
0.992188 -0.326172 -0.439453 1310077019.477739
-0.453125 -1.511719 0.413086 1310077019.500786
0.412109 -0.647461 -0.014648 1310077019.564753
0.729492 -0.151367 0.260742 1310077019.572781
0.571289 -0.578125 0.427734 1310077019.601753
0.741211 -0.587891 0.467773 1310077019.659768
0.917969 -0.306641 0.571289 1310077019.660762
0.714844 0.157227 0.640625 1310077019.705768
0.325195 0.343750 0.534180 1310077019.725776
-0.169922 0.906250 0.604492 1310077019.765774
-0.669922 0.906250 0.604492 1310077019.786750
-0.908203 0.926758 0.399414 1310077019.832770
-1.504883 0.403320 0.140625 1310077019.877777
-1.589844 0.731445 0.178711 1310077019.900782
-1.551758 0.040039 0.358398 1310077019.932774
-1.063477 -0.585938 0.664062 1310077019.956781
-0.677734 1.325195 1.476562 1310077019.982776
-0.900391 0.554688 0.736328 1310077020.031794
-0.616211 0.652344 0.440430 1310077020.066777
-0.337891 0.634766 0.334961 1310077020.089777
-0.178711 0.690430 0.306641 1310077020.110779
-0.157227 0.668945 0.306641 1310077020.134762
-0.207031 0.648438 0.285156 1310077020.180774
-0.399414 0.544922 0.217773 1310077020.222778
-0.432617 0.539062 0.333008 1310077020.246772
-0.391602 0.584961 0.464844 1310077020.291782
-0.207031 0.470703 0.534180 1310077020.329777
0.044922 0.143555 0.509766 1310077020.330776
-0.458984 0.458008 0.490234 1310077020.394763
-0.674805 0.644531 0.301758 1310077020.416779
-0.504883 0.740234 0.436523 1310077020.440785
-0.333008 0.520508 0.568359 1310077020.465781
-0.308594 0.541992 0.520508 1310077020.510788
-0.398438 0.533203 0.366211 1310077020.532752
-0.436523 0.516602 0.366211 1310077020.555767
-0.464844 0.573242 0.359375 1310077020.591788
-0.413086 0.544922 0.381836 1310077020.644789
-0.342773 0.667969 0.426758 1310077020.665785
-0.330078 0.626953 0.430664 1310077020.689811
-0.260742 0.614258 0.437500 1310077020.734803
-0.306641 0.648438 0.441406 1310077020.755762
-0.212891 0.651367 0.437500 1310077020.799788
-0.166016 0.686523 0.445312 1310077020.821791
-0.201172 0.509766 0.400391 1310077020.866792
-0.162109 0.568359 0.445312 1310077020.891792
-0.153320 0.583008 0.491211 1310077020.911790
-0.147461 0.549805 0.460938 1310077020.957797
-0.183594 0.518555 0.469727 1310077020.982793
-0.197266 0.511719 0.477539 1310077021.029800
-0.217773 0.477539 0.445312 1310077021.050790
-0.270508 0.417969 0.390625 1310077021.075780
-0.262695 0.399414 0.330078 1310077021.119810
-0.332031 0.313477 0.287109 1310077021.141795
-0.340820 0.173828 0.202148 1310077021.185798
-0.140625 0.455078 0.235352 1310077021.207800
-0.159180 0.178711 0.305664 1310077021.251799
-0.133789 0.284180 0.288086 1310077021.272798
0.025391 0.585938 0.038086 1310077021.295804
0.240234 0.335938 0.038086 1310077021.340800
0.330078 0.420898 0.481445 1310077021.366807
0.751953 0.726562 0.411133 1310077021.411800
0.940430 0.413086 0.432617 1310077021.434806
1.046875 0.144531 0.438477 1310077021.478784
1.469727 0.208984 0.438477 1310077021.502810
1.382812 0.151367 0.301758 1310077021.546805
1.313477 -0.033203 0.206055 1310077021.614789
1.224609 0.222656 0.188477 1310077021.615798
1.057617 0.212891 0.151367 1310077021.634781
0.967773 0.137695 0.135742 1310077021.657810
0.945312 0.120117 0.107422 1310077021.704806
0.973633 0.190430 0.140625 1310077021.726819
0.987305 0.230469 0.129883 1310077021.764787
0.995117 0.213867 0.189453 1310077021.810804
0.994141 0.177734 0.152344 1310077021.811805
