-0.197266 1.069336 0.581055 1310680954.578418
-0.195312 1.036133 0.678711 1310680954.612377
-0.219727 1.021484 0.567383 1310680954.660370
-0.250000 0.926758 0.529297 1310680954.684393
-0.252930 0.849609 0.502930 1310680954.707423
-0.250000 0.727539 0.359375 1310680954.752348
-0.250000 0.727539 0.359375 1310680954.775389
-0.294922 0.444336 0.382812 1310680954.809377
-0.450195 0.330078 0.254883 1310680954.842426
-0.539062 0.189453 0.209961 1310680954.885418
-0.503906 0.014648 0.193359 1310680954.906343
-0.661133 -0.057617 0.107422 1310680954.954396
-0.721680 -0.171875 0.095703 1310680954.996416
-0.675781 -0.227539 0.104492 1310680954.997412
-0.786133 -0.320312 0.025391 1310680955.029429
-0.700195 -0.306641 0.026367 1310680955.065382
-0.700195 -0.249023 -0.009766 1310680955.109371
-0.792969 -0.338867 -0.060547 1310680955.130380
-0.769531 -0.341797 -0.031250 1310680955.196393
-0.801758 -0.262695 -0.070312 1310680955.207421
-0.811523 -0.285156 -0.098633 1310680955.308423
-0.819336 -0.300781 -0.092773 1310680955.310417
-0.745117 -0.094727 -0.107422 1310680955.326427
-0.747070 -0.187500 -0.121094 1310680955.327373
-0.661133 -0.203125 -0.156250 1310680955.372343
-0.696289 -0.268555 -0.142578 1310680955.396427
-0.805664 -0.223633 -0.240234 1310680955.434424
-0.807617 -0.203125 -0.172852 1310680955.456408
-0.864258 -0.088867 -0.142578 1310680955.479432
-0.875977 0.161133 -0.142578 1310680955.504430
-0.927734 0.088867 -0.049805 1310680955.555428
-0.911133 0.097656 -0.057617 1310680955.605434
-0.879883 0.100586 -0.041992 1310680955.622429
-0.856445 0.117188 -0.124023 1310680955.667385
-0.866211 0.155273 -0.100586 1310680955.689583
-0.866211 0.155273 -0.100586 1310680955.711412
-0.838867 0.140625 -0.144531 1310680955.736383
-0.889648 0.146484 -0.163086 1310680955.780388
-0.922852 0.161133 -0.158203 1310680955.806447
-0.939453 0.121094 -0.168945 1310680955.850431
-0.958984 0.096680 -0.163086 1310680955.892386
-0.925781 0.039062 -0.142578 1310680955.894365
-0.911133 0.026367 -0.125977 1310680955.937378
-0.927734 -0.223633 -0.125977 1310680955.960384
-0.911133 0.035156 -0.172852 1310680956.022382
-0.905273 -0.003906 -0.150391 1310680956.045424
-0.889648 -0.028320 -0.172852 1310680956.067440
-0.877930 0.005859 -0.146484 1310680956.089445
-0.942383 0.003906 -0.150391 1310680956.132410
-0.922852 0.003906 -0.153320 1310680956.176445
-0.923828 -0.014648 -0.123047 1310680956.199413
-0.893555 -0.018555 -0.123047 1310680956.240438
-0.889648 -0.001953 -0.112305 1310680956.264371
-0.903320 0.026367 -0.097656 1310680956.301394
-0.875000 0.035156 -0.086914 1310680956.324390
-0.866211 0.042969 -0.073242 1310680956.391443
-0.898438 0.013672 -0.046875 1310680956.411442
-0.851562 0.039062 -0.041992 1310680956.435439
-0.880859 0.058594 -0.041992 1310680956.445385
-0.853516 0.032227 -0.008789 1310680956.489447
-0.850586 0.049805 0.003906 1310680956.562439
-0.850586 0.042969 0.009766 1310680956.591391
-0.799805 0.005859 0.019531 1310680956.609448
-0.773438 0.001953 0.043945 1310680956.611449
-0.757812 -0.008789 0.044922 1310680956.654387
-0.731445 -0.006836 0.059570 1310680956.677454
-0.725586 -0.003906 0.083008 1310680956.722400
-0.689453 -0.010742 0.109375 1310680956.745373
-0.637695 -0.028320 0.141602 1310680956.767399
-0.569336 -0.040039 0.174805 1310680956.819464
-0.500000 -0.062500 0.202148 1310680956.840422
-0.471680 -0.049805 0.202148 1310680956.878461
-0.408203 -0.060547 0.291992 1310680956.900373
-0.322266 -0.066406 0.339844 1310680956.945454
-0.261719 -0.064453 0.416016 1310680956.967462
-0.181641 -0.090820 0.510742 1310680956.995467
-0.120117 -0.046875 0.584961 1310680957.042493
-0.091797 -0.156250 0.624023 1310680957.062430
0.010742 -0.145508 0.646484 1310680957.127471
0.053711 -0.076172 0.631836 1310680957.176476
0.087891 -0.093750 0.624023 1310680957.196407
0.120117 -0.044922 0.625000 1310680957.198430
0.213867 -0.049805 0.605469 1310680957.221430
0.315430 -0.072266 0.564453 1310680957.261411
0.349609 -0.131836 0.582031 1310680957.304429
0.434570 -0.078125 0.517578 1310680957.462468
0.510742 -0.065430 0.561523 1310680957.464462
0.614258 -0.131836 0.550781 1310680957.485408
0.623047 -0.074219 0.557617 1310680957.487464
0.763672 -0.110352 0.628906 1310680957.489402
0.784180 -0.211914 0.744141 1310680957.490390
0.840820 -0.167969 0.716797 1310680957.510468
0.870117 -0.146484 0.599609 1310680957.542472
0.944336 -0.146484 0.599609 1310680957.586441
0.902344 -0.131836 0.458984 1310680957.646443
0.976562 -0.136719 0.397461 1310680957.647404
0.966797 -0.121094 0.323242 1310680957.676480
1.046875 -0.101562 0.376953 1310680957.702470
1.059570 -0.143555 0.325195 1310680957.747435
1.124023 -0.150391 0.328125 1310680957.770410
1.123047 -0.194336 0.348633 1310680958.006409
1.082031 -0.220703 0.277344 1310680958.007423
1.197266 -0.206055 0.279297 1310680958.009475
1.063477 -0.201172 0.218750 1310680958.029473
1.062500 -0.203125 0.185547 1310680958.030474
1.085938 -0.193359 0.118164 1310680958.032403
1.017578 -0.181641 0.105469 1310680958.034398
1.121094 -0.184570 0.071289 1310680958.035421
1.055664 -0.217773 0.013672 1310680958.077421
1.037109 -0.159180 -0.022461 1310680958.099434
1.125000 -0.164062 -0.028320 1310680958.122415
0.980469 -0.181641 -0.053711 1310680958.161467
0.958008 -0.162109 -0.043945 1310680958.204484
1.013672 -0.132812 -0.090820 1310680958.225433
0.988281 -0.154297 -0.133789 1310680958.269486
1.059570 -0.134766 -0.125000 1310680958.291339
1.052734 -0.169922 -0.152344 1310680958.314489
0.942383 -0.171875 -0.160156 1310680958.357479
0.944336 -0.123047 -0.118164 1310680958.381493
0.938477 -0.197266 -0.139648 1310680958.429485
1.086914 -0.160156 -0.177734 1310680958.451417
0.987305 -0.177734 -0.239258 1310680958.495487
0.965820 -0.173828 -0.219727 1310680958.517476
0.921875 -0.154297 -0.220703 1310680958.574480
0.969727 -0.123047 -0.199219 1310680958.637485
1.011719 -0.115234 -0.208008 1310680958.639492
1.000000 -0.138672 -0.202148 1310680958.659415
1.033203 -0.125977 -0.161133 1310680958.680489
0.997070 -0.086914 -0.162109 1310680958.709493
1.247070 -0.086914 -0.162109 1310680958.725499
1.010742 -0.127930 -0.166016 1310680958.775493
1.071289 -0.156250 -0.126953 1310680958.799481
0.989258 -0.121094 -0.107422 1310680958.845493
1.026367 -0.146484 -0.078125 1310680958.870492
1.026367 -0.146484 -0.078125 1310680958.892442
1.047852 -0.152344 -0.043945 1310680958.957492
1.078125 -0.144531 -0.040039 1310680958.959440
1.044922 -0.136719 -0.010742 1310680959.002493
1.096680 -0.158203 -0.005859 1310680959.187491
1.076172 -0.142578 -0.002930 1310680959.189495
1.069336 -0.158203 -0.010742 1310680959.190490
1.140625 -0.138672 0.087891 1310680959.208486
1.141602 -0.114258 0.053711 1310680959.326499
1.152344 -0.101562 0.094727 1310680959.327500
1.217773 -0.134766 0.108398 1310680959.347434
1.163086 -0.146484 0.154297 1310680959.348500
1.190430 -0.148438 0.154297 1310680959.370487
1.135742 -0.138672 0.195312 1310680959.371489
1.109375 -0.103516 0.261719 1310680959.372488
1.066406 -0.140625 0.256836 1310680959.393503
1.038086 -0.198242 0.304688 1310680959.425506
1.032227 -0.157227 0.400391 1310680959.447502
0.945312 -0.157227 0.400391 1310680959.470448
0.963867 -0.155273 0.497070 1310680959.515501
0.945312 -0.191406 0.456055 1310680959.558517
0.956055 -0.134766 0.455078 1310680959.581465
0.921875 -0.083984 0.491211 1310680959.712476
0.882812 -0.102539 0.465820 1310680959.735509
0.789062 -0.039062 0.715820 1310680959.736510
0.693359 -0.091797 0.575195 1310680959.785494
0.663086 -0.084961 0.565430 1310680959.786507
0.549805 -0.112305 0.518555 1310680959.852509
0.501953 -0.102539 0.537109 1310680959.853497
0.365234 -0.102539 0.537109 1310680959.855505
0.238281 -0.046875 0.512695 1310680959.875511
0.197266 -0.066406 0.542969 1310680959.906451
0.129883 -0.109375 0.562500 1310680959.940522
0.053711 -0.152344 0.520508 1310680960.031487
-0.001953 -0.158203 0.514648 1310680960.051526
-0.070312 -0.121094 0.264648 1310680960.053515
-0.125977 -0.113281 0.451172 1310680960.075516
-0.236328 -0.144531 0.410156 1310680960.097511
-0.304688 -0.093750 0.388672 1310680960.190440
-0.350586 -0.113281 0.380859 1310680960.192450
-0.429688 -0.081055 0.352539 1310680960.211484
-0.429688 -0.081055 0.352539 1310680960.214506
-0.564453 -0.111328 0.251953 1310680960.260518
-0.601562 -0.067383 0.257812 1310680960.282527
-0.613281 -0.019531 0.256836 1310680960.446521
-0.695312 -0.023438 0.188477 1310680960.447522
-0.702148 -0.088867 0.164062 1310680960.467434
-0.747070 -0.088867 0.164062 1310680960.469461
-0.792969 -0.056641 0.046875 1310680960.471520
-0.752930 0.009766 0.053711 1310680960.510527
-0.796875 0.004883 -0.037109 1310680960.516535
-0.845703 0.029297 -0.061523 1310680960.560452
-0.862305 0.055664 -0.061523 1310680960.581535
-0.838867 0.083984 -0.137695 1310680960.622493
-0.858398 0.059570 -0.177734 1310680960.643488
-0.848633 0.100586 -0.241211 1310680960.667523
-0.902344 0.167969 -0.210938 1310680960.716473
-0.864258 0.155273 -0.275391 1310680960.742541
-0.915039 0.154297 -0.252930 1310680960.853535
-0.908203 0.151367 -0.277344 1310680961.025533
-0.935547 0.189453 -0.286133 1310680961.048543
-0.872070 0.163086 -0.258789 1310680961.113544
-0.908203 0.157227 -0.246094 1310680961.115539
-0.883789 0.164062 -0.227539 1310680961.131536
-0.883789 0.164062 -0.227539 1310680961.132535
-0.925781 0.153320 -0.226562 1310680961.135535
-0.918945 0.090820 -0.186523 1310680961.136537
-0.944336 0.108398 -0.164062 1310680961.154496
-0.922852 0.076172 -0.166992 1310680961.155523
-0.881836 0.085938 -0.174805 1310680961.156524
-0.916992 0.058594 -0.196289 1310680961.158548
-0.896484 0.062500 -0.224609 1310680961.202538
-0.938477 0.080078 -0.240234 1310680961.225538
-0.912109 0.065430 -0.225586 1310680961.270489
-0.917969 0.056641 -0.234375 1310680961.316544
-0.905273 0.059570 -0.228516 1310680961.347549
-0.863281 0.058594 -0.213867 1310680961.370541
-0.907227 0.035156 -0.206055 1310680961.391495
-0.897461 0.080078 -0.152344 1310680961.447546
-0.829102 0.080078 -0.133789 1310680961.460480
-0.863281 0.054688 -0.113281 1310680961.482539
-0.850586 0.095703 -0.063477 1310680961.506570
-0.859375 0.091797 -0.048828 1310680961.552508
-0.859375 0.078125 -0.020508 1310680961.577486
-0.821289 0.041016 0.009766 1310680961.601547
-0.807617 0.033203 -0.006836 1310680961.647558
-0.770508 0.040039 0.016602 1310680961.731558
-0.751953 0.040039 0.016602 1310680961.732550
-0.733398 0.004883 0.084961 1310680961.882509
-0.671875 0.029297 0.093750 1310680961.883540
-0.654297 0.016602 0.118164 1310680961.905541
-0.605469 -0.005859 0.173828 1310680961.906540
-0.541992 -0.022461 0.242188 1310680962.025560
-0.509766 -0.087891 0.242188 1310680962.026554
-0.466797 -0.143555 0.382812 1310680962.062503
-0.439453 -0.044922 0.398438 1310680962.063554
-0.372070 -0.055664 0.448242 1310680962.065548
-0.319336 -0.078125 0.514648 1310680962.085558
-0.288086 -0.051758 0.529297 1310680962.086554
-0.134766 -0.116211 0.515625 1310680962.108515
-0.128906 -0.095703 0.567383 1310680962.130545
-0.136719 -0.082031 0.548828 1310680962.151486
-0.058594 -0.113281 0.559570 1310680962.198552
-0.003906 -0.091797 0.554688 1310680962.220564
0.041992 -0.074219 0.592773 1310680962.243571
0.104492 -0.074219 0.592773 1310680962.290535
0.165039 -0.030273 0.535156 1310680962.317570
0.256836 -0.089844 0.590820 1310680962.430530
0.349609 -0.075195 0.537109 1310680962.432552
0.366211 -0.018555 0.541992 1310680962.452490
0.494141 -0.052734 0.589844 1310680962.454487
0.546875 -0.052734 0.589844 1310680962.477482
0.677734 -0.075195 0.593750 1310680962.570552
0.736328 -0.165039 0.639648 1310680962.573513
0.801758 -0.096680 0.564453 1310680962.591520
0.896484 -0.090820 0.645508 1310680962.615554
0.873047 -0.168945 0.645508 1310680962.635532
0.975586 -0.105469 0.606445 1310680962.690569
0.999023 -0.107422 0.541016 1310680962.713566
1.055664 -0.125977 0.536133 1310680962.738540
1.000000 -0.066406 0.478516 1310680962.762572
1.054688 -0.115234 0.409180 1310680962.805516
1.046875 -0.145508 0.377930 1310680962.827569
1.041016 -0.120117 0.354492 1310680962.870568
1.036133 -0.054688 0.284180 1310680962.916581
1.086914 -0.078125 0.285156 1310680962.938579
0.984375 -0.099609 0.202148 1310680963.012540
1.116211 -0.101562 0.199219 1310680963.013571
1.116211 -0.101562 0.199219 1310680963.026575
1.103516 -0.147461 0.161133 1310680963.070574
1.084961 -0.158203 0.063477 1310680963.092532
1.097656 -0.193359 0.068359 1310680963.116572
1.146484 -0.205078 0.027344 1310680963.147578
1.017578 -0.192383 -0.012695 1310680963.186532
1.044922 -0.180664 -0.063477 1310680963.209546
1.030273 -0.180664 -0.063477 1310680963.252575
1.055664 -0.207031 -0.168945 1310680963.297574
1.059570 -0.201172 -0.158203 1310680963.320586
0.983398 -0.196289 -0.196289 1310680963.342600
0.999023 -0.189453 -0.200195 1310680963.388599
0.929688 -0.163086 -0.194336 1310680963.430570
0.986328 -0.166992 -0.198242 1310680963.451591
0.992188 -0.188477 -0.196289 1310680963.495550
0.936523 -0.158203 -0.215820 1310680963.517585
0.987305 -0.200195 -0.174805 1310680963.563534
0.966797 -0.158203 -0.211914 1310680963.565580
0.999023 -0.148438 -0.205078 1310680963.607601
0.975586 -0.171875 -0.205078 1310680963.629541
0.980469 -0.162109 -0.200195 1310680963.673583
0.960938 -0.182617 -0.233398 1310680963.717588
0.982422 -0.140625 -0.207031 1310680963.740593
0.929688 -0.153320 -0.207031 1310680963.763547
0.995117 -0.157227 -0.228516 1310680963.806556
0.970703 -0.184570 -0.258789 1310680963.850585
0.913086 -0.145508 -0.213867 1310680963.872533
0.975586 -0.174805 -0.203125 1310680963.896521
0.957031 -0.142578 -0.298828 1310680963.941542
0.957031 -0.142578 -0.298828 1310680963.962525
0.991211 -0.152344 -0.243164 1310680964.007598
0.950195 -0.149414 -0.232422 1310680964.030601
0.967773 -0.179688 -0.257812 1310680964.052559
0.997070 -0.195312 -0.314453 1310680964.093603
1.013672 -0.171875 -0.220703 1310680964.115544
0.984375 -0.215820 -0.235352 1310680964.158590
0.977539 -0.176758 -0.238281 1310680964.202547
0.987305 -0.164062 -0.247070 1310680964.220611
0.980469 -0.193359 -0.208008 1310680964.267580
0.980469 -0.179688 -0.235352 1310680964.307602
1.075195 -0.157227 -0.212891 1310680964.308607
1.002930 -0.144531 -0.222656 1310680964.351596
1.100586 -0.158203 -0.180664 1310680964.393548
1.153320 -0.198242 -0.166016 1310680964.415558
1.160156 -0.216797 -0.145508 1310680964.460618
1.205078 -0.182617 -0.038086 1310680964.483604
1.166992 -0.220703 -0.002930 1310680964.505616
1.190430 -0.240234 0.036133 1310680964.550622
1.188477 -0.204102 0.060547 1310680964.572607
1.140625 -0.160156 0.100586 1310680964.615558
1.165039 -0.155273 0.125000 1310680964.637591
1.175781 -0.129883 0.116211 1310680964.691618
1.196289 -0.123047 0.116211 1310680964.711589
1.166992 -0.109375 0.170898 1310680964.756612
1.190430 -0.103516 0.133789 1310680964.778535
1.184570 -0.102539 0.171875 1310680964.801564
1.191406 -0.095703 0.163086 1310680964.823604
1.137695 -0.119141 0.255859 1310680964.872610
1.134766 -0.091797 0.259766 1310680964.895557
1.104492 -0.091797 0.259766 1310680964.917548
1.104492 -0.091797 0.259766 1310680964.961625
0.975586 -0.139648 0.391602 1310680965.005569
0.931641 -0.127930 0.401367 1310680965.028608
0.852539 -0.081055 0.460938 1310680965.050620
0.852539 -0.081055 0.460938 1310680965.075625
0.730469 -0.054688 0.475586 1310680965.131612
0.586914 -0.062500 0.428711 1310680965.152612
0.619141 -0.078125 0.475586 1310680965.197580
0.516602 -0.074219 0.510742 1310680965.245614
0.400391 -0.083984 0.551758 1310680965.247614
0.394531 -0.042969 0.580078 1310680965.278557
0.256836 -0.075195 0.560547 1310680965.323537
0.157227 -0.058594 0.542969 1310680965.346575
0.061523 -0.069336 0.572266 1310680965.388547
0.031250 -0.052734 0.549805 1310680965.451609
-0.060547 -0.125000 0.506836 1310680965.472599
-0.115234 -0.039062 0.498047 1310680965.477622
-0.162109 -0.038086 0.376953 1310680965.521563
-0.274414 -0.072266 0.337891 1310680965.572620
-0.377930 -0.023438 0.325195 1310680965.597551
-0.444336 0.021484 0.256836 1310680965.621597
-0.493164 -0.018555 0.220703 1310680965.631632
-0.542969 -0.043945 0.197266 1310680965.687623
-0.578125 -0.035156 0.136719 1310680965.710590
-0.700195 -0.047852 0.041016 1310680965.733596
-0.718750 -0.047852 0.000000 1310680965.778607
-0.761719 0.008789 0.001953 1310680965.807626
-0.787109 0.017578 0.001953 1310680965.829641
-0.815430 0.012695 -0.084961 1310680965.867577
-0.858398 0.013672 -0.143555 1310680965.888633
-0.888672 0.030273 -0.152344 1310680965.932634
-0.856445 0.057617 -0.171875 1310680965.957580
-0.851562 0.068359 -0.295898 1310680965.982628
-0.859375 0.050781 -0.295898 1310680966.016636
-0.852539 0.077148 -0.396484 1310680966.063633
-0.881836 0.068359 -0.405273 1310680966.085571
-0.930664 0.105469 -0.452148 1310680966.130638
-0.901367 0.136719 -0.388672 1310680966.152562
-0.958984 0.108398 -0.397461 1310680966.200636
-0.973633 0.089844 -0.347656 1310680966.216632
-0.896484 0.151367 -0.292969 1310680966.263634
-0.912109 0.142578 -0.248047 1310680966.285571
-0.915039 0.186523 -0.225586 1310680966.308635
-0.883789 0.178711 -0.188477 1310680966.355623
-0.930664 0.178711 -0.168945 1310680966.376635
-0.933594 0.178711 -0.163086 1310680966.423617
-0.910156 0.145508 -0.136719 1310680966.450640
-0.926758 0.145508 -0.153320 1310680966.471651
-0.951172 0.137695 -0.170898 1310680966.517651
-0.949219 0.153320 -0.193359 1310680966.540637
-0.906250 0.115234 -0.189453 1310680966.563627
-0.873047 0.103516 -0.158203 1310680966.607643
-0.879883 0.064453 -0.133789 1310680966.650650
-0.888672 0.035156 -0.101562 1310680966.672597
-0.875977 0.072266 -0.105469 1310680966.715655
-0.901367 0.026367 -0.106445 1310680966.737657
-0.867188 0.019531 -0.052734 1310680966.759657
-0.837891 0.014648 -0.056641 1310680966.805637
-0.856445 0.023438 -0.026367 1310680966.887647
-0.799805 0.047852 -0.020508 1310680966.888643
-0.769531 0.013672 -0.040039 1310680966.890584
-0.813477 0.040039 0.007812 1310680966.962646
-0.780273 0.033203 0.013672 1310680966.963647
-0.698242 0.032227 0.081055 1310680966.998577
-0.712891 0.019531 0.057617 1310680967.019650
-0.660156 0.018555 0.094727 1310680967.063655
-0.583984 -0.003906 0.122070 1310680967.085605
-0.603516 0.015625 0.217773 1310680967.127626
-0.533203 -0.011719 0.285156 1310680967.173627
-0.476562 -0.012695 0.362305 1310680967.175644
-0.380859 -0.027344 0.423828 1310680967.231659
-0.368164 -0.042969 0.439453 1310680967.253663
-0.291016 -0.059570 0.512695 1310680967.323601
-0.263672 -0.034180 0.494141 1310680967.325620
-0.232422 -0.033203 0.502930 1310680967.347706
-0.157227 -0.077148 0.562500 1310680967.373656
-0.118164 -0.076172 0.485352 1310680967.425625
-0.059570 -0.126953 0.556641 1310680967.446659
-0.014648 -0.124023 0.495117 1310680967.468666
0.055664 -0.091797 0.530273 1310680967.515673
0.114258 -0.094727 0.524414 1310680967.538671
0.202148 -0.087891 0.532227 1310680967.585601
0.279297 -0.100586 0.499023 1310680967.607671
0.432617 -0.111328 0.471680 1310680967.632611
0.439453 -0.162109 0.536133 1310680967.676653
0.540039 -0.111328 0.569336 1310680967.697663
0.540039 -0.111328 0.569336 1310680967.725643
0.735352 -0.328125 0.559570 1310680967.768609
0.763672 -0.191406 0.557617 1310680967.820638
0.889648 -0.135742 0.529297 1310680967.870666
0.947266 -0.269531 0.611328 1310680967.871665
0.962891 -0.178711 0.549805 1310680967.898681
1.018555 -0.224609 0.468750 1310680967.942630
1.016602 -0.239258 0.467773 1310680967.965675
1.016602 -0.224609 0.450195 1310680967.988677
1.092773 -0.179688 0.386719 1310680968.031636
1.111328 -0.265625 0.336914 1310680968.054615
1.131836 -0.224609 0.328125 1310680968.076672
1.017578 -0.173828 0.254883 1310680968.168671
1.139648 -0.220703 0.244141 1310680968.170619
1.147461 -0.242188 0.150391 1310680968.190630
0.996094 -0.212891 0.141602 1310680968.211322
1.238281 -0.201172 0.120117 1310680968.255678
1.115234 -0.229492 0.000977 1310680968.278666
0.979492 -0.272461 0.015625 1310680968.322679
0.999023 -0.253906 0.012695 1310680968.345687
0.972656 -0.268555 -0.081055 1310680968.368678
1.187500 -0.266602 -0.082031 1310680968.420689
1.098633 -0.271484 -0.124023 1310680968.442682
0.994141 -0.289062 -0.184570 1310680968.486681
1.100586 -0.282227 -0.166992 1310680968.528680
1.028320 -0.270508 -0.161133 1310680968.530674
1.100586 -0.279297 -0.217773 1310680968.587693
1.002930 -0.250977 -0.239258 1310680968.608603
1.047852 -0.283203 -0.211914 1310680968.653659
0.972656 -0.242188 -0.173828 1310680968.670616
0.973633 -0.224609 -0.147461 1310680968.713748
0.989258 -0.197266 -0.213867 1310680968.736679
0.936523 -0.315430 -0.324219 1310680968.758661
0.989258 -0.237305 -0.274414 1310680968.802680
0.978516 -0.202148 -0.222656 1310680968.824689
0.951172 -0.259766 -0.289062 1310680968.871687
1.024414 -0.248047 -0.252930 1310680968.893635
0.971680 -0.253906 -0.268555 1310680968.936689
0.990234 -0.162109 -0.287109 1310680968.960663
1.017578 -0.224609 -0.254883 1310680968.988695
0.926758 -0.224609 -0.254883 1310680969.011655
1.031250 -0.234375 -0.262695 1310680969.056621
1.109375 -0.216797 -0.196289 1310680969.080770
0.995117 -0.308594 -0.240234 1310680969.130756
1.106445 -0.189453 -0.194336 1310680969.151620
1.160156 -0.244141 -0.138672 1310680969.173648
1.160156 -0.244141 -0.138672 1310680969.218687
1.126953 -0.275391 -0.071289 1310680969.261666
1.192383 -0.303711 -0.053711 1310680969.283603
1.160156 -0.332031 -0.101562 1310680969.305695
1.125000 -0.324219 -0.009766 1310680969.348688
1.143555 -0.298828 0.027344 1310680969.371665
1.128906 -0.289062 0.025391 1310680969.455619
1.173828 -0.316406 0.069336 1310680969.456607
1.207031 -0.217773 0.092773 1310680969.476703
1.274414 -0.250977 0.140625 1310680969.497614
1.221680 -0.222656 0.186523 1310680969.541656
1.166016 -0.208984 0.149414 1310680969.564687
1.123047 -0.172852 0.195312 1310680969.607689
1.126953 -0.220703 0.247070 1310680969.630658
1.044922 -0.149414 0.307617 1310680969.672636
1.023438 -0.099609 0.322266 1310680969.697654
1.000000 -0.203125 0.359375 1310680969.737692
0.874023 -0.123047 0.370117 1310680969.760710
0.889648 -0.111328 0.370117 1310680969.783716
0.851562 -0.138672 0.446289 1310680969.842701
0.821289 -0.075195 0.491211 1310680969.863707
0.772461 -0.068359 0.503906 1310680969.886659
0.675781 -0.041992 0.550781 1310680969.931702
0.643555 -0.041992 0.550781 1310680969.951732
0.592773 -0.125977 0.581055 1310680969.997662
0.523438 -0.146484 0.552734 1310680970.018617
0.338867 -0.087891 0.561523 1310680970.063635
0.309570 -0.110352 0.542969 1310680970.086611
0.141602 -0.091797 0.490234 1310680970.147630
0.077148 -0.085938 0.491211 1310680970.161624
0.068359 -0.099609 0.499023 1310680970.197706
-0.078125 -0.151367 0.440430 1310680970.218661
-0.226562 -0.104492 0.397461 1310680970.256643
-0.274414 -0.061523 0.365234 1310680970.282644
-0.357422 -0.070312 0.290039 1310680970.310717
-0.357422 -0.070312 0.290039 1310680970.336682
-0.495117 -0.032227 0.205078 1310680970.385724
-0.563477 0.017578 0.149414 1310680970.406718
-0.630859 -0.007812 0.092773 1310680970.455678
-0.647461 0.012695 0.002930 1310680970.478644
-0.677734 0.023438 -0.043945 1310680970.500694
-0.763672 0.064453 -0.074219 1310680970.523729
-0.847656 0.063477 -0.122070 1310680970.573635
-0.833984 0.101562 -0.162109 1310680970.592659
-0.843750 0.070312 -0.201172 1310680970.636618
-0.831055 0.072266 -0.225586 1310680970.705680
-0.885742 0.066406 -0.289062 1310680970.706640
-0.916992 0.058594 -0.350586 1310680970.766661
-0.910156 0.125000 -0.360352 1310680970.788705
-0.904297 0.166992 -0.327148 1310680970.807637
-0.910156 0.152344 -0.326172 1310680970.828640
-0.938477 0.140625 -0.297852 1310680970.873648
-0.871094 0.108398 -0.290039 1310680970.895648
-0.871094 0.109375 -0.386719 1310680970.920672
-0.896484 0.113281 -0.366211 1310680971.003835
-0.901367 0.130859 -0.330078 1310680971.018709
-0.932617 0.146484 -0.323242 1310680971.038658
-0.895508 0.157227 -0.293945 1310680971.040659
-0.910156 0.122070 -0.261719 1310680971.083736
-0.916016 0.122070 -0.261719 1310680971.105673
-0.885742 0.125000 -0.262695 1310680971.185681
-0.875977 0.103516 -0.212891 1310680971.186658
-0.894531 0.099609 -0.225586 1310680971.242673
-0.892578 0.130859 -0.216797 1310680971.245651
-0.931641 0.130859 -0.216797 1310680971.266678
-0.930664 0.130859 -0.216797 1310680971.310645
-0.924805 0.131836 -0.229492 1310680971.355650
-0.908203 0.130859 -0.251953 1310680971.376667
-0.918945 0.090820 -0.247070 1310680971.402677
-0.933594 0.101562 -0.252930 1310680971.448680
-0.890625 0.105469 -0.315430 1310680971.471669
-0.933594 0.097656 -0.297852 1310680971.493671
-0.961914 0.119141 -0.282227 1310680971.557743
-0.890625 0.125000 -0.292969 1310680971.562746
-0.875977 0.137695 -0.261719 1310680971.606678
-0.860352 0.091797 -0.246094 1310680971.629626
-0.860352 0.091797 -0.246094 1310680971.668637
-0.769531 0.098633 -0.179688 1310680971.709640
-0.745117 0.059570 -0.177734 1310680971.726656
-0.759766 0.027344 -0.147461 1310680971.769636
-0.743164 0.038086 -0.030273 1310680971.816648
-0.695312 0.035156 -0.034180 1310680971.829708
-0.666992 0.049805 -0.034180 1310680971.852697
-0.571289 0.019531 0.083984 1310680971.898700
-0.473633 0.028320 0.036133 1310680971.924754
-0.320312 0.040039 0.128906 1310680972.024758
-0.191406 0.016602 0.112305 1310680972.026745
-0.100586 0.063477 0.112305 1310680972.040735
-0.084961 0.062500 0.317383 1310680972.082743
-0.002930 0.037109 0.473633 1310680972.086748
0.099609 0.020508 0.522461 1310680972.129754
0.225586 0.000977 0.565430 1310680972.159682
0.340820 -0.085938 0.670898 1310680972.182690
0.302734 -0.106445 0.687500 1310680972.214685
0.381836 -0.101562 0.769531 1310680972.239665
0.464844 -0.109375 0.740234 1310680972.283684
0.498047 -0.066406 0.689453 1310680972.304684
0.546875 -0.126953 0.638672 1310680972.349751
0.629883 -0.112305 0.523438 1310680972.372715
0.720703 -0.083984 0.529297 1310680972.417717
0.729492 -0.141602 0.532227 1310680972.439753
0.797852 -0.152344 0.436523 1310680972.482695
0.868164 -0.161133 0.444336 1310680972.503760
1.001953 -0.251953 0.407227 1310680972.526765
0.995117 -0.210938 0.391602 1310680972.552766
1.005859 -0.235352 0.344727 1310680972.599769
1.190430 -0.263672 0.327148 1310680972.643700
1.193359 -0.228516 0.312500 1310680972.667745
1.237305 -0.247070 0.290039 1310680972.702764
1.290039 -0.300781 0.297852 1310680972.728764
1.265625 -0.307617 0.242188 1310680972.758762
1.246094 -0.242188 0.267578 1310680972.779767
1.282227 -0.260742 0.232422 1310680972.824791
1.032227 -0.260742 0.232422 1310680972.848735
1.242188 -0.246094 0.123047 1310680972.881712
1.210938 -0.223633 0.045898 1310680972.931705
1.083008 -0.184570 -0.012695 1310680972.954789
1.119141 -0.171875 -0.054688 1310680972.998712
1.020508 -0.193359 -0.122070 1310680973.019702
0.998047 -0.177734 -0.164062 1310680973.042715
1.055664 -0.145508 -0.165039 1310680973.086700
0.964844 -0.247070 -0.198242 1310680973.107678
1.007812 -0.247070 -0.198242 1310680973.150733
1.001953 -0.250000 -0.249023 1310680973.173706
1.000000 -0.211914 -0.200195 1310680973.222705
1.039062 -0.215820 -0.215820 1310680973.244716
0.989258 -0.242188 -0.358398 1310680973.297739
1.078125 -0.286133 -0.293945 1310680973.321709
0.993164 -0.286133 -0.293945 1310680973.322698
0.991211 -0.208984 -0.216797 1310680973.386715
1.129883 -0.210938 -0.201172 1310680973.407725
1.040039 -0.258789 -0.240234 1310680973.449775
1.072266 -0.189453 -0.223633 1310680973.472724
1.155273 -0.205078 -0.191406 1310680973.494773
1.170898 -0.261719 -0.184570 1310680973.538766
1.200195 -0.255859 -0.198242 1310680973.562779
1.151367 -0.222656 -0.125977 1310680973.607718
1.173828 -0.222656 -0.165039 1310680973.629787
1.067383 -0.224609 -0.124023 1310680973.673757
1.097656 -0.235352 -0.131836 1310680973.696753
1.116211 -0.238281 -0.102539 1310680973.741761
1.148438 -0.230469 -0.083008 1310680973.764754
1.144531 -0.248047 -0.055664 1310680973.808784
1.154297 -0.235352 -0.026367 1310680973.829788
1.083008 -0.219727 -0.029297 1310680973.853793
1.053711 -0.201172 0.037109 1310680973.876725
1.082031 -0.209961 0.073242 1310680973.923710
1.189453 -0.222656 0.127930 1310680973.966715
1.219727 -0.167969 0.204102 1310680973.987729
1.161133 -0.181641 0.279297 1310680974.034722
1.159180 -0.195312 0.361328 1310680974.056711
1.034180 -0.195312 0.361328 1310680974.077787
1.036133 -0.179688 0.368164 1310680974.119702
1.015625 -0.194336 0.445312 1310680974.162785
1.000977 -0.173828 0.477539 1310680974.184717
0.932617 -0.156250 0.477539 1310680974.207750
0.877930 -0.123047 0.521484 1310680974.251752
0.826172 -0.168945 0.521484 1310680974.276791
0.731445 -0.082031 0.464844 1310680974.324793
0.660156 -0.073242 0.445312 1310680974.346786
0.564453 -0.069336 0.471680 1310680974.379730
0.456055 -0.042969 0.422852 1310680974.402802
0.376953 -0.072266 0.465820 1310680974.457796
0.221680 -0.062500 0.450195 1310680974.484795
0.163086 -0.065430 0.485352 1310680974.494794
0.090820 -0.082031 0.518555 1310680974.618739
-0.044922 -0.074219 0.494141 1310680974.641729
-0.193359 -0.069336 0.496094 1310680974.643718
-0.188477 -0.082031 0.488281 1310680974.656692
-0.208008 -0.089844 0.489258 1310680974.673708
-0.266602 -0.103516 0.385742 1310680974.712797
-0.418945 -0.110352 0.375977 1310680974.734765
-0.504883 -0.058594 0.380859 1310680974.757808
-0.541016 -0.038086 0.306641 1310680974.802792
-0.552734 -0.046875 0.150391 1310680974.824769
-0.553711 -0.056641 0.142578 1310680974.868801
-0.598633 -0.034180 0.000977 1310680974.892777
-0.686523 -0.027344 -0.103516 1310680974.917785
-0.713867 0.020508 -0.165039 1310680974.961740
-0.803711 0.029297 -0.200195 1310680974.983805
-0.829102 0.023438 -0.218750 1310680975.026805
-0.890625 0.023438 -0.278320 1310680975.043812
-0.865234 0.017578 -0.351562 1310680975.074813
-0.895508 0.016602 -0.382812 1310680975.117737
-0.876953 0.002930 -0.460938 1310680975.141812
-0.880859 0.009766 -0.464844 1310680975.184810
-0.926758 0.009766 -0.464844 1310680975.206740
-0.907227 0.048828 -0.409180 1310680975.254760
-0.923828 0.109375 -0.408203 1310680975.288758
-0.974609 0.097656 -0.376953 1310680975.302757
-0.876953 0.054688 -0.346680 1310680975.329734
-0.907227 0.139648 -0.376953 1310680975.377746
-0.907227 0.139648 -0.376953 1310680975.402753
-0.892578 0.125000 -0.284180 1310680975.449756
-0.946289 0.107422 -0.307617 1310680975.469744
-0.971680 0.077148 -0.274414 1310680975.491805
-0.941406 0.084961 -0.298828 1310680975.538807
-0.940430 0.074219 -0.331055 1310680975.561818
-0.928711 0.046875 -0.369141 1310680975.607822
-0.930664 0.077148 -0.289062 1310680975.649810
-0.907227 0.080078 -0.315430 1310680975.657821
-0.909180 0.077148 -0.363281 1310680975.704811
-0.956055 0.072266 -0.313477 1310680975.727778
-0.915039 0.057617 -0.332031 1310680975.751827
-0.901367 0.054688 -0.292969 1310680975.794819
-0.865234 0.052734 -0.229492 1310680975.816821
-0.801758 0.074219 -0.226562 1310680975.889821
-0.792969 0.080078 -0.144531 1310680975.891740
-0.744141 0.041016 -0.125000 1310680975.911765
-0.792969 0.061523 -0.103516 1310680975.953794
-0.781250 0.055664 -0.009766 1310680975.977830
-0.663086 0.016602 0.013672 1310680976.022797
-0.643555 0.034180 0.071289 1310680976.056772
-0.591797 0.007812 0.056641 1310680976.078781
-0.543945 -0.006836 0.114258 1310680976.108765
-0.491211 0.000000 0.164062 1310680976.152779
-0.361328 0.011719 0.164062 1310680976.170763
-0.246094 -0.004883 0.239258 1310680976.214752
-0.208008 -0.017578 0.275391 1310680976.236840
-0.090820 -0.007812 0.336914 1310680976.283764
0.042969 -0.061523 0.433594 1310680976.304760
0.087891 -0.048828 0.499023 1310680976.327778
0.087891 -0.048828 0.499023 1310680976.356762
0.262695 -0.067383 0.578125 1310680976.401781
0.301758 -0.183594 0.582031 1310680976.446835
0.381836 -0.156250 0.523438 1310680976.481795
0.456055 -0.088867 0.578125 1310680976.496762
0.505859 -0.113281 0.541016 1310680976.551820
0.630859 -0.125977 0.498047 1310680976.562935
0.750977 -0.167969 0.488281 1310680976.604781
0.812500 -0.169922 0.451172 1310680976.627806
0.990234 -0.207031 0.443359 1310680976.682773
0.944336 -0.189453 0.502930 1310680976.683760
1.022461 -0.153320 0.487305 1310680976.727765
1.183594 -0.199219 0.360352 1310680976.749839
1.210938 -0.270508 0.285156 1310680976.794756
1.272461 -0.175781 0.297852 1310680976.817846
1.222656 -0.161133 0.282227 1310680976.866833
1.244141 -0.181641 0.310547 1310680976.887777
1.232422 -0.217773 0.257812 1310680976.914795
1.250977 -0.263672 0.277344 1310680976.958853
1.235352 -0.211914 0.241211 1310680976.981822
1.238281 -0.223633 0.153320 1310680977.024768
1.261719 -0.202148 0.132812 1310680977.047773
1.190430 -0.198242 0.076172 1310680977.069785
1.286133 -0.153320 0.056641 1310680977.126791
1.170898 -0.172852 -0.077148 1310680977.192817
1.100586 -0.156250 -0.106445 1310680977.193793
1.098633 -0.210938 -0.134766 1310680977.212780
1.073242 -0.174805 -0.198242 1310680977.234859
1.100586 -0.174805 -0.198242 1310680977.258793
1.056641 -0.171875 -0.232422 1310680977.298802
1.018555 -0.149414 -0.238281 1310680977.342891
1.053711 -0.151367 -0.275391 1310680977.384846
1.014648 -0.203125 -0.278320 1310680977.407746
0.983398 -0.178711 -0.294922 1310680977.429861
0.963867 -0.178711 -0.294922 1310680977.451869
0.937500 -0.178711 -0.294922 1310680977.496804
1.030273 -0.185547 -0.389648 1310680977.536776
0.865234 -0.211914 -0.397461 1310680977.558776
0.966797 -0.106445 -0.333008 1310680977.606859
0.968750 -0.145508 -0.304688 1310680977.627839
1.058594 -0.182617 -0.308594 1310680977.674784
1.026367 -0.162109 -0.297852 1310680977.696858
1.138672 -0.176758 -0.291016 1310680977.721859
1.143555 -0.214844 -0.252930 1310680977.763839
1.163086 -0.213867 -0.219727 1310680977.782873
1.209961 -0.166016 -0.188477 1310680977.807852
1.242188 -0.228516 -0.153320 1310680977.851812
1.117188 -0.252930 -0.153320 1310680977.876856
1.156250 -0.212891 -0.133789 1310680977.918856
1.237305 -0.202148 -0.152344 1310680977.943867
1.192383 -0.244141 -0.118164 1310680977.989841
1.298828 -0.220703 -0.007812 1310680978.012837
1.278320 -0.216797 -0.007812 1310680978.034819
1.245117 -0.188477 0.009766 1310680978.079771
1.190430 -0.173828 0.063477 1310680978.124799
1.168945 -0.197266 0.073242 1310680978.146867
1.195312 -0.200195 0.106445 1310680978.167816
1.113281 -0.176758 0.106445 1310680978.210873
1.124023 -0.171875 0.257812 1310680978.254795
1.148438 -0.204102 0.291992 1310680978.279870
1.052734 -0.196289 0.315430 1310680978.318859
1.095703 -0.150391 0.448242 1310680978.341883
1.017578 -0.141602 0.474609 1310680978.363826
0.958008 -0.144531 0.433594 1310680978.386835
0.894531 -0.120117 0.459961 1310680978.473804
0.810547 -0.115234 0.459961 1310680978.474798
0.739258 -0.113281 0.415039 1310680978.497827
0.687500 -0.063477 0.436523 1310680978.519821
0.563477 -0.061523 0.402344 1310680978.563815
0.412109 -0.061523 0.402344 1310680978.606825
0.391602 -0.090820 0.455078 1310680978.632842
0.288086 -0.083984 0.424805 1310680978.653810
0.106445 -0.099609 0.407227 1310680978.697856
0.003906 -0.051758 0.447266 1310680978.721852
-0.079102 -0.047852 0.436523 1310680978.764828
-0.179688 -0.092773 0.432617 1310680978.807810
-0.229492 -0.076172 0.373047 1310680978.809792
-0.305664 -0.057617 0.297852 1310680978.859825
-0.388672 -0.023438 0.331055 1310680978.882882
-0.456055 -0.026367 0.277344 1310680978.928898
-0.561523 -0.003906 0.196289 1310680978.942886
-0.608398 -0.020508 0.162109 1310680978.992885
-0.666992 -0.046875 0.131836 1310680979.013823
-0.682617 -0.002930 0.051758 1310680979.058824
-0.728516 0.027344 -0.019531 1310680979.081806
-0.790039 0.024414 -0.054688 1310680979.103895
-0.759766 0.000000 -0.109375 1310680979.126899
-0.777344 0.036133 -0.173828 1310680979.169823
-0.836914 0.025391 -0.229492 1310680979.213821
-0.866211 0.033203 -0.247070 1310680979.236805
-0.865234 0.025391 -0.266602 1310680979.281840
-0.869141 0.062500 -0.294922 1310680979.303810
-0.884766 0.062500 -0.294922 1310680979.324825
-0.895508 0.043945 -0.250000 1310680979.392836
-0.879883 0.074219 -0.258789 1310680979.414820
-0.916992 0.062500 -0.175781 1310680979.437835
-0.944336 0.092773 -0.173828 1310680979.461900
-0.939453 0.041992 -0.134766 1310680979.503819
-0.939453 0.041992 -0.134766 1310680979.526824
-0.921875 0.068359 -0.089844 1310680979.572867
-0.881836 0.083008 -0.080078 1310680979.593847
-0.902344 0.080078 -0.050781 1310680979.616901
-0.835938 0.069336 -0.067383 1310680979.659896
-0.927734 0.089844 -0.045898 1310680979.682833
-0.964844 0.077148 -0.054688 1310680979.736912
-0.887695 0.046875 -0.069336 1310680979.761825
-0.926758 0.074219 -0.068359 1310680979.783917
-0.927734 0.052734 -0.064453 1310680979.828840
-0.913086 0.049805 -0.090820 1310680979.851854
-0.913086 0.039062 -0.090820 1310680979.872888
-0.926758 0.012695 -0.057617 1310680979.917899
-0.872070 0.002930 -0.086914 1310680979.944891
-0.833984 -0.018555 -0.118164 1310680979.988910
-0.834961 -0.003906 -0.156250 1310680980.028897
-0.871094 -0.022461 -0.109375 1310680980.052910
-0.845703 -0.029297 -0.109375 1310680980.069914
-0.779297 -0.009766 -0.205078 1310680980.102838
-0.753906 -0.046875 -0.178711 1310680980.146909
-0.719727 -0.031250 -0.155273 1310680980.167889
-0.650391 -0.039062 -0.164062 1310680980.211874
-0.543945 -0.058594 -0.175781 1310680980.233839
-0.506836 0.023438 -0.175781 1310680980.276838
-0.366211 0.022461 -0.108398 1310680980.298848
-0.229492 0.033203 -0.000977 1310680980.340924
-0.083008 0.022461 0.080078 1310680980.382890
0.084961 0.045898 0.190430 1310680980.404846
0.263672 0.193359 0.348633 1310680980.427913
0.372070 0.150391 0.525391 1310680980.452875
0.622070 0.150391 0.525391 1310680980.504916
0.771484 0.301758 0.720703 1310680980.546848
0.916016 0.247070 0.746094 1310680980.568879
1.061523 0.436523 0.873047 1310680980.589850
1.151367 0.187500 0.616211 1310680980.633925
1.323242 0.251953 0.687500 1310680980.682886
1.396484 0.311523 0.672852 1310680980.686841
1.451172 0.097656 0.425781 1310680980.721887
1.438477 0.233398 0.472656 1310680980.744849
1.413086 0.080078 0.411133 1310680980.788914
1.446289 0.082031 0.341797 1310680980.809855
1.396484 0.107422 0.317383 1310680980.853921
1.343750 0.101562 0.179688 1310680980.879929
1.308594 0.331055 0.146484 1310680980.923924
1.222656 0.426758 0.087891 1310680980.944930
1.153320 0.404297 0.086914 1310680980.968921
