0.867188 0.240234 0.115234 1309539926.990914
0.880859 0.237305 0.092773 1309539927.034933
0.846680 0.279297 0.083008 1309539927.057916
0.864258 0.282227 0.037109 1309539927.081918
0.815430 0.291016 0.039062 1309539927.124921
0.854492 0.269531 0.065430 1309539927.146917
0.853516 0.168945 0.028320 1309539927.189920
0.835938 0.188477 0.025391 1309539927.212922
0.813477 0.116211 0.046875 1309539927.239923
0.710938 -0.025391 0.050781 1309539927.270923
0.566406 -0.184570 0.081055 1309539927.317926
0.483398 -0.261719 0.209961 1309539927.339923
0.593750 -0.243164 0.397461 1309539927.382896
1.231445 -0.074219 0.819336 1309539927.405918
1.962891 -0.359375 1.103516 1309539927.433927
1.982422 0.123047 1.702148 1309539927.465920
1.982422 0.123047 1.702148 1309539927.489900
1.984375 0.128906 1.809570 1309539927.534924
1.980469 0.478516 1.517578 1309539927.557930
1.983398 0.846680 1.026367 1309539927.601925
1.978516 0.684570 0.584961 1309539927.624926
1.541992 0.570312 0.271484 1309539927.667928
1.626953 0.497070 0.084961 1309539927.690903
1.858398 0.534180 0.014648 1309539927.734929
1.886719 0.488281 -0.122070 1309539927.755954
1.972656 0.323242 -0.154297 1309539927.797926
1.855469 0.323242 -0.154297 1309539927.819934
1.657227 0.238281 -0.416016 1309539927.862928
1.541992 0.060547 -0.396484 1309539927.886933
1.385742 -0.472656 -0.901367 1309539927.924934
0.304688 -1.983398 -1.979492 1309539927.946930
0.087891 -1.983398 -1.981445 1309539928.001941
-0.141602 -1.984375 -1.981445 1309539928.027932
-0.014648 -1.975586 -1.981445 1309539928.047942
0.466797 -1.039062 -1.396484 1309539928.074941
1.042969 -0.416992 -0.753906 1309539928.116936
1.700195 0.285156 -0.128906 1309539928.141937
1.983398 0.710938 -0.138672 1309539928.170931
1.983398 0.541992 0.107422 1309539928.215940
1.985352 1.146484 0.193359 1309539928.240939
1.990234 1.107422 0.074219 1309539928.282942
1.983398 0.926758 0.139648 1309539928.305939
1.982422 0.826172 0.478516 1309539928.326942
1.448242 0.696289 0.833984 1309539928.370944
1.665039 0.820312 1.984375 1309539928.416945
1.982422 0.574219 1.993164 1309539928.440939
1.979492 0.378906 1.988281 1309539928.484948
1.977539 -0.080078 1.988281 1309539928.506938
1.979492 0.483398 1.991211 1309539928.532948
1.985352 0.666992 1.741211 1309539928.569919
1.981445 0.513672 1.158203 1309539928.590944
1.919922 0.654297 0.710938 1309539928.634940
1.479492 0.691406 0.419922 1309539928.659948
1.653320 0.483398 0.155273 1309539928.701947
1.899414 0.579102 -0.018555 1309539928.729906
1.865234 0.631836 -0.018555 1309539928.750919
1.897461 0.568359 -0.036133 1309539928.791957
1.858398 0.628906 -0.050781 1309539928.835972
1.916016 0.371094 -0.241211 1309539928.860951
1.492188 0.296875 -0.360352 1309539928.882950
1.366211 0.320312 -0.243164 1309539928.920953
1.116211 0.320312 -0.243164 1309539928.946958
-0.124023 -1.983398 -1.983398 1309539928.989957
-0.155273 -1.984375 -1.982422 1309539929.010953
-0.190430 -1.984375 -1.982422 1309539929.053957
0.547852 -1.622070 -1.664062 1309539929.075952
1.135742 -0.535156 -0.842773 1309539929.119956
1.978516 0.222656 -0.131836 1309539929.141956
1.982422 0.684570 0.263672 1309539929.164958
1.984375 0.245117 0.263672 1309539929.208959
1.981445 0.402344 0.241211 1309539929.274994
1.980469 0.838867 0.115234 1309539929.312961
1.992188 0.920898 0.005859 1309539929.314958
1.985352 0.735352 0.005859 1309539929.334973
1.577148 0.706055 0.274414 1309539929.377964
1.241211 1.228516 1.121094 1309539929.400966
1.986328 0.865234 1.968750 1309539929.451968
1.982422 0.807617 1.993164 1309539929.475964
1.984375 0.341797 1.990234 1309539929.493971
1.983398 0.365234 1.988281 1309539929.537964
1.984375 0.708008 1.989258 1309539929.560966
1.983398 0.428711 1.379883 1309539929.605966
1.983398 0.685547 0.875977 1309539929.627965
1.666016 0.898438 0.450195 1309539929.652948
1.553711 0.700195 0.258789 1309539929.689951
1.978516 0.700195 0.258789 1309539929.719975
1.981445 0.802734 0.078125 1309539929.762964
1.985352 0.844727 0.078125 1309539929.789968
1.984375 0.819336 0.100586 1309539929.811972
1.980469 0.568359 -0.116211 1309539929.857970
1.986328 0.579102 -0.116211 1309539929.882972
1.833008 0.251953 -0.422852 1309539929.929956
1.406250 -1.406250 -1.508789 1309539929.951940
-0.463867 -1.984375 -1.984375 1309539929.974975
-0.035156 -1.983398 -1.981445 1309539930.017998
-0.143555 -1.984375 -1.981445 1309539930.040961
0.270508 -1.577148 -1.981445 1309539930.085995
0.940430 -0.659180 -1.204102 1309539930.119976
1.507812 0.101562 -0.526367 1309539930.151969
1.982422 0.503906 -0.098633 1309539930.174990
1.979492 0.376953 -0.231445 1309539930.216979
1.986328 0.722656 -0.031250 1309539930.237952
1.983398 0.880859 0.061523 1309539930.260972
1.983398 0.649414 -0.057617 1309539930.303983
1.983398 0.539062 -0.056641 1309539930.348032
1.983398 0.605469 0.246094 1309539930.369986
1.978516 0.014648 0.493164 1309539930.412978
1.980469 0.758789 1.992188 1309539930.434969
1.987305 0.602539 1.989258 1309539930.480102
1.983398 0.843750 1.994141 1309539930.505986
1.982422 -0.384766 1.983398 1309539930.528997
1.981445 0.470703 1.989258 1309539930.598956
1.979492 0.337891 1.237305 1309539930.599952
1.985352 0.553711 0.737305 1309539930.619983
1.842773 0.562500 0.333984 1309539930.661983
1.862305 0.590820 0.113281 1309539930.710993
1.984375 0.557617 -0.013672 1309539930.732987
1.983398 0.630859 -0.070312 1309539930.757011
1.983398 0.623047 -0.165039 1309539930.780000
1.984375 0.746094 -0.041992 1309539930.803987
1.982422 0.419922 -0.281250 1309539930.845987
1.974609 0.425781 -0.407227 1309539930.889993
1.814453 0.224609 -0.450195 1309539930.912992
1.344727 -0.992188 -1.284180 1309539930.946984
0.311523 -1.983398 -1.981445 1309539930.989996
-0.172852 -1.984375 -1.982422 1309539931.012997
-0.004883 -1.984375 -1.982422 1309539931.035997
0.332031 -1.429688 -1.976562 1309539931.080994
1.088867 -0.226562 -0.800781 1309539931.124995
1.888672 0.458984 -0.121094 1309539931.145993
1.980469 0.805664 0.343750 1309539931.170002
1.980469 0.805664 0.343750 1309539931.197999
1.981445 0.509766 0.119141 1309539931.245999
1.988281 0.840820 0.199219 1309539931.267988
1.981445 0.875977 0.131836 1309539931.312003
1.984375 0.587891 0.026367 1309539931.334998
1.982422 0.906250 0.412109 1309539931.365002
1.662109 0.861328 0.817383 1309539931.409961
1.986328 1.130859 1.924805 1309539931.435006
1.983398 1.322266 1.991211 1309539931.458005
1.983398 0.397461 1.991211 1309539931.513003
1.983398 0.562500 1.989258 1309539931.536008
1.986328 0.995117 1.988281 1309539931.558007
1.984375 0.886719 1.178711 1309539931.603002
1.983398 0.894531 0.763672 1309539931.626006
1.914062 0.814453 0.300781 1309539931.668004
1.893555 0.740234 0.086914 1309539931.691002
1.981445 0.784180 -0.014648 1309539931.713013
1.980469 0.773438 -0.099609 1309539931.755994
1.986328 0.687500 -0.126953 1309539931.799501
1.982422 0.695312 -0.044922 1309539931.835026
1.982422 0.367188 -0.232422 1309539931.883011
1.909180 0.418945 -0.263672 1309539931.901011
1.734375 0.248047 -0.237305 1309539931.925010
1.608398 -0.768555 -0.920898 1309539931.946015
0.502930 -1.984375 -1.981445 1309539931.968006
0.022461 -1.984375 -1.982422 1309539932.009986
0.022461 -1.984375 -1.982422 1309539932.032021
-0.076172 -1.937500 -1.982422 1309539932.093016
0.461914 -0.880859 -1.339844 1309539932.122016
1.004883 -0.097656 -0.706055 1309539932.145016
1.312500 0.596680 0.041016 1309539932.177015
1.696289 0.658203 0.283203 1309539932.203014
1.956055 0.505859 -0.242188 1309539932.248034
1.977539 0.294922 -0.085938 1309539932.270017
1.979492 0.400391 0.073242 1309539932.313009
1.889648 0.438477 0.014648 1309539932.337014
1.859375 0.439453 0.218750 1309539932.362022
1.880859 0.228516 0.200195 1309539932.408015
1.985352 0.725586 1.236328 1309539932.430038
1.980469 0.187500 1.502930 1309539932.474018
1.979492 0.345703 1.516602 1309539932.496021
1.980469 -0.716797 1.878906 1309539932.540025
1.954102 -0.075195 1.427734 1309539932.565017
1.259766 -0.077148 0.901367 1309539932.587027
0.756836 0.075195 0.686523 1309539932.633042
0.540039 0.149414 0.417969 1309539932.655024
0.448242 0.093750 0.173828 1309539932.699029
0.568359 0.064453 0.173828 1309539932.715024
0.819336 0.112305 -0.000977 1309539932.753026
1.422852 0.277344 0.030273 1309539932.796033
1.362305 0.288086 0.073242 1309539932.817024
0.697266 0.189453 -0.060547 1309539932.861031
0.599609 0.189453 -0.060547 1309539932.886031
0.629883 0.259766 -0.013672 1309539932.908028
0.780273 0.291016 -0.021484 1309539932.953037
0.791016 0.254883 0.000977 1309539932.978033
0.742188 0.223633 -0.014648 1309539933.023030
0.762695 0.294922 0.102539 1309539933.046031
0.762695 0.294922 0.102539 1309539933.068033
0.896484 0.267578 0.127930 1309539933.137041
0.873047 0.246094 0.156250 1309539933.175037
0.843750 0.261719 0.220703 1309539933.176036
0.906250 0.273438 0.219727 1309539933.197034
0.981445 0.262695 0.239258 1309539933.236036
0.981445 0.262695 0.239258 1309539933.258021
0.866211 0.318359 0.282227 1309539933.305033
0.875977 0.300781 0.250000 1309539933.330009
0.912109 0.275391 0.224609 1309539933.375041
0.930664 0.255859 0.222656 1309539933.396034
0.937500 0.233398 0.159180 1309539933.438040
0.895508 0.233398 0.159180 1309539933.461040
