0.925781 0.069336 0.023438 1310079192.568112
0.891602 0.092773 0.080078 1310079192.576068
0.893555 0.105469 0.014648 1310079192.628053
0.886719 0.119141 0.054688 1310079192.654120
0.882812 0.097656 0.104492 1310079192.695109
0.858398 0.111328 0.066406 1310079192.739036
0.805664 0.160156 0.051758 1310079192.760039
0.780273 0.148438 0.082031 1310079192.783129
0.745117 0.106445 0.112305 1310079192.808131
0.745117 0.096680 0.045898 1310079192.829024
0.711914 0.037109 0.079102 1310079192.876115
0.658203 0.039062 0.084961 1310079192.919079
0.660156 0.039062 0.061523 1310079192.944071
0.694336 0.072266 0.084961 1310079192.969127
0.744141 0.066406 0.088867 1310079193.023093
0.750977 0.066406 0.088867 1310079193.024066
0.803711 0.087891 0.084961 1310079193.071414
0.835938 0.115234 0.035156 1310079193.094081
0.800781 -0.054688 0.060547 1310079193.141066
0.833984 -0.069336 0.073242 1310079193.164137
0.926758 0.013672 0.073242 1310079193.208126
0.926758 0.013672 0.073242 1310079193.230116
0.952148 0.014648 0.130859 1310079193.275082
1.064453 0.042969 0.089844 1310079193.296097
1.078125 -0.023438 0.069336 1310079193.319129
1.048828 -0.075195 0.083008 1310079193.363123
1.076172 -0.033203 0.107422 1310079193.385067
1.109375 -0.010742 0.106445 1310079193.431114
1.133789 -0.015625 0.120117 1310079193.453088
1.112305 0.011719 0.166016 1310079193.495127
1.147461 0.003906 0.218750 1310079193.518053
1.186523 -0.091797 0.219727 1310079193.561371
1.232422 -0.171875 0.179688 1310079193.584137
1.307617 -0.146484 0.103516 1310079193.644139
1.391602 -0.003906 0.074219 1310079193.669050
1.231445 -0.031250 0.131836 1310079193.670036
0.946289 -0.017578 0.164062 1310079193.711125
0.698242 0.046875 0.203125 1310079193.753144
0.673828 0.085938 0.210938 1310079193.775133
0.680664 0.046875 0.198242 1310079193.797065
0.683594 0.046875 0.210938 1310079193.844137
0.737305 0.062500 0.245117 1310079193.886060
0.777344 0.146484 0.288086 1310079193.909054
0.780273 0.196289 0.271484 1310079193.954114
0.808594 0.236328 0.271484 1310079193.956103
0.815430 0.189453 0.290039 1310079193.999102
0.818359 0.160156 0.281250 1310079194.044071
0.857422 0.132812 0.309570 1310079194.066144
0.842773 0.189453 0.262695 1310079194.113138
0.855469 0.178711 0.275391 1310079194.125094
0.852539 0.194336 0.242188 1310079194.168080
0.886719 0.178711 0.198242 1310079194.195153
0.886719 0.208984 0.208008 1310079194.239040
0.882812 0.166016 0.193359 1310079194.261050
0.865234 0.133789 0.184570 1310079194.284045
0.920898 0.179688 0.142578 1310079194.328088
0.936523 0.195312 0.167969 1310079194.350105
0.905273 0.143555 0.182617 1310079194.393140
0.912109 0.175781 0.190430 1310079194.415154
0.879883 0.186523 0.209961 1310079194.459154
0.905273 0.191406 0.184570 1310079194.480152
0.892578 0.179688 0.181641 1310079194.545062
0.851562 0.154297 0.184570 1310079194.569165
0.918945 0.113281 0.140625 1310079194.583079
0.901367 0.126953 0.153320 1310079194.628067
0.931641 0.116211 0.166016 1310079194.650144
0.945312 0.121094 0.166016 1310079194.694152
0.917969 0.065430 0.225586 1310079194.696123
0.911133 0.070312 0.187500 1310079194.739082
0.905273 0.060547 0.189453 1310079194.782151
0.918945 0.161133 0.123047 1310079194.805151
0.885742 0.169922 0.104492 1310079194.849061
0.893555 0.135742 0.121094 1310079194.873088
0.896484 0.113281 0.103516 1310079194.946089
0.894531 0.130859 0.082031 1310079194.948110
