1.035156 -0.055664 0.481445 1311188201.717890
1.040039 -0.095703 0.597656 1311188201.739889
1.107422 0.065430 0.815430 1311188201.784907
1.136719 0.003906 0.834961 1311188201.807897
1.125000 0.131836 0.834961 1311188201.830898
1.210938 0.197266 0.855469 1311188201.880908
1.211914 0.371094 0.908203 1311188201.904882
1.218750 0.386719 0.829102 1311188201.950889
1.210938 0.626953 0.926758 1311188201.964900
1.102539 0.584961 0.777344 1311188202.010921
0.979492 0.919922 0.777344 1311188202.032876
0.833008 0.901367 0.846680 1311188202.115918
0.899414 0.848633 0.680664 1311188202.134905
0.802734 0.737305 0.525391 1311188202.135882
0.558594 0.742188 0.480469 1311188202.157932
0.544922 0.592773 0.355469 1311188202.199912
0.044922 0.592773 0.355469 1311188202.220908
0.227539 0.433594 0.273438 1311188202.264043
0.117188 0.237305 0.150391 1311188202.284886
0.048828 0.134766 0.019531 1311188202.327914
-0.085938 0.090820 -0.065430 1311188202.348912
-0.097656 -0.048828 -0.244141 1311188202.415892
-0.150391 -0.048828 -0.244141 1311188202.417909
-0.201172 -0.225586 -0.583008 1311188202.489911
-0.033203 -0.453125 -0.564453 1311188202.509915
-0.122070 -0.661133 -0.637695 1311188202.532909
-0.175781 -1.014648 -0.606445 1311188202.558911
-0.237305 -1.218750 -0.476562 1311188202.584922
-0.270508 -1.506836 -0.484375 1311188202.608916
-0.301758 -1.658203 -0.410156 1311188202.650894
-0.232422 -1.565430 -0.267578 1311188202.673901
-0.212891 -1.414062 -0.203125 1311188202.718917
-0.361328 -1.392578 -0.245117 1311188202.760912
-0.412109 -1.104492 -0.223633 1311188202.764911
-0.414062 -1.104492 -0.223633 1311188202.817918
-0.408203 -0.935547 -0.314453 1311188202.839980
-0.341797 -0.752930 -0.307617 1311188202.883922
-0.387695 -0.565430 -0.320312 1311188202.907926
-0.375000 -0.484375 -0.260742 1311188202.933920
-0.443359 -0.229492 -0.260742 1311188202.956923
-0.402344 -0.202148 -0.247070 1311188202.999915
-0.409180 -0.090820 -0.165039 1311188203.034921
-0.358398 0.019531 -0.138672 1311188203.063927
-0.283203 0.146484 -0.112305 1311188203.090918
-0.343750 0.221680 0.094727 1311188203.137926
-0.090820 0.254883 -0.079102 1311188203.163919
-0.011719 0.195312 0.226562 1311188203.187920
-0.027344 0.376953 0.259766 1311188203.217921
0.395508 0.407227 0.423828 1311188203.258930
0.327148 0.294922 0.385742 1311188203.283936
0.721680 0.384766 0.319336 1311188203.328930
0.892578 0.519531 0.746094 1311188203.402942
1.069336 0.416016 0.228516 1311188203.423924
1.539062 0.632812 0.596680 1311188203.459930
1.504883 0.284180 0.455078 1311188203.465930
1.817383 0.406250 0.670898 1311188203.488931
1.777344 0.477539 1.161133 1311188203.511967
1.651367 0.186523 0.808594 1311188203.554940
1.565430 0.389648 1.542969 1311188203.578931
1.450195 0.138672 1.749023 1311188203.621927
1.249023 -0.293945 1.655273 1311188203.644936
1.213867 0.116211 1.815430 1311188203.668934
1.035156 -0.583008 1.101562 1311188203.693937
1.192383 0.049805 1.248047 1311188203.755929
1.312500 0.064453 1.199219 1311188203.778936
1.463867 0.221680 1.180664 1311188203.799936
1.650391 0.193359 1.094727 1311188203.844935
1.690430 0.411133 1.097656 1311188203.868941
1.629883 0.529297 0.847656 1311188203.893938
1.605469 0.602539 0.858398 1311188203.943934
1.412109 0.638672 0.821289 1311188203.958943
1.323242 0.605469 0.617188 1311188203.988939
1.069336 0.584961 0.569336 1311188204.034936
0.952148 0.541016 0.450195 1311188204.078921
0.612305 0.570312 0.337891 1311188204.079914
0.447266 0.426758 0.203125 1311188204.143944
0.302734 0.396484 0.048828 1311188204.165940
0.065430 0.302734 -0.025391 1311188204.186930
0.083008 0.160156 -0.150391 1311188204.231924
-0.024414 0.056641 -0.359375 1311188204.259958
-0.118164 0.056641 -0.359375 1311188204.282948
-0.130859 -0.162109 -0.482422 1311188204.328970
-0.094727 -0.408203 -0.588867 1311188204.349931
-0.100586 -0.714844 -0.630859 1311188204.393952
-0.030273 -0.779297 -0.628906 1311188204.416948
-0.125977 -0.890625 -0.520508 1311188204.440950
-0.227539 -1.140625 -0.520508 1311188204.483927
-0.138672 -1.380859 -0.502930 1311188204.518949
-0.103516 -1.404297 -0.262695 1311188204.540952
-0.108398 -1.793945 -0.219727 1311188204.584970
-0.065430 -1.723633 -0.229492 1311188204.605951
-0.180664 -1.541016 -0.095703 1311188204.689956
-0.225586 -1.454102 0.021484 1311188204.705954
-0.232422 -1.457031 0.049805 1311188204.706923
-0.264648 -1.364258 0.082031 1311188204.745955
-0.166992 -1.136719 0.089844 1311188204.766971
-0.173828 -0.837891 -0.006836 1311188204.805986
-0.124023 -0.546875 0.012695 1311188204.826939
-0.163086 -0.309570 -0.079102 1311188204.876972
-0.141602 -0.196289 -0.197266 1311188204.900969
-0.149414 -0.033203 -0.225586 1311188204.943966
-0.016602 0.061523 -0.184570 1311188204.965761
-0.050781 0.164062 -0.185547 1311188204.998954
0.265625 0.233398 -0.185547 1311188205.019954
0.374023 0.239258 -0.174805 1311188205.061956
0.554688 0.496094 -0.020508 1311188205.096964
0.919922 0.388672 0.077148 1311188205.129962
1.076172 0.601562 0.317383 1311188205.158965
1.326172 0.612305 0.590820 1311188205.179961
1.616211 0.612305 0.590820 1311188205.223971
1.799805 0.876953 1.033203 1311188205.271967
1.744141 0.435547 0.683594 1311188205.295961
1.985352 0.848633 1.303711 1311188205.316954
1.678711 0.452148 1.054688 1311188205.360991
1.983398 0.403320 1.233398 1311188205.381964
1.434570 0.239258 1.814453 1311188205.404965
1.434570 0.239258 1.814453 1311188205.448976
1.097656 0.129883 1.987305 1311188205.479036
0.893555 -0.467773 1.386719 1311188205.521977
1.245117 0.386719 1.401367 1311188205.550972
1.309570 0.228516 1.207031 1311188205.574966
1.559570 0.228516 1.207031 1311188205.618988
1.559570 0.228516 1.207031 1311188205.639953
1.644531 0.500977 1.041016 1311188205.683980
1.642578 0.617188 0.998047 1311188205.704966
1.569336 0.689453 0.953125 1311188205.746968
1.512695 0.701172 0.816406 1311188205.769988
1.364258 0.578125 0.735352 1311188205.794112
1.137695 0.593750 0.621094 1311188205.836975
0.962891 0.512695 0.447266 1311188205.872029
0.759766 0.447266 0.271484 1311188205.928979
0.527344 0.495117 0.188477 1311188205.979982
0.248047 0.294922 0.188477 1311188205.997980
0.178711 0.179688 -0.040039 1311188206.011980
0.005859 -0.002930 -0.214844 1311188206.033975
-0.108398 -0.040039 -0.278320 1311188206.056981
-0.172852 -0.020508 -0.389648 1311188206.086979
-0.160156 -0.165039 -0.438477 1311188206.134987
-0.138672 -0.370117 -0.543945 1311188206.158988
-0.061523 -0.535156 -0.574219 1311188206.184975
-0.126953 -0.769531 -0.551758 1311188206.231988
-0.276367 -0.916016 -0.449219 1311188206.255983
-0.155273 -0.949219 -0.291016 1311188206.279962
-0.192383 -1.374023 -0.143555 1311188206.323996
-0.130859 -1.374023 -0.143555 1311188206.346979
-0.153320 -1.722656 0.112305 1311188206.395991
-0.157227 -1.766602 0.254883 1311188206.424988
-0.155273 -1.703125 0.354492 1311188206.458985
-0.172852 -1.614258 0.317383 1311188206.470992
-0.184570 -1.364258 0.291992 1311188206.513990
-0.236328 -1.205078 0.193359 1311188206.537990
-0.305664 -0.916992 0.150391 1311188206.581985
-0.222656 -0.766602 -0.001953 1311188206.604993
-0.178711 -0.594727 -0.090820 1311188206.646987
-0.227539 -0.463867 -0.135742 1311188206.669989
-0.249023 -0.314453 -0.265625 1311188206.693998
-0.152344 -0.154297 -0.265625 1311188206.739999
-0.188477 -0.005859 -0.229492 1311188206.786986
-0.059570 0.115234 -0.249023 1311188206.808996
-0.059570 0.228516 -0.191406 1311188206.831998
0.121094 0.308594 -0.079102 1311188206.879001
0.358398 0.292969 -0.124023 1311188206.899996
0.554688 0.315430 0.108398 1311188206.945002
0.730469 0.398438 0.230469 1311188206.956997
0.871094 0.379883 0.483398 1311188207.001001
1.176758 0.592773 0.268555 1311188207.034003
1.353516 0.489258 0.793945 1311188207.059055
1.476562 0.392578 0.793945 1311188207.085002
1.981445 0.685547 1.078125 1311188207.126998
1.612305 0.219727 0.627930 1311188207.170999
1.983398 0.370117 0.995117 1311188207.193008
1.743164 0.230469 1.087891 1311188207.233003
1.715820 0.044922 1.119141 1311188207.270001
1.533203 0.044922 1.119141 1311188207.270998
1.038086 -0.174805 1.980469 1311188207.334012
1.327148 -0.558594 1.985352 1311188207.355013
1.043945 -0.686523 1.081055 1311188207.381008
1.354492 0.366211 1.514648 1311188207.402084
1.473633 0.304688 1.135742 1311188207.455011
1.533203 0.344727 0.973633 1311188207.476003
1.533203 0.344727 0.973633 1311188207.500005
1.709961 0.569336 0.917969 1311188207.590988
1.627930 0.485352 0.819336 1311188207.645017
1.434570 0.635742 0.824219 1311188207.646006
1.300781 0.514648 0.692383 1311188207.655107
1.099609 0.558594 0.678711 1311188207.671009
0.899414 0.496094 0.576172 1311188207.695988
0.670898 0.472656 0.443359 1311188207.740071
0.517578 0.340820 0.476562 1311188207.761005
0.306641 0.348633 0.288086 1311188207.809005
0.147461 0.264648 0.197266 1311188207.831009
0.064453 0.115234 0.069336 1311188207.853984
-0.066406 0.056641 0.069336 1311188207.897020
-0.097656 -0.117188 -0.236328 1311188207.965018
-0.131836 -0.263672 -0.387695 1311188207.966015
-0.246094 -0.333008 -0.526367 1311188207.990015
-0.157227 -0.479492 -0.540039 1311188208.027019
-0.185547 -0.596680 -0.397461 1311188208.052022
-0.129883 -1.042969 -0.385742 1311188208.097027
-0.115234 -1.094727 -0.297852 1311188208.159024
-0.333984 -1.431641 -0.199219 1311188208.165031
-0.373047 -1.440430 -0.054688 1311188208.186994
-0.434570 -1.679688 -0.123047 1311188208.211026
-0.335938 -1.405273 0.072266 1311188208.255019
-0.374023 -1.326172 0.003906 1311188208.277032
-0.401367 -1.170898 -0.004883 1311188208.314023
-0.425781 -1.023438 -0.021484 1311188208.359045
-0.478516 -0.953125 -0.040039 1311188208.380023
-0.478516 -0.953125 -0.040039 1311188208.425044
-0.404297 -0.738281 -0.147461 1311188208.465023
-0.408203 -0.545898 -0.190430 1311188208.500030
-0.325195 -0.402344 -0.216797 1311188208.501028
-0.334961 -0.288086 -0.292969 1311188208.567024
-0.307617 -0.082031 -0.230469 1311188208.570003
-0.233398 0.055664 -0.230469 1311188208.593026
-0.137695 0.055664 -0.230469 1311188208.636029
0.019531 0.138672 -0.184570 1311188208.665002
0.226562 0.197266 -0.089844 1311188208.709040
0.387695 0.281250 -0.044922 1311188208.754036
0.591797 0.533203 0.158203 1311188208.764035
0.840820 0.347656 0.221680 1311188208.806029
1.083008 0.600586 0.394531 1311188208.832033
1.344727 0.257812 0.454102 1311188208.856036
1.816406 0.506836 0.437500 1311188208.887039
1.776367 0.331055 0.877930 1311188208.939038
1.861328 0.395508 0.708008 1311188208.960016
1.984375 0.395508 0.708008 1311188208.986031
1.778320 0.156250 1.164062 1311188209.024038
1.920898 0.191406 1.482422 1311188209.050037
1.405273 -0.001953 1.981445 1311188209.089050
0.958984 -0.129883 1.983398 1311188209.132041
1.229492 0.035156 1.983398 1311188209.156034
1.034180 -0.286133 1.233398 1311188209.200055
1.317383 0.300781 1.410156 1311188209.229042
1.541016 0.498047 1.205078 1311188209.251037
1.676758 0.446289 1.019531 1311188209.274042
1.715820 0.513672 1.029297 1311188209.310032
1.710938 0.646484 1.029297 1311188209.333048
1.592773 0.684570 0.856445 1311188209.402043
1.473633 0.670898 0.726562 1311188209.437050
1.321289 0.616211 0.631836 1311188209.459048
1.142578 0.660156 0.498047 1311188209.505043
0.952148 0.580078 0.308594 1311188209.506040
0.952148 0.580078 0.308594 1311188209.529054
0.493164 0.444336 0.177734 1311188209.575043
0.330078 0.363281 0.045898 1311188209.619054
0.057617 0.210938 -0.063477 1311188209.662041
-0.058594 0.201172 -0.094727 1311188209.685057
-0.118164 0.101562 -0.205078 1311188209.687059
-0.186523 -0.032227 -0.308594 1311188209.751028
-0.210938 -0.173828 -0.415039 1311188209.773069
-0.170898 -0.277344 -0.454102 1311188209.867052
-0.052734 -0.402344 -0.425781 1311188209.872052
-0.061523 -0.541016 -0.452148 1311188209.874055
-0.059570 -0.864258 -0.421875 1311188209.885029
-0.009766 -1.136719 -0.355469 1311188209.936051
-0.354492 -1.968750 -0.725586 1311188209.979050
-0.087891 -1.767578 -0.524414 1311188209.999077
-0.329102 -1.970703 -0.549805 1311188210.024028
-0.152344 -1.583008 -0.355469 1311188210.069062
-0.266602 -1.311523 -0.368164 1311188210.093054
-0.294922 -1.088867 -0.336914 1311188210.116044
-0.348633 -0.926758 -0.363281 1311188210.160062
-0.390625 -0.723633 -0.348633 1311188210.184064
-0.342773 -0.594727 -0.271484 1311188210.209056
-0.373047 -0.514648 -0.297852 1311188210.254061
-0.348633 -0.304688 -0.215820 1311188210.276076
-0.313477 -0.174805 -0.228516 1311188210.319072
-0.348633 -0.099609 -0.198242 1311188210.341061
-0.266602 -0.002930 -0.135742 1311188210.386065
-0.187500 0.068359 -0.080078 1311188210.407064
-0.071289 0.128906 -0.043945 1311188210.432060
0.133789 0.145508 0.009766 1311188210.479057
0.214844 0.273438 0.113281 1311188210.506071
0.548828 0.345703 0.300781 1311188210.550066
0.614258 0.283203 0.343750 1311188210.572064
0.943359 0.511719 0.498047 1311188210.621069
1.134766 0.154297 0.385742 1311188210.639048
1.384766 0.154297 0.385742 1311188210.671059
1.496094 0.187500 0.624023 1311188210.700059
1.884766 0.306641 0.819336 1311188210.726069
1.614258 0.146484 0.914062 1311188210.770084
1.753906 0.028320 0.936523 1311188210.794071
1.704102 -0.165039 1.079102 1311188210.817065
1.576172 -0.083984 1.041992 1311188210.860048
1.326172 -0.083984 1.041992 1311188210.882064
1.186523 -0.159180 1.038086 1311188210.927033
1.223633 -0.137695 1.987305 1311188210.970070
1.087891 -0.656250 0.808594 1311188210.991068
1.029297 0.602539 0.070312 1311188211.014073
