0.842773 -0.196289 0.276367 1310580651.241492
0.921875 -0.236328 0.063477 1310580651.263477
0.936523 -0.214844 -0.041992 1310580651.306480
0.831055 -0.095703 0.001953 1310580651.327478
0.454102 -0.170898 0.147461 1310580651.373395
0.055664 -0.529297 0.487305 1310580651.398356
-0.051758 -0.488281 -0.083008 1310580651.442408
0.500977 0.734375 0.061523 1310580651.451358
0.970703 1.235352 0.758789 1310580651.506376
1.849609 1.476562 1.324219 1310580651.538447
1.988281 1.574219 1.563477 1310580651.562365
1.990234 1.726562 1.448242 1310580651.606404
1.988281 1.978516 1.654297 1310580651.629413
1.986328 1.902344 1.417969 1310580651.664359
1.803711 1.195312 1.237305 1310580651.688369
0.993164 0.412109 0.224609 1310580651.719380
0.470703 -0.078125 -0.469727 1310580651.763497
0.529297 0.254883 -0.554688 1310580651.787444
1.017578 0.681641 -0.360352 1310580651.832406
1.362305 0.681641 -0.360352 1310580651.853404
1.312500 0.701172 -0.729492 1310580651.886425
0.945312 0.230469 -0.613281 1310580651.908433
0.906250 0.269531 -0.342773 1310580651.948458
1.023438 -0.217773 -0.546875 1310580651.969474
1.057617 -0.724609 -0.479492 1310580652.013461
1.249023 -0.724609 -0.479492 1310580652.036408
0.919922 -1.140625 -0.075195 1310580652.076501
0.209961 -1.984375 0.113281 1310580652.121376
-1.627930 -1.982422 0.210938 1310580652.144392
-1.749023 -1.983398 1.148438 1310580652.188421
-1.191406 -1.981445 1.463867 1310580652.191416
-0.058594 -1.021484 0.617188 1310580652.266437
1.270508 0.077148 0.292969 1310580652.291506
1.983398 0.673828 -0.546875 1310580652.312423
1.983398 0.903320 -0.706055 1310580652.334514
1.983398 1.049805 -0.418945 1310580652.357412
1.655273 0.588867 -0.272461 1310580652.401380
1.318359 0.689453 -0.489258 1310580652.423395
1.232422 0.600586 -0.427734 1310580652.474389
0.998047 0.731445 -0.852539 1310580652.499396
1.135742 0.468750 -0.221680 1310580652.522400
0.264648 0.828125 0.316406 1310580652.546399
0.407227 1.025391 1.216797 1310580652.582437
1.209961 1.421875 1.755859 1310580652.626388
1.987305 1.699219 1.988281 1310580652.658385
1.988281 1.983398 1.989258 1310580652.701390
1.986328 1.984375 1.517578 1310580652.722383
1.988281 0.856445 1.133789 1310580652.748443
1.982422 1.106445 1.133789 1310580652.769472
0.803711 0.689453 0.625000 1310580652.813435
0.115234 0.394531 0.376953 1310580652.862513
0.211914 0.432617 0.101562 1310580652.877499
0.593750 0.585938 -0.078125 1310580652.919508
0.854492 0.659180 -0.214844 1310580652.942526
0.907227 0.709961 -0.233398 1310580652.966434
0.915039 0.744141 -0.253906 1310580653.008512
1.004883 0.869141 -0.163086 1310580653.051477
0.948242 0.615234 -0.353516 1310580653.073396
0.721680 0.506836 -0.415039 1310580653.118427
0.863281 0.492188 -0.177734 1310580653.139440
0.859375 0.052734 -0.140625 1310580653.163500
0.021484 -1.085938 -0.331055 1310580653.209501
-1.767578 -1.982422 -0.899414 1310580653.242505
-1.990234 -1.983398 -1.335938 1310580653.263514
-1.990234 -1.983398 -0.960938 1310580653.308455
-0.879883 -1.984375 -0.750000 1310580653.329419
0.640625 -0.589844 -0.500000 1310580653.352390
1.322266 0.160156 -0.500000 1310580653.394410
1.521484 0.261719 -0.214844 1310580653.439395
1.317383 0.417969 -0.214844 1310580653.462417
0.902344 0.371094 -0.304688 1310580653.506388
0.649414 0.564453 -0.333984 1310580653.574404
0.729492 0.416016 -0.476562 1310580653.593395
1.170898 0.661133 -0.448242 1310580653.594394
1.545898 1.034180 -0.166016 1310580653.621394
1.480469 0.819336 -0.208008 1310580653.655419
1.422852 1.078125 -0.108398 1310580653.696398
1.294922 1.155273 -0.108398 1310580653.721462
0.685547 1.676758 0.262695 1310580653.744535
-0.138672 1.983398 0.800781 1310580653.789448
1.543945 1.982422 1.604492 1310580653.811538
1.989258 1.979492 0.811523 1310580653.854539
1.728516 1.977539 0.846680 1310580653.896506
1.578125 1.977539 0.846680 1310580653.897535
1.083008 1.980469 0.072266 1310580653.966458
0.833008 1.476562 -0.061523 1310580653.989451
0.559570 0.994141 -0.170898 1310580654.012458
0.680664 0.750000 -0.375977 1310580654.034423
1.106445 0.910156 -0.424805 1310580654.077407
1.413086 0.910156 -0.424805 1310580654.102429
1.278320 0.743164 -0.536133 1310580654.149473
1.229492 0.736328 -0.576172 1310580654.172460
1.121094 0.651367 -0.540039 1310580654.194506
1.178711 0.628906 -0.385742 1310580654.238483
1.237305 0.437500 0.022461 1310580654.262530
1.264648 0.036133 0.076172 1310580654.304408
0.942383 -1.510742 0.043945 1310580654.327437
-0.282227 -1.982422 -0.119141 1310580654.365487
-0.935547 -1.981445 0.085938 1310580654.408438
-1.050781 -1.982422 0.052734 1310580654.431414
-0.500000 -1.982422 -0.013672 1310580654.453456
0.266602 -1.238281 -0.176758 1310580654.492412
1.583008 0.047852 -0.143555 1310580654.534542
1.977539 0.345703 -0.394531 1310580654.556438
1.983398 0.896484 -0.650391 1310580654.578414
1.982422 0.688477 -0.962891 1310580654.621540
1.986328 1.175781 -0.716797 1310580654.642562
1.986328 1.124023 -0.368164 1310580654.684543
1.984375 1.058594 -0.137695 1310580654.708487
1.986328 1.289062 0.113281 1310580654.753463
1.603516 1.561523 0.850586 1310580654.776560
0.494141 1.981445 1.058594 1310580654.863542
-0.348633 1.981445 1.058594 1310580654.864547
0.690430 1.981445 1.980469 1310580654.892469
1.990234 1.978516 1.815430 1310580654.917532
1.989258 1.983398 1.606445 1310580654.938551
1.989258 1.982422 1.198242 1310580654.987516
1.989258 1.981445 0.876953 1310580655.009449
1.475586 1.577148 0.678711 1310580655.032427
0.963867 0.973633 0.269531 1310580655.068459
0.751953 0.724609 -0.242188 1310580655.116512
1.030273 0.802734 -0.330078 1310580655.138511
1.062500 0.660156 -0.278320 1310580655.159507
1.132812 0.748047 -0.309570 1310580655.203516
0.958984 0.928711 -0.203125 1310580655.248516
1.703125 1.193359 -0.163086 1310580655.269450
1.491211 0.988281 -0.141602 1310580655.307425
1.517578 0.986328 -0.107422 1310580655.329429
1.333008 0.044922 -0.031250 1310580655.358442
1.974609 -1.981445 -0.087891 1310580655.396430
0.668945 -1.984375 -0.210938 1310580655.440471
-0.502930 -1.983398 0.083008 1310580655.463430
-0.701172 -1.982422 -0.307617 1310580655.486456
-0.832031 -1.983398 -0.167969 1310580655.530491
0.202148 -1.120117 0.060547 1310580655.553440
1.087891 0.457031 0.037109 1310580655.597459
1.431641 1.320312 -0.648438 1310580655.621489
1.782227 0.835938 -1.020508 1310580655.646529
1.985352 0.929688 -0.609375 1310580655.679564
1.850586 0.485352 -0.115234 1310580655.713501
1.589844 0.083984 -0.375977 1310580655.757569
1.755859 0.286133 -0.016602 1310580655.778529
1.255859 0.286133 -0.016602 1310580655.799569
1.268555 0.398438 0.056641 1310580655.844563
0.792969 0.478516 -0.180664 1310580655.900483
1.097656 1.702148 1.510742 1310580655.902473
1.496094 1.978516 1.983398 1310580655.944532
1.990234 1.978516 1.983398 1310580655.966470
1.979492 0.201172 1.992188 1310580656.010442
1.982422 0.654297 1.833984 1310580656.053558
1.985352 1.596680 1.161133 1310580656.080583
1.923828 1.004883 0.655273 1310580656.129511
0.969727 0.702148 0.400391 1310580656.156573
0.604492 0.702148 0.400391 1310580656.157576
1.387695 1.115234 -0.089844 1310580656.202647
1.764648 0.850586 -0.142578 1310580656.225471
1.480469 0.611328 -0.300781 1310580656.283575
1.216797 0.616211 -0.398438 1310580656.293522
1.158203 0.717773 -0.474609 1310580656.338450
1.172852 0.766602 -0.469727 1310580656.365504
1.147461 0.810547 -0.383789 1310580656.389479
1.336914 0.748047 -0.237305 1310580656.442476
1.345703 0.347656 -0.018555 1310580656.467451
0.908203 -1.515625 -0.775391 1310580656.488466
-1.908203 -1.984375 -1.987305 1310580656.510475
-0.451172 -1.984375 -1.893555 1310580656.553454
-1.404297 -1.983398 -1.143555 1310580656.577553
-0.494141 -1.984375 -0.930664 1310580656.625591
0.316406 -1.011719 -0.600586 1310580656.648587
1.208008 0.282227 -0.214844 1310580656.702510
1.571289 0.640625 -0.214844 1310580656.703523
1.248047 0.627930 -0.407227 1310580656.769549
1.205078 0.800781 -0.593750 1310580656.770552
1.305664 -0.106445 -0.410156 1310580656.813510
1.517578 -0.566406 -0.257812 1310580656.857592
1.605469 -0.316406 0.084961 1310580656.880581
1.261719 0.032227 0.084961 1310580656.911539
1.114258 0.279297 0.187500 1310580656.940461
0.964844 0.461914 0.433594 1310580656.973463
1.972656 0.719727 0.915039 1310580657.015591
1.983398 0.833984 1.991211 1310580657.037554
1.553711 0.827148 1.582031 1310580657.059556
1.982422 0.687500 1.380859 1310580657.112530
1.980469 0.766602 1.775391 1310580657.133597
1.591797 0.556641 1.775391 1310580657.157527
0.616211 0.426758 1.213867 1310580657.202465
0.372070 1.030273 1.199219 1310580657.224464
0.303711 1.538086 0.210938 1310580657.268485
0.329102 0.726562 -0.040039 1310580657.294499
0.688477 -0.208984 0.139648 1310580657.338492
1.455078 -0.279297 0.084961 1310580657.362530
1.497070 0.214844 0.011719 1310580657.415508
0.991211 0.371094 -0.101562 1310580657.440492
0.873047 -0.442383 -0.193359 1310580657.442491
0.664062 -0.255859 -0.213867 1310580657.483473
0.755859 -0.037109 -0.178711 1310580657.527495
0.963867 -0.140625 -0.067383 1310580657.550479
0.979492 -0.061523 0.023438 1310580657.605603
0.931641 0.027344 0.120117 1310580657.607599
0.875977 0.042969 0.134766 1310580657.651574
0.943359 0.182617 0.102539 1310580657.695607
0.937500 0.163086 0.134766 1310580657.719569
0.970703 0.166016 0.268555 1310580657.740545
1.103516 0.175781 0.331055 1310580657.783604
1.114258 -0.085938 0.355469 1310580657.804606
0.994141 -0.214844 0.243164 1310580657.829548
0.902344 -0.308594 0.200195 1310580657.877588
0.844727 -0.248047 0.115234 1310580657.910491
0.835938 -0.104492 0.102539 1310580657.953481
0.937500 0.097656 0.096680 1310580657.975539
