0.528320 0.376953 0.499023 1311190090.689614
0.537109 0.392578 0.498047 1311190090.733702
0.502930 0.389648 0.517578 1311190090.754633
0.533203 0.382812 0.514648 1311190090.778649
0.507812 0.364258 0.555664 1311190090.823650
0.526367 0.333008 0.485352 1311190090.846624
0.515625 0.335938 0.485352 1311190090.879627
0.541992 0.309570 0.574219 1311190090.921655
0.506836 0.240234 0.519531 1311190090.943652
0.497070 0.288086 0.521484 1311190090.989708
0.498047 0.233398 0.549805 1311190091.010651
0.522461 0.244141 0.493164 1311190091.033647
0.543945 0.270508 0.485352 1311190091.079623
0.566406 0.226562 0.444336 1311190091.115655
0.580078 0.337891 0.383789 1311190091.136660
0.683594 0.398438 0.396484 1311190091.160648
0.688477 0.324219 0.398438 1311190091.208671
0.586914 0.400391 0.450195 1311190091.229624
0.611328 0.325195 0.402344 1311190091.274662
0.678711 0.308594 0.392578 1311190091.296682
0.690430 0.537109 0.325195 1311190091.339656
0.732422 0.503906 0.227539 1311190091.365682
0.591797 0.587891 0.148438 1311190091.388674
0.454102 0.686523 0.398438 1311190091.431647
0.491211 0.728516 0.208984 1311190091.476667
0.632812 0.736328 0.193359 1311190091.500668
0.722656 0.732422 0.028320 1311190091.523660
0.729492 0.703125 0.035156 1311190091.566651
0.688477 0.730469 0.065430 1311190091.589686
0.746094 0.628906 0.073242 1311190091.632667
0.657227 0.615234 0.053711 1311190091.648676
0.685547 0.770508 0.037109 1311190091.689659
0.726562 0.664062 -0.027344 1311190091.711658
0.768555 0.646484 -0.038086 1311190091.754647
0.858398 0.657227 -0.025391 1311190091.776674
0.854492 0.628906 0.027344 1311190091.821701
0.819336 0.577148 0.031250 1311190091.844662
0.985352 0.470703 0.081055 1311190091.886664
0.950195 0.483398 0.015625 1311190091.930646
1.069336 0.392578 0.119141 1311190091.953671
1.182617 0.289062 -0.096680 1311190091.978672
1.057617 0.275391 -0.125977 1311190092.010666
0.992188 0.151367 -0.129883 1311190092.034667
0.900391 0.216797 -0.258789 1311190092.081669
0.859375 0.223633 -0.184570 1311190092.104668
0.868164 0.232422 -0.151367 1311190092.151679
0.874023 0.225586 -0.111328 1311190092.174669
0.844727 0.167969 -0.106445 1311190092.204681
0.782227 0.173828 -0.092773 1311190092.226669
0.793945 0.135742 0.010742 1311190092.270681
0.788086 0.127930 0.005859 1311190092.295675
0.796875 0.202148 -0.016602 1311190092.350668
0.757812 0.232422 -0.028320 1311190092.401718
0.773438 0.184570 -0.004883 1311190092.419662
0.741211 0.193359 -0.092773 1311190092.440677
0.763672 0.178711 -0.012695 1311190092.466679
0.756836 0.235352 -0.047852 1311190092.486674
0.765625 0.268555 0.032227 1311190092.513677
0.765625 0.268555 0.032227 1311190092.559688
0.868164 0.283203 0.144531 1311190092.608676
0.868164 0.273438 0.124023 1311190092.631666
0.905273 0.281250 0.165039 1311190092.653681
0.936523 0.207031 0.160156 1311190092.674677
0.906250 0.177734 0.151367 1311190092.716675
0.860352 0.200195 0.151367 1311190092.739676
0.925781 0.212891 0.157227 1311190092.788683
0.921875 0.222656 0.202148 1311190092.831681
0.957031 0.130859 0.179688 1311190092.855690
0.916992 0.182617 0.144531 1311190092.878676
0.912109 0.209961 0.151367 1311190092.901687
0.901367 0.201172 0.166016 1311190092.943771
0.886719 0.183594 0.116211 1311190092.990694
0.922852 0.189453 0.108398 1311190093.011666
0.929688 0.166992 0.070312 1311190093.033680
0.896484 0.113281 0.116211 1311190093.078691
0.930664 0.157227 0.092773 1311190093.099686
0.919922 0.181641 0.066406 1311190093.143690
