0.698242 0.612305 0.688477 1311189777.749504
0.790039 0.650391 0.649414 1311189777.792504
0.800781 0.538086 0.573242 1311189777.814505
0.811523 0.484375 0.468750 1311189777.837516
0.854492 0.417969 0.460938 1311189777.880524
0.850586 0.332031 0.420898 1311189777.903503
0.850586 0.332031 0.420898 1311189777.925518
0.885742 0.246094 0.296875 1311189777.973517
0.830078 0.257812 0.249023 1311189777.997520
0.818359 0.324219 0.219727 1311189778.044527
0.758789 0.458984 0.146484 1311189778.065513
0.697266 0.566406 0.066406 1311189778.110512
0.636719 0.637695 0.021484 1311189778.132523
0.643555 0.558594 0.014648 1311189778.178537
0.687500 0.525391 -0.006836 1311189778.216512
0.720703 0.562500 0.021484 1311189778.217511
0.833984 0.473633 0.072266 1311189778.255515
0.846680 0.423828 0.109375 1311189778.277522
0.846680 0.423828 0.109375 1311189778.327521
0.916016 0.354492 0.166016 1311189778.372524
0.950195 0.395508 0.042969 1311189778.393529
1.408203 0.179688 0.959961 1311189778.414546
0.878906 -0.031250 0.379883 1311189778.457544
0.743164 0.284180 0.225586 1311189778.478536
0.750000 0.507812 0.185547 1311189778.523568
0.696289 0.631836 0.219727 1311189778.547571
0.719727 0.423828 0.104492 1311189778.591572
0.691406 0.291992 0.066406 1311189778.614571
0.825195 0.322266 0.125000 1311189778.647570
0.909180 0.361328 0.125000 1311189778.671572
0.756836 0.457031 0.113281 1311189778.718574
0.805664 0.282227 0.113281 1311189778.739567
0.688477 0.012695 0.086914 1311189778.783580
0.717773 0.721680 0.286133 1311189778.805579
0.686523 0.371094 0.092773 1311189778.853576
0.439453 0.576172 -0.001953 1311189778.865552
0.602539 0.800781 0.147461 1311189778.898576
0.492188 0.646484 0.023438 1311189778.942579
0.594727 0.731445 0.004883 1311189778.964568
0.548828 0.740234 -0.115234 1311189778.989551
0.721680 0.810547 -0.031250 1311189779.037558
0.721680 0.810547 -0.031250 1311189779.059575
0.935547 0.716797 -0.160156 1311189779.103580
0.856445 0.808594 -0.314453 1311189779.125578
0.556641 0.795898 -0.033203 1311189779.169597
0.683594 0.743164 -0.035156 1311189779.195576
0.708984 0.644531 -0.193359 1311189779.217584
0.603516 0.714844 0.006836 1311189779.263589
0.638672 0.714844 -0.005859 1311189779.307577
0.705078 0.633789 -0.000977 1311189779.329583
0.693359 0.685547 0.058594 1311189779.372586
0.833008 0.733398 0.063477 1311189779.394564
0.722656 0.680664 0.087891 1311189779.416579
0.736328 0.646484 0.179688 1311189779.451587
0.711914 0.572266 0.252930 1311189779.500609
0.778320 0.554688 0.331055 1311189779.522588
0.781250 0.598633 0.374023 1311189779.544579
0.756836 0.493164 0.358398 1311189779.591574
0.666016 0.302734 0.358398 1311189779.613602
0.606445 0.101562 0.282227 1311189779.642589
0.615234 0.181641 0.325195 1311189779.669594
0.765625 0.335938 0.413086 1311189779.713592
0.726562 0.410156 0.347656 1311189779.734590
0.737305 0.316406 0.481445 1311189779.779594
0.741211 0.066406 0.481445 1311189779.802610
0.534180 0.328125 0.452148 1311189779.847594
0.597656 0.195312 0.507812 1311189779.872572
0.641602 0.108398 0.484375 1311189779.894591
0.589844 0.298828 0.481445 1311189779.943587
0.670898 0.199219 0.571289 1311189779.968594
0.569336 0.199219 0.571289 1311189779.992596
0.471680 0.255859 0.508789 1311189780.044602
0.554688 0.206055 0.611328 1311189780.068600
0.517578 0.231445 0.541992 1311189780.098600
0.441406 0.232422 0.534180 1311189780.142606
0.462891 0.233398 0.588867 1311189780.165600
0.468750 0.483398 0.588867 1311189780.190605
0.400391 0.254883 0.556641 1311189780.240603
0.464844 0.263672 0.600586 1311189780.261758
0.459961 0.224609 0.542969 1311189780.284596
0.491211 0.331055 0.656250 1311189780.314600
0.482422 0.369141 0.583984 1311189780.367602
0.471680 0.348633 0.496094 1311189780.390603
0.462891 0.359375 0.497070 1311189780.418605
0.491211 0.366211 0.543945 1311189780.466610
0.556641 0.318359 0.539062 1311189780.504610
0.465820 0.314453 0.517578 1311189780.505596
0.527344 0.311523 0.519531 1311189780.548608
0.484375 0.384766 0.569336 1311189780.591586
0.462891 0.329102 0.547852 1311189780.613610
0.461914 0.374023 0.523438 1311189780.657588
0.458008 0.386719 0.541016 1311189780.680587
0.477539 0.341797 0.558594 1311189780.703596
0.484375 0.295898 0.558594 1311189780.738621
