1.983398 0.492188 0.960938 1311112785.932914
1.851562 0.526367 0.453125 1311112785.955919
1.340820 0.707031 0.057617 1311112785.977836
0.772461 1.298828 -0.119141 1311112786.081854
1.036133 1.208008 -0.249023 1311112786.104914
1.709961 0.985352 -0.378906 1311112786.124874
1.982422 0.916992 -0.343750 1311112786.126841
1.986328 0.990234 -0.101562 1311112786.149918
1.986328 1.384766 -0.105469 1311112786.170917
1.984375 0.863281 -0.130859 1311112786.212914
1.256836 -0.496094 -0.202148 1311112786.237883
0.872070 -1.585938 -0.872070 1311112786.263922
0.146484 -1.984375 -1.125977 1311112786.306912
-0.175781 -1.985352 -1.266602 1311112786.350926
-0.167969 -1.982422 -1.058594 1311112786.371884
0.140625 -1.983398 -0.954102 1311112786.394853
1.471680 -0.356445 -0.704102 1311112786.418918
1.343750 0.184570 -0.775391 1311112786.470922
1.558594 0.988281 -0.325195 1311112786.494911
1.014648 0.866211 -0.268555 1311112786.527924
0.894531 0.775391 -0.357422 1311112786.564926
1.008789 0.918945 -0.155273 1311112786.586872
1.282227 0.896484 0.028320 1311112786.627908
1.466797 1.300781 0.080078 1311112786.671925
1.462891 1.096680 0.238281 1311112786.694858
1.162109 0.919922 0.488281 1311112786.721919
1.776367 1.444336 0.760742 1311112786.744924
1.986328 1.982422 1.991211 1311112786.779933
1.983398 0.512695 1.991211 1311112786.826929
1.982422 0.233398 1.989258 1311112786.849934
1.989258 1.462891 1.987305 1311112786.902942
1.801758 1.176758 1.791992 1311112786.924934
0.924805 0.861328 1.004883 1311112786.957936
0.586914 0.927734 0.636719 1311112786.994871
0.808594 1.079102 0.252930 1311112787.005863
1.225586 1.032227 0.078125 1311112787.047935
1.639648 0.886719 -0.029297 1311112787.070936
1.988281 0.999023 -0.028320 1311112787.133938
1.983398 0.735352 -0.178711 1311112787.134927
1.982422 0.682617 -0.223633 1311112787.178914
1.776367 0.622070 -0.260742 1311112787.205935
1.272461 0.001953 -0.648438 1311112787.240942
-0.621094 -1.285156 -0.663086 1311112787.264942
-1.718750 -1.981445 -1.106445 1311112787.360946
-1.950195 -1.983398 -1.465820 1311112787.361933
-1.018555 -1.981445 -0.964844 1311112787.379930
-0.131836 -1.288086 -0.738281 1311112787.402930
0.684570 -0.474609 -0.659180 1311112787.442937
1.630859 0.296875 -0.602539 1311112787.465943
1.798828 0.251953 -0.122070 1311112787.490907
1.550781 0.239258 0.029297 1311112787.537932
1.050781 0.239258 0.029297 1311112787.558955
1.237305 0.566406 -0.368164 1311112787.606937
1.373047 0.618164 -0.161133 1311112787.627906
1.311523 0.759766 0.040039 1311112787.650935
1.411133 0.666992 0.266602 1311112787.692945
1.127930 0.947266 0.465820 1311112787.715918
1.860352 1.649414 1.244141 1311112787.759946
1.990234 1.869141 1.988281 1311112787.780950
1.983398 1.804688 1.988281 1311112787.829951
1.988281 1.333008 1.990234 1311112787.852961
1.982422 0.887695 1.989258 1311112787.874905
1.826172 1.264648 1.771484 1311112787.917974
1.313477 1.498047 1.284180 1311112787.941938
0.756836 1.031250 0.746094 1311112787.995881
0.871094 1.042969 0.388672 1311112788.017063
1.297852 0.916016 0.135742 1311112788.061945
1.694336 0.711914 -0.034180 1311112788.085955
1.979492 0.909180 -0.016602 1311112788.111903
1.985352 0.764648 -0.197266 1311112788.137956
1.941406 0.738281 -0.090820 1311112788.184961
1.986328 0.730469 -0.059570 1311112788.199948
1.952148 0.461914 -0.177734 1311112788.247913
1.484375 -0.558594 -0.516602 1311112788.271959
-0.050781 -1.808594 -0.516602 1311112788.297916
-0.650391 -1.983398 -1.324219 1311112788.344918
-1.339844 -1.984375 -1.973633 1311112788.360956
-0.767578 -1.984375 -1.308594 1311112788.425914
0.000977 -1.211914 -0.592773 1311112788.434964
1.000000 -0.040039 -0.304688 1311112788.480897
1.597656 0.624023 -0.044922 1311112788.504909
1.751953 0.738281 0.090820 1311112788.531960
1.654297 0.707031 0.079102 1311112788.564910
1.437500 0.605469 0.011719 1311112788.585970
1.513672 0.606445 0.187500 1311112788.651973
1.519531 0.642578 0.144531 1311112788.652969
1.484375 0.556641 0.072266 1311112788.694890
1.511719 0.277344 0.009766 1311112788.716934
1.750000 0.468750 0.275391 1311112788.762970
1.986328 1.264648 0.813477 1311112788.785972
1.990234 1.982422 1.987305 1311112788.829967
1.985352 1.984375 1.990234 1311112788.852980
1.989258 1.361328 1.992188 1311112788.884976
1.988281 1.982422 1.256836 1311112788.927969
1.625977 1.791992 0.586914 1311112788.950979
1.117188 1.214844 0.166016 1311112788.992909
1.220703 0.951172 0.173828 1311112789.014973
1.626953 0.864258 0.099609 1311112789.040941
1.982422 0.885742 -0.078125 1311112789.087980
1.981445 0.779297 -0.127930 1311112789.121978
1.979492 0.761719 -0.194336 1311112789.144982
1.992188 0.982422 -0.145508 1311112789.211978
1.980469 0.654297 -0.161133 1311112789.212971
1.775391 0.307617 -0.398438 1311112789.234924
0.760742 -0.717773 -0.979492 1311112789.277984
-0.859375 -1.785156 -0.684570 1311112789.299904
-0.893555 -1.983398 -0.977539 1311112789.342926
-1.004883 -1.984375 -1.490234 1311112789.369992
-0.398438 -1.983398 -0.874023 1311112789.391981
0.295898 -1.983398 -0.874023 1311112789.436986
1.020508 -0.167969 -0.697266 1311112789.497937
1.749023 0.562500 -0.329102 1311112789.503208
1.798828 0.707031 -0.164062 1311112789.537970
1.630859 0.653320 -0.207031 1311112789.570987
1.837891 0.958984 -0.278320 1311112789.592953
1.958008 0.832031 -0.306641 1311112789.620984
1.824219 0.723633 -0.282227 1311112789.656938
1.698242 0.781250 -0.025391 1311112789.701955
1.389648 0.720703 0.128906 1311112789.732987
1.236328 0.728516 0.237305 1311112789.755987
1.987305 1.578125 1.317383 1311112789.779990
1.990234 1.982422 1.990234 1311112789.821983
1.991211 1.978516 1.989258 1311112789.842956
1.989258 1.830078 1.988281 1311112789.919995
1.990234 1.982422 1.111328 1311112789.920987
1.793945 1.662109 0.589844 1311112789.946921
1.138672 1.394531 0.445312 1311112789.969990
0.888672 1.394531 0.445312 1311112790.012991
1.216797 0.912109 0.158203 1311112790.047993
1.624023 0.981445 -0.131836 1311112790.072981
1.983398 0.916992 -0.321289 1311112790.097935
1.985352 0.744141 -0.471680 1311112790.136001
1.984375 0.989258 -0.424805 1311112790.169998
1.984375 0.989258 -0.424805 1311112790.202964
1.984375 0.862305 -0.403320 1311112790.244985
1.717773 0.214844 -0.430664 1311112790.266998
0.583984 -0.964844 -1.111328 1311112790.309987
0.026367 -1.983398 -1.302734 1311112790.332997
-0.676758 -1.984375 -1.339844 1311112790.379923
-0.729492 -1.983398 -1.182617 1311112790.402971
-0.473633 -1.982422 -0.842773 1311112790.446003
0.255859 -1.198242 -0.464844 1311112790.467999
0.974609 0.015625 -0.331055 1311112790.492831
1.765625 0.611328 -0.229492 1311112790.536957
1.982422 0.861328 -0.229492 1311112790.562003
1.983398 0.933594 0.084961 1311112790.607991
1.771484 0.674805 -0.120117 1311112790.629966
1.606445 0.323242 -0.173828 1311112790.652995
1.403320 0.227539 -0.264648 1311112790.702947
1.290039 0.311523 -0.208984 1311112790.725012
1.040039 0.311523 -0.208984 1311112790.747008
1.986328 0.941406 0.491211 1311112790.791010
1.980469 -0.140625 0.923828 1311112790.812001
1.979492 -0.425781 1.921875 1311112790.858091
1.784180 -0.469727 1.989258 1311112790.882012
1.973633 -1.819336 1.987305 1311112790.902964
1.027344 1.114258 0.757812 1311112790.946015
0.464844 -0.519531 0.440430 1311112790.987002
0.861328 -0.034180 -0.035156 1311112791.012000
1.206055 0.376953 -0.048828 1311112791.041006
1.522461 0.420898 -0.326172 1311112791.063014
1.191406 0.287109 -0.356445 1311112791.105966
0.672852 0.120117 -0.334961 1311112791.150017
0.481445 0.050781 -0.259766 1311112791.225021
0.525391 0.064453 -0.229492 1311112791.242030
0.733398 0.151367 -0.163086 1311112791.243009
0.824219 0.125000 -0.095703 1311112791.265011
0.855469 0.123047 0.014648 1311112791.309010
0.811523 0.179688 0.234375 1311112791.323012
0.770508 0.179688 0.234375 1311112791.351008
0.757812 0.294922 0.445312 1311112791.397962
0.862305 0.212891 0.390625 1311112791.441023
0.934570 0.043945 0.464844 1311112791.465032
0.913086 0.043945 0.464844 1311112791.484982
0.878906 0.062500 0.389648 1311112791.530013
0.908203 0.175781 0.334961 1311112791.551015
0.891602 0.252930 0.304688 1311112791.595026
0.877930 0.244141 0.257812 1311112791.620023
0.822266 0.230469 0.251953 1311112791.670030
0.834961 0.230469 0.251953 1311112791.671019
0.834961 0.220703 0.193359 1311112791.713014
0.865234 0.241211 0.162109 1311112791.759028
0.858398 0.217773 0.171875 1311112791.781030
0.884766 0.260742 0.147461 1311112791.805976
0.879883 0.226562 0.151367 1311112791.850024
0.871094 0.205078 0.160156 1311112791.893022
0.905273 0.230469 0.131836 1311112791.916026
0.874023 0.222656 0.168945 1311112791.937966
0.897461 0.244141 0.140625 1311112791.981030
0.912109 0.222656 0.146484 1311112792.001990
0.893555 0.226562 0.158203 1311112792.046035
0.876953 0.222656 0.138672 1311112792.080032
0.885742 0.210938 0.162109 1311112792.121987
