0.916016 0.128906 0.103516 1311114347.319167
1.004883 0.128906 0.103516 1311114347.362220
1.086914 0.686523 0.189453 1311114347.387170
1.029297 1.138672 0.207031 1311114347.410170
0.897461 1.377930 0.265625 1311114347.454264
0.754883 1.320312 0.193359 1311114347.475175
0.600586 1.070312 0.193359 1311114347.517175
0.573242 1.087891 -0.055664 1311114347.549174
0.414062 1.032227 -0.239258 1311114347.571171
0.251953 1.003906 -0.343750 1311114347.619221
0.190430 0.947266 -0.412109 1311114347.642219
0.165039 0.841797 -0.386719 1311114347.675302
0.115234 0.841797 -0.386719 1311114347.696231
0.116211 0.762695 -0.468750 1311114347.744231
0.114258 0.667969 -0.593750 1311114347.790247
0.077148 0.708008 -0.793945 1311114347.829200
0.073242 0.723633 -0.950195 1311114347.830198
0.303711 0.501953 -0.778320 1311114347.871177
1.988281 1.982422 1.989258 1311114347.916247
-1.269531 -0.722656 -0.556641 1311114347.939293
-0.025391 0.342773 0.483398 1311114347.982286
-0.144531 0.541992 0.616211 1311114348.004295
-0.293945 0.642578 0.428711 1311114348.029294
-0.468750 0.780273 0.242188 1311114348.051299
-0.515625 0.780273 0.242188 1311114348.096263
-0.572266 1.052734 0.175781 1311114348.120206
-0.556641 1.001953 0.200195 1311114348.154182
-0.677734 1.066406 -0.002930 1311114348.196337
-0.661133 1.048828 -0.197266 1311114348.225314
-0.613281 1.082031 -0.349609 1311114348.269187
-0.544922 1.082031 -0.349609 1311114348.290206
-0.504883 0.951172 -0.468750 1311114348.334305
-0.484375 0.863281 -0.508789 1311114348.355254
-0.448242 0.816406 -0.516602 1311114348.379188
-0.369141 0.750000 -0.539062 1311114348.417196
-0.384766 0.722656 -0.539062 1311114348.440240
-0.354492 0.753906 -0.632812 1311114348.500220
-0.392578 0.742188 -0.800781 1311114348.521192
-0.450195 0.760742 -0.929688 1311114348.542204
-0.295898 0.792969 -0.898438 1311114348.586310
0.439453 1.080078 0.166016 1311114348.616262
-1.990234 -1.984375 -1.395508 1311114348.627305
0.491211 0.998047 0.076172 1311114348.670313
-0.319336 0.873047 0.237305 1311114348.716255
-0.124023 0.362305 0.179688 1311114348.739306
-0.090820 0.710938 0.195312 1311114348.782261
-0.254883 0.711914 0.083984 1311114348.809214
-0.254883 0.711914 0.083984 1311114348.830200
-0.168945 1.130859 -0.027344 1311114348.876305
-0.332031 1.179688 0.290039 1311114348.900293
-0.623047 1.221680 0.355469 1311114348.949322
-0.794922 1.274414 0.159180 1311114348.970319
-0.676758 1.130859 0.072266 1311114348.996320
-0.567383 1.103516 -0.100586 1311114349.045323
-0.457031 1.051758 -0.253906 1311114349.112229
-0.388672 0.937500 -0.308594 1311114349.132202
-0.358398 0.885742 -0.354492 1311114349.134202
-0.352539 0.808594 -0.371094 1311114349.147203
-0.310547 0.747070 -0.370117 1311114349.192248
-0.299805 0.723633 -0.435547 1311114349.220243
-0.365234 0.691406 -0.457031 1311114349.264205
-0.477539 0.666016 -0.681641 1311114349.286205
-0.612305 0.772461 -1.018555 1311114349.309271
-0.597656 1.014648 -1.133789 1311114349.356206
-0.278320 0.814453 -0.835938 1311114349.377270
-0.989258 -0.272461 -0.537109 1311114349.421225
-0.351562 0.952148 0.132812 1311114349.442238
0.153320 1.609375 0.904297 1311114349.489332
-0.376953 0.107422 0.029297 1311114349.511273
-0.018555 0.389648 0.141602 1311114349.535211
-0.026367 0.447266 0.191406 1311114349.577263
-0.092773 0.840820 0.249023 1311114349.621285
-0.057617 1.041992 0.328125 1311114349.645342
-0.134766 1.041992 0.086914 1311114349.680330
-0.224609 1.202148 0.191406 1311114349.725337
-0.378906 1.150391 0.301758 1311114349.746218
-0.378906 1.150391 0.301758 1311114349.769214
-0.508789 1.105469 0.240234 1311114349.812270
-0.451172 1.134766 0.126953 1311114349.835322
-0.364258 1.078125 -0.007812 1311114349.884338
-0.331055 1.074219 -0.114258 1311114349.894335
-0.328125 1.009766 -0.167969 1311114349.937330
-0.320312 0.914062 -0.264648 1311114349.961326
-0.319336 0.892578 -0.295898 1311114350.005287
-0.330078 0.856445 -0.373047 1311114350.027344
-0.315430 0.782227 -0.407227 1311114350.070223
-0.370117 0.810547 -0.416016 1311114350.114292
-0.356445 0.736328 -0.525391 1311114350.115324
-0.405273 0.986328 -0.525391 1311114350.160345
-0.512695 0.875977 -0.850586 1311114350.195226
-0.517578 0.960938 -0.999023 1311114350.241287
-0.177734 0.783203 -0.854492 1311114350.262339
1.989258 1.980469 0.810547 1311114350.285303
-0.842773 1.182617 -0.151367 1311114350.317229
0.140625 0.328125 0.724609 1311114350.380362
-0.318359 0.253906 -0.041016 1311114350.407269
-0.210938 0.631836 0.030273 1311114350.427340
-0.075195 0.567383 0.116211 1311114350.450231
-0.111328 0.643555 0.114258 1311114350.474229
-0.004883 0.794922 0.115234 1311114350.517342
-0.081055 0.833008 0.068359 1311114350.544318
-0.191406 1.021484 0.008789 1311114350.586351
-0.278320 1.070312 0.021484 1311114350.607308
-0.247070 1.065430 0.345703 1311114350.650354
-0.291016 1.141602 0.297852 1311114350.675351
-0.370117 1.165039 0.248047 1311114350.700320
-0.363281 1.119141 0.145508 1311114350.744236
-0.381836 1.021484 0.071289 1311114350.766234
-0.401367 1.042969 -0.091797 1311114350.814353
-0.370117 0.986328 -0.145508 1311114350.836347
-0.329102 0.937500 -0.199219 1311114350.860351
-0.329102 0.937500 -0.199219 1311114350.885323
-0.298828 0.882812 -0.257812 1311114350.949360
-0.360352 0.909180 -0.357422 1311114350.991360
-0.321289 0.796875 -0.352539 1311114350.992348
-0.320312 0.750000 -0.358398 1311114351.029267
-0.351562 0.748047 -0.480469 1311114351.051240
-0.518555 0.810547 -0.867188 1311114351.095292
-0.521484 1.064453 -1.177734 1311114351.117315
-0.348633 0.994141 -1.120117 1311114351.162244
0.235352 1.017578 0.666016 1311114351.184257
-1.985352 -1.176758 -1.491211 1311114351.212312
0.460938 1.434570 0.547852 1311114351.259248
-0.697266 0.910156 0.361328 1311114351.281244
-0.726562 0.085938 -0.072266 1311114351.326301
-0.535156 0.875000 0.026367 1311114351.349373
-0.438477 0.529297 0.124023 1311114351.392272
-0.329102 0.842773 0.144531 1311114351.415258
-0.284180 0.830078 0.080078 1311114351.437246
-0.251953 0.748047 0.024414 1311114351.487370
-0.333008 0.756836 -0.003906 1311114351.509330
-0.355469 0.808594 0.041016 1311114351.551371
-0.275391 0.785156 0.081055 1311114351.575371
-0.297852 0.844727 0.067383 1311114351.599370
-0.266602 0.844727 0.067383 1311114351.687381
-0.254883 0.858398 0.077148 1311114351.709327
-0.192383 0.790039 0.015625 1311114351.710279
-0.253906 0.928711 0.095703 1311114351.727276
-0.235352 0.978516 0.049805 1311114351.771253
-0.250977 0.950195 0.039062 1311114351.806368
-0.284180 0.913086 0.028320 1311114351.838390
-0.268555 0.876953 0.059570 1311114351.866375
-0.201172 0.866211 0.047852 1311114351.890377
-0.161133 0.863281 0.018555 1311114351.931369
-0.110352 0.843750 0.042969 1311114351.954372
-0.093750 0.823242 0.062500 1311114351.996329
-0.052734 0.859375 0.057617 1311114352.021271
-0.072266 0.822266 -0.007812 1311114352.064312
-0.092773 0.859375 0.032227 1311114352.107379
-0.082031 0.871094 0.061523 1311114352.130264
-0.086914 0.856445 0.029297 1311114352.151260
-0.121094 0.859375 0.064453 1311114352.174261
-0.076172 0.857422 0.175781 1311114352.239262
